264.0 312.0 234.0 353.0 247.0 363.0 278.0 322.0 Tugboat 1
421.0 74.0 403.0 117.0 416.0 122.0 434.0 80.0 Tugboat 1
405.0 68.0 387.0 111.0 401.0 117.0 419.0 74.0 Tugboat 1
284.0 107.0 324.0 124.0 329.0 111.0 289.0 95.0 Tugboat 1
329.0 125.0 355.0 136.0 360.0 125.0 334.0 114.0 Tugboat 1
377.0 79.0 396.0 34.0 381.0 27.0 362.0 73.0 Tugboat 1
264.0 312.0 234.0 353.0 247.0 363.0 278.0 322.0 Tugboat 1
421.0 74.0 403.0 117.0 416.0 122.0 434.0 80.0 Tugboat 1
405.0 68.0 387.0 111.0 401.0 117.0 419.0 74.0 Tugboat 1
284.0 107.0 324.0 124.0 329.0 111.0 289.0 95.0 Tugboat 1
329.0 125.0 355.0 136.0 360.0 125.0 334.0 114.0 Tugboat 1
377.0 79.0 396.0 34.0 381.0 27.0 362.0 73.0 Tugboat 1
