378.0 193.0 357.0 193.0 357.0 187.0 378.0 187.0 Vehicle 1
13.0 200.0 5.0 200.0 5.0 183.0 13.0 182.0 Vehicle 1
26.0 199.0 16.0 199.0 16.0 180.0 25.0 180.0 Vehicle 1
52.0 192.0 39.0 204.0 33.0 197.0 46.0 185.0 Vehicle 1
49.0 234.0 28.0 233.0 28.0 225.0 49.0 225.0 Vehicle 1
42.0 312.0 40.0 321.0 17.0 316.0 19.0 307.0 Vehicle 1
88.0 476.0 79.0 476.0 78.0 458.0 87.0 458.0 Vehicle 1
59.0 592.0 38.0 592.0 38.0 585.0 59.0 586.0 Vehicle 1
72.0 565.0 63.0 568.0 58.0 551.0 67.0 548.0 Vehicle 1
39.0 561.0 38.0 578.0 27.0 578.0 28.0 560.0 Vehicle 1
28.0 549.0 27.0 567.0 18.0 567.0 18.0 548.0 Vehicle 1
359.0 578.0 337.0 578.0 337.0 571.0 359.0 571.0 Vehicle 1
357.0 635.0 333.0 638.0 332.0 630.0 356.0 627.0 Vehicle 1
503.0 645.0 493.0 645.0 493.0 627.0 502.0 627.0 Vehicle 1
347.0 770.0 344.0 778.0 321.0 771.0 324.0 763.0 Vehicle 1
24.0 995.0 18.0 1000.0 7.0 985.0 13.0 981.0 Vehicle 1
1000.0 965.0 985.0 965.0 985.0 958.0 1000.0 958.0 Vehicle 1
1000.0 974.0 980.0 974.0 980.0 967.0 1000.0 967.0 Vehicle 1
767.0 956.0 759.0 956.0 758.0 940.0 767.0 939.0 Vehicle 1
763.0 965.0 752.0 981.0 745.0 976.0 756.0 960.0 Vehicle 1
783.0 964.0 774.0 965.0 773.0 944.0 781.0 943.0 Vehicle 1
600.0 984.0 572.0 985.0 572.0 977.0 600.0 976.0 Vehicle 1
544.0 972.0 524.0 972.0 524.0 965.0 544.0 965.0 Vehicle 1
568.0 972.0 547.0 972.0 547.0 965.0 568.0 964.0 Vehicle 1
545.0 962.0 524.0 963.0 524.0 956.0 545.0 955.0 Vehicle 1
637.0 918.0 629.0 918.0 629.0 906.0 637.0 906.0 Vehicle 1
650.0 870.0 629.0 870.0 629.0 863.0 650.0 863.0 Vehicle 1
752.0 873.0 728.0 873.0 728.0 864.0 752.0 864.0 Vehicle 1
598.0 847.0 589.0 847.0 589.0 829.0 598.0 829.0 Vehicle 1
959.0 873.0 934.0 873.0 934.0 864.0 959.0 864.0 Vehicle 1
706.0 665.0 697.0 665.0 696.0 648.0 704.0 647.0 Vehicle 1
984.0 344.0 956.0 348.0 954.0 336.0 982.0 331.0 Vehicle 1
833.0 95.0 831.0 103.0 808.0 98.0 809.0 90.0 Vehicle 1
758.0 767.0 735.0 767.0 735.0 760.0 758.0 760.0 Vehicle 1
