600.0 726.0 593.0 724.0 597.0 710.0 600.0 711.0 Vehicle 1
597.0 687.0 591.0 703.0 583.0 700.0 589.0 684.0 Vehicle 1
380.0 354.0 378.0 360.0 361.0 353.0 363.0 347.0 Vehicle 1
382.0 331.0 380.0 338.0 360.0 332.0 363.0 325.0 Vehicle 1
430.0 349.0 427.0 356.0 412.0 349.0 414.0 343.0 Vehicle 1
427.0 371.0 425.0 377.0 412.0 371.0 414.0 365.0 Vehicle 1
468.0 386.0 465.0 392.0 455.0 388.0 458.0 382.0 Vehicle 1
479.0 367.0 476.0 373.0 460.0 367.0 463.0 361.0 Vehicle 1
501.0 377.0 499.0 383.0 481.0 377.0 484.0 370.0 Vehicle 1
517.0 405.0 515.0 411.0 498.0 404.0 501.0 398.0 Vehicle 1
569.0 401.0 567.0 407.0 549.0 400.0 551.0 395.0 Vehicle 1
563.0 421.0 561.0 428.0 543.0 420.0 546.0 414.0 Vehicle 1
578.0 453.0 570.0 466.0 563.0 461.0 571.0 449.0 Vehicle 1
273.0 403.0 266.0 417.0 258.0 413.0 265.0 399.0 Vehicle 1
330.0 424.0 328.0 430.0 306.0 422.0 309.0 416.0 Vehicle 1
316.0 434.0 314.0 441.0 298.0 434.0 301.0 428.0 Vehicle 1
246.0 444.0 239.0 457.0 231.0 453.0 238.0 440.0 Vehicle 1
270.0 454.0 262.0 469.0 253.0 465.0 262.0 449.0 Vehicle 1
548.0 140.0 546.0 146.0 529.0 141.0 531.0 135.0 Vehicle 1
550.0 118.0 549.0 125.0 530.0 120.0 532.0 113.0 Vehicle 1
526.0 112.0 524.0 119.0 506.0 114.0 508.0 107.0 Vehicle 1
439.0 112.0 437.0 118.0 421.0 113.0 423.0 107.0 Vehicle 1
415.0 105.0 413.0 112.0 399.0 107.0 402.0 100.0 Vehicle 1
403.0 79.0 401.0 84.0 382.0 78.0 385.0 72.0 Vehicle 1
381.0 70.0 378.0 77.0 357.0 69.0 360.0 62.0 Vehicle 1
343.0 57.0 341.0 63.0 323.0 56.0 326.0 50.0 Vehicle 1
289.0 299.0 286.0 306.0 273.0 301.0 276.0 294.0 Vehicle 1
263.0 230.0 261.0 236.0 248.0 230.0 251.0 224.0 Vehicle 1
236.0 238.0 233.0 245.0 215.0 237.0 218.0 230.0 Vehicle 1
249.0 253.0 247.0 259.0 230.0 252.0 232.0 246.0 Vehicle 1
224.0 277.0 222.0 283.0 205.0 276.0 207.0 270.0 Vehicle 1
248.0 306.0 244.0 314.0 223.0 305.0 227.0 297.0 Vehicle 1
196.0 317.0 188.0 333.0 180.0 328.0 189.0 313.0 Vehicle 1
176.0 329.0 168.0 344.0 160.0 340.0 167.0 324.0 Vehicle 1
168.0 279.0 166.0 285.0 148.0 278.0 150.0 272.0 Vehicle 1
157.0 251.0 156.0 258.0 139.0 253.0 140.0 246.0 Vehicle 1
178.0 216.0 176.0 223.0 159.0 217.0 161.0 211.0 Vehicle 1
140.0 210.0 135.0 220.0 129.0 216.0 134.0 206.0 Vehicle 1
61.0 218.0 58.0 225.0 42.0 218.0 45.0 211.0 Vehicle 1
201.0 113.0 194.0 124.0 189.0 121.0 196.0 109.0 Vehicle 1
226.0 74.0 222.0 83.0 215.0 80.0 218.0 71.0 Vehicle 1
32.0 459.0 30.0 466.0 10.0 460.0 12.0 453.0 Vehicle 1
56.0 464.0 54.0 471.0 34.0 467.0 36.0 459.0 Vehicle 1
259.0 525.0 256.0 532.0 244.0 528.0 247.0 521.0 Vehicle 1
329.0 528.0 326.0 535.0 307.0 528.0 309.0 521.0 Vehicle 1
354.0 561.0 351.0 567.0 339.0 563.0 342.0 556.0 Vehicle 1
375.0 546.0 373.0 552.0 358.0 546.0 360.0 541.0 Vehicle 1
406.0 557.0 404.0 564.0 388.0 558.0 391.0 551.0 Vehicle 1
495.0 591.0 493.0 597.0 481.0 593.0 482.0 587.0 Vehicle 1
485.0 612.0 481.0 618.0 470.0 610.0 473.0 605.0 Vehicle 1
68.0 677.0 66.0 684.0 48.0 680.0 50.0 672.0 Vehicle 1
263.0 691.0 262.0 698.0 243.0 694.0 244.0 687.0 Vehicle 1
241.0 657.0 233.0 675.0 225.0 671.0 233.0 653.0 Vehicle 1
246.0 645.0 242.0 656.0 235.0 653.0 239.0 642.0 Vehicle 1
316.0 704.0 314.0 710.0 301.0 708.0 302.0 702.0 Vehicle 1
339.0 709.0 338.0 715.0 322.0 711.0 323.0 705.0 Vehicle 1
362.0 715.0 360.0 721.0 344.0 716.0 346.0 711.0 Vehicle 1
366.0 745.0 364.0 751.0 348.0 748.0 350.0 741.0 Vehicle 1
479.0 771.0 478.0 778.0 459.0 773.0 460.0 767.0 Vehicle 1
544.0 693.0 537.0 707.0 530.0 704.0 538.0 689.0 Vehicle 1
557.0 676.0 553.0 683.0 545.0 679.0 549.0 672.0 Vehicle 1
565.0 660.0 558.0 674.0 551.0 670.0 558.0 656.0 Vehicle 1
600.0 611.0 598.0 613.0 592.0 610.0 600.0 596.0 Vehicle 1
63.0 529.0 55.0 542.0 48.0 538.0 56.0 525.0 Vehicle 1
82.0 541.0 76.0 555.0 69.0 552.0 75.0 538.0 Vehicle 1
127.0 484.0 125.0 492.0 104.0 485.0 106.0 478.0 Vehicle 1
159.0 492.0 156.0 500.0 139.0 495.0 142.0 487.0 Vehicle 1
187.0 531.0 180.0 545.0 173.0 541.0 180.0 527.0 Vehicle 1
201.0 516.0 190.0 529.0 184.0 524.0 194.0 511.0 Vehicle 1
173.0 599.0 167.0 611.0 160.0 608.0 166.0 596.0 Vehicle 1
141.0 602.0 133.0 616.0 126.0 613.0 133.0 598.0 Vehicle 1
548.0 44.0 542.0 57.0 533.0 54.0 539.0 40.0 Vehicle 1
