496.0 269.0 476.0 269.0 476.0 262.0 496.0 262.0 Vehicle 1
473.0 269.0 452.0 269.0 451.0 262.0 473.0 262.0 Vehicle 1
169.0 169.0 161.0 175.0 148.0 160.0 156.0 154.0 Vehicle 1
187.0 41.0 178.0 40.0 179.0 24.0 187.0 25.0 Vehicle 1
176.0 25.0 175.0 41.0 167.0 41.0 167.0 25.0 Vehicle 1
143.0 38.0 133.0 38.0 133.0 22.0 143.0 21.0 Vehicle 1
127.0 30.0 119.0 30.0 119.0 14.0 127.0 14.0 Vehicle 1
108.0 32.0 103.0 37.0 93.0 26.0 99.0 21.0 Vehicle 1
103.0 42.0 96.0 48.0 83.0 32.0 90.0 27.0 Vehicle 1
81.0 50.0 75.0 54.0 67.0 42.0 73.0 38.0 Vehicle 1
73.0 55.0 67.0 60.0 56.0 47.0 62.0 42.0 Vehicle 1
46.0 70.0 41.0 76.0 29.0 65.0 33.0 59.0 Vehicle 1
36.0 77.0 31.0 81.0 20.0 70.0 26.0 65.0 Vehicle 1
29.0 84.0 23.0 89.0 13.0 77.0 18.0 72.0 Vehicle 1
20.0 89.0 13.0 95.0 2.0 80.0 10.0 75.0 Vehicle 1
575.0 22.0 565.0 23.0 564.0 9.0 574.0 9.0 Vehicle 1
523.0 78.0 512.0 91.0 507.0 87.0 517.0 73.0 Vehicle 1
512.0 77.0 502.0 89.0 496.0 85.0 506.0 72.0 Vehicle 1
555.0 270.0 536.0 269.0 536.0 263.0 555.0 263.0 Vehicle 1
595.0 292.0 574.0 291.0 574.0 283.0 595.0 284.0 Vehicle 1
600.0 305.0 588.0 305.0 588.0 298.0 600.0 298.0 Vehicle 1
77.0 227.0 69.0 234.0 57.0 219.0 65.0 213.0 Vehicle 1
42.0 211.0 26.0 221.0 21.0 213.0 37.0 203.0 Vehicle 1
62.0 163.0 46.0 173.0 42.0 166.0 58.0 156.0 Vehicle 1
46.0 151.0 30.0 161.0 25.0 154.0 42.0 144.0 Vehicle 1
25.0 562.0 10.0 570.0 8.0 565.0 22.0 557.0 Vehicle 1
24.0 553.0 6.0 563.0 2.0 557.0 20.0 546.0 Vehicle 1
171.0 651.0 155.0 661.0 152.0 655.0 168.0 646.0 Vehicle 1
162.0 643.0 146.0 653.0 142.0 647.0 158.0 637.0 Vehicle 1
134.0 690.0 116.0 701.0 112.0 695.0 130.0 684.0 Vehicle 1
126.0 681.0 110.0 692.0 106.0 686.0 122.0 676.0 Vehicle 1
292.0 709.0 275.0 720.0 270.0 712.0 287.0 702.0 Vehicle 1
364.0 710.0 346.0 721.0 341.0 714.0 359.0 702.0 Vehicle 1
346.0 677.0 328.0 690.0 323.0 682.0 341.0 670.0 Vehicle 1
304.0 420.0 287.0 430.0 284.0 424.0 300.0 414.0 Vehicle 1
229.0 437.0 222.0 442.0 213.0 427.0 220.0 422.0 Vehicle 1
202.0 349.0 183.0 360.0 179.0 353.0 198.0 342.0 Vehicle 1
103.0 408.0 85.0 417.0 82.0 412.0 99.0 402.0 Vehicle 1
35.0 448.0 14.0 460.0 9.0 453.0 31.0 440.0 Vehicle 1
245.0 43.0 239.0 44.0 238.0 33.0 244.0 32.0 Vehicle 1
284.0 93.0 276.0 93.0 276.0 72.0 284.0 72.0 Vehicle 1
287.0 165.0 275.0 166.0 275.0 152.0 286.0 152.0 Vehicle 1
246.0 145.0 237.0 145.0 237.0 131.0 246.0 132.0 Vehicle 1
246.0 163.0 237.0 163.0 236.0 148.0 245.0 147.0 Vehicle 1
244.0 207.0 236.0 207.0 236.0 189.0 244.0 189.0 Vehicle 1
244.0 221.0 236.0 221.0 236.0 207.0 244.0 207.0 Vehicle 1
359.0 270.0 338.0 270.0 338.0 263.0 359.0 263.0 Vehicle 1
285.0 242.0 284.0 257.0 276.0 256.0 277.0 242.0 Vehicle 1
285.0 239.0 276.0 239.0 276.0 222.0 285.0 221.0 Vehicle 1
323.0 365.0 318.0 370.0 307.0 356.0 313.0 352.0 Vehicle 1
345.0 444.0 340.0 448.0 329.0 434.0 335.0 430.0 Vehicle 1
371.0 476.0 364.0 480.0 354.0 466.0 361.0 461.0 Vehicle 1
421.0 529.0 416.0 535.0 403.0 522.0 408.0 517.0 Vehicle 1
546.0 714.0 532.0 720.0 530.0 715.0 543.0 709.0 Vehicle 1
545.0 669.0 536.0 675.0 526.0 661.0 535.0 655.0 Vehicle 1
513.0 238.0 504.0 237.0 504.0 221.0 513.0 221.0 Vehicle 1
513.0 240.0 512.0 255.0 503.0 254.0 504.0 239.0 Vehicle 1
411.0 219.0 403.0 219.0 403.0 205.0 410.0 205.0 Vehicle 1
410.0 239.0 409.0 254.0 400.0 253.0 401.0 238.0 Vehicle 1
26.0 800.0 18.0 800.0 15.0 795.0 21.0 792.0 Vehicle 1
