592.0 746.0 590.0 752.0 577.0 747.0 579.0 741.0 Vehicle 1
565.0 736.0 563.0 743.0 545.0 736.0 548.0 730.0 Vehicle 1
526.0 725.0 524.0 731.0 507.0 725.0 509.0 719.0 Vehicle 1
498.0 716.0 495.0 722.0 479.0 717.0 481.0 710.0 Vehicle 1
465.0 706.0 463.0 711.0 449.0 706.0 451.0 700.0 Vehicle 1
370.0 648.0 363.0 651.0 357.0 636.0 363.0 634.0 Vehicle 1
420.0 588.0 411.0 602.0 405.0 598.0 414.0 584.0 Vehicle 1
228.0 623.0 226.0 629.0 212.0 624.0 215.0 618.0 Vehicle 1
229.0 633.0 227.0 641.0 206.0 632.0 209.0 625.0 Vehicle 1
198.0 621.0 196.0 628.0 175.0 620.0 177.0 613.0 Vehicle 1
162.0 611.0 159.0 618.0 141.0 611.0 143.0 604.0 Vehicle 1
133.0 600.0 130.0 607.0 113.0 600.0 116.0 593.0 Vehicle 1
508.0 43.0 501.0 54.0 496.0 51.0 503.0 40.0 Vehicle 1
496.0 37.0 489.0 50.0 484.0 46.0 491.0 34.0 Vehicle 1
485.0 35.0 477.0 46.0 472.0 43.0 479.0 31.0 Vehicle 1
466.0 25.0 458.0 40.0 451.0 36.0 459.0 21.0 Vehicle 1
460.0 10.0 448.0 33.0 439.0 29.0 451.0 6.0 Vehicle 1
440.0 13.0 431.0 29.0 423.0 25.0 432.0 9.0 Vehicle 1
174.0 37.0 169.0 53.0 162.0 50.0 167.0 35.0 Vehicle 1
142.0 30.0 137.0 42.0 131.0 39.0 136.0 28.0 Vehicle 1
111.0 130.0 109.0 136.0 95.0 131.0 97.0 126.0 Vehicle 1
107.0 139.0 105.0 144.0 89.0 139.0 91.0 134.0 Vehicle 1
105.0 148.0 102.0 155.0 83.0 148.0 85.0 140.0 Vehicle 1
89.0 180.0 87.0 187.0 68.0 181.0 70.0 174.0 Vehicle 1
521.0 456.0 503.0 489.0 492.0 483.0 510.0 450.0 Vehicle 1
434.0 567.0 426.0 582.0 420.0 579.0 428.0 564.0 Vehicle 1
449.0 541.0 441.0 554.0 435.0 551.0 443.0 537.0 Vehicle 1
144.0 460.0 139.0 468.0 123.0 457.0 127.0 450.0 Vehicle 1
46.0 400.0 42.0 406.0 28.0 397.0 31.0 391.0 Vehicle 1
