658.0 217.0 639.0 218.0 638.0 212.0 658.0 212.0 Vehicle 1
617.0 219.0 594.0 218.0 594.0 212.0 617.0 212.0 Vehicle 1
586.0 219.0 564.0 219.0 564.0 212.0 586.0 212.0 Vehicle 1
508.0 219.0 486.0 218.0 486.0 210.0 508.0 210.0 Vehicle 1
478.0 219.0 465.0 218.0 465.0 212.0 478.0 212.0 Vehicle 1
462.0 219.0 446.0 219.0 446.0 211.0 462.0 211.0 Vehicle 1
440.0 219.0 420.0 220.0 420.0 213.0 440.0 212.0 Vehicle 1
407.0 219.0 379.0 219.0 379.0 210.0 407.0 210.0 Vehicle 1
371.0 217.0 349.0 217.0 349.0 211.0 371.0 211.0 Vehicle 1
337.0 217.0 326.0 217.0 326.0 209.0 337.0 209.0 Vehicle 1
812.0 59.0 786.0 61.0 785.0 53.0 812.0 52.0 Vehicle 1
378.0 241.0 357.0 241.0 357.0 235.0 378.0 235.0 Vehicle 1
353.0 241.0 333.0 241.0 333.0 235.0 353.0 235.0 Vehicle 1
966.0 593.0 948.0 593.0 948.0 587.0 966.0 587.0 Vehicle 1
974.0 704.0 953.0 705.0 953.0 698.0 974.0 698.0 Vehicle 1
972.0 695.0 949.0 696.0 949.0 689.0 972.0 689.0 Vehicle 1
944.0 676.0 920.0 676.0 920.0 669.0 944.0 669.0 Vehicle 1
935.0 616.0 910.0 616.0 910.0 608.0 935.0 608.0 Vehicle 1
945.0 627.0 925.0 627.0 925.0 620.0 945.0 620.0 Vehicle 1
944.0 638.0 921.0 638.0 921.0 631.0 944.0 631.0 Vehicle 1
867.0 836.0 841.0 836.0 841.0 827.0 867.0 827.0 Vehicle 1
868.0 823.0 859.0 823.0 858.0 809.0 868.0 808.0 Vehicle 1
859.0 768.0 837.0 768.0 836.0 762.0 859.0 761.0 Vehicle 1
923.0 558.0 895.0 557.0 896.0 546.0 923.0 548.0 Vehicle 1
879.0 556.0 848.0 556.0 848.0 546.0 879.0 547.0 Vehicle 1
840.0 547.0 839.0 555.0 816.0 555.0 816.0 547.0 Vehicle 1
806.0 555.0 782.0 554.0 782.0 548.0 806.0 548.0 Vehicle 1
776.0 555.0 752.0 554.0 752.0 547.0 776.0 547.0 Vehicle 1
743.0 554.0 722.0 554.0 722.0 547.0 743.0 547.0 Vehicle 1
728.0 572.0 704.0 573.0 704.0 565.0 728.0 565.0 Vehicle 1
712.0 554.0 691.0 554.0 690.0 547.0 712.0 547.0 Vehicle 1
678.0 554.0 656.0 554.0 656.0 546.0 678.0 547.0 Vehicle 1
652.0 554.0 628.0 554.0 628.0 547.0 652.0 547.0 Vehicle 1
673.0 563.0 648.0 563.0 648.0 555.0 673.0 555.0 Vehicle 1
492.0 591.0 470.0 591.0 470.0 584.0 492.0 584.0 Vehicle 1
469.0 553.0 442.0 553.0 442.0 546.0 469.0 546.0 Vehicle 1
371.0 506.0 348.0 506.0 348.0 499.0 371.0 499.0 Vehicle 1
377.0 533.0 358.0 533.0 359.0 525.0 377.0 526.0 Vehicle 1
370.0 490.0 345.0 490.0 345.0 482.0 370.0 482.0 Vehicle 1
370.0 454.0 346.0 454.0 346.0 446.0 370.0 446.0 Vehicle 1
368.0 435.0 348.0 435.0 348.0 429.0 368.0 429.0 Vehicle 1
184.0 695.0 182.0 734.0 166.0 733.0 168.0 695.0 Vehicle 1
179.0 642.0 178.0 656.0 171.0 656.0 171.0 642.0 Vehicle 1
136.0 660.0 128.0 660.0 127.0 646.0 135.0 645.0 Vehicle 1
182.0 558.0 172.0 558.0 172.0 542.0 182.0 543.0 Vehicle 1
184.0 500.0 174.0 500.0 174.0 483.0 184.0 483.0 Vehicle 1
185.0 200.0 175.0 200.0 175.0 182.0 185.0 183.0 Vehicle 1
184.0 93.0 174.0 93.0 175.0 78.0 184.0 78.0 Vehicle 1
151.0 116.0 140.0 116.0 141.0 94.0 151.0 94.0 Vehicle 1
669.0 666.0 660.0 666.0 660.0 648.0 668.0 648.0 Vehicle 1
669.0 645.0 659.0 645.0 659.0 629.0 669.0 629.0 Vehicle 1
670.0 911.0 661.0 911.0 661.0 893.0 669.0 893.0 Vehicle 1
670.0 954.0 659.0 954.0 659.0 930.0 670.0 930.0 Vehicle 1
636.0 995.0 627.0 995.0 628.0 979.0 636.0 979.0 Vehicle 1
636.0 973.0 627.0 973.0 627.0 957.0 636.0 957.0 Vehicle 1
915.0 949.0 894.0 949.0 894.0 942.0 915.0 943.0 Vehicle 1
50.0 579.0 29.0 579.0 29.0 570.0 50.0 571.0 Vehicle 1
37.0 555.0 14.0 554.0 14.0 547.0 37.0 547.0 Vehicle 1
175.0 972.0 165.0 972.0 165.0 955.0 175.0 955.0 Vehicle 1
173.0 927.0 163.0 927.0 163.0 911.0 173.0 911.0 Vehicle 1
173.0 883.0 165.0 883.0 165.0 866.0 173.0 866.0 Vehicle 1
216.0 767.0 204.0 767.0 203.0 744.0 214.0 744.0 Vehicle 1
181.0 764.0 179.0 836.0 163.0 836.0 166.0 763.0 Vehicle 1
40.0 897.0 21.0 897.0 21.0 889.0 40.0 890.0 Vehicle 1
258.0 95.0 249.0 95.0 248.0 79.0 257.0 78.0 Vehicle 1
637.0 642.0 636.0 656.0 626.0 655.0 627.0 641.0 Vehicle 1
636.0 702.0 627.0 702.0 627.0 689.0 636.0 689.0 Vehicle 1
