131.0 191.0 115.0 209.0 108.0 203.0 124.0 184.0 Vehicle 1
145.0 197.0 132.0 215.0 123.0 209.0 137.0 191.0 Vehicle 1
178.0 212.0 163.0 231.0 155.0 225.0 169.0 205.0 Vehicle 1
201.0 217.0 189.0 233.0 182.0 227.0 194.0 211.0 Vehicle 1
230.0 227.0 218.0 242.0 211.0 235.0 223.0 221.0 Vehicle 1
481.0 588.0 477.0 596.0 455.0 583.0 459.0 575.0 Vehicle 1
601.0 18.0 571.0 19.0 571.0 7.0 600.0 6.0 Vehicle 1
692.0 18.0 683.0 18.0 683.0 1.0 691.0 1.0 Vehicle 1
710.0 30.0 695.0 30.0 695.0 4.0 710.0 4.0 Vehicle 1
716.0 130.0 687.0 129.0 688.0 119.0 716.0 120.0 Vehicle 1
895.0 70.0 881.0 85.0 874.0 78.0 888.0 64.0 Vehicle 1
875.0 730.0 860.0 748.0 850.0 739.0 865.0 722.0 Vehicle 1
826.0 712.0 788.0 732.0 783.0 722.0 821.0 702.0 Vehicle 1
912.0 930.0 898.0 950.0 888.0 943.0 903.0 923.0 Vehicle 1
738.0 955.0 725.0 969.0 719.0 963.0 732.0 949.0 Vehicle 1
730.0 947.0 713.0 965.0 706.0 958.0 723.0 940.0 Vehicle 1
