642.0 894.0 637.0 900.0 622.0 890.0 626.0 884.0 Vehicle 1
634.0 901.0 631.0 906.0 617.0 897.0 621.0 892.0 Vehicle 1
632.0 909.0 627.0 915.0 613.0 906.0 617.0 899.0 Vehicle 1
625.0 916.0 622.0 921.0 608.0 913.0 612.0 908.0 Vehicle 1
620.0 922.0 616.0 928.0 601.0 918.0 605.0 912.0 Vehicle 1
613.0 929.0 610.0 935.0 593.0 926.0 596.0 919.0 Vehicle 1
643.0 709.0 614.0 743.0 602.0 733.0 631.0 699.0 Vehicle 1
661.0 721.0 646.0 743.0 637.0 738.0 652.0 715.0 Vehicle 1
903.0 399.0 884.0 423.0 875.0 416.0 893.0 392.0 Vehicle 1
904.0 462.0 890.0 489.0 878.0 482.0 892.0 456.0 Vehicle 1
863.0 428.0 846.0 452.0 836.0 444.0 854.0 420.0 Vehicle 1
728.0 388.0 725.0 395.0 709.0 385.0 713.0 378.0 Vehicle 1
807.0 376.0 803.0 382.0 789.0 373.0 794.0 367.0 Vehicle 1
776.0 479.0 769.0 480.0 766.0 465.0 773.0 464.0 Vehicle 1
922.0 858.0 916.0 869.0 890.0 855.0 896.0 844.0 Vehicle 1
994.0 812.0 977.0 838.0 966.0 830.0 983.0 804.0 Vehicle 1
988.0 793.0 983.0 802.0 947.0 783.0 952.0 774.0 Vehicle 1
961.0 940.0 941.0 965.0 932.0 958.0 952.0 933.0 Vehicle 1
997.0 767.0 971.0 753.0 977.0 743.0 1002.0 758.0 Vehicle 1
