473.0 414.0 461.0 428.0 455.0 423.0 467.0 409.0 Vehicle 1
471.0 386.0 465.0 386.0 464.0 373.0 471.0 373.0 Vehicle 1
462.0 390.0 452.0 390.0 452.0 372.0 462.0 372.0 Vehicle 1
459.0 369.0 451.0 369.0 450.0 353.0 458.0 353.0 Vehicle 1
437.0 371.0 428.0 372.0 427.0 354.0 437.0 354.0 Vehicle 1
413.0 369.0 405.0 369.0 405.0 353.0 413.0 353.0 Vehicle 1
352.0 367.0 332.0 367.0 332.0 361.0 352.0 361.0 Vehicle 1
403.0 300.0 400.0 305.0 383.0 296.0 386.0 291.0 Vehicle 1
289.0 326.0 281.0 326.0 281.0 309.0 289.0 309.0 Vehicle 1
244.0 311.0 243.0 324.0 235.0 324.0 235.0 310.0 Vehicle 1
225.0 374.0 203.0 373.0 203.0 367.0 225.0 368.0 Vehicle 1
139.0 369.0 120.0 369.0 120.0 364.0 139.0 364.0 Vehicle 1
142.0 361.0 119.0 360.0 119.0 355.0 142.0 355.0 Vehicle 1
142.0 351.0 121.0 351.0 121.0 345.0 142.0 345.0 Vehicle 1
108.0 316.0 100.0 317.0 97.0 301.0 105.0 300.0 Vehicle 1
77.0 418.0 48.0 418.0 48.0 408.0 77.0 408.0 Vehicle 1
17.0 427.0 12.0 434.0 0.0 425.0 0.0 415.0 Vehicle 1
436.0 133.0 414.0 133.0 414.0 127.0 436.0 127.0 Vehicle 1
410.0 127.0 409.0 134.0 385.0 133.0 385.0 126.0 Vehicle 1
380.0 135.0 357.0 135.0 357.0 127.0 380.0 127.0 Vehicle 1
354.0 135.0 323.0 135.0 323.0 128.0 354.0 128.0 Vehicle 1
277.0 167.0 253.0 167.0 253.0 160.0 277.0 160.0 Vehicle 1
222.0 167.0 194.0 166.0 194.0 160.0 222.0 160.0 Vehicle 1
192.0 167.0 168.0 167.0 168.0 161.0 192.0 160.0 Vehicle 1
156.0 168.0 132.0 168.0 132.0 160.0 156.0 160.0 Vehicle 1
70.0 138.0 34.0 137.0 35.0 127.0 70.0 128.0 Vehicle 1
732.0 176.0 724.0 181.0 717.0 169.0 725.0 164.0 Vehicle 1
744.0 177.0 736.0 180.0 733.0 171.0 741.0 169.0 Vehicle 1
787.0 177.0 779.0 180.0 774.0 171.0 782.0 167.0 Vehicle 1
800.0 178.0 793.0 181.0 788.0 170.0 794.0 166.0 Vehicle 1
250.0 168.0 224.0 168.0 224.0 159.0 250.0 159.0 Vehicle 1
