134.0 23.0 109.0 26.0 108.0 17.0 133.0 15.0 Vehicle 1
508.0 659.0 501.0 661.0 498.0 646.0 506.0 645.0 Vehicle 1
44.0 719.0 43.0 725.0 25.0 722.0 26.0 716.0 Vehicle 1
43.0 742.0 42.0 747.0 19.0 743.0 20.0 738.0 Vehicle 1
11.0 776.0 10.0 790.0 2.0 789.0 4.0 775.0 Vehicle 1
40.0 782.0 38.0 800.0 28.0 800.0 31.0 781.0 Vehicle 1
483.0 508.0 468.0 514.0 466.0 508.0 481.0 502.0 Vehicle 1
406.0 473.0 388.0 480.0 386.0 473.0 404.0 467.0 Vehicle 1
404.0 464.0 385.0 469.0 383.0 463.0 402.0 458.0 Vehicle 1
423.0 418.0 417.0 421.0 410.0 404.0 416.0 401.0 Vehicle 1
56.0 231.0 49.0 236.0 36.0 219.0 43.0 213.0 Vehicle 1
22.0 280.0 17.0 283.0 8.0 269.0 13.0 265.0 Vehicle 1
81.0 213.0 73.0 226.0 67.0 221.0 75.0 209.0 Vehicle 1
115.0 229.0 108.0 240.0 102.0 236.0 109.0 226.0 Vehicle 1
59.0 144.0 50.0 157.0 43.0 153.0 52.0 139.0 Vehicle 1
79.0 137.0 69.0 152.0 62.0 147.0 73.0 132.0 Vehicle 1
90.0 141.0 83.0 152.0 77.0 149.0 84.0 138.0 Vehicle 1
101.0 146.0 92.0 161.0 86.0 156.0 95.0 142.0 Vehicle 1
122.0 160.0 113.0 174.0 106.0 170.0 115.0 156.0 Vehicle 1
166.0 178.0 157.0 193.0 150.0 188.0 159.0 174.0 Vehicle 1
223.0 186.0 217.0 204.0 206.0 200.0 212.0 183.0 Vehicle 1
108.0 109.0 91.0 112.0 90.0 106.0 107.0 103.0 Vehicle 1
119.0 115.0 101.0 119.0 100.0 112.0 117.0 108.0 Vehicle 1
128.0 122.0 113.0 125.0 112.0 119.0 127.0 116.0 Vehicle 1
145.0 129.0 125.0 133.0 124.0 126.0 143.0 123.0 Vehicle 1
17.0 13.0 8.0 26.0 3.0 22.0 12.0 9.0 Vehicle 1
292.0 36.0 290.0 44.0 265.0 36.0 268.0 28.0 Vehicle 1
339.0 92.0 337.0 99.0 319.0 93.0 321.0 86.0 Vehicle 1
352.0 58.0 350.0 65.0 330.0 58.0 332.0 51.0 Vehicle 1
