187.0 353.0 169.0 352.0 169.0 343.0 187.0 343.0 Vehicle 1
162.0 368.0 139.0 368.0 139.0 359.0 162.0 359.0 Vehicle 1
189.0 369.0 167.0 368.0 167.0 360.0 189.0 360.0 Vehicle 1
196.0 395.0 187.0 397.0 183.0 377.0 191.0 375.0 Vehicle 1
248.0 454.0 225.0 454.0 225.0 448.0 248.0 448.0 Vehicle 1
181.0 396.0 172.0 396.0 171.0 379.0 180.0 379.0 Vehicle 1
100.0 438.0 91.0 439.0 90.0 423.0 99.0 422.0 Vehicle 1
77.0 436.0 68.0 437.0 66.0 423.0 75.0 422.0 Vehicle 1
67.0 439.0 58.0 440.0 57.0 422.0 66.0 422.0 Vehicle 1
41.0 438.0 32.0 438.0 32.0 424.0 40.0 424.0 Vehicle 1
79.0 335.0 78.0 341.0 62.0 341.0 62.0 335.0 Vehicle 1
241.0 484.0 222.0 484.0 222.0 478.0 241.0 478.0 Vehicle 1
320.0 596.0 307.0 596.0 307.0 590.0 320.0 590.0 Vehicle 1
232.0 10.0 231.0 19.0 214.0 17.0 215.0 9.0 Vehicle 1
300.0 15.0 299.0 22.0 284.0 19.0 285.0 13.0 Vehicle 1
395.0 138.0 387.0 138.0 387.0 128.0 395.0 128.0 Vehicle 1
704.0 245.0 703.0 253.0 683.0 250.0 684.0 243.0 Vehicle 1
790.0 265.0 773.0 265.0 774.0 259.0 790.0 259.0 Vehicle 1
401.0 236.0 400.0 253.0 390.0 252.0 391.0 235.0 Vehicle 1
377.0 293.0 363.0 293.0 362.0 254.0 376.0 254.0 Vehicle 1
403.0 307.0 394.0 307.0 394.0 292.0 403.0 291.0 Vehicle 1
407.0 321.0 406.0 344.0 393.0 344.0 394.0 321.0 Vehicle 1
411.0 482.0 402.0 483.0 400.0 467.0 409.0 466.0 Vehicle 1
408.0 450.0 400.0 450.0 400.0 435.0 408.0 435.0 Vehicle 1
416.0 572.0 405.0 578.0 388.0 548.0 398.0 542.0 Vehicle 1
749.0 411.0 740.0 412.0 738.0 398.0 746.0 397.0 Vehicle 1
593.0 411.0 583.0 411.0 583.0 396.0 593.0 396.0 Vehicle 1
621.0 416.0 613.0 416.0 613.0 400.0 621.0 400.0 Vehicle 1
686.0 439.0 685.0 455.0 676.0 455.0 676.0 439.0 Vehicle 1
623.0 476.0 615.0 477.0 614.0 462.0 622.0 461.0 Vehicle 1
621.0 455.0 613.0 455.0 612.0 441.0 621.0 441.0 Vehicle 1
602.0 456.0 590.0 456.0 590.0 439.0 601.0 439.0 Vehicle 1
722.0 471.0 712.0 470.0 713.0 456.0 722.0 456.0 Vehicle 1
753.0 585.0 726.0 585.0 726.0 578.0 753.0 577.0 Vehicle 1
793.0 584.0 772.0 584.0 772.0 576.0 793.0 576.0 Vehicle 1
722.0 584.0 704.0 584.0 704.0 579.0 722.0 578.0 Vehicle 1
554.0 382.0 536.0 384.0 536.0 377.0 553.0 376.0 Vehicle 1
552.0 392.0 534.0 393.0 534.0 385.0 552.0 385.0 Vehicle 1
552.0 401.0 530.0 401.0 530.0 393.0 552.0 393.0 Vehicle 1
553.0 409.0 532.0 410.0 532.0 403.0 553.0 402.0 Vehicle 1
558.0 468.0 540.0 468.0 540.0 461.0 558.0 460.0 Vehicle 1
543.0 333.0 524.0 333.0 524.0 324.0 543.0 324.0 Vehicle 1
413.0 517.0 404.0 518.0 402.0 502.0 411.0 501.0 Vehicle 1
412.0 543.0 403.0 543.0 403.0 525.0 412.0 525.0 Vehicle 1
551.0 490.0 532.0 492.0 531.0 485.0 551.0 482.0 Vehicle 1
