264.0 796.0 260.0 803.0 246.0 793.0 250.0 787.0 Vehicle 1
994.0 849.0 987.0 854.0 974.0 837.0 982.0 830.0 Vehicle 1
936.0 879.0 931.0 885.0 918.0 873.0 923.0 867.0 Vehicle 1
930.0 890.0 924.0 896.0 913.0 884.0 919.0 878.0 Vehicle 1
820.0 978.0 814.0 984.0 803.0 971.0 809.0 965.0 Vehicle 1
842.0 954.0 837.0 960.0 824.0 949.0 830.0 943.0 Vehicle 1
562.0 995.0 556.0 999.0 547.0 987.0 553.0 982.0 Vehicle 1
752.0 349.0 745.0 352.0 738.0 336.0 745.0 333.0 Vehicle 1
760.0 208.0 754.0 214.0 741.0 199.0 747.0 195.0 Vehicle 1
365.0 15.0 355.0 28.0 348.0 22.0 358.0 10.0 Vehicle 1
32.0 30.0 27.0 36.0 16.0 25.0 21.0 20.0 Vehicle 1
654.0 851.0 635.0 865.0 628.0 856.0 646.0 841.0 Vehicle 1
