987.0 982.0 986.0 999.0 977.0 998.0 978.0 981.0 Vehicle 1
940.0 999.0 931.0 999.0 931.0 984.0 940.0 984.0 Vehicle 1
930.0 982.0 927.0 998.0 919.0 997.0 921.0 981.0 Vehicle 1
839.0 982.0 837.0 999.0 829.0 998.0 831.0 981.0 Vehicle 1
828.0 996.0 820.0 996.0 820.0 980.0 828.0 980.0 Vehicle 1
816.0 982.0 815.0 998.0 808.0 998.0 808.0 982.0 Vehicle 1
793.0 997.0 785.0 997.0 785.0 980.0 793.0 980.0 Vehicle 1
782.0 997.0 773.0 997.0 773.0 981.0 781.0 981.0 Vehicle 1
767.0 995.0 760.0 996.0 759.0 983.0 766.0 982.0 Vehicle 1
755.0 996.0 747.0 997.0 747.0 982.0 754.0 982.0 Vehicle 1
744.0 981.0 743.0 998.0 734.0 997.0 735.0 981.0 Vehicle 1
731.0 996.0 722.0 997.0 722.0 981.0 730.0 981.0 Vehicle 1
718.0 997.0 711.0 997.0 710.0 981.0 717.0 980.0 Vehicle 1
700.0 981.0 699.0 998.0 691.0 998.0 691.0 981.0 Vehicle 1
689.0 996.0 681.0 996.0 680.0 982.0 688.0 982.0 Vehicle 1
677.0 997.0 668.0 997.0 668.0 983.0 677.0 983.0 Vehicle 1
665.0 998.0 657.0 998.0 657.0 983.0 665.0 983.0 Vehicle 1
654.0 997.0 646.0 997.0 646.0 980.0 654.0 980.0 Vehicle 1
642.0 998.0 634.0 999.0 633.0 983.0 641.0 983.0 Vehicle 1
621.0 999.0 613.0 1000.0 612.0 983.0 620.0 983.0 Vehicle 1
609.0 998.0 600.0 998.0 599.0 981.0 609.0 981.0 Vehicle 1
597.0 997.0 589.0 996.0 589.0 985.0 597.0 985.0 Vehicle 1
586.0 996.0 578.0 997.0 576.0 983.0 584.0 982.0 Vehicle 1
574.0 996.0 566.0 996.0 566.0 980.0 574.0 980.0 Vehicle 1
563.0 996.0 555.0 996.0 555.0 982.0 563.0 982.0 Vehicle 1
552.0 997.0 543.0 997.0 543.0 981.0 552.0 981.0 Vehicle 1
783.0 954.0 774.0 954.0 774.0 937.0 783.0 937.0 Vehicle 1
795.0 952.0 788.0 952.0 787.0 938.0 794.0 937.0 Vehicle 1
808.0 951.0 799.0 952.0 799.0 936.0 807.0 936.0 Vehicle 1
820.0 938.0 819.0 954.0 811.0 954.0 811.0 938.0 Vehicle 1
831.0 936.0 830.0 952.0 822.0 952.0 822.0 936.0 Vehicle 1
842.0 954.0 834.0 953.0 834.0 937.0 842.0 938.0 Vehicle 1
855.0 953.0 845.0 954.0 844.0 936.0 854.0 935.0 Vehicle 1
877.0 952.0 868.0 953.0 867.0 936.0 876.0 936.0 Vehicle 1
886.0 951.0 879.0 951.0 879.0 937.0 886.0 937.0 Vehicle 1
920.0 942.0 915.0 963.0 904.0 960.0 909.0 939.0 Vehicle 1
975.0 926.0 967.0 926.0 966.0 912.0 974.0 912.0 Vehicle 1
918.0 927.0 910.0 927.0 910.0 912.0 918.0 912.0 Vehicle 1
889.0 912.0 887.0 929.0 878.0 928.0 879.0 911.0 Vehicle 1
876.0 928.0 867.0 929.0 867.0 914.0 875.0 914.0 Vehicle 1
865.0 914.0 864.0 929.0 856.0 929.0 857.0 913.0 Vehicle 1
841.0 928.0 834.0 928.0 832.0 913.0 840.0 912.0 Vehicle 1
819.0 930.0 811.0 930.0 812.0 913.0 819.0 913.0 Vehicle 1
782.0 929.0 775.0 930.0 775.0 914.0 782.0 914.0 Vehicle 1
986.0 885.0 978.0 885.0 978.0 871.0 986.0 870.0 Vehicle 1
964.0 888.0 955.0 888.0 955.0 871.0 964.0 871.0 Vehicle 1
920.0 868.0 919.0 886.0 909.0 885.0 911.0 867.0 Vehicle 1
884.0 885.0 876.0 885.0 875.0 869.0 884.0 868.0 Vehicle 1
873.0 884.0 864.0 884.0 863.0 870.0 873.0 869.0 Vehicle 1
862.0 886.0 854.0 886.0 853.0 871.0 862.0 871.0 Vehicle 1
852.0 886.0 844.0 887.0 842.0 871.0 850.0 870.0 Vehicle 1
840.0 887.0 832.0 887.0 831.0 871.0 840.0 871.0 Vehicle 1
829.0 871.0 828.0 886.0 820.0 886.0 821.0 871.0 Vehicle 1
817.0 886.0 810.0 886.0 810.0 871.0 817.0 871.0 Vehicle 1
805.0 872.0 804.0 888.0 796.0 888.0 797.0 871.0 Vehicle 1
794.0 887.0 786.0 887.0 786.0 872.0 793.0 871.0 Vehicle 1
783.0 887.0 774.0 888.0 773.0 871.0 782.0 870.0 Vehicle 1
1000.0 865.0 977.0 864.0 978.0 857.0 1000.0 858.0 Vehicle 1
969.0 865.0 942.0 866.0 942.0 858.0 969.0 858.0 Vehicle 1
939.0 859.0 938.0 867.0 912.0 866.0 913.0 858.0 Vehicle 1
906.0 859.0 905.0 868.0 881.0 866.0 882.0 858.0 Vehicle 1
992.0 840.0 983.0 840.0 982.0 823.0 991.0 823.0 Vehicle 1
980.0 837.0 972.0 837.0 972.0 823.0 980.0 823.0 Vehicle 1
968.0 835.0 959.0 835.0 960.0 820.0 968.0 820.0 Vehicle 1
943.0 841.0 933.0 840.0 934.0 819.0 943.0 819.0 Vehicle 1
909.0 838.0 898.0 838.0 898.0 819.0 909.0 819.0 Vehicle 1
884.0 836.0 875.0 837.0 875.0 823.0 884.0 823.0 Vehicle 1
859.0 839.0 852.0 839.0 851.0 824.0 859.0 823.0 Vehicle 1
846.0 775.0 845.0 789.0 838.0 789.0 838.0 775.0 Vehicle 1
872.0 790.0 862.0 790.0 862.0 774.0 871.0 773.0 Vehicle 1
895.0 791.0 886.0 791.0 886.0 775.0 895.0 775.0 Vehicle 1
907.0 790.0 899.0 790.0 899.0 775.0 907.0 775.0 Vehicle 1
942.0 791.0 934.0 791.0 934.0 776.0 942.0 775.0 Vehicle 1
967.0 792.0 958.0 792.0 957.0 776.0 966.0 775.0 Vehicle 1
1000.0 775.0 992.0 775.0 992.0 757.0 1000.0 757.0 Vehicle 1
955.0 773.0 947.0 773.0 947.0 757.0 954.0 757.0 Vehicle 1
943.0 758.0 942.0 773.0 934.0 772.0 935.0 758.0 Vehicle 1
919.0 773.0 910.0 773.0 909.0 755.0 918.0 755.0 Vehicle 1
847.0 756.0 846.0 774.0 838.0 774.0 839.0 756.0 Vehicle 1
824.0 778.0 815.0 778.0 815.0 761.0 824.0 761.0 Vehicle 1
791.0 815.0 765.0 815.0 765.0 808.0 791.0 807.0 Vehicle 1
786.0 806.0 767.0 806.0 767.0 798.0 786.0 798.0 Vehicle 1
787.0 796.0 766.0 797.0 766.0 789.0 787.0 789.0 Vehicle 1
788.0 769.0 766.0 769.0 766.0 762.0 788.0 762.0 Vehicle 1
786.0 750.0 764.0 750.0 764.0 743.0 786.0 743.0 Vehicle 1
982.0 724.0 973.0 725.0 972.0 709.0 981.0 709.0 Vehicle 1
968.0 706.0 967.0 723.0 958.0 723.0 959.0 706.0 Vehicle 1
929.0 711.0 928.0 730.0 918.0 729.0 919.0 711.0 Vehicle 1
876.0 727.0 867.0 727.0 867.0 712.0 876.0 712.0 Vehicle 1
826.0 727.0 819.0 727.0 818.0 710.0 826.0 710.0 Vehicle 1
803.0 728.0 795.0 728.0 795.0 710.0 803.0 710.0 Vehicle 1
753.0 945.0 746.0 945.0 746.0 930.0 753.0 930.0 Vehicle 1
754.0 928.0 746.0 929.0 745.0 913.0 754.0 912.0 Vehicle 1
721.0 883.0 702.0 883.0 702.0 877.0 721.0 877.0 Vehicle 1
755.0 871.0 754.0 885.0 746.0 884.0 747.0 870.0 Vehicle 1
812.0 867.0 793.0 866.0 793.0 858.0 812.0 859.0 Vehicle 1
714.0 867.0 695.0 866.0 695.0 859.0 714.0 860.0 Vehicle 1
717.0 961.0 697.0 960.0 697.0 953.0 717.0 954.0 Vehicle 1
683.0 960.0 666.0 961.0 666.0 954.0 683.0 954.0 Vehicle 1
718.0 936.0 700.0 936.0 700.0 930.0 718.0 930.0 Vehicle 1
714.0 928.0 697.0 928.0 697.0 920.0 714.0 920.0 Vehicle 1
716.0 919.0 698.0 919.0 698.0 912.0 716.0 911.0 Vehicle 1
683.0 943.0 662.0 943.0 662.0 935.0 683.0 935.0 Vehicle 1
684.0 934.0 666.0 934.0 666.0 927.0 684.0 927.0 Vehicle 1
684.0 925.0 664.0 926.0 664.0 919.0 684.0 918.0 Vehicle 1
685.0 917.0 663.0 917.0 663.0 910.0 685.0 910.0 Vehicle 1
684.0 909.0 665.0 909.0 665.0 902.0 684.0 902.0 Vehicle 1
684.0 901.0 665.0 901.0 665.0 893.0 684.0 893.0 Vehicle 1
684.0 891.0 665.0 891.0 665.0 884.0 684.0 884.0 Vehicle 1
682.0 882.0 661.0 883.0 661.0 875.0 682.0 874.0 Vehicle 1
620.0 954.0 600.0 953.0 600.0 945.0 620.0 946.0 Vehicle 1
623.0 945.0 602.0 944.0 602.0 937.0 623.0 937.0 Vehicle 1
624.0 936.0 603.0 936.0 603.0 929.0 624.0 929.0 Vehicle 1
624.0 927.0 602.0 926.0 603.0 919.0 624.0 919.0 Vehicle 1
623.0 918.0 602.0 918.0 602.0 911.0 623.0 910.0 Vehicle 1
621.0 909.0 600.0 910.0 600.0 903.0 621.0 902.0 Vehicle 1
623.0 901.0 603.0 900.0 603.0 893.0 623.0 894.0 Vehicle 1
624.0 892.0 603.0 892.0 603.0 885.0 624.0 885.0 Vehicle 1
620.0 884.0 600.0 884.0 600.0 876.0 620.0 877.0 Vehicle 1
622.0 875.0 601.0 875.0 601.0 867.0 621.0 867.0 Vehicle 1
621.0 865.0 601.0 865.0 601.0 858.0 621.0 858.0 Vehicle 1
620.0 961.0 599.0 961.0 599.0 955.0 620.0 954.0 Vehicle 1
596.0 962.0 575.0 961.0 575.0 954.0 596.0 955.0 Vehicle 1
597.0 954.0 577.0 953.0 577.0 946.0 597.0 946.0 Vehicle 1
598.0 944.0 578.0 944.0 578.0 937.0 598.0 937.0 Vehicle 1
600.0 936.0 581.0 935.0 581.0 928.0 600.0 928.0 Vehicle 1
600.0 911.0 599.0 918.0 579.0 918.0 579.0 911.0 Vehicle 1
598.0 910.0 578.0 909.0 578.0 902.0 598.0 902.0 Vehicle 1
600.0 900.0 579.0 900.0 580.0 893.0 600.0 893.0 Vehicle 1
602.0 892.0 583.0 892.0 583.0 885.0 602.0 885.0 Vehicle 1
600.0 883.0 579.0 883.0 579.0 876.0 600.0 876.0 Vehicle 1
600.0 875.0 578.0 875.0 578.0 867.0 600.0 867.0 Vehicle 1
599.0 866.0 578.0 867.0 577.0 859.0 599.0 858.0 Vehicle 1
678.0 836.0 670.0 836.0 670.0 822.0 678.0 822.0 Vehicle 1
665.0 837.0 657.0 837.0 656.0 822.0 664.0 822.0 Vehicle 1
656.0 837.0 647.0 838.0 647.0 821.0 656.0 821.0 Vehicle 1
644.0 837.0 635.0 837.0 634.0 821.0 643.0 820.0 Vehicle 1
631.0 839.0 622.0 839.0 622.0 823.0 631.0 823.0 Vehicle 1
620.0 837.0 612.0 837.0 612.0 822.0 620.0 822.0 Vehicle 1
609.0 838.0 600.0 838.0 600.0 822.0 609.0 822.0 Vehicle 1
597.0 840.0 589.0 840.0 589.0 824.0 597.0 824.0 Vehicle 1
586.0 835.0 578.0 836.0 577.0 821.0 585.0 820.0 Vehicle 1
577.0 837.0 567.0 837.0 567.0 822.0 577.0 822.0 Vehicle 1
564.0 838.0 555.0 838.0 554.0 820.0 564.0 820.0 Vehicle 1
551.0 837.0 543.0 838.0 542.0 822.0 551.0 822.0 Vehicle 1
534.0 976.0 515.0 975.0 515.0 968.0 534.0 969.0 Vehicle 1
535.0 966.0 517.0 966.0 517.0 959.0 535.0 959.0 Vehicle 1
537.0 957.0 516.0 958.0 516.0 950.0 537.0 949.0 Vehicle 1
534.0 949.0 514.0 949.0 514.0 941.0 534.0 941.0 Vehicle 1
536.0 940.0 515.0 940.0 515.0 933.0 535.0 933.0 Vehicle 1
536.0 931.0 514.0 932.0 514.0 924.0 536.0 923.0 Vehicle 1
537.0 922.0 520.0 922.0 519.0 916.0 537.0 915.0 Vehicle 1
538.0 914.0 515.0 914.0 515.0 906.0 538.0 906.0 Vehicle 1
538.0 887.0 517.0 887.0 517.0 880.0 538.0 880.0 Vehicle 1
538.0 879.0 518.0 879.0 518.0 872.0 537.0 871.0 Vehicle 1
536.0 870.0 516.0 870.0 516.0 863.0 536.0 863.0 Vehicle 1
537.0 861.0 518.0 862.0 518.0 854.0 537.0 854.0 Vehicle 1
542.0 852.0 513.0 853.0 513.0 843.0 541.0 842.0 Vehicle 1
