451.0 961.0 449.0 966.0 442.0 963.0 444.0 958.0 Vehicle 1
472.0 969.0 469.0 975.0 450.0 967.0 453.0 961.0 Vehicle 1
520.0 963.0 518.0 967.0 511.0 964.0 513.0 959.0 Vehicle 1
496.0 976.0 492.0 985.0 473.0 976.0 476.0 968.0 Vehicle 1
543.0 972.0 540.0 978.0 523.0 970.0 526.0 964.0 Vehicle 1
561.0 980.0 558.0 985.0 544.0 978.0 547.0 973.0 Vehicle 1
582.0 989.0 579.0 995.0 560.0 987.0 563.0 981.0 Vehicle 1
1000.0 880.0 997.0 886.0 983.0 879.0 986.0 873.0 Vehicle 1
981.0 871.0 978.0 878.0 965.0 872.0 968.0 866.0 Vehicle 1
970.0 841.0 968.0 847.0 954.0 839.0 957.0 834.0 Vehicle 1
955.0 834.0 952.0 840.0 935.0 832.0 938.0 826.0 Vehicle 1
933.0 823.0 930.0 831.0 911.0 822.0 915.0 815.0 Vehicle 1
814.0 773.0 811.0 780.0 793.0 772.0 796.0 765.0 Vehicle 1
787.0 762.0 784.0 768.0 768.0 761.0 771.0 755.0 Vehicle 1
761.0 752.0 758.0 758.0 750.0 754.0 753.0 748.0 Vehicle 1
519.0 677.0 516.0 684.0 507.0 679.0 510.0 673.0 Vehicle 1
540.0 686.0 537.0 693.0 519.0 685.0 522.0 679.0 Vehicle 1
520.0 664.0 516.0 672.0 497.0 662.0 501.0 654.0 Vehicle 1
633.0 400.0 630.0 408.0 603.0 398.0 606.0 389.0 Vehicle 1
635.0 383.0 631.0 393.0 594.0 378.0 598.0 368.0 Vehicle 1
654.0 394.0 652.0 400.0 637.0 393.0 640.0 387.0 Vehicle 1
673.0 403.0 671.0 408.0 657.0 400.0 659.0 395.0 Vehicle 1
695.0 420.0 692.0 427.0 672.0 419.0 675.0 412.0 Vehicle 1
704.0 434.0 685.0 434.0 685.0 428.0 704.0 427.0 Vehicle 1
746.0 462.0 743.0 469.0 718.0 459.0 721.0 452.0 Vehicle 1
745.0 450.0 742.0 457.0 724.0 448.0 727.0 441.0 Vehicle 1
766.0 443.0 763.0 449.0 745.0 441.0 748.0 434.0 Vehicle 1
769.0 460.0 765.0 467.0 749.0 459.0 752.0 452.0 Vehicle 1
789.0 479.0 786.0 487.0 761.0 478.0 764.0 470.0 Vehicle 1
822.0 463.0 818.0 473.0 777.0 456.0 781.0 446.0 Vehicle 1
836.0 487.0 834.0 495.0 814.0 490.0 815.0 482.0 Vehicle 1
852.0 479.0 849.0 488.0 824.0 478.0 828.0 469.0 Vehicle 1
886.0 507.0 883.0 515.0 870.0 510.0 873.0 502.0 Vehicle 1
918.0 503.0 914.0 511.0 894.0 502.0 898.0 494.0 Vehicle 1
944.0 530.0 940.0 540.0 916.0 528.0 920.0 519.0 Vehicle 1
970.0 527.0 967.0 533.0 950.0 524.0 953.0 519.0 Vehicle 1
996.0 537.0 993.0 544.0 974.0 536.0 976.0 529.0 Vehicle 1
1000.0 253.0 978.0 244.0 982.0 235.0 1000.0 242.0 Vehicle 1
965.0 229.0 962.0 237.0 936.0 226.0 940.0 218.0 Vehicle 1
998.0 231.0 981.0 222.0 985.0 216.0 1002.0 224.0 Vehicle 1
975.0 211.0 971.0 218.0 953.0 209.0 957.0 202.0 Vehicle 1
961.0 216.0 957.0 225.0 926.0 211.0 930.0 202.0 Vehicle 1
917.0 209.0 914.0 215.0 893.0 206.0 896.0 200.0 Vehicle 1
949.0 200.0 946.0 205.0 932.0 199.0 934.0 194.0 Vehicle 1
991.0 189.0 988.0 196.0 967.0 186.0 970.0 179.0 Vehicle 1
967.0 178.0 964.0 185.0 944.0 177.0 947.0 170.0 Vehicle 1
945.0 170.0 943.0 176.0 926.0 168.0 928.0 162.0 Vehicle 1
919.0 158.0 916.0 165.0 891.0 155.0 894.0 148.0 Vehicle 1
874.0 138.0 871.0 147.0 836.0 133.0 840.0 123.0 Vehicle 1
839.0 137.0 834.0 148.0 791.0 128.0 796.0 117.0 Vehicle 1
277.0 573.0 274.0 580.0 254.0 571.0 257.0 564.0 Vehicle 1
289.0 551.0 287.0 557.0 270.0 551.0 272.0 545.0 Vehicle 1
271.0 544.0 268.0 549.0 255.0 542.0 258.0 537.0 Vehicle 1
259.0 556.0 257.0 561.0 241.0 554.0 243.0 549.0 Vehicle 1
251.0 535.0 249.0 541.0 233.0 534.0 236.0 528.0 Vehicle 1
231.0 527.0 229.0 533.0 212.0 526.0 214.0 520.0 Vehicle 1
149.0 523.0 146.0 529.0 134.0 523.0 137.0 517.0 Vehicle 1
212.0 528.0 210.0 534.0 191.0 526.0 193.0 520.0 Vehicle 1
210.0 518.0 208.0 523.0 191.0 516.0 193.0 510.0 Vehicle 1
190.0 510.0 186.0 517.0 169.0 509.0 173.0 502.0 Vehicle 1
171.0 502.0 167.0 509.0 150.0 500.0 153.0 494.0 Vehicle 1
152.0 493.0 149.0 499.0 133.0 492.0 136.0 485.0 Vehicle 1
456.0 341.0 454.0 347.0 442.0 342.0 445.0 336.0 Vehicle 1
445.0 318.0 442.0 324.0 423.0 315.0 427.0 309.0 Vehicle 1
356.0 281.0 353.0 288.0 338.0 280.0 341.0 274.0 Vehicle 1
175.0 219.0 171.0 226.0 156.0 220.0 159.0 212.0 Vehicle 1
155.0 211.0 151.0 218.0 132.0 209.0 136.0 202.0 Vehicle 1
192.0 198.0 188.0 208.0 153.0 194.0 157.0 184.0 Vehicle 1
131.0 201.0 127.0 209.0 106.0 200.0 110.0 192.0 Vehicle 1
89.0 158.0 85.0 165.0 61.0 154.0 64.0 147.0 Vehicle 1
35.0 161.0 32.0 167.0 15.0 159.0 18.0 153.0 Vehicle 1
631.0 100.0 627.0 107.0 607.0 97.0 611.0 90.0 Vehicle 1
649.0 50.0 646.0 56.0 629.0 48.0 633.0 42.0 Vehicle 1
629.0 69.0 627.0 76.0 609.0 69.0 611.0 62.0 Vehicle 1
590.0 72.0 586.0 79.0 564.0 69.0 567.0 62.0 Vehicle 1
557.0 58.0 554.0 66.0 533.0 57.0 537.0 49.0 Vehicle 1
527.0 47.0 525.0 54.0 508.0 47.0 511.0 40.0 Vehicle 1
501.0 35.0 498.0 42.0 478.0 33.0 481.0 26.0 Vehicle 1
470.0 20.0 465.0 29.0 438.0 16.0 442.0 7.0 Vehicle 1
435.0 14.0 416.0 7.0 418.0 -1.0 438.0 6.0 Vehicle 1
663.0 80.0 657.0 85.0 647.0 72.0 653.0 67.0 Vehicle 1
748.0 54.0 737.0 68.0 730.0 63.0 740.0 48.0 Vehicle 1
735.0 89.0 728.0 101.0 720.0 97.0 728.0 85.0 Vehicle 1
670.0 115.0 664.0 130.0 655.0 127.0 662.0 112.0 Vehicle 1
694.0 122.0 687.0 134.0 680.0 130.0 688.0 118.0 Vehicle 1
667.0 142.0 658.0 154.0 653.0 150.0 661.0 138.0 Vehicle 1
703.0 135.0 695.0 148.0 688.0 143.0 696.0 131.0 Vehicle 1
729.0 134.0 711.0 148.0 706.0 141.0 724.0 128.0 Vehicle 1
705.0 155.0 692.0 172.0 685.0 167.0 698.0 150.0 Vehicle 1
649.0 185.0 636.0 203.0 629.0 198.0 642.0 179.0 Vehicle 1
603.0 206.0 584.0 233.0 574.0 226.0 593.0 199.0 Vehicle 1
639.0 180.0 629.0 195.0 621.0 189.0 631.0 175.0 Vehicle 1
669.0 181.0 659.0 195.0 653.0 191.0 662.0 177.0 Vehicle 1
686.0 198.0 675.0 215.0 668.0 210.0 678.0 193.0 Vehicle 1
637.0 222.0 629.0 235.0 623.0 231.0 631.0 218.0 Vehicle 1
614.0 230.0 605.0 246.0 597.0 241.0 606.0 226.0 Vehicle 1
613.0 257.0 604.0 269.0 598.0 265.0 607.0 253.0 Vehicle 1
597.0 237.0 585.0 251.0 579.0 246.0 590.0 232.0 Vehicle 1
656.0 238.0 646.0 252.0 640.0 247.0 650.0 234.0 Vehicle 1
645.0 254.0 630.0 276.0 621.0 269.0 636.0 248.0 Vehicle 1
626.0 278.0 617.0 292.0 611.0 288.0 620.0 274.0 Vehicle 1
591.0 284.0 583.0 298.0 577.0 295.0 585.0 281.0 Vehicle 1
612.0 297.0 603.0 311.0 597.0 307.0 605.0 293.0 Vehicle 1
544.0 289.0 534.0 305.0 526.0 300.0 536.0 284.0 Vehicle 1
563.0 301.0 554.0 313.0 547.0 309.0 556.0 296.0 Vehicle 1
557.0 333.0 550.0 344.0 544.0 340.0 552.0 329.0 Vehicle 1
532.0 360.0 527.0 371.0 521.0 368.0 526.0 357.0 Vehicle 1
480.0 363.0 474.0 378.0 466.0 375.0 472.0 360.0 Vehicle 1
466.0 390.0 459.0 404.0 452.0 400.0 460.0 387.0 Vehicle 1
476.0 406.0 473.0 426.0 464.0 424.0 467.0 404.0 Vehicle 1
472.0 451.0 463.0 463.0 457.0 458.0 466.0 446.0 Vehicle 1
460.0 446.0 451.0 460.0 444.0 455.0 453.0 442.0 Vehicle 1
444.0 435.0 436.0 450.0 430.0 447.0 437.0 432.0 Vehicle 1
364.0 589.0 342.0 587.0 342.0 580.0 364.0 582.0 Vehicle 1
247.0 800.0 238.0 811.0 233.0 807.0 242.0 795.0 Vehicle 1
267.0 775.0 255.0 791.0 248.0 786.0 259.0 770.0 Vehicle 1
278.0 758.0 270.0 770.0 264.0 766.0 272.0 753.0 Vehicle 1
291.0 738.0 281.0 752.0 276.0 747.0 285.0 734.0 Vehicle 1
307.0 718.0 296.0 734.0 289.0 730.0 299.0 713.0 Vehicle 1
345.0 644.0 333.0 660.0 325.0 654.0 337.0 638.0 Vehicle 1
306.0 638.0 297.0 651.0 290.0 647.0 299.0 633.0 Vehicle 1
296.0 631.0 285.0 645.0 279.0 641.0 289.0 626.0 Vehicle 1
281.0 649.0 271.0 663.0 263.0 658.0 273.0 643.0 Vehicle 1
265.0 670.0 253.0 686.0 246.0 681.0 257.0 665.0 Vehicle 1
251.0 692.0 241.0 706.0 234.0 701.0 243.0 687.0 Vehicle 1
236.0 712.0 226.0 725.0 220.0 720.0 229.0 707.0 Vehicle 1
218.0 733.0 208.0 748.0 201.0 743.0 211.0 729.0 Vehicle 1
215.0 758.0 208.0 772.0 201.0 769.0 208.0 755.0 Vehicle 1
188.0 873.0 180.0 885.0 174.0 881.0 182.0 869.0 Vehicle 1
164.0 876.0 155.0 891.0 148.0 887.0 157.0 872.0 Vehicle 1
111.0 878.0 89.0 913.0 79.0 907.0 101.0 871.0 Vehicle 1
179.0 896.0 164.0 918.0 155.0 912.0 170.0 890.0 Vehicle 1
144.0 940.0 135.0 954.0 128.0 950.0 137.0 935.0 Vehicle 1
67.0 940.0 60.0 953.0 54.0 949.0 60.0 936.0 Vehicle 1
55.0 961.0 41.0 979.0 34.0 973.0 47.0 955.0 Vehicle 1
24.0 1001.0 17.0 996.0 27.0 981.0 34.0 986.0 Vehicle 1
