129.0 167.0 120.0 168.0 119.0 151.0 128.0 151.0 Vehicle 1
211.0 94.0 191.0 103.0 187.0 95.0 207.0 86.0 Vehicle 1
207.0 106.0 206.0 123.0 198.0 122.0 199.0 106.0 Vehicle 1
221.0 136.0 211.0 136.0 210.0 118.0 220.0 118.0 Vehicle 1
221.0 539.0 202.0 545.0 200.0 538.0 218.0 532.0 Vehicle 1
212.0 591.0 204.0 595.0 193.0 575.0 202.0 571.0 Vehicle 1
315.0 783.0 298.0 789.0 296.0 782.0 312.0 776.0 Vehicle 1
320.0 791.0 303.0 797.0 301.0 790.0 318.0 784.0 Vehicle 1
530.0 743.0 524.0 747.0 513.0 729.0 519.0 725.0 Vehicle 1
303.0 326.0 295.0 331.0 285.0 315.0 293.0 311.0 Vehicle 1
317.0 324.0 311.0 328.0 302.0 313.0 309.0 309.0 Vehicle 1
399.0 34.0 392.0 39.0 381.0 24.0 387.0 19.0 Vehicle 1
385.0 69.0 379.0 73.0 371.0 59.0 377.0 55.0 Vehicle 1
413.0 98.0 406.0 104.0 395.0 89.0 402.0 83.0 Vehicle 1
480.0 190.0 474.0 194.0 460.0 175.0 466.0 171.0 Vehicle 1
587.0 364.0 569.0 370.0 567.0 363.0 584.0 357.0 Vehicle 1
