614.0 230.0 608.0 245.0 601.0 242.0 606.0 227.0 Vehicle 1
600.0 498.0 598.0 505.0 576.0 500.0 577.0 493.0 Vehicle 1
763.0 437.0 756.0 454.0 748.0 451.0 755.0 434.0 Vehicle 1
246.0 475.0 237.0 475.0 236.0 457.0 245.0 457.0 Vehicle 1
245.0 439.0 242.0 455.0 234.0 454.0 236.0 438.0 Vehicle 1
192.0 435.0 171.0 435.0 171.0 429.0 192.0 429.0 Vehicle 1
81.0 522.0 60.0 526.0 59.0 519.0 80.0 516.0 Vehicle 1
81.0 512.0 58.0 516.0 57.0 509.0 80.0 506.0 Vehicle 1
300.0 285.0 296.0 291.0 280.0 279.0 284.0 273.0 Vehicle 1
267.0 259.0 266.0 264.0 246.0 261.0 247.0 256.0 Vehicle 1
