234.0 892.0 225.0 892.0 225.0 877.0 233.0 877.0 Vehicle 1
265.0 642.0 255.0 642.0 255.0 626.0 265.0 625.0 Vehicle 1
88.0 478.0 67.0 476.0 67.0 468.0 88.0 470.0 Vehicle 1
236.0 383.0 225.0 383.0 225.0 366.0 235.0 366.0 Vehicle 1
266.0 335.0 256.0 335.0 256.0 314.0 266.0 314.0 Vehicle 1
366.0 477.0 343.0 478.0 343.0 470.0 365.0 469.0 Vehicle 1
446.0 478.0 424.0 478.0 424.0 470.0 446.0 470.0 Vehicle 1
468.0 478.0 447.0 478.0 447.0 469.0 468.0 469.0 Vehicle 1
460.0 156.0 435.0 157.0 435.0 147.0 460.0 147.0 Vehicle 1
625.0 479.0 607.0 479.0 607.0 472.0 625.0 472.0 Vehicle 1
694.0 478.0 672.0 479.0 672.0 472.0 693.0 471.0 Vehicle 1
936.0 478.0 916.0 478.0 916.0 471.0 936.0 472.0 Vehicle 1
978.0 478.0 961.0 478.0 961.0 471.0 978.0 471.0 Vehicle 1
794.0 953.0 785.0 953.0 784.0 939.0 793.0 939.0 Vehicle 1
1000.0 926.238098 983.382385 927.029419 983.000061 919.0 1000.0 918.190491 Vehicle 1
954.0 306.0 945.0 306.0 946.0 289.0 954.0 289.0 Vehicle 1
