28.0 103.0 17.0 117.0 12.0 113.0 22.0 99.0 Vehicle 1
335.0 638.0 326.0 651.0 320.0 647.0 329.0 634.0 Vehicle 1
454.0 695.0 443.0 709.0 438.0 704.0 447.0 691.0 Vehicle 1
441.0 712.0 431.0 726.0 425.0 722.0 435.0 707.0 Vehicle 1
428.0 729.0 422.0 744.0 413.0 740.0 421.0 725.0 Vehicle 1
418.0 745.0 410.0 759.0 402.0 755.0 410.0 741.0 Vehicle 1
408.0 760.0 398.0 773.0 393.0 769.0 402.0 756.0 Vehicle 1
397.0 776.0 392.0 789.0 386.0 786.0 392.0 773.0 Vehicle 1
352.0 781.0 345.0 794.0 337.0 791.0 345.0 777.0 Vehicle 1
363.0 762.0 352.0 779.0 346.0 774.0 355.0 758.0 Vehicle 1
371.0 750.0 363.0 761.0 357.0 757.0 364.0 746.0 Vehicle 1
389.0 744.0 379.0 759.0 372.0 754.0 382.0 740.0 Vehicle 1
404.0 173.0 396.0 178.0 387.0 161.0 396.0 156.0 Vehicle 1
361.0 297.0 334.0 301.0 333.0 292.0 360.0 288.0 Vehicle 1
351.0 350.0 345.0 365.0 338.0 362.0 345.0 347.0 Vehicle 1
229.0 377.0 225.0 384.0 211.0 376.0 214.0 369.0 Vehicle 1
310.0 440.0 301.0 454.0 294.0 450.0 302.0 436.0 Vehicle 1
488.0 692.0 480.0 709.0 472.0 705.0 482.0 688.0 Vehicle 1
488.0 762.0 480.0 763.0 478.0 746.0 487.0 746.0 Vehicle 1
533.0 724.0 532.0 730.0 513.0 729.0 514.0 722.0 Vehicle 1
535.0 721.0 515.0 720.0 515.0 713.0 535.0 714.0 Vehicle 1
536.0 712.0 517.0 711.0 518.0 704.0 536.0 704.0 Vehicle 1
536.0 696.0 535.0 703.0 518.0 702.0 518.0 695.0 Vehicle 1
536.0 696.0 518.0 695.0 518.0 689.0 536.0 690.0 Vehicle 1
536.0 684.0 535.0 690.0 520.0 689.0 520.0 684.0 Vehicle 1
537.0 684.0 521.0 684.0 521.0 678.0 537.0 678.0 Vehicle 1
590.0 712.0 577.0 723.0 572.0 718.0 584.0 706.0 Vehicle 1
587.0 754.0 572.0 754.0 572.0 747.0 587.0 747.0 Vehicle 1
571.0 560.0 558.0 574.0 551.0 567.0 563.0 554.0 Vehicle 1
597.0 520.0 586.0 533.0 578.0 527.0 591.0 514.0 Vehicle 1
157.0 6.0 138.0 7.0 138.0 1.0 157.0 0.0 Vehicle 1
460.0 362.0 452.0 379.0 443.0 375.0 451.0 358.0 Vehicle 1
478.0 294.0 476.0 301.0 460.0 296.0 462.0 289.0 Vehicle 1
484.0 285.0 482.0 292.0 464.0 286.0 466.0 280.0 Vehicle 1
