920.0 99.0 910.0 99.0 911.0 82.0 920.0 82.0 Vehicle 1
922.0 120.0 912.0 120.0 912.0 103.0 922.0 103.0 Vehicle 1
437.0 564.0 412.0 564.0 412.0 557.0 437.0 557.0 Vehicle 1
467.0 563.0 445.0 565.0 444.0 558.0 467.0 556.0 Vehicle 1
450.0 536.0 440.0 536.0 440.0 530.0 450.0 530.0 Vehicle 1
480.0 536.0 460.0 536.0 461.0 530.0 480.0 530.0 Vehicle 1
509.0 537.0 487.0 537.0 487.0 530.0 509.0 530.0 Vehicle 1
546.0 536.0 526.0 536.0 526.0 531.0 546.0 531.0 Vehicle 1
587.0 537.0 567.0 537.0 567.0 529.0 587.0 529.0 Vehicle 1
584.0 564.0 563.0 565.0 563.0 559.0 584.0 558.0 Vehicle 1
549.0 565.0 527.0 565.0 527.0 558.0 549.0 558.0 Vehicle 1
106.0 210.0 84.0 210.0 84.0 203.0 106.0 203.0 Vehicle 1
40.0 184.0 17.0 183.0 18.0 177.0 40.0 178.0 Vehicle 1
41.0 211.0 19.0 210.0 19.0 204.0 41.0 204.0 Vehicle 1
208.0 424.0 199.0 424.0 199.0 408.0 208.0 409.0 Vehicle 1
174.0 480.0 164.0 480.0 165.0 464.0 174.0 465.0 Vehicle 1
208.0 474.0 201.0 474.0 201.0 457.0 208.0 458.0 Vehicle 1
174.0 254.0 165.0 253.0 166.0 239.0 174.0 239.0 Vehicle 1
175.0 341.0 174.0 355.0 165.0 355.0 166.0 341.0 Vehicle 1
174.0 324.0 166.0 325.0 166.0 310.0 174.0 310.0 Vehicle 1
175.0 381.0 165.0 381.0 165.0 364.0 175.0 364.0 Vehicle 1
175.0 418.0 165.0 418.0 165.0 402.0 175.0 402.0 Vehicle 1
175.0 445.0 174.0 462.0 165.0 462.0 166.0 445.0 Vehicle 1
336.0 538.0 316.0 537.0 316.0 530.0 336.0 531.0 Vehicle 1
301.0 538.0 279.0 538.0 279.0 530.0 301.0 529.0 Vehicle 1
287.0 565.0 267.0 564.0 267.0 557.0 287.0 557.0 Vehicle 1
208.0 689.0 200.0 689.0 200.0 672.0 208.0 672.0 Vehicle 1
175.0 698.0 166.0 698.0 165.0 683.0 173.0 682.0 Vehicle 1
208.0 708.0 199.0 708.0 200.0 693.0 208.0 693.0 Vehicle 1
209.0 741.0 201.0 741.0 200.0 725.0 209.0 725.0 Vehicle 1
210.0 765.0 201.0 765.0 201.0 749.0 210.0 749.0 Vehicle 1
175.0 724.0 165.0 723.0 165.0 706.0 175.0 706.0 Vehicle 1
174.0 771.0 165.0 771.0 165.0 753.0 174.0 753.0 Vehicle 1
176.0 810.0 175.0 825.0 166.0 824.0 167.0 809.0 Vehicle 1
210.0 837.0 199.0 837.0 199.0 822.0 210.0 822.0 Vehicle 1
764.0 803.0 755.0 820.0 747.0 816.0 756.0 799.0 Vehicle 1
649.0 891.0 629.0 891.0 629.0 884.0 649.0 884.0 Vehicle 1
208.0 1000.0 200.0 1000.0 200.0 991.0 208.0 991.0 Vehicle 1
743.0 744.0 742.0 750.0 723.0 745.0 724.0 739.0 Vehicle 1
174.0 46.0 165.0 46.0 165.0 27.0 174.0 27.0 Vehicle 1
922.0 42.0 911.0 42.0 912.0 23.0 922.0 24.0 Vehicle 1
117.0 883.0 116.0 890.0 101.0 890.0 101.0 883.0 Vehicle 1
692.0 589.0 682.0 589.0 682.0 573.0 691.0 573.0 Vehicle 1
158.0 647.0 139.0 647.0 139.0 639.0 158.0 639.0 Vehicle 1
8.0 184.0 0.0 183.0 0.0 177.0 8.0 177.0 Vehicle 1
629.0 891.0 613.0 891.0 613.0 885.0 628.0 884.0 Vehicle 1
47.0 537.0 24.0 537.0 24.0 530.0 47.0 530.0 Vehicle 1
70.0 537.0 49.0 536.0 49.0 530.0 70.0 531.0 Vehicle 1
208.0 646.0 207.0 660.0 200.0 660.0 200.0 646.0 Vehicle 1
