298.0 597.0 297.0 605.0 272.0 605.0 273.0 596.0 Vehicle 1
582.0 607.0 563.0 607.0 562.0 598.0 582.0 597.0 Vehicle 1
615.0 597.0 614.0 607.0 594.0 605.0 595.0 595.0 Vehicle 1
663.0 625.0 641.0 624.0 641.0 616.0 663.0 617.0 Vehicle 1
738.0 653.0 731.0 654.0 729.0 635.0 736.0 634.0 Vehicle 1
605.0 618.0 604.0 624.0 583.0 623.0 583.0 616.0 Vehicle 1
871.0 656.0 858.0 668.0 854.0 663.0 866.0 652.0 Vehicle 1
834.0 690.0 819.0 700.0 814.0 694.0 829.0 683.0 Vehicle 1
815.0 704.0 803.0 716.0 797.0 710.0 809.0 698.0 Vehicle 1
767.0 691.0 759.0 692.0 757.0 674.0 766.0 673.0 Vehicle 1
739.0 692.0 729.0 693.0 727.0 676.0 737.0 674.0 Vehicle 1
752.0 742.0 745.0 742.0 744.0 725.0 752.0 724.0 Vehicle 1
739.0 733.0 730.0 734.0 729.0 717.0 738.0 717.0 Vehicle 1
738.0 754.0 729.0 754.0 729.0 736.0 738.0 736.0 Vehicle 1
738.0 833.0 728.0 833.0 728.0 815.0 737.0 815.0 Vehicle 1
738.0 853.0 730.0 854.0 729.0 837.0 737.0 836.0 Vehicle 1
739.0 876.0 730.0 877.0 729.0 859.0 738.0 859.0 Vehicle 1
780.0 988.0 771.0 988.0 769.0 969.0 778.0 968.0 Vehicle 1
998.0 599.0 997.0 608.0 979.0 606.0 980.0 597.0 Vehicle 1
839.0 104.0 822.0 104.0 822.0 97.0 839.0 98.0 Vehicle 1
844.0 122.0 824.0 121.0 824.0 114.0 844.0 115.0 Vehicle 1
842.0 132.0 825.0 132.0 825.0 124.0 842.0 124.0 Vehicle 1
843.0 152.0 825.0 151.0 825.0 144.0 843.0 145.0 Vehicle 1
888.0 125.0 887.0 133.0 870.0 132.0 870.0 124.0 Vehicle 1
891.0 140.0 890.0 148.0 864.0 145.0 865.0 138.0 Vehicle 1
