55.0 17.0 48.0 24.0 34.0 12.0 40.0 4.0 Vehicle 1
46.0 23.0 42.0 29.0 28.0 19.0 33.0 13.0 Vehicle 1
763.0 164.0 758.0 172.0 739.0 160.0 744.0 152.0 Vehicle 1
681.0 107.0 676.0 115.0 658.0 105.0 663.0 97.0 Vehicle 1
455.0 125.0 449.0 132.0 434.0 120.0 439.0 113.0 Vehicle 1
516.0 139.0 510.0 146.0 495.0 136.0 501.0 128.0 Vehicle 1
545.0 26.0 540.0 33.0 523.0 22.0 527.0 14.0 Vehicle 1
285.0 221.0 277.0 223.0 273.0 206.0 282.0 204.0 Vehicle 1
47.0 871.0 24.0 873.0 23.0 864.0 46.0 862.0 Vehicle 1
931.0 796.0 925.0 802.0 914.0 788.0 920.0 783.0 Vehicle 1
870.0 828.0 863.0 833.0 853.0 819.0 860.0 813.0 Vehicle 1
840.0 905.0 832.0 911.0 820.0 895.0 827.0 889.0 Vehicle 1
969.0 854.0 962.0 860.0 951.0 847.0 958.0 841.0 Vehicle 1
949.0 866.0 942.0 871.0 930.0 855.0 937.0 850.0 Vehicle 1
940.0 871.0 932.0 877.0 921.0 863.0 928.0 857.0 Vehicle 1
912.0 888.0 906.0 895.0 892.0 880.0 899.0 873.0 Vehicle 1
898.0 874.0 891.0 879.0 879.0 864.0 886.0 858.0 Vehicle 1
917.0 863.0 910.0 869.0 896.0 852.0 903.0 846.0 Vehicle 1
978.0 832.0 970.0 838.0 958.0 822.0 966.0 816.0 Vehicle 1
991.0 845.0 985.0 850.0 973.0 839.0 979.0 833.0 Vehicle 1
38.0 40.0 34.0 48.0 14.0 37.0 18.0 29.0 Vehicle 1
24.0 54.0 20.0 61.0 4.0 53.0 8.0 45.0 Vehicle 1
15.0 69.0 -2.0 61.0 1.0 53.0 18.0 61.0 Vehicle 1
591.0 123.0 586.0 132.0 567.0 121.0 572.0 113.0 Vehicle 1
577.0 139.0 572.0 147.0 554.0 136.0 559.0 128.0 Vehicle 1
561.0 152.0 556.0 160.0 538.0 151.0 542.0 143.0 Vehicle 1
549.0 109.0 544.0 117.0 525.0 105.0 531.0 97.0 Vehicle 1
540.0 117.0 535.0 124.0 517.0 112.0 521.0 105.0 Vehicle 1
462.0 114.0 457.0 122.0 439.0 113.0 444.0 104.0 Vehicle 1
540.0 32.0 535.0 41.0 515.0 29.0 520.0 21.0 Vehicle 1
519.0 54.0 514.0 62.0 497.0 52.0 501.0 44.0 Vehicle 1
512.0 64.0 507.0 72.0 489.0 60.0 495.0 52.0 Vehicle 1
506.0 71.0 501.0 79.0 483.0 68.0 488.0 60.0 Vehicle 1
497.0 78.0 492.0 85.0 477.0 75.0 482.0 68.0 Vehicle 1
489.0 85.0 485.0 92.0 469.0 82.0 473.0 76.0 Vehicle 1
485.0 93.0 480.0 102.0 460.0 89.0 466.0 81.0 Vehicle 1
624.0 85.0 619.0 92.0 604.0 82.0 608.0 75.0 Vehicle 1
620.0 94.0 615.0 102.0 598.0 93.0 603.0 85.0 Vehicle 1
610.0 103.0 606.0 110.0 589.0 99.0 593.0 93.0 Vehicle 1
693.0 157.0 688.0 165.0 671.0 153.0 676.0 146.0 Vehicle 1
701.0 151.0 696.0 159.0 678.0 146.0 683.0 138.0 Vehicle 1
708.0 144.0 703.0 151.0 687.0 140.0 691.0 133.0 Vehicle 1
716.0 136.0 711.0 143.0 692.0 132.0 696.0 125.0 Vehicle 1
720.0 129.0 715.0 137.0 698.0 126.0 703.0 118.0 Vehicle 1
741.0 186.0 736.0 194.0 719.0 184.0 724.0 176.0 Vehicle 1
732.0 195.0 728.0 201.0 710.0 191.0 714.0 184.0 Vehicle 1
690.0 166.0 685.0 175.0 662.0 162.0 667.0 153.0 Vehicle 1
657.0 196.0 653.0 203.0 635.0 194.0 639.0 187.0 Vehicle 1
638.0 218.0 633.0 226.0 617.0 214.0 622.0 207.0 Vehicle 1
626.0 234.0 622.0 241.0 603.0 230.0 607.0 223.0 Vehicle 1
569.0 278.0 561.0 283.0 550.0 265.0 557.0 260.0 Vehicle 1
602.0 193.0 596.0 202.0 577.0 190.0 582.0 181.0 Vehicle 1
536.0 229.0 529.0 234.0 517.0 215.0 524.0 210.0 Vehicle 1
343.0 434.0 336.0 441.0 322.0 425.0 329.0 418.0 Vehicle 1
311.0 460.0 304.0 466.0 289.0 450.0 296.0 444.0 Vehicle 1
241.0 800.0 230.0 800.0 230.0 781.0 240.0 781.0 Vehicle 1
599.0 976.0 593.0 982.0 580.0 968.0 586.0 962.0 Vehicle 1
980.0 911.0 972.0 916.0 959.0 899.0 966.0 894.0 Vehicle 1
894.0 899.0 886.0 906.0 873.0 890.0 880.0 884.0 Vehicle 1
789.0 931.0 783.0 936.0 771.0 922.0 778.0 917.0 Vehicle 1
943.0 792.0 935.0 798.0 922.0 783.0 930.0 776.0 Vehicle 1
922.0 804.0 915.0 810.0 901.0 792.0 908.0 786.0 Vehicle 1
904.0 815.0 896.0 821.0 881.0 804.0 888.0 797.0 Vehicle 1
881.0 822.0 874.0 828.0 862.0 811.0 869.0 806.0 Vehicle 1
844.0 845.0 835.0 851.0 822.0 835.0 830.0 828.0 Vehicle 1
23.0 833.0 13.0 837.0 8.0 821.0 18.0 818.0 Vehicle 1
70.0 860.0 57.0 865.0 41.0 823.0 53.0 818.0 Vehicle 1
86.0 856.0 81.0 862.0 69.0 852.0 74.0 846.0 Vehicle 1
24.0 807.0 22.0 815.0 1.0 809.0 3.0 801.0 Vehicle 1
42.0 859.0 29.0 864.0 17.0 835.0 30.0 830.0 Vehicle 1
132.0 896.0 123.0 905.0 103.0 885.0 113.0 876.0 Vehicle 1
216.0 882.0 208.0 892.0 173.0 864.0 181.0 854.0 Vehicle 1
253.0 871.0 245.0 881.0 214.0 855.0 222.0 845.0 Vehicle 1
119.0 802.0 111.0 802.0 112.0 783.0 119.0 784.0 Vehicle 1
215.0 800.0 205.0 800.0 205.0 781.0 215.0 781.0 Vehicle 1
287.0 859.0 279.0 869.0 245.0 843.0 253.0 833.0 Vehicle 1
321.0 847.0 313.0 857.0 277.0 828.0 285.0 818.0 Vehicle 1
352.0 822.0 347.0 833.0 323.0 820.0 328.0 809.0 Vehicle 1
419.0 791.0 415.0 801.0 376.0 784.0 381.0 774.0 Vehicle 1
49.0 124.0 44.0 131.0 29.0 121.0 33.0 114.0 Vehicle 1
78.0 262.0 69.0 267.0 60.0 253.0 68.0 248.0 Vehicle 1
546.0 286.0 528.0 296.0 523.0 286.0 541.0 276.0 Vehicle 1
228.0 189.0 222.0 195.0 208.0 178.0 215.0 173.0 Vehicle 1
455.0 165.0 438.0 175.0 433.0 167.0 450.0 156.0 Vehicle 1
470.0 182.0 451.0 191.0 447.0 183.0 465.0 173.0 Vehicle 1
269.0 99.0 253.0 108.0 248.0 99.0 264.0 90.0 Vehicle 1
281.0 107.0 265.0 115.0 261.0 107.0 277.0 99.0 Vehicle 1
294.0 57.0 275.0 55.0 275.0 45.0 294.0 47.0 Vehicle 1
304.0 62.0 289.0 76.0 283.0 69.0 298.0 55.0 Vehicle 1
328.0 80.0 312.0 94.0 306.0 87.0 321.0 73.0 Vehicle 1
536.0 40.0 531.0 50.0 507.0 36.0 512.0 27.0 Vehicle 1
559.0 92.0 554.0 100.0 539.0 91.0 544.0 84.0 Vehicle 1
552.0 99.0 548.0 107.0 529.0 97.0 534.0 89.0 Vehicle 1
525.0 131.0 520.0 138.0 504.0 128.0 509.0 120.0 Vehicle 1
606.0 110.0 601.0 118.0 583.0 108.0 587.0 100.0 Vehicle 1
674.0 115.0 670.0 123.0 652.0 113.0 657.0 105.0 Vehicle 1
667.0 124.0 662.0 132.0 645.0 120.0 650.0 112.0 Vehicle 1
651.0 140.0 646.0 146.0 629.0 134.0 634.0 127.0 Vehicle 1
643.0 144.0 638.0 153.0 621.0 143.0 627.0 134.0 Vehicle 1
638.0 155.0 632.0 163.0 615.0 150.0 621.0 142.0 Vehicle 1
632.0 162.0 625.0 170.0 607.0 157.0 614.0 148.0 Vehicle 1
610.0 173.0 605.0 182.0 591.0 173.0 596.0 165.0 Vehicle 1
788.0 121.0 761.0 121.0 761.0 112.0 788.0 112.0 Vehicle 1
772.0 156.0 766.0 165.0 749.0 155.0 754.0 146.0 Vehicle 1
754.0 170.0 751.0 177.0 732.0 169.0 735.0 162.0 Vehicle 1
714.0 218.0 709.0 226.0 691.0 216.0 696.0 207.0 Vehicle 1
708.0 224.0 703.0 234.0 683.0 223.0 688.0 213.0 Vehicle 1
686.0 247.0 680.0 257.0 661.0 246.0 666.0 236.0 Vehicle 1
679.0 257.0 675.0 265.0 658.0 256.0 662.0 249.0 Vehicle 1
659.0 272.0 655.0 279.0 640.0 269.0 644.0 262.0 Vehicle 1
650.0 287.0 646.0 295.0 630.0 287.0 633.0 280.0 Vehicle 1
447.0 226.0 429.0 236.0 425.0 227.0 442.0 218.0 Vehicle 1
455.0 244.0 442.0 251.0 439.0 244.0 452.0 238.0 Vehicle 1
523.0 253.0 503.0 263.0 499.0 254.0 518.0 244.0 Vehicle 1
534.0 267.0 517.0 278.0 511.0 270.0 528.0 259.0 Vehicle 1
489.0 295.0 479.0 301.0 475.0 293.0 485.0 288.0 Vehicle 1
272.0 224.0 262.0 228.0 254.0 208.0 263.0 204.0 Vehicle 1
305.0 203.0 301.0 226.0 291.0 225.0 294.0 201.0 Vehicle 1
318.0 211.0 313.0 229.0 303.0 227.0 308.0 209.0 Vehicle 1
389.0 281.0 370.0 291.0 366.0 283.0 385.0 273.0 Vehicle 1
226.0 307.0 218.0 314.0 205.0 297.0 213.0 291.0 Vehicle 1
236.0 300.0 229.0 307.0 215.0 293.0 222.0 286.0 Vehicle 1
255.0 289.0 247.0 295.0 235.0 280.0 242.0 274.0 Vehicle 1
264.0 285.0 258.0 290.0 245.0 276.0 251.0 270.0 Vehicle 1
86.0 312.0 67.0 325.0 61.0 318.0 81.0 304.0 Vehicle 1
97.0 330.0 83.0 339.0 78.0 332.0 92.0 322.0 Vehicle 1
105.0 336.0 90.0 347.0 85.0 340.0 100.0 329.0 Vehicle 1
111.0 344.0 96.0 355.0 91.0 348.0 106.0 337.0 Vehicle 1
232.0 423.0 224.0 430.0 206.0 410.0 215.0 403.0 Vehicle 1
257.0 429.0 239.0 439.0 235.0 431.0 252.0 421.0 Vehicle 1
335.0 442.0 326.0 449.0 311.0 431.0 319.0 424.0 Vehicle 1
519.0 436.0 499.0 449.0 494.0 440.0 513.0 428.0 Vehicle 1
553.0 481.0 540.0 491.0 536.0 485.0 549.0 475.0 Vehicle 1
562.0 488.0 547.0 499.0 541.0 492.0 557.0 480.0 Vehicle 1
574.0 494.0 552.0 509.0 546.0 500.0 568.0 485.0 Vehicle 1
577.0 503.0 563.0 513.0 558.0 505.0 572.0 496.0 Vehicle 1
588.0 519.0 576.0 527.0 571.0 521.0 584.0 512.0 Vehicle 1
620.0 548.0 601.0 558.0 597.0 550.0 616.0 540.0 Vehicle 1
577.0 609.0 572.0 618.0 551.0 606.0 556.0 597.0 Vehicle 1
583.0 600.0 579.0 608.0 556.0 596.0 560.0 588.0 Vehicle 1
587.0 590.0 582.0 598.0 566.0 588.0 571.0 580.0 Vehicle 1
585.0 650.0 562.0 673.0 553.0 664.0 576.0 641.0 Vehicle 1
815.0 861.0 806.0 867.0 791.0 847.0 800.0 840.0 Vehicle 1
863.0 834.0 856.0 840.0 841.0 823.0 849.0 817.0 Vehicle 1
825.0 937.0 818.0 943.0 806.0 928.0 813.0 922.0 Vehicle 1
845.0 926.0 838.0 933.0 825.0 917.0 832.0 911.0 Vehicle 1
862.0 914.0 856.0 920.0 843.0 906.0 849.0 900.0 Vehicle 1
885.0 905.0 879.0 912.0 866.0 899.0 872.0 893.0 Vehicle 1
903.0 895.0 896.0 901.0 882.0 885.0 889.0 878.0 Vehicle 1
924.0 883.0 916.0 890.0 900.0 870.0 908.0 863.0 Vehicle 1
932.0 878.0 925.0 884.0 913.0 869.0 920.0 864.0 Vehicle 1
927.0 857.0 920.0 863.0 908.0 847.0 915.0 841.0 Vehicle 1
946.0 846.0 939.0 852.0 928.0 836.0 935.0 831.0 Vehicle 1
960.0 862.0 953.0 867.0 941.0 852.0 948.0 846.0 Vehicle 1
957.0 841.0 950.0 847.0 939.0 833.0 947.0 827.0 Vehicle 1
968.0 838.0 961.0 844.0 949.0 830.0 956.0 824.0 Vehicle 1
996.0 848.0 982.0 833.0 988.0 826.0 1003.0 842.0 Vehicle 1
998.0 819.0 990.0 826.0 975.0 810.0 983.0 803.0 Vehicle 1
834.0 988.0 826.0 994.0 812.0 978.0 819.0 972.0 Vehicle 1
843.0 982.0 834.0 989.0 820.0 971.0 829.0 964.0 Vehicle 1
852.0 977.0 846.0 983.0 835.0 971.0 840.0 965.0 Vehicle 1
862.0 973.0 855.0 979.0 842.0 963.0 849.0 958.0 Vehicle 1
873.0 968.0 865.0 974.0 853.0 957.0 861.0 951.0 Vehicle 1
883.0 962.0 876.0 969.0 860.0 951.0 867.0 945.0 Vehicle 1
891.0 957.0 884.0 962.0 872.0 948.0 879.0 943.0 Vehicle 1
903.0 951.0 895.0 958.0 880.0 942.0 888.0 934.0 Vehicle 1
911.0 943.0 904.0 951.0 890.0 938.0 897.0 930.0 Vehicle 1
921.0 942.0 915.0 948.0 901.0 932.0 908.0 926.0 Vehicle 1
933.0 937.0 925.0 944.0 910.0 926.0 919.0 919.0 Vehicle 1
942.0 931.0 933.0 938.0 921.0 921.0 930.0 915.0 Vehicle 1
952.0 926.0 944.0 933.0 929.0 915.0 937.0 908.0 Vehicle 1
961.0 920.0 954.0 926.0 942.0 912.0 949.0 906.0 Vehicle 1
971.0 915.0 964.0 921.0 951.0 907.0 957.0 901.0 Vehicle 1
995.0 906.0 982.0 890.0 988.0 884.0 1002.0 899.0 Vehicle 1
