286.0 704.0 270.0 719.0 263.0 712.0 279.0 697.0 Vehicle 1
211.0 705.0 194.0 721.0 186.0 713.0 204.0 696.0 Vehicle 1
333.0 558.0 328.0 566.0 310.0 555.0 315.0 547.0 Vehicle 1
320.0 612.0 310.0 623.0 303.0 616.0 313.0 606.0 Vehicle 1
526.0 106.0 522.0 112.0 508.0 103.0 512.0 97.0 Vehicle 1
393.0 102.0 388.0 110.0 373.0 99.0 378.0 91.0 Vehicle 1
375.0 115.0 370.0 121.0 354.0 108.0 360.0 101.0 Vehicle 1
381.0 143.0 377.0 149.0 362.0 139.0 366.0 133.0 Vehicle 1
376.0 150.0 371.0 157.0 356.0 146.0 361.0 139.0 Vehicle 1
347.0 145.0 343.0 152.0 327.0 141.0 331.0 135.0 Vehicle 1
358.0 165.0 354.0 171.0 339.0 160.0 344.0 154.0 Vehicle 1
331.0 159.0 327.0 165.0 313.0 156.0 317.0 150.0 Vehicle 1
350.0 171.0 345.0 178.0 329.0 167.0 334.0 161.0 Vehicle 1
343.0 179.0 339.0 185.0 323.0 175.0 327.0 169.0 Vehicle 1
325.0 167.0 321.0 174.0 305.0 162.0 309.0 156.0 Vehicle 1
334.0 185.0 330.0 191.0 316.0 181.0 320.0 175.0 Vehicle 1
317.0 174.0 313.0 180.0 297.0 170.0 302.0 163.0 Vehicle 1
327.0 191.0 323.0 198.0 306.0 188.0 310.0 181.0 Vehicle 1
320.0 198.0 315.0 206.0 297.0 194.0 302.0 187.0 Vehicle 1
308.0 179.0 303.0 186.0 288.0 176.0 293.0 169.0 Vehicle 1
300.0 187.0 294.0 194.0 280.0 182.0 286.0 175.0 Vehicle 1
254.0 142.0 249.0 150.0 225.0 135.0 230.0 127.0 Vehicle 1
262.0 162.0 257.0 169.0 240.0 156.0 246.0 149.0 Vehicle 1
278.0 210.0 273.0 216.0 258.0 205.0 263.0 199.0 Vehicle 1
297.0 221.0 292.0 228.0 276.0 218.0 281.0 211.0 Vehicle 1
285.0 227.0 281.0 233.0 267.0 223.0 271.0 217.0 Vehicle 1
266.0 216.0 262.0 221.0 250.0 213.0 254.0 207.0 Vehicle 1
284.0 237.0 279.0 244.0 259.0 230.0 263.0 223.0 Vehicle 1
259.0 223.0 254.0 230.0 241.0 219.0 247.0 212.0 Vehicle 1
252.0 230.0 248.0 236.0 234.0 227.0 239.0 221.0 Vehicle 1
275.0 246.0 270.0 253.0 254.0 241.0 259.0 235.0 Vehicle 1
267.0 253.0 261.0 259.0 246.0 248.0 251.0 241.0 Vehicle 1
252.0 266.0 248.0 273.0 232.0 263.0 236.0 256.0 Vehicle 1
247.0 239.0 242.0 245.0 227.0 233.0 232.0 227.0 Vehicle 1
238.0 245.0 234.0 252.0 219.0 242.0 223.0 235.0 Vehicle 1
233.0 254.0 228.0 260.0 214.0 250.0 219.0 244.0 Vehicle 1
223.0 260.0 219.0 266.0 205.0 256.0 209.0 250.0 Vehicle 1
234.0 280.0 230.0 286.0 214.0 274.0 219.0 268.0 Vehicle 1
216.0 268.0 211.0 274.0 197.0 263.0 202.0 257.0 Vehicle 1
237.0 183.0 232.0 190.0 216.0 180.0 221.0 172.0 Vehicle 1
229.0 190.0 224.0 197.0 209.0 187.0 214.0 180.0 Vehicle 1
220.0 196.0 215.0 203.0 200.0 192.0 204.0 186.0 Vehicle 1
216.0 204.0 210.0 212.0 191.0 199.0 197.0 191.0 Vehicle 1
187.0 199.0 183.0 205.0 167.0 194.0 171.0 187.0 Vehicle 1
169.0 213.0 165.0 220.0 149.0 209.0 154.0 202.0 Vehicle 1
164.0 221.0 160.0 228.0 145.0 217.0 150.0 211.0 Vehicle 1
190.0 225.0 186.0 232.0 169.0 222.0 173.0 214.0 Vehicle 1
182.0 232.0 177.0 239.0 163.0 229.0 168.0 222.0 Vehicle 1
173.0 239.0 168.0 245.0 154.0 236.0 159.0 229.0 Vehicle 1
95.0 215.0 90.0 222.0 72.0 209.0 77.0 201.0 Vehicle 1
132.0 250.0 127.0 257.0 109.0 246.0 115.0 238.0 Vehicle 1
149.0 263.0 144.0 269.0 130.0 258.0 135.0 252.0 Vehicle 1
142.0 269.0 137.0 275.0 122.0 265.0 127.0 258.0 Vehicle 1
108.0 270.0 103.0 277.0 88.0 267.0 93.0 260.0 Vehicle 1
98.0 278.0 94.0 284.0 80.0 274.0 85.0 268.0 Vehicle 1
85.0 292.0 80.0 299.0 65.0 289.0 70.0 282.0 Vehicle 1
110.0 306.0 105.0 314.0 84.0 301.0 90.0 293.0 Vehicle 1
89.0 320.0 84.0 326.0 70.0 315.0 75.0 309.0 Vehicle 1
76.0 334.0 72.0 341.0 58.0 331.0 63.0 324.0 Vehicle 1
193.0 290.0 188.0 297.0 173.0 286.0 178.0 280.0 Vehicle 1
212.0 303.0 206.0 311.0 190.0 298.0 196.0 291.0 Vehicle 1
194.0 315.0 190.0 321.0 174.0 311.0 178.0 304.0 Vehicle 1
181.0 296.0 176.0 303.0 161.0 291.0 166.0 284.0 Vehicle 1
176.0 304.0 171.0 310.0 155.0 299.0 160.0 292.0 Vehicle 1
189.0 322.0 184.0 329.0 169.0 319.0 174.0 312.0 Vehicle 1
180.0 331.0 176.0 337.0 162.0 327.0 166.0 321.0 Vehicle 1
171.0 337.0 167.0 343.0 151.0 333.0 156.0 326.0 Vehicle 1
162.0 319.0 156.0 326.0 142.0 314.0 148.0 307.0 Vehicle 1
154.0 326.0 149.0 332.0 135.0 320.0 140.0 314.0 Vehicle 1
145.0 333.0 142.0 338.0 130.0 329.0 134.0 324.0 Vehicle 1
150.0 359.0 145.0 365.0 130.0 355.0 135.0 348.0 Vehicle 1
143.0 366.0 138.0 373.0 123.0 363.0 127.0 356.0 Vehicle 1
136.0 373.0 131.0 380.0 115.0 368.0 121.0 361.0 Vehicle 1
174.0 469.0 160.0 481.0 154.0 474.0 168.0 462.0 Vehicle 1
164.0 463.0 151.0 474.0 146.0 468.0 158.0 457.0 Vehicle 1
155.0 456.0 144.0 469.0 138.0 464.0 149.0 450.0 Vehicle 1
146.0 451.0 136.0 464.0 130.0 458.0 140.0 446.0 Vehicle 1
141.0 443.0 127.0 458.0 120.0 451.0 134.0 436.0 Vehicle 1
120.0 436.0 109.0 446.0 105.0 441.0 116.0 431.0 Vehicle 1
116.0 427.0 101.0 439.0 96.0 433.0 110.0 420.0 Vehicle 1
80.0 406.0 66.0 419.0 61.0 413.0 74.0 400.0 Vehicle 1
54.0 389.0 41.0 402.0 35.0 396.0 48.0 383.0 Vehicle 1
44.0 385.0 32.0 395.0 26.0 389.0 39.0 378.0 Vehicle 1
