333.0 42.0 315.0 41.0 315.0 35.0 333.0 36.0 Vehicle 1
329.0 46.0 328.0 52.0 311.0 49.0 311.0 43.0 Vehicle 1
324.0 60.0 305.0 58.0 305.0 52.0 324.0 53.0 Vehicle 1
272.0 51.0 271.0 58.0 253.0 56.0 253.0 50.0 Vehicle 1
267.0 71.0 266.0 77.0 247.0 76.0 248.0 69.0 Vehicle 1
261.0 86.0 244.0 87.0 244.0 81.0 261.0 80.0 Vehicle 1
262.0 93.0 261.0 99.0 243.0 97.0 243.0 90.0 Vehicle 1
308.0 118.0 307.0 124.0 293.0 122.0 294.0 116.0 Vehicle 1
201.0 187.0 199.0 194.0 180.0 191.0 181.0 184.0 Vehicle 1
102.0 176.0 100.0 186.0 83.0 183.0 84.0 174.0 Vehicle 1
619.0 230.0 615.0 245.0 606.0 242.0 611.0 227.0 Vehicle 1
631.0 229.0 627.0 246.0 619.0 244.0 623.0 228.0 Vehicle 1
477.0 591.0 473.0 598.0 458.0 588.0 462.0 581.0 Vehicle 1
483.0 583.0 480.0 588.0 464.0 579.0 467.0 573.0 Vehicle 1
556.0 521.0 553.0 535.0 545.0 533.0 548.0 519.0 Vehicle 1
209.0 516.0 208.0 523.0 188.0 520.0 188.0 513.0 Vehicle 1
204.0 495.0 203.0 503.0 184.0 500.0 185.0 492.0 Vehicle 1
659.0 488.0 651.0 488.0 651.0 474.0 659.0 473.0 Vehicle 1
601.0 494.0 593.0 495.0 591.0 479.0 599.0 478.0 Vehicle 1
587.0 480.0 581.0 496.0 574.0 493.0 580.0 478.0 Vehicle 1
237.0 413.0 236.0 420.0 217.0 415.0 218.0 409.0 Vehicle 1
235.0 404.0 234.0 410.0 216.0 407.0 217.0 401.0 Vehicle 1
258.0 324.0 257.0 332.0 234.0 330.0 234.0 322.0 Vehicle 1
258.0 315.0 257.0 322.0 239.0 319.0 241.0 312.0 Vehicle 1
263.0 307.0 262.0 314.0 241.0 311.0 242.0 304.0 Vehicle 1
441.0 345.0 425.0 344.0 425.0 337.0 441.0 338.0 Vehicle 1
646.0 308.0 641.0 323.0 632.0 321.0 637.0 306.0 Vehicle 1
