446.0 8.0 436.0 8.0 436.0 0.0 446.0 0.0 Vehicle 1
418.0 44.0 409.0 44.0 409.0 26.0 418.0 27.0 Vehicle 1
706.0 183.0 701.0 189.0 689.0 178.0 695.0 172.0 Vehicle 1
721.0 182.0 716.0 188.0 702.0 176.0 707.0 170.0 Vehicle 1
738.0 184.0 733.0 190.0 718.0 178.0 724.0 172.0 Vehicle 1
751.0 181.0 745.0 187.0 732.0 174.0 738.0 168.0 Vehicle 1
751.0 142.0 743.0 149.0 739.0 143.0 746.0 136.0 Vehicle 1
745.0 135.0 726.0 153.0 718.0 145.0 738.0 127.0 Vehicle 1
713.0 136.0 695.0 151.0 688.0 145.0 707.0 129.0 Vehicle 1
729.0 133.0 716.0 146.0 711.0 141.0 724.0 128.0 Vehicle 1
553.0 132.0 538.0 144.0 535.0 139.0 548.0 127.0 Vehicle 1
567.0 136.0 552.0 147.0 547.0 141.0 562.0 129.0 Vehicle 1
583.0 134.0 568.0 146.0 565.0 141.0 578.0 129.0 Vehicle 1
598.0 133.0 585.0 146.0 581.0 141.0 595.0 129.0 Vehicle 1
609.0 138.0 602.0 144.0 598.0 140.0 604.0 133.0 Vehicle 1
608.0 180.0 602.0 187.0 590.0 177.0 596.0 170.0 Vehicle 1
595.0 182.0 589.0 188.0 575.0 175.0 581.0 168.0 Vehicle 1
579.0 183.0 573.0 189.0 557.0 174.0 563.0 168.0 Vehicle 1
563.0 182.0 556.0 189.0 542.0 176.0 548.0 169.0 Vehicle 1
21.0 33.0 7.0 46.0 1.0 39.0 13.0 26.0 Vehicle 1
22.0 46.0 6.0 60.0 1.0 54.0 16.0 40.0 Vehicle 1
20.0 72.0 5.0 84.0 1.0 79.0 15.0 67.0 Vehicle 1
292.0 181.0 287.0 186.0 274.0 175.0 279.0 169.0 Vehicle 1
310.0 181.0 303.0 189.0 286.0 176.0 293.0 167.0 Vehicle 1
324.0 182.0 318.0 187.0 308.0 173.0 313.0 169.0 Vehicle 1
341.0 182.0 334.0 188.0 321.0 176.0 328.0 169.0 Vehicle 1
356.0 183.0 350.0 188.0 338.0 175.0 345.0 169.0 Vehicle 1
372.0 180.0 367.0 186.0 353.0 175.0 358.0 168.0 Vehicle 1
388.0 167.0 369.0 166.0 369.0 159.0 388.0 159.0 Vehicle 1
304.0 156.0 303.0 165.0 282.0 164.0 283.0 155.0 Vehicle 1
333.0 132.0 320.0 145.0 315.0 141.0 328.0 127.0 Vehicle 1
317.0 131.0 307.0 142.0 302.0 137.0 312.0 126.0 Vehicle 1
302.0 131.0 289.0 144.0 283.0 139.0 297.0 126.0 Vehicle 1
286.0 131.0 273.0 144.0 267.0 138.0 280.0 125.0 Vehicle 1
117.0 133.0 103.0 144.0 99.0 138.0 112.0 127.0 Vehicle 1
132.0 132.0 118.0 145.0 113.0 139.0 127.0 127.0 Vehicle 1
147.0 132.0 135.0 143.0 130.0 138.0 143.0 127.0 Vehicle 1
163.0 131.0 147.0 146.0 141.0 139.0 158.0 125.0 Vehicle 1
178.0 130.0 166.0 142.0 161.0 137.0 173.0 125.0 Vehicle 1
136.0 179.0 130.0 186.0 118.0 174.0 124.0 167.0 Vehicle 1
151.0 180.0 146.0 185.0 133.0 173.0 139.0 167.0 Vehicle 1
169.0 181.0 163.0 187.0 151.0 175.0 157.0 169.0 Vehicle 1
183.0 181.0 178.0 187.0 167.0 177.0 173.0 171.0 Vehicle 1
193.0 132.0 180.0 145.0 175.0 139.0 189.0 126.0 Vehicle 1
199.0 179.0 193.0 185.0 180.0 171.0 186.0 166.0 Vehicle 1
203.0 136.0 196.0 145.0 189.0 139.0 197.0 131.0 Vehicle 1
216.0 179.0 210.0 186.0 192.0 170.0 198.0 163.0 Vehicle 1
42.0 231.0 37.0 238.0 23.0 227.0 28.0 221.0 Vehicle 1
43.0 249.0 38.0 254.0 25.0 243.0 30.0 237.0 Vehicle 1
43.0 260.0 38.0 266.0 27.0 257.0 32.0 251.0 Vehicle 1
43.0 271.0 38.0 278.0 22.0 266.0 27.0 259.0 Vehicle 1
42.0 284.0 36.0 290.0 21.0 278.0 27.0 271.0 Vehicle 1
41.0 298.0 36.0 304.0 23.0 291.0 28.0 286.0 Vehicle 1
417.0 226.0 407.0 226.0 407.0 209.0 417.0 209.0 Vehicle 1
418.0 254.0 407.0 254.0 407.0 235.0 417.0 235.0 Vehicle 1
418.0 290.0 408.0 290.0 408.0 274.0 417.0 274.0 Vehicle 1
416.0 313.0 407.0 313.0 407.0 295.0 416.0 295.0 Vehicle 1
162.0 318.0 154.0 317.0 154.0 307.0 162.0 307.0 Vehicle 1
174.0 319.0 163.0 319.0 163.0 307.0 174.0 307.0 Vehicle 1
197.0 318.0 188.0 318.0 188.0 301.0 197.0 301.0 Vehicle 1
228.0 316.0 211.0 323.0 208.0 316.0 225.0 309.0 Vehicle 1
241.0 316.0 231.0 321.0 229.0 316.0 238.0 311.0 Vehicle 1
335.0 349.0 320.0 349.0 320.0 343.0 335.0 342.0 Vehicle 1
310.0 351.0 291.0 350.0 291.0 343.0 310.0 343.0 Vehicle 1
277.0 349.0 256.0 349.0 256.0 342.0 277.0 342.0 Vehicle 1
221.0 350.0 200.0 350.0 200.0 342.0 221.0 342.0 Vehicle 1
221.0 359.0 201.0 360.0 201.0 353.0 221.0 352.0 Vehicle 1
222.0 370.0 200.0 370.0 200.0 363.0 222.0 363.0 Vehicle 1
221.0 379.0 200.0 379.0 200.0 372.0 221.0 372.0 Vehicle 1
222.0 392.0 203.0 392.0 203.0 385.0 222.0 384.0 Vehicle 1
223.0 404.0 203.0 404.0 203.0 397.0 223.0 397.0 Vehicle 1
221.0 414.0 203.0 414.0 203.0 407.0 221.0 407.0 Vehicle 1
223.0 435.0 203.0 435.0 203.0 428.0 223.0 428.0 Vehicle 1
221.0 445.0 202.0 445.0 201.0 438.0 221.0 437.0 Vehicle 1
279.0 429.0 257.0 429.0 257.0 421.0 279.0 421.0 Vehicle 1
94.0 472.0 72.0 471.0 72.0 462.0 94.0 463.0 Vehicle 1
137.0 472.0 115.0 472.0 115.0 463.0 137.0 464.0 Vehicle 1
143.0 484.0 124.0 483.0 124.0 475.0 143.0 475.0 Vehicle 1
113.0 513.0 92.0 513.0 92.0 507.0 113.0 506.0 Vehicle 1
141.0 514.0 121.0 514.0 121.0 506.0 141.0 506.0 Vehicle 1
198.0 472.0 176.0 472.0 176.0 464.0 197.0 463.0 Vehicle 1
171.0 513.0 151.0 514.0 151.0 507.0 171.0 506.0 Vehicle 1
72.0 537.0 65.0 541.0 56.0 528.0 63.0 523.0 Vehicle 1
113.0 538.0 106.0 543.0 96.0 529.0 103.0 524.0 Vehicle 1
82.0 568.0 71.0 583.0 65.0 578.0 76.0 563.0 Vehicle 1
107.0 570.0 96.0 584.0 90.0 580.0 100.0 565.0 Vehicle 1
141.0 570.0 130.0 586.0 123.0 582.0 133.0 566.0 Vehicle 1
323.0 472.0 303.0 472.0 303.0 464.0 322.0 464.0 Vehicle 1
343.0 471.0 324.0 472.0 324.0 465.0 343.0 465.0 Vehicle 1
373.0 471.0 355.0 471.0 355.0 465.0 373.0 464.0 Vehicle 1
350.0 515.0 330.0 516.0 330.0 508.0 350.0 508.0 Vehicle 1
378.0 505.0 356.0 505.0 356.0 496.0 378.0 497.0 Vehicle 1
590.0 541.0 570.0 541.0 570.0 534.0 590.0 533.0 Vehicle 1
213.0 540.0 206.0 544.0 196.0 530.0 203.0 525.0 Vehicle 1
253.0 540.0 247.0 546.0 235.0 530.0 242.0 525.0 Vehicle 1
264.0 538.0 258.0 543.0 247.0 531.0 253.0 526.0 Vehicle 1
292.0 540.0 283.0 545.0 273.0 531.0 280.0 525.0 Vehicle 1
303.0 538.0 297.0 543.0 286.0 530.0 292.0 526.0 Vehicle 1
222.0 571.0 213.0 585.0 206.0 581.0 215.0 567.0 Vehicle 1
391.0 561.0 376.0 571.0 372.0 564.0 387.0 554.0 Vehicle 1
410.0 401.0 401.0 401.0 402.0 385.0 410.0 385.0 Vehicle 1
457.0 378.0 448.0 378.0 448.0 360.0 457.0 361.0 Vehicle 1
497.0 352.0 491.0 357.0 480.0 341.0 486.0 337.0 Vehicle 1
510.0 353.0 503.0 358.0 492.0 342.0 500.0 337.0 Vehicle 1
521.0 351.0 515.0 355.0 506.0 340.0 513.0 336.0 Vehicle 1
535.0 353.0 528.0 358.0 518.0 343.0 525.0 339.0 Vehicle 1
573.0 352.0 566.0 356.0 557.0 340.0 563.0 336.0 Vehicle 1
588.0 353.0 581.0 358.0 571.0 344.0 578.0 339.0 Vehicle 1
601.0 351.0 592.0 356.0 585.0 343.0 593.0 338.0 Vehicle 1
615.0 355.0 609.0 360.0 598.0 345.0 605.0 341.0 Vehicle 1
634.0 353.0 627.0 357.0 618.0 343.0 625.0 339.0 Vehicle 1
553.0 387.0 547.0 397.0 542.0 394.0 549.0 383.0 Vehicle 1
533.0 382.0 522.0 398.0 516.0 393.0 527.0 377.0 Vehicle 1
532.0 402.0 523.0 417.0 516.0 413.0 525.0 398.0 Vehicle 1
545.0 401.0 535.0 416.0 529.0 413.0 538.0 398.0 Vehicle 1
557.0 401.0 547.0 415.0 542.0 411.0 551.0 397.0 Vehicle 1
571.0 403.0 561.0 418.0 553.0 413.0 564.0 398.0 Vehicle 1
610.0 382.0 600.0 397.0 594.0 393.0 603.0 378.0 Vehicle 1
622.0 384.0 612.0 398.0 606.0 394.0 616.0 379.0 Vehicle 1
521.0 447.0 514.0 453.0 504.0 440.0 512.0 434.0 Vehicle 1
532.0 473.0 516.0 473.0 516.0 465.0 532.0 465.0 Vehicle 1
557.0 472.0 537.0 472.0 537.0 465.0 557.0 465.0 Vehicle 1
608.0 474.0 588.0 473.0 588.0 467.0 608.0 467.0 Vehicle 1
600.0 505.0 579.0 505.0 579.0 498.0 600.0 498.0 Vehicle 1
615.0 516.0 597.0 517.0 597.0 510.0 615.0 510.0 Vehicle 1
637.0 474.0 616.0 474.0 616.0 467.0 637.0 467.0 Vehicle 1
699.0 474.0 681.0 473.0 681.0 467.0 699.0 467.0 Vehicle 1
752.0 476.0 731.0 475.0 732.0 467.0 752.0 468.0 Vehicle 1
672.0 515.0 653.0 515.0 653.0 510.0 672.0 510.0 Vehicle 1
693.0 516.0 676.0 516.0 676.0 510.0 693.0 510.0 Vehicle 1
699.0 504.0 682.0 504.0 682.0 499.0 699.0 499.0 Vehicle 1
718.0 518.0 699.0 518.0 699.0 510.0 718.0 510.0 Vehicle 1
742.0 518.0 724.0 517.0 724.0 510.0 742.0 511.0 Vehicle 1
770.0 519.0 749.0 518.0 749.0 510.0 770.0 511.0 Vehicle 1
