938.0 139.0 930.0 141.0 925.0 126.0 933.0 124.0 Vehicle 1
931.0 146.0 920.0 149.0 915.0 130.0 926.0 127.0 Vehicle 1
915.0 147.0 907.0 149.0 903.0 132.0 912.0 130.0 Vehicle 1
895.0 154.0 885.0 155.0 882.0 137.0 892.0 135.0 Vehicle 1
882.0 154.0 876.0 156.0 871.0 139.0 877.0 137.0 Vehicle 1
860.0 160.0 850.0 162.0 847.0 146.0 857.0 144.0 Vehicle 1
462.0 191.0 441.0 190.0 441.0 182.0 462.0 183.0 Vehicle 1
453.0 924.0 439.0 924.0 440.0 918.0 453.0 919.0 Vehicle 1
542.0 956.0 522.0 957.0 522.0 950.0 542.0 949.0 Vehicle 1
886.0 113.0 872.0 124.0 867.0 118.0 881.0 106.0 Vehicle 1
848.0 163.0 841.0 165.0 837.0 149.0 844.0 147.0 Vehicle 1
870.0 155.0 863.0 157.0 858.0 143.0 865.0 140.0 Vehicle 1
903.0 149.0 896.0 151.0 892.0 136.0 899.0 134.0 Vehicle 1
949.0 137.0 942.0 140.0 935.0 124.0 942.0 121.0 Vehicle 1
960.0 133.0 953.0 136.0 946.0 121.0 953.0 118.0 Vehicle 1
969.0 129.0 963.0 132.0 956.0 119.0 962.0 115.0 Vehicle 1
989.0 123.0 983.0 126.0 975.0 112.0 981.0 109.0 Vehicle 1
995.000122 122.000061 989.000122 110.000092 996.200073 106.400085 1002.200073 118.400055 Vehicle 1
981.0 169.0 975.0 172.0 967.0 158.0 973.0 154.0 Vehicle 1
970.0 175.0 963.0 178.0 956.0 162.0 963.0 159.0 Vehicle 1
948.0 179.0 941.0 183.0 934.0 171.0 941.0 167.0 Vehicle 1
925.0 184.0 919.0 188.0 913.0 178.0 919.0 174.0 Vehicle 1
914.0 189.0 908.0 192.0 903.0 179.0 909.0 177.0 Vehicle 1
876.0 289.0 858.0 289.0 858.0 283.0 876.0 283.0 Vehicle 1
869.0 324.0 868.0 332.0 847.0 329.0 848.0 322.0 Vehicle 1
968.0 977.0 950.0 976.0 950.0 971.0 968.0 971.0 Vehicle 1
967.0 967.0 951.0 968.0 950.0 963.0 967.0 962.0 Vehicle 1
818.0 1000.0 800.0 1000.0 800.0 995.0 818.0 995.0 Vehicle 1
814.0 987.0 813.0 993.0 797.0 992.0 798.0 985.0 Vehicle 1
819.0 976.0 818.0 983.0 802.0 982.0 802.0 976.0 Vehicle 1
822.0 974.0 800.0 975.0 800.0 967.0 822.0 966.0 Vehicle 1
821.0 959.0 820.0 966.0 802.0 964.0 803.0 958.0 Vehicle 1
820.0 956.0 800.0 955.0 800.0 949.0 820.0 950.0 Vehicle 1
609.0 845.0 590.0 844.0 590.0 839.0 609.0 839.0 Vehicle 1
597.0 955.0 580.0 954.0 580.0 948.0 597.0 949.0 Vehicle 1
596.0 977.0 578.0 976.0 578.0 970.0 596.0 971.0 Vehicle 1
543.0 941.0 542.0 947.0 522.0 947.0 522.0 941.0 Vehicle 1
544.0 938.0 522.0 938.0 522.0 932.0 544.0 932.0 Vehicle 1
544.0 930.0 524.0 931.0 523.0 924.0 544.0 924.0 Vehicle 1
549.0 903.0 528.0 903.0 529.0 897.0 549.0 897.0 Vehicle 1
548.0 894.0 529.0 894.0 529.0 889.0 548.0 889.0 Vehicle 1
548.0 887.0 529.0 887.0 529.0 882.0 548.0 882.0 Vehicle 1
550.0 871.0 531.0 870.0 532.0 864.0 550.0 865.0 Vehicle 1
551.0 862.0 533.0 861.0 533.0 855.0 551.0 856.0 Vehicle 1
553.0 853.0 533.0 853.0 533.0 847.0 553.0 847.0 Vehicle 1
552.0 844.0 533.0 844.0 533.0 837.0 552.0 838.0 Vehicle 1
516.0 849.0 501.0 849.0 501.0 843.0 516.0 844.0 Vehicle 1
521.0 836.0 520.0 842.0 501.0 841.0 501.0 835.0 Vehicle 1
513.0 875.0 498.0 875.0 498.0 870.0 513.0 870.0 Vehicle 1
514.0 894.0 494.0 893.0 494.0 885.0 514.0 887.0 Vehicle 1
513.0 901.0 496.0 902.0 496.0 896.0 513.0 896.0 Vehicle 1
513.0 910.0 495.0 910.0 495.0 905.0 513.0 905.0 Vehicle 1
511.0 919.0 493.0 919.0 493.0 914.0 511.0 914.0 Vehicle 1
511.0 929.0 494.0 928.0 494.0 922.0 511.0 923.0 Vehicle 1
508.0 937.0 488.0 937.0 488.0 931.0 508.0 931.0 Vehicle 1
508.0 945.0 489.0 945.0 489.0 939.0 507.0 939.0 Vehicle 1
507.0 949.0 506.0 955.0 487.0 954.0 488.0 947.0 Vehicle 1
505.0 957.0 504.0 962.0 487.0 961.0 487.0 956.0 Vehicle 1
449.0 958.0 432.0 958.0 432.0 953.0 449.0 953.0 Vehicle 1
450.0 950.0 431.0 950.0 431.0 944.0 450.0 944.0 Vehicle 1
453.0 941.0 438.0 941.0 438.0 935.0 453.0 936.0 Vehicle 1
453.0 931.0 438.0 931.0 438.0 926.0 453.0 926.0 Vehicle 1
451.0 915.0 434.0 915.0 435.0 909.0 451.0 910.0 Vehicle 1
452.0 906.0 433.0 906.0 434.0 900.0 452.0 901.0 Vehicle 1
456.0 896.0 435.0 896.0 435.0 890.0 456.0 890.0 Vehicle 1
459.0 880.0 439.0 879.0 439.0 874.0 459.0 875.0 Vehicle 1
458.0 871.0 440.0 870.0 440.0 864.0 458.0 865.0 Vehicle 1
459.0 862.0 439.0 862.0 440.0 855.0 459.0 856.0 Vehicle 1
462.0 836.0 446.0 835.0 446.0 829.0 462.0 830.0 Vehicle 1
559.0 821.0 558.0 826.0 538.0 826.0 538.0 820.0 Vehicle 1
611.0 828.0 593.0 826.0 593.0 821.0 611.0 822.0 Vehicle 1
614.0 819.0 596.0 819.0 596.0 813.0 614.0 814.0 Vehicle 1
614.0 810.0 596.0 810.0 596.0 804.0 614.0 805.0 Vehicle 1
618.0 794.0 597.0 793.0 598.0 787.0 618.0 788.0 Vehicle 1
568.0 767.0 549.0 767.0 549.0 761.0 568.0 761.0 Vehicle 1
573.0 623.0 569.0 628.0 559.0 619.0 564.0 614.0 Vehicle 1
489.0 667.0 488.0 673.0 469.0 673.0 469.0 666.0 Vehicle 1
487.0 665.0 467.0 663.0 468.0 657.0 487.0 658.0 Vehicle 1
486.0 656.0 467.0 655.0 468.0 649.0 486.0 650.0 Vehicle 1
534.0 568.0 528.0 570.0 523.0 558.0 529.0 556.0 Vehicle 1
440.0 624.0 422.0 623.0 422.0 618.0 440.0 619.0 Vehicle 1
444.0 605.0 428.0 604.0 428.0 598.0 444.0 599.0 Vehicle 1
404.0 521.0 385.0 521.0 385.0 515.0 404.0 515.0 Vehicle 1
407.0 503.0 389.0 503.0 389.0 496.0 407.0 496.0 Vehicle 1
452.0 555.0 431.0 554.0 431.0 548.0 452.0 549.0 Vehicle 1
467.0 471.0 446.0 470.0 447.0 464.0 467.0 465.0 Vehicle 1
466.0 461.0 446.0 461.0 447.0 455.0 466.0 456.0 Vehicle 1
481.0 375.0 462.0 374.0 463.0 368.0 481.0 369.0 Vehicle 1
483.0 365.0 466.0 364.0 466.0 358.0 483.0 360.0 Vehicle 1
487.0 355.0 468.0 355.0 468.0 349.0 487.0 349.0 Vehicle 1
507.0 264.0 489.0 264.0 489.0 256.0 507.0 256.0 Vehicle 1
508.0 255.0 490.0 254.0 490.0 248.0 508.0 249.0 Vehicle 1
508.0 238.0 507.0 245.0 489.0 244.0 490.0 237.0 Vehicle 1
522.0 177.0 521.0 183.0 501.0 182.0 502.0 175.0 Vehicle 1
524.0 170.0 523.0 176.0 504.0 173.0 505.0 166.0 Vehicle 1
463.0 175.0 462.0 181.0 443.0 180.0 444.0 173.0 Vehicle 1
469.0 167.0 468.0 173.0 449.0 170.0 450.0 164.0 Vehicle 1
469.0 156.0 468.0 163.0 449.0 160.0 450.0 153.0 Vehicle 1
458.0 227.0 435.0 226.0 435.0 219.0 458.0 220.0 Vehicle 1
453.0 235.0 434.0 233.0 434.0 227.0 453.0 229.0 Vehicle 1
422.0 213.0 403.0 212.0 403.0 206.0 422.0 206.0 Vehicle 1
430.0 168.0 412.0 167.0 412.0 161.0 430.0 162.0 Vehicle 1
391.0 89.0 390.0 97.0 368.0 94.0 369.0 87.0 Vehicle 1
563.0 80.0 553.0 80.0 553.0 66.0 563.0 66.0 Vehicle 1
515.0 91.0 503.0 100.0 499.0 94.0 511.0 85.0 Vehicle 1
544.0 5.0 541.0 21.0 534.0 20.0 537.0 4.0 Vehicle 1
506.0 273.0 485.0 272.0 485.0 265.0 506.0 267.0 Vehicle 1
525.0 823.0 506.0 823.0 506.0 818.0 525.0 817.0 Vehicle 1
542.0 922.0 525.0 921.0 525.0 916.0 542.0 916.0 Vehicle 1
