660.0 181.0 640.0 186.0 638.0 176.0 658.0 171.0 Vehicle 1
739.0 38.0 727.0 44.0 716.0 19.0 728.0 14.0 Vehicle 1
750.0 59.0 740.0 65.0 729.0 46.0 739.0 40.0 Vehicle 1
802.0 168.0 790.0 173.0 780.0 147.0 791.0 142.0 Vehicle 1
864.0 288.0 854.0 289.0 853.0 273.0 863.0 272.0 Vehicle 1
860.0 537.0 847.0 538.0 845.0 509.0 858.0 508.0 Vehicle 1
867.0 576.0 852.0 577.0 849.0 544.0 864.0 542.0 Vehicle 1
911.0 707.0 901.0 708.0 899.0 690.0 910.0 689.0 Vehicle 1
946.0 837.0 931.0 839.0 927.0 804.0 942.0 802.0 Vehicle 1
562.0 902.0 550.0 904.0 547.0 882.0 559.0 880.0 Vehicle 1
562.0 791.0 549.0 793.0 547.0 772.0 560.0 771.0 Vehicle 1
315.0 954.0 313.0 964.0 286.0 959.0 288.0 949.0 Vehicle 1
214.0 961.0 210.0 971.0 186.0 962.0 190.0 952.0 Vehicle 1
144.0 988.0 118.0 989.0 118.0 978.0 144.0 977.0 Vehicle 1
453.0 275.0 441.0 275.0 441.0 259.0 452.0 259.0 Vehicle 1
414.0 277.0 412.0 289.0 390.0 287.0 392.0 275.0 Vehicle 1
333.0 274.0 323.0 275.0 321.0 254.0 332.0 254.0 Vehicle 1
118.0 310.0 117.0 317.0 96.0 317.0 96.0 309.0 Vehicle 1
115.0 840.0 90.0 840.0 90.0 832.0 115.0 832.0 Vehicle 1
851.0 856.0 828.0 858.0 828.0 849.0 851.0 848.0 Vehicle 1
644.0 314.0 625.0 315.0 625.0 308.0 644.0 308.0 Vehicle 1
665.0 308.0 664.0 313.0 648.0 313.0 649.0 307.0 Vehicle 1
486.0 933.0 463.0 933.0 463.0 927.0 485.0 926.0 Vehicle 1
