111.0 87.0 107.0 93.0 93.0 83.0 97.0 78.0 Vehicle 1
75.0 122.0 70.0 127.0 58.0 116.0 62.0 111.0 Vehicle 1
68.0 128.0 64.0 134.0 48.0 124.0 52.0 118.0 Vehicle 1
268.0 10.0 267.0 17.0 252.0 15.0 253.0 8.0 Vehicle 1
535.0 76.0 529.0 90.0 524.0 87.0 529.0 74.0 Vehicle 1
451.0 187.0 439.0 202.0 433.0 197.0 445.0 182.0 Vehicle 1
101.0 267.0 96.0 270.0 87.0 255.0 93.0 252.0 Vehicle 1
73.0 294.0 70.0 299.0 56.0 291.0 59.0 286.0 Vehicle 1
19.0 240.0 12.0 252.0 7.0 248.0 15.0 237.0 Vehicle 1
106.0 231.0 102.0 237.0 86.0 226.0 90.0 221.0 Vehicle 1
413.0 281.0 403.0 294.0 397.0 289.0 407.0 277.0 Vehicle 1
374.0 325.0 364.0 337.0 360.0 333.0 369.0 321.0 Vehicle 1
422.0 335.0 416.0 339.0 408.0 324.0 414.0 321.0 Vehicle 1
254.0 419.0 241.0 435.0 233.0 428.0 246.0 412.0 Vehicle 1
208.0 470.0 197.0 485.0 190.0 480.0 201.0 466.0 Vehicle 1
241.0 482.0 232.0 494.0 226.0 490.0 236.0 478.0 Vehicle 1
243.0 548.0 239.0 552.0 228.0 542.0 233.0 537.0 Vehicle 1
255.0 537.0 251.0 543.0 239.0 534.0 243.0 528.0 Vehicle 1
291.0 497.0 287.0 503.0 271.0 494.0 274.0 487.0 Vehicle 1
315.0 455.0 308.0 460.0 294.0 444.0 301.0 438.0 Vehicle 1
333.0 455.0 328.0 461.0 309.0 447.0 313.0 441.0 Vehicle 1
465.0 587.0 462.0 592.0 447.0 583.0 451.0 578.0 Vehicle 1
506.0 570.0 494.0 586.0 486.0 580.0 499.0 564.0 Vehicle 1
526.0 517.0 523.0 523.0 509.0 516.0 512.0 509.0 Vehicle 1
606.0 555.0 603.0 561.0 586.0 551.0 589.0 545.0 Vehicle 1
583.0 417.0 580.0 422.0 568.0 414.0 572.0 409.0 Vehicle 1
602.0 426.0 598.0 433.0 585.0 423.0 589.0 417.0 Vehicle 1
630.0 368.0 626.0 373.0 614.0 365.0 617.0 360.0 Vehicle 1
637.0 361.0 632.0 363.0 626.0 351.0 631.0 349.0 Vehicle 1
710.0 330.0 702.0 343.0 697.0 339.0 706.0 326.0 Vehicle 1
738.0 269.0 735.0 275.0 721.0 266.0 724.0 261.0 Vehicle 1
748.0 232.0 744.0 238.0 729.0 227.0 733.0 221.0 Vehicle 1
601.0 128.0 594.0 131.0 587.0 115.0 593.0 112.0 Vehicle 1
612.0 112.0 610.0 118.0 594.0 111.0 597.0 106.0 Vehicle 1
643.0 13.0 642.0 20.0 624.0 18.0 625.0 11.0 Vehicle 1
755.0 364.0 752.0 369.0 740.0 362.0 745.0 357.0 Vehicle 1
734.0 432.0 731.0 437.0 717.0 429.0 720.0 424.0 Vehicle 1
718.0 437.0 715.0 442.0 701.0 433.0 705.0 428.0 Vehicle 1
675.0 491.0 667.0 492.0 664.0 477.0 673.0 476.0 Vehicle 1
