590.0 634.0 589.0 640.0 567.0 636.0 568.0 630.0 Vehicle 1
295.0 509.0 294.0 517.0 276.0 515.0 277.0 507.0 Vehicle 1
147.0 194.0 144.0 205.0 136.0 203.0 139.0 192.0 Vehicle 1
127.0 193.0 124.0 208.0 116.0 207.0 119.0 192.0 Vehicle 1
132.0 174.0 130.0 188.0 122.0 187.0 124.0 173.0 Vehicle 1
29.0 217.0 27.0 224.0 8.0 220.0 10.0 213.0 Vehicle 1
107.0 249.0 103.0 264.0 95.0 262.0 98.0 247.0 Vehicle 1
332.0 335.0 315.0 336.0 314.0 330.0 332.0 329.0 Vehicle 1
332.0 325.0 316.0 326.0 315.0 319.0 332.0 318.0 Vehicle 1
228.0 430.0 227.0 436.0 212.0 434.0 213.0 429.0 Vehicle 1
212.0 503.0 211.0 510.0 192.0 507.0 193.0 500.0 Vehicle 1
222.0 633.0 219.0 648.0 212.0 647.0 215.0 632.0 Vehicle 1
212.0 671.0 208.0 684.0 202.0 682.0 206.0 669.0 Vehicle 1
