333.0 62.0 325.0 67.0 315.0 50.0 322.0 46.0 Vehicle 1
351.0 70.0 340.0 71.0 337.0 49.0 348.0 47.0 Vehicle 1
370.0 70.0 357.0 74.0 350.0 54.0 363.0 50.0 Vehicle 1
387.0 77.0 376.0 80.0 370.0 59.0 381.0 56.0 Vehicle 1
457.0 53.0 456.0 59.0 430.0 55.0 431.0 48.0 Vehicle 1
72.0 301.0 71.0 309.0 51.0 306.0 52.0 298.0 Vehicle 1
102.0 315.0 78.0 312.0 79.0 305.0 102.0 308.0 Vehicle 1
124.0 343.0 123.0 349.0 102.0 346.0 103.0 340.0 Vehicle 1
197.0 363.0 173.0 361.0 174.0 353.0 197.0 356.0 Vehicle 1
365.0 362.0 364.0 369.0 339.0 364.0 341.0 357.0 Vehicle 1
119.0 649.0 117.0 657.0 97.0 654.0 98.0 646.0 Vehicle 1
86.0 644.0 85.0 651.0 63.0 647.0 65.0 640.0 Vehicle 1
144.0 685.0 143.0 692.0 122.0 689.0 123.0 682.0 Vehicle 1
531.0 653.0 527.0 669.0 519.0 667.0 523.0 651.0 Vehicle 1
417.0 527.0 415.0 542.0 407.0 541.0 409.0 526.0 Vehicle 1
462.0 562.0 461.0 568.0 445.0 564.0 446.0 559.0 Vehicle 1
420.0 742.0 419.0 750.0 395.0 746.0 396.0 738.0 Vehicle 1
