644.0 993.0 632.0 997.0 626.0 979.0 639.0 975.0 Vehicle 1
608.0 988.0 596.0 991.0 590.0 971.0 602.0 967.0 Vehicle 1
554.0 727.0 543.0 733.0 534.0 715.0 545.0 710.0 Vehicle 1
446.0 436.0 437.0 440.0 429.0 424.0 438.0 420.0 Vehicle 1
282.0 134.0 271.0 139.0 257.0 106.0 269.0 101.0 Vehicle 1
329.0 105.0 321.0 109.0 313.0 92.0 320.0 88.0 Vehicle 1
484.0 381.0 475.0 385.0 467.0 369.0 477.0 365.0 Vehicle 1
522.0 506.0 513.0 510.0 505.0 493.0 514.0 489.0 Vehicle 1
835.0 26.0 813.0 25.0 813.0 18.0 835.0 19.0 Vehicle 1
839.0 33.0 816.0 37.0 814.0 29.0 838.0 25.0 Vehicle 1
839.0 43.0 818.0 47.0 817.0 39.0 838.0 36.0 Vehicle 1
852.0 77.0 828.0 83.0 826.0 75.0 850.0 69.0 Vehicle 1
841.0 382.0 820.0 387.0 818.0 379.0 839.0 374.0 Vehicle 1
852.0 407.0 829.0 412.0 828.0 405.0 850.0 399.0 Vehicle 1
849.0 398.0 828.0 403.0 827.0 396.0 847.0 391.0 Vehicle 1
828.0 414.0 810.0 419.0 807.0 410.0 826.0 405.0 Vehicle 1
826.0 403.0 803.0 409.0 801.0 402.0 825.0 396.0 Vehicle 1
825.0 395.0 801.0 401.0 799.0 393.0 823.0 387.0 Vehicle 1
925.0 780.0 915.0 784.0 909.0 768.0 919.0 764.0 Vehicle 1
980.0 768.0 971.0 771.0 965.0 753.0 974.0 750.0 Vehicle 1
1000.0 761.0 994.0 763.0 988.0 748.0 1000.0 744.0 Vehicle 1
817.0 379.0 793.0 385.0 791.0 377.0 815.0 371.0 Vehicle 1
847.0 69.0 826.0 73.0 825.0 66.0 846.0 62.0 Vehicle 1
844.0 60.0 823.0 64.0 822.0 57.0 842.0 53.0 Vehicle 1
839.0 52.0 818.0 54.0 817.0 47.0 839.0 45.0 Vehicle 1
865.0 105.0 843.0 109.0 842.0 102.0 864.0 99.0 Vehicle 1
