483.0 256.0 467.0 268.0 462.0 262.0 478.0 249.0 Vehicle 1
557.0 297.0 541.0 304.0 538.0 298.0 553.0 291.0 Vehicle 1
571.0 315.0 554.0 324.0 550.0 318.0 567.0 308.0 Vehicle 1
567.0 373.0 561.0 377.0 553.0 365.0 559.0 361.0 Vehicle 1
410.0 381.0 403.0 387.0 394.0 375.0 400.0 370.0 Vehicle 1
523.0 389.0 515.0 395.0 505.0 379.0 513.0 373.0 Vehicle 1
508.0 395.0 499.0 400.0 490.0 385.0 499.0 380.0 Vehicle 1
370.0 460.0 353.0 468.0 350.0 462.0 367.0 453.0 Vehicle 1
379.0 470.0 356.0 479.0 353.0 470.0 375.0 461.0 Vehicle 1
408.0 480.0 403.0 485.0 392.0 472.0 398.0 467.0 Vehicle 1
407.0 510.0 388.0 517.0 386.0 510.0 404.0 503.0 Vehicle 1
417.0 517.0 398.0 526.0 394.0 519.0 413.0 509.0 Vehicle 1
421.0 525.0 403.0 533.0 400.0 526.0 418.0 518.0 Vehicle 1
429.0 532.0 409.0 541.0 406.0 534.0 425.0 525.0 Vehicle 1
434.0 539.0 417.0 548.0 414.0 541.0 430.0 532.0 Vehicle 1
442.0 547.0 424.0 557.0 420.0 550.0 437.0 540.0 Vehicle 1
456.0 562.0 439.0 572.0 435.0 565.0 451.0 555.0 Vehicle 1
463.0 570.0 445.0 578.0 443.0 571.0 460.0 564.0 Vehicle 1
471.0 577.0 452.0 587.0 448.0 580.0 467.0 570.0 Vehicle 1
497.0 612.0 480.0 621.0 476.0 613.0 494.0 604.0 Vehicle 1
549.0 599.0 528.0 608.0 525.0 601.0 545.0 592.0 Vehicle 1
561.0 614.0 542.0 623.0 539.0 616.0 558.0 608.0 Vehicle 1
591.0 581.0 572.0 593.0 568.0 586.0 587.0 574.0 Vehicle 1
539.0 654.0 526.0 675.0 517.0 669.0 530.0 648.0 Vehicle 1
499.0 723.0 492.0 728.0 480.0 712.0 487.0 707.0 Vehicle 1
435.0 773.0 411.0 782.0 409.0 775.0 432.0 766.0 Vehicle 1
441.0 783.0 421.0 790.0 418.0 783.0 438.0 776.0 Vehicle 1
403.0 605.0 396.0 610.0 385.0 597.0 392.0 591.0 Vehicle 1
343.0 528.0 334.0 535.0 323.0 521.0 332.0 514.0 Vehicle 1
329.0 514.0 322.0 519.0 312.0 506.0 318.0 501.0 Vehicle 1
219.0 381.0 212.0 387.0 199.0 371.0 206.0 365.0 Vehicle 1
196.0 361.0 191.0 366.0 179.0 355.0 183.0 350.0 Vehicle 1
52.0 275.0 50.0 283.0 28.0 276.0 31.0 269.0 Vehicle 1
68.0 484.0 47.0 489.0 46.0 482.0 66.0 477.0 Vehicle 1
66.0 476.0 42.0 479.0 41.0 472.0 64.0 468.0 Vehicle 1
57.0 458.0 38.0 461.0 37.0 454.0 56.0 451.0 Vehicle 1
16.0 387.0 8.0 389.0 5.0 376.0 14.0 374.0 Vehicle 1
