966.0 983.0 956.0 987.0 948.0 967.0 958.0 963.0 Vehicle 1
953.0 985.0 943.0 988.0 936.0 968.0 946.0 965.0 Vehicle 1
934.0 990.0 924.0 994.0 916.0 973.0 926.0 970.0 Vehicle 1
724.0 913.0 716.0 913.0 716.0 899.0 724.0 899.0 Vehicle 1
998.0 735.0 989.0 740.0 979.0 720.0 988.0 715.0 Vehicle 1
987.0 712.0 978.0 716.0 971.0 699.0 980.0 695.0 Vehicle 1
895.0 821.0 880.0 825.0 878.0 818.0 893.0 814.0 Vehicle 1
888.0 813.0 876.0 816.0 874.0 808.0 887.0 805.0 Vehicle 1
888.0 804.0 868.0 809.0 866.0 800.0 885.0 795.0 Vehicle 1
879.0 777.0 859.0 782.0 857.0 774.0 877.0 769.0 Vehicle 1
872.0 769.0 857.0 774.0 855.0 766.0 870.0 762.0 Vehicle 1
866.0 762.0 853.0 766.0 850.0 757.0 864.0 753.0 Vehicle 1
866.0 751.0 849.0 756.0 847.0 748.0 863.0 744.0 Vehicle 1
860.0 744.0 843.0 749.0 841.0 741.0 858.0 735.0 Vehicle 1
860.0 734.0 841.0 740.0 838.0 732.0 858.0 725.0 Vehicle 1
850.0 727.0 838.0 731.0 835.0 722.0 847.0 718.0 Vehicle 1
845.0 718.0 832.0 722.0 829.0 714.0 842.0 710.0 Vehicle 1
844.0 708.0 830.0 713.0 827.0 705.0 842.0 700.0 Vehicle 1
846.0 699.0 826.0 705.0 824.0 696.0 843.0 690.0 Vehicle 1
840.0 691.0 823.0 698.0 820.0 689.0 837.0 683.0 Vehicle 1
837.0 682.0 818.0 687.0 816.0 680.0 835.0 674.0 Vehicle 1
831.0 674.0 813.0 679.0 811.0 671.0 829.0 665.0 Vehicle 1
821.0 667.0 809.0 670.0 807.0 663.0 819.0 659.0 Vehicle 1
825.0 657.0 805.0 663.0 802.0 655.0 822.0 648.0 Vehicle 1
818.0 648.0 804.0 652.0 802.0 645.0 817.0 641.0 Vehicle 1
815.0 638.0 797.0 645.0 795.0 637.0 813.0 631.0 Vehicle 1
812.0 629.0 794.0 636.0 791.0 628.0 810.0 621.0 Vehicle 1
807.0 622.0 789.0 628.0 786.0 620.0 805.0 614.0 Vehicle 1
805.0 613.0 787.0 619.0 785.0 611.0 802.0 606.0 Vehicle 1
802.0 605.0 782.0 612.0 779.0 603.0 800.0 596.0 Vehicle 1
798.0 596.0 778.0 602.0 776.0 594.0 796.0 588.0 Vehicle 1
794.0 586.0 776.0 592.0 774.0 585.0 792.0 579.0 Vehicle 1
790.0 579.0 771.0 584.0 769.0 577.0 788.0 572.0 Vehicle 1
785.0 571.0 768.0 576.0 766.0 567.0 783.0 562.0 Vehicle 1
778.0 554.0 761.0 559.0 758.0 550.0 775.0 544.0 Vehicle 1
774.0 546.0 754.0 551.0 752.0 543.0 772.0 537.0 Vehicle 1
771.0 536.0 753.0 543.0 750.0 534.0 768.0 528.0 Vehicle 1
767.0 528.0 750.0 534.0 747.0 526.0 765.0 520.0 Vehicle 1
763.0 518.0 747.0 524.0 744.0 516.0 760.0 510.0 Vehicle 1
758.0 511.0 740.0 515.0 738.0 507.0 756.0 503.0 Vehicle 1
755.0 502.0 737.0 507.0 735.0 499.0 753.0 495.0 Vehicle 1
749.0 493.0 733.0 497.0 731.0 490.0 746.0 486.0 Vehicle 1
747.0 484.0 726.0 491.0 723.0 483.0 745.0 476.0 Vehicle 1
743.0 475.0 725.0 481.0 722.0 473.0 740.0 467.0 Vehicle 1
739.0 466.0 720.0 471.0 717.0 464.0 737.0 458.0 Vehicle 1
734.0 457.0 717.0 462.0 715.0 455.0 732.0 450.0 Vehicle 1
730.0 449.0 712.0 455.0 710.0 446.0 727.0 441.0 Vehicle 1
727.0 440.0 708.0 446.0 706.0 437.0 725.0 432.0 Vehicle 1
722.0 432.0 702.0 437.0 700.0 429.0 720.0 424.0 Vehicle 1
716.0 414.0 696.0 419.0 694.0 412.0 714.0 406.0 Vehicle 1
711.0 406.0 694.0 411.0 692.0 403.0 709.0 398.0 Vehicle 1
680.0 404.0 652.0 413.0 649.0 401.0 677.0 392.0 Vehicle 1
617.0 424.0 595.0 431.0 592.0 422.0 613.0 415.0 Vehicle 1
563.0 441.0 539.0 449.0 536.0 439.0 560.0 431.0 Vehicle 1
956.0 648.0 947.0 651.0 941.0 634.0 949.0 630.0 Vehicle 1
942.0 609.0 933.0 612.0 928.0 596.0 937.0 593.0 Vehicle 1
930.0 591.0 921.0 595.0 915.0 577.0 923.0 574.0 Vehicle 1
928.0 497.0 921.0 519.0 909.0 516.0 917.0 493.0 Vehicle 1
923.0 478.0 906.0 485.0 903.0 477.0 920.0 470.0 Vehicle 1
962.0 485.0 955.0 489.0 947.0 473.0 955.0 470.0 Vehicle 1
835.0 822.0 815.0 827.0 812.0 818.0 833.0 813.0 Vehicle 1
803.0 830.0 786.0 835.0 784.0 826.0 801.0 821.0 Vehicle 1
831.0 812.0 812.0 817.0 809.0 809.0 828.0 804.0 Vehicle 1
800.0 821.0 782.0 826.0 780.0 818.0 798.0 813.0 Vehicle 1
825.0 803.0 809.0 809.0 805.0 801.0 822.0 795.0 Vehicle 1
797.0 813.0 779.0 819.0 776.0 810.0 794.0 804.0 Vehicle 1
796.0 803.0 776.0 808.0 774.0 800.0 793.0 795.0 Vehicle 1
822.0 795.0 804.0 801.0 801.0 793.0 819.0 787.0 Vehicle 1
820.0 785.0 799.0 793.0 796.0 784.0 817.0 777.0 Vehicle 1
790.0 796.0 773.0 800.0 771.0 791.0 788.0 787.0 Vehicle 1
816.0 777.0 797.0 785.0 794.0 777.0 813.0 770.0 Vehicle 1
786.0 786.0 769.0 791.0 766.0 783.0 784.0 778.0 Vehicle 1
776.0 779.0 763.0 783.0 761.0 775.0 773.0 772.0 Vehicle 1
776.0 769.0 761.0 774.0 759.0 766.0 774.0 761.0 Vehicle 1
809.0 759.0 800.0 761.0 798.0 754.0 807.0 752.0 Vehicle 1
807.0 751.0 787.0 757.0 785.0 748.0 804.0 743.0 Vehicle 1
775.0 760.0 758.0 765.0 756.0 757.0 772.0 751.0 Vehicle 1
772.0 751.0 754.0 756.0 752.0 748.0 770.0 743.0 Vehicle 1
800.0 744.0 779.0 749.0 777.0 740.0 798.0 735.0 Vehicle 1
769.0 742.0 748.0 750.0 744.0 741.0 765.0 733.0 Vehicle 1
795.0 735.0 775.0 740.0 773.0 731.0 792.0 726.0 Vehicle 1
764.0 733.0 748.0 739.0 745.0 731.0 761.0 725.0 Vehicle 1
790.0 724.0 771.0 732.0 767.0 723.0 787.0 716.0 Vehicle 1
759.0 726.0 741.0 732.0 739.0 724.0 756.0 718.0 Vehicle 1
786.0 717.0 770.0 723.0 767.0 714.0 783.0 708.0 Vehicle 1
753.0 709.0 734.0 714.0 732.0 706.0 751.0 700.0 Vehicle 1
783.0 708.0 766.0 714.0 763.0 706.0 780.0 700.0 Vehicle 1
780.0 699.0 765.0 705.0 762.0 697.0 777.0 691.0 Vehicle 1
749.0 699.0 729.0 704.0 727.0 696.0 747.0 691.0 Vehicle 1
777.0 690.0 759.0 697.0 756.0 689.0 775.0 682.0 Vehicle 1
744.0 690.0 726.0 696.0 723.0 688.0 741.0 682.0 Vehicle 1
774.0 682.0 754.0 688.0 752.0 680.0 771.0 674.0 Vehicle 1
770.0 673.0 748.0 680.0 745.0 671.0 768.0 665.0 Vehicle 1
742.0 682.0 721.0 687.0 719.0 678.0 740.0 673.0 Vehicle 1
736.0 674.0 717.0 680.0 714.0 671.0 733.0 665.0 Vehicle 1
766.0 665.0 746.0 671.0 744.0 663.0 764.0 657.0 Vehicle 1
729.0 665.0 712.0 670.0 709.0 662.0 726.0 657.0 Vehicle 1
758.0 647.0 746.0 652.0 743.0 644.0 755.0 639.0 Vehicle 1
761.0 657.0 744.0 662.0 741.0 654.0 758.0 649.0 Vehicle 1
753.0 629.0 743.0 632.0 740.0 625.0 750.0 621.0 Vehicle 1
719.0 631.0 699.0 638.0 696.0 629.0 716.0 622.0 Vehicle 1
743.0 622.0 724.0 630.0 721.0 621.0 739.0 613.0 Vehicle 1
710.0 622.0 694.0 627.0 691.0 618.0 708.0 613.0 Vehicle 1
739.0 614.0 721.0 620.0 718.0 612.0 736.0 606.0 Vehicle 1
708.0 613.0 693.0 618.0 691.0 610.0 705.0 605.0 Vehicle 1
741.0 602.0 719.0 612.0 715.0 603.0 737.0 593.0 Vehicle 1
704.0 604.0 687.0 610.0 684.0 603.0 702.0 596.0 Vehicle 1
733.0 596.0 713.0 603.0 710.0 594.0 729.0 588.0 Vehicle 1
729.0 587.0 717.0 592.0 714.0 584.0 726.0 580.0 Vehicle 1
701.0 596.0 679.0 602.0 677.0 593.0 699.0 587.0 Vehicle 1
691.0 569.0 673.0 574.0 670.0 567.0 688.0 561.0 Vehicle 1
685.0 580.0 676.0 583.0 673.0 577.0 683.0 574.0 Vehicle 1
715.0 553.0 695.0 560.0 692.0 552.0 712.0 545.0 Vehicle 1
686.0 561.0 667.0 566.0 665.0 558.0 684.0 553.0 Vehicle 1
709.0 544.0 690.0 552.0 687.0 543.0 705.0 536.0 Vehicle 1
680.0 554.0 662.0 560.0 659.0 551.0 678.0 546.0 Vehicle 1
705.0 536.0 686.0 542.0 684.0 534.0 702.0 528.0 Vehicle 1
677.0 545.0 659.0 550.0 656.0 542.0 675.0 536.0 Vehicle 1
675.0 534.0 656.0 541.0 654.0 533.0 672.0 527.0 Vehicle 1
699.0 528.0 683.0 534.0 680.0 526.0 696.0 520.0 Vehicle 1
697.0 519.0 687.0 523.0 684.0 515.0 694.0 511.0 Vehicle 1
666.0 527.0 653.0 531.0 650.0 523.0 664.0 519.0 Vehicle 1
664.0 518.0 648.0 523.0 646.0 516.0 661.0 511.0 Vehicle 1
660.0 511.0 643.0 516.0 640.0 508.0 658.0 503.0 Vehicle 1
691.0 502.0 680.0 506.0 677.0 498.0 689.0 494.0 Vehicle 1
656.0 502.0 638.0 506.0 636.0 499.0 654.0 495.0 Vehicle 1
689.0 493.0 669.0 500.0 666.0 491.0 686.0 485.0 Vehicle 1
651.0 493.0 634.0 499.0 632.0 491.0 649.0 486.0 Vehicle 1
684.0 484.0 665.0 490.0 662.0 482.0 682.0 476.0 Vehicle 1
651.0 485.0 629.0 492.0 626.0 483.0 649.0 476.0 Vehicle 1
678.0 475.0 661.0 480.0 659.0 474.0 675.0 468.0 Vehicle 1
646.0 476.0 628.0 481.0 626.0 472.0 644.0 467.0 Vehicle 1
674.0 467.0 656.0 473.0 653.0 465.0 671.0 458.0 Vehicle 1
632.0 462.0 620.0 466.0 617.0 458.0 629.0 454.0 Vehicle 1
979.0 316.0 971.0 320.0 962.0 304.0 970.0 300.0 Vehicle 1
970.0 321.0 961.0 326.0 952.0 310.0 961.0 306.0 Vehicle 1
957.0 325.0 949.0 329.0 940.0 313.0 948.0 308.0 Vehicle 1
985.0 345.0 983.0 353.0 961.0 347.0 963.0 339.0 Vehicle 1
944.0 328.0 935.0 331.0 930.0 316.0 938.0 313.0 Vehicle 1
966.0 371.0 957.0 375.0 950.0 356.0 958.0 353.0 Vehicle 1
954.0 374.0 946.0 377.0 938.0 359.0 947.0 355.0 Vehicle 1
921.0 385.0 912.0 389.0 904.0 372.0 913.0 368.0 Vehicle 1
912.0 395.0 889.0 404.0 886.0 394.0 908.0 386.0 Vehicle 1
930.0 334.0 922.0 339.0 913.0 323.0 922.0 318.0 Vehicle 1
917.0 338.0 909.0 342.0 900.0 326.0 908.0 322.0 Vehicle 1
907.0 342.0 899.0 345.0 891.0 329.0 899.0 325.0 Vehicle 1
895.0 346.0 887.0 350.0 880.0 334.0 889.0 330.0 Vehicle 1
887.0 349.0 878.0 353.0 873.0 340.0 882.0 336.0 Vehicle 1
876.0 351.0 866.0 354.0 861.0 341.0 870.0 337.0 Vehicle 1
784.0 621.0 768.0 628.0 749.0 586.0 765.0 579.0 Vehicle 1
738.0 863.0 719.0 870.0 716.0 862.0 735.0 855.0 Vehicle 1
764.0 852.0 753.0 856.0 750.0 848.0 762.0 845.0 Vehicle 1
734.0 853.0 714.0 858.0 712.0 850.0 733.0 845.0 Vehicle 1
758.0 845.0 742.0 850.0 740.0 843.0 755.0 838.0 Vehicle 1
755.0 836.0 736.0 843.0 733.0 835.0 752.0 828.0 Vehicle 1
731.0 843.0 712.0 849.0 710.0 841.0 729.0 836.0 Vehicle 1
727.0 835.0 710.0 841.0 707.0 833.0 725.0 827.0 Vehicle 1
750.0 828.0 731.0 834.0 729.0 826.0 748.0 820.0 Vehicle 1
724.0 827.0 706.0 833.0 703.0 824.0 721.0 818.0 Vehicle 1
747.0 819.0 729.0 826.0 726.0 817.0 744.0 811.0 Vehicle 1
720.0 817.0 701.0 824.0 698.0 815.0 717.0 809.0 Vehicle 1
747.0 808.0 724.0 817.0 720.0 808.0 743.0 799.0 Vehicle 1
737.0 800.0 720.0 807.0 717.0 801.0 735.0 794.0 Vehicle 1
715.0 809.0 697.0 815.0 694.0 806.0 712.0 801.0 Vehicle 1
700.0 804.0 691.0 807.0 688.0 800.0 698.0 797.0 Vehicle 1
696.0 795.0 685.0 799.0 682.0 792.0 693.0 788.0 Vehicle 1
731.0 774.0 721.0 778.0 718.0 770.0 728.0 766.0 Vehicle 1
702.0 784.0 682.0 791.0 679.0 783.0 699.0 776.0 Vehicle 1
726.0 766.0 705.0 774.0 702.0 765.0 723.0 758.0 Vehicle 1
697.0 775.0 680.0 782.0 677.0 773.0 694.0 767.0 Vehicle 1
720.0 758.0 699.0 766.0 696.0 758.0 717.0 750.0 Vehicle 1
693.0 766.0 675.0 773.0 672.0 765.0 690.0 758.0 Vehicle 1
719.0 749.0 698.0 756.0 695.0 748.0 716.0 741.0 Vehicle 1
690.0 757.0 670.0 764.0 667.0 756.0 687.0 750.0 Vehicle 1
712.0 741.0 693.0 747.0 690.0 739.0 710.0 732.0 Vehicle 1
685.0 750.0 667.0 756.0 664.0 748.0 682.0 742.0 Vehicle 1
707.0 734.0 688.0 740.0 685.0 731.0 704.0 725.0 Vehicle 1
684.0 740.0 664.0 747.0 661.0 739.0 681.0 732.0 Vehicle 1
704.0 724.0 685.0 731.0 682.0 723.0 701.0 716.0 Vehicle 1
677.0 731.0 659.0 737.0 657.0 729.0 674.0 723.0 Vehicle 1
676.0 722.0 656.0 729.0 654.0 721.0 673.0 714.0 Vehicle 1
700.0 715.0 681.0 722.0 678.0 713.0 697.0 706.0 Vehicle 1
671.0 713.0 654.0 719.0 651.0 711.0 668.0 705.0 Vehicle 1
695.0 705.0 684.0 710.0 682.0 703.0 693.0 699.0 Vehicle 1
694.0 698.0 675.0 704.0 672.0 696.0 692.0 690.0 Vehicle 1
667.0 705.0 648.0 711.0 646.0 704.0 665.0 698.0 Vehicle 1
664.0 696.0 646.0 702.0 644.0 695.0 661.0 689.0 Vehicle 1
687.0 690.0 670.0 695.0 667.0 687.0 685.0 682.0 Vehicle 1
660.0 688.0 643.0 693.0 641.0 686.0 657.0 680.0 Vehicle 1
685.0 682.0 666.0 687.0 664.0 679.0 683.0 673.0 Vehicle 1
656.0 680.0 638.0 686.0 635.0 678.0 653.0 671.0 Vehicle 1
681.0 673.0 663.0 678.0 660.0 670.0 678.0 665.0 Vehicle 1
679.0 662.0 659.0 669.0 656.0 661.0 675.0 654.0 Vehicle 1
653.0 670.0 633.0 677.0 630.0 669.0 650.0 662.0 Vehicle 1
647.0 662.0 630.0 667.0 627.0 660.0 645.0 654.0 Vehicle 1
675.0 653.0 653.0 661.0 650.0 652.0 672.0 645.0 Vehicle 1
646.0 652.0 628.0 658.0 626.0 651.0 643.0 645.0 Vehicle 1
668.0 647.0 650.0 652.0 648.0 644.0 665.0 639.0 Vehicle 1
640.0 646.0 621.0 651.0 619.0 642.0 638.0 637.0 Vehicle 1
664.0 638.0 647.0 644.0 644.0 636.0 661.0 630.0 Vehicle 1
660.0 630.0 644.0 634.0 642.0 626.0 657.0 621.0 Vehicle 1
659.0 618.0 647.0 623.0 644.0 616.0 656.0 611.0 Vehicle 1
623.0 621.0 610.0 625.0 608.0 617.0 620.0 613.0 Vehicle 1
626.0 609.0 607.0 616.0 604.0 609.0 623.0 602.0 Vehicle 1
650.0 603.0 631.0 609.0 628.0 601.0 648.0 595.0 Vehicle 1
622.0 602.0 606.0 607.0 604.0 600.0 619.0 595.0 Vehicle 1
646.0 595.0 627.0 601.0 624.0 593.0 643.0 587.0 Vehicle 1
617.0 594.0 599.0 600.0 596.0 592.0 614.0 586.0 Vehicle 1
641.0 586.0 623.0 592.0 620.0 584.0 639.0 579.0 Vehicle 1
638.0 576.0 620.0 584.0 617.0 576.0 634.0 569.0 Vehicle 1
610.0 586.0 593.0 591.0 590.0 582.0 608.0 577.0 Vehicle 1
609.0 577.0 590.0 581.0 588.0 573.0 607.0 568.0 Vehicle 1
634.0 568.0 615.0 575.0 613.0 566.0 632.0 560.0 Vehicle 1
606.0 568.0 588.0 573.0 586.0 564.0 604.0 559.0 Vehicle 1
630.0 559.0 612.0 566.0 609.0 558.0 627.0 551.0 Vehicle 1
594.0 561.0 584.0 564.0 582.0 557.0 591.0 554.0 Vehicle 1
612.0 517.0 593.0 524.0 590.0 516.0 609.0 509.0 Vehicle 1
587.0 523.0 568.0 529.0 566.0 522.0 584.0 516.0 Vehicle 1
581.0 516.0 561.0 523.0 558.0 515.0 578.0 508.0 Vehicle 1
575.0 509.0 555.0 515.0 552.0 507.0 572.0 500.0 Vehicle 1
602.0 500.0 585.0 506.0 582.0 498.0 599.0 492.0 Vehicle 1
598.0 492.0 581.0 498.0 578.0 490.0 595.0 483.0 Vehicle 1
591.0 474.0 573.0 481.0 570.0 473.0 588.0 467.0 Vehicle 1
598.0 482.0 578.0 489.0 575.0 481.0 595.0 474.0 Vehicle 1
590.0 465.0 570.0 472.0 567.0 463.0 586.0 456.0 Vehicle 1
615.0 526.0 604.0 530.0 602.0 522.0 613.0 518.0 Vehicle 1
690.0 876.0 671.0 883.0 668.0 875.0 687.0 868.0 Vehicle 1
664.0 887.0 644.0 892.0 642.0 885.0 662.0 879.0 Vehicle 1
686.0 868.0 668.0 874.0 665.0 866.0 684.0 860.0 Vehicle 1
679.0 860.0 661.0 866.0 659.0 858.0 677.0 852.0 Vehicle 1
660.0 876.0 639.0 885.0 635.0 876.0 657.0 867.0 Vehicle 1
655.0 867.0 636.0 874.0 633.0 866.0 652.0 859.0 Vehicle 1
676.0 850.0 657.0 858.0 654.0 849.0 673.0 842.0 Vehicle 1
648.0 850.0 630.0 855.0 628.0 847.0 646.0 842.0 Vehicle 1
671.0 842.0 652.0 848.0 650.0 841.0 668.0 834.0 Vehicle 1
645.0 841.0 627.0 847.0 624.0 838.0 643.0 833.0 Vehicle 1
667.0 834.0 648.0 840.0 646.0 831.0 665.0 826.0 Vehicle 1
662.0 825.0 649.0 829.0 648.0 822.0 660.0 819.0 Vehicle 1
632.0 834.0 619.0 838.0 616.0 830.0 629.0 826.0 Vehicle 1
650.0 791.0 631.0 797.0 629.0 789.0 648.0 783.0 Vehicle 1
624.0 799.0 606.0 805.0 604.0 797.0 621.0 791.0 Vehicle 1
620.0 790.0 601.0 797.0 598.0 788.0 617.0 781.0 Vehicle 1
644.0 780.0 627.0 787.0 624.0 780.0 641.0 773.0 Vehicle 1
614.0 780.0 598.0 786.0 596.0 779.0 612.0 774.0 Vehicle 1
641.0 771.0 624.0 778.0 621.0 771.0 638.0 765.0 Vehicle 1
614.0 773.0 590.0 780.0 587.0 771.0 612.0 764.0 Vehicle 1
638.0 766.0 618.0 772.0 615.0 763.0 635.0 757.0 Vehicle 1
609.0 764.0 586.0 771.0 583.0 762.0 606.0 755.0 Vehicle 1
632.0 758.0 614.0 762.0 612.0 755.0 630.0 750.0 Vehicle 1
630.0 746.0 610.0 753.0 608.0 746.0 627.0 739.0 Vehicle 1
603.0 756.0 584.0 761.0 582.0 753.0 601.0 748.0 Vehicle 1
582.0 773.0 574.0 777.0 568.0 760.0 576.0 757.0 Vehicle 1
623.0 740.0 611.0 744.0 608.0 736.0 621.0 732.0 Vehicle 1
589.0 741.0 575.0 745.0 572.0 736.0 587.0 733.0 Vehicle 1
617.0 723.0 605.0 726.0 603.0 719.0 615.0 716.0 Vehicle 1
614.0 714.0 598.0 719.0 595.0 711.0 611.0 706.0 Vehicle 1
587.0 730.0 569.0 735.0 567.0 727.0 585.0 723.0 Vehicle 1
589.0 720.0 569.0 727.0 566.0 719.0 586.0 712.0 Vehicle 1
608.0 705.0 591.0 711.0 588.0 703.0 606.0 697.0 Vehicle 1
585.0 711.0 566.0 718.0 563.0 710.0 583.0 704.0 Vehicle 1
581.0 703.0 562.0 709.0 560.0 701.0 579.0 695.0 Vehicle 1
606.0 695.0 587.0 701.0 584.0 693.0 604.0 687.0 Vehicle 1
575.0 694.0 561.0 698.0 558.0 691.0 573.0 687.0 Vehicle 1
603.0 688.0 584.0 693.0 582.0 685.0 601.0 680.0 Vehicle 1
574.0 685.0 551.0 693.0 548.0 684.0 571.0 676.0 Vehicle 1
599.0 679.0 580.0 685.0 578.0 677.0 597.0 672.0 Vehicle 1
569.0 677.0 551.0 682.0 549.0 674.0 567.0 669.0 Vehicle 1
597.0 671.0 576.0 676.0 574.0 668.0 595.0 663.0 Vehicle 1
562.0 669.0 547.0 674.0 545.0 666.0 560.0 662.0 Vehicle 1
588.0 662.0 574.0 666.0 572.0 659.0 586.0 654.0 Vehicle 1
557.0 662.0 543.0 666.0 541.0 659.0 555.0 655.0 Vehicle 1
556.0 652.0 538.0 657.0 535.0 649.0 554.0 644.0 Vehicle 1
553.0 644.0 533.0 650.0 531.0 641.0 551.0 635.0 Vehicle 1
574.0 628.0 555.0 634.0 552.0 625.0 571.0 619.0 Vehicle 1
552.0 635.0 532.0 640.0 529.0 632.0 549.0 626.0 Vehicle 1
546.0 626.0 525.0 632.0 522.0 624.0 544.0 617.0 Vehicle 1
571.0 619.0 552.0 625.0 550.0 618.0 569.0 612.0 Vehicle 1
571.0 611.0 547.0 617.0 545.0 608.0 568.0 601.0 Vehicle 1
541.0 618.0 525.0 622.0 523.0 614.0 539.0 610.0 Vehicle 1
538.0 609.0 517.0 615.0 514.0 606.0 535.0 600.0 Vehicle 1
565.0 602.0 544.0 608.0 541.0 599.0 562.0 593.0 Vehicle 1
560.0 592.0 542.0 598.0 539.0 591.0 557.0 584.0 Vehicle 1
534.0 599.0 514.0 605.0 512.0 597.0 532.0 591.0 Vehicle 1
509.0 547.0 490.0 552.0 488.0 544.0 507.0 540.0 Vehicle 1
534.0 540.0 516.0 547.0 513.0 539.0 531.0 533.0 Vehicle 1
509.0 540.0 488.0 544.0 486.0 535.0 507.0 530.0 Vehicle 1
532.0 532.0 512.0 538.0 510.0 530.0 529.0 524.0 Vehicle 1
524.0 515.0 505.0 521.0 502.0 512.0 521.0 507.0 Vehicle 1
530.0 524.0 511.0 529.0 508.0 522.0 527.0 516.0 Vehicle 1
499.0 522.0 481.0 527.0 479.0 519.0 497.0 514.0 Vehicle 1
496.0 514.0 475.0 519.0 473.0 510.0 494.0 505.0 Vehicle 1
522.0 503.0 502.0 511.0 498.0 503.0 519.0 495.0 Vehicle 1
489.0 505.0 472.0 511.0 470.0 503.0 486.0 497.0 Vehicle 1
489.0 496.0 469.0 502.0 467.0 493.0 486.0 487.0 Vehicle 1
595.0 935.0 576.0 942.0 572.0 933.0 592.0 926.0 Vehicle 1
582.0 900.0 565.0 907.0 562.0 899.0 579.0 892.0 Vehicle 1
608.0 893.0 589.0 898.0 587.0 890.0 606.0 885.0 Vehicle 1
576.0 893.0 560.0 898.0 557.0 889.0 574.0 884.0 Vehicle 1
603.0 885.0 585.0 890.0 582.0 882.0 601.0 877.0 Vehicle 1
573.0 884.0 555.0 889.0 552.0 881.0 571.0 875.0 Vehicle 1
600.0 876.0 580.0 882.0 577.0 873.0 597.0 867.0 Vehicle 1
569.0 875.0 551.0 881.0 548.0 873.0 567.0 867.0 Vehicle 1
597.0 866.0 577.0 872.0 575.0 865.0 594.0 858.0 Vehicle 1
565.0 866.0 548.0 872.0 546.0 864.0 562.0 859.0 Vehicle 1
562.0 859.0 544.0 865.0 541.0 857.0 559.0 850.0 Vehicle 1
595.0 858.0 574.0 864.0 571.0 856.0 593.0 849.0 Vehicle 1
587.0 850.0 569.0 856.0 566.0 848.0 584.0 842.0 Vehicle 1
584.0 840.0 573.0 842.0 572.0 835.0 583.0 833.0 Vehicle 1
585.0 830.0 574.0 834.0 571.0 825.0 582.0 822.0 Vehicle 1
550.0 831.0 530.0 839.0 528.0 831.0 548.0 824.0 Vehicle 1
577.0 823.0 558.0 829.0 556.0 822.0 574.0 816.0 Vehicle 1
546.0 824.0 529.0 831.0 526.0 822.0 543.0 816.0 Vehicle 1
572.0 816.0 553.0 822.0 550.0 813.0 569.0 807.0 Vehicle 1
543.0 814.0 524.0 821.0 522.0 813.0 540.0 807.0 Vehicle 1
568.0 807.0 549.0 813.0 546.0 806.0 566.0 799.0 Vehicle 1
540.0 806.0 522.0 812.0 519.0 803.0 537.0 798.0 Vehicle 1
565.0 798.0 546.0 805.0 543.0 796.0 562.0 789.0 Vehicle 1
535.0 796.0 517.0 802.0 514.0 794.0 532.0 788.0 Vehicle 1
561.0 790.0 541.0 796.0 539.0 787.0 558.0 781.0 Vehicle 1
555.0 780.0 538.0 786.0 535.0 778.0 553.0 773.0 Vehicle 1
532.0 787.0 513.0 793.0 511.0 786.0 530.0 780.0 Vehicle 1
528.0 781.0 507.0 786.0 505.0 778.0 526.0 772.0 Vehicle 1
551.0 772.0 538.0 776.0 536.0 768.0 549.0 764.0 Vehicle 1
518.0 773.0 504.0 777.0 502.0 770.0 516.0 766.0 Vehicle 1
533.0 729.0 516.0 734.0 514.0 726.0 530.0 721.0 Vehicle 1
508.0 736.0 490.0 742.0 487.0 734.0 506.0 728.0 Vehicle 1
506.0 727.0 487.0 732.0 484.0 724.0 504.0 718.0 Vehicle 1
532.0 721.0 513.0 726.0 510.0 717.0 529.0 712.0 Vehicle 1
501.0 717.0 484.0 724.0 481.0 716.0 499.0 710.0 Vehicle 1
527.0 712.0 508.0 718.0 506.0 710.0 524.0 703.0 Vehicle 1
498.0 710.0 478.0 717.0 475.0 709.0 496.0 702.0 Vehicle 1
522.0 703.0 504.0 710.0 501.0 701.0 519.0 695.0 Vehicle 1
493.0 701.0 476.0 707.0 473.0 700.0 491.0 694.0 Vehicle 1
519.0 695.0 498.0 700.0 496.0 692.0 516.0 687.0 Vehicle 1
491.0 693.0 469.0 701.0 465.0 691.0 488.0 683.0 Vehicle 1
515.0 686.0 496.0 691.0 494.0 683.0 513.0 678.0 Vehicle 1
485.0 684.0 468.0 689.0 465.0 682.0 483.0 677.0 Vehicle 1
511.0 677.0 493.0 682.0 491.0 674.0 509.0 669.0 Vehicle 1
482.0 675.0 466.0 682.0 463.0 674.0 479.0 668.0 Vehicle 1
508.0 669.0 488.0 675.0 486.0 667.0 505.0 660.0 Vehicle 1
478.0 668.0 460.0 674.0 457.0 665.0 475.0 659.0 Vehicle 1
502.0 658.0 485.0 666.0 481.0 658.0 499.0 651.0 Vehicle 1
500.0 651.0 479.0 658.0 476.0 648.0 496.0 642.0 Vehicle 1
474.0 660.0 458.0 664.0 455.0 656.0 472.0 652.0 Vehicle 1
470.0 651.0 451.0 658.0 448.0 649.0 466.0 642.0 Vehicle 1
494.0 642.0 478.0 648.0 475.0 640.0 491.0 634.0 Vehicle 1
466.0 642.0 449.0 647.0 446.0 640.0 463.0 634.0 Vehicle 1
491.0 634.0 472.0 638.0 470.0 630.0 489.0 626.0 Vehicle 1
462.0 632.0 443.0 636.0 441.0 629.0 460.0 624.0 Vehicle 1
489.0 626.0 469.0 630.0 467.0 622.0 487.0 618.0 Vehicle 1
455.0 625.0 439.0 629.0 437.0 620.0 453.0 617.0 Vehicle 1
485.0 616.0 467.0 622.0 464.0 613.0 482.0 607.0 Vehicle 1
479.0 607.0 464.0 612.0 461.0 604.0 477.0 598.0 Vehicle 1
455.0 615.0 434.0 621.0 432.0 612.0 453.0 607.0 Vehicle 1
451.0 607.0 432.0 611.0 430.0 602.0 449.0 598.0 Vehicle 1
476.0 598.0 458.0 604.0 456.0 596.0 474.0 591.0 Vehicle 1
446.0 598.0 428.0 604.0 426.0 596.0 444.0 590.0 Vehicle 1
473.0 590.0 454.0 595.0 452.0 587.0 471.0 582.0 Vehicle 1
442.0 589.0 426.0 594.0 424.0 587.0 440.0 582.0 Vehicle 1
470.0 582.0 450.0 588.0 448.0 580.0 467.0 574.0 Vehicle 1
464.0 574.0 444.0 579.0 442.0 571.0 462.0 566.0 Vehicle 1
439.0 582.0 421.0 585.0 419.0 578.0 437.0 574.0 Vehicle 1
461.0 564.0 442.0 570.0 439.0 562.0 459.0 556.0 Vehicle 1
435.0 572.0 417.0 577.0 415.0 570.0 433.0 564.0 Vehicle 1
431.0 564.0 413.0 570.0 411.0 562.0 429.0 556.0 Vehicle 1
457.0 556.0 437.0 562.0 435.0 553.0 455.0 548.0 Vehicle 1
428.0 556.0 411.0 560.0 409.0 553.0 426.0 549.0 Vehicle 1
455.0 548.0 435.0 553.0 433.0 545.0 453.0 540.0 Vehicle 1
448.0 540.0 430.0 545.0 428.0 538.0 446.0 532.0 Vehicle 1
444.0 531.0 426.0 536.0 424.0 529.0 442.0 524.0 Vehicle 1
442.0 523.0 423.0 529.0 420.0 520.0 439.0 514.0 Vehicle 1
437.0 514.0 419.0 520.0 416.0 512.0 435.0 506.0 Vehicle 1
538.0 928.0 528.0 932.0 525.0 925.0 535.0 921.0 Vehicle 1
532.0 918.0 513.0 924.0 511.0 916.0 530.0 910.0 Vehicle 1
530.0 908.0 510.0 915.0 507.0 906.0 527.0 900.0 Vehicle 1
512.0 935.0 491.0 942.0 488.0 934.0 509.0 927.0 Vehicle 1
505.0 926.0 485.0 932.0 483.0 923.0 502.0 917.0 Vehicle 1
501.0 917.0 483.0 922.0 480.0 915.0 499.0 909.0 Vehicle 1
498.0 907.0 481.0 913.0 479.0 906.0 496.0 900.0 Vehicle 1
527.0 899.0 504.0 907.0 501.0 899.0 524.0 890.0 Vehicle 1
495.0 898.0 477.0 904.0 475.0 896.0 493.0 891.0 Vehicle 1
490.0 889.0 475.0 896.0 472.0 889.0 487.0 882.0 Vehicle 1
516.0 883.0 497.0 890.0 495.0 881.0 513.0 875.0 Vehicle 1
510.0 876.0 495.0 880.0 493.0 872.0 508.0 867.0 Vehicle 1
488.0 881.0 468.0 887.0 466.0 879.0 486.0 873.0 Vehicle 1
466.0 857.0 456.0 861.0 454.0 854.0 464.0 850.0 Vehicle 1
500.0 838.0 485.0 844.0 481.0 836.0 497.0 830.0 Vehicle 1
467.0 848.0 453.0 853.0 450.0 845.0 465.0 840.0 Vehicle 1
467.0 840.0 450.0 846.0 448.0 838.0 465.0 832.0 Vehicle 1
496.0 830.0 473.0 837.0 470.0 828.0 493.0 820.0 Vehicle 1
464.0 830.0 445.0 836.0 443.0 828.0 461.0 822.0 Vehicle 1
490.0 821.0 470.0 828.0 468.0 820.0 488.0 814.0 Vehicle 1
459.0 821.0 442.0 828.0 439.0 820.0 457.0 814.0 Vehicle 1
485.0 814.0 465.0 820.0 462.0 811.0 483.0 805.0 Vehicle 1
457.0 813.0 439.0 819.0 436.0 810.0 454.0 804.0 Vehicle 1
479.0 806.0 462.0 810.0 460.0 802.0 477.0 798.0 Vehicle 1
478.0 796.0 458.0 803.0 455.0 795.0 475.0 788.0 Vehicle 1
452.0 804.0 434.0 810.0 431.0 802.0 449.0 796.0 Vehicle 1
445.0 797.0 433.0 801.0 430.0 794.0 442.0 789.0 Vehicle 1
476.0 788.0 458.0 793.0 455.0 784.0 473.0 779.0 Vehicle 1
458.0 753.0 441.0 758.0 439.0 750.0 455.0 744.0 Vehicle 1
434.0 760.0 417.0 766.0 415.0 757.0 432.0 752.0 Vehicle 1
430.0 752.0 413.0 757.0 411.0 750.0 428.0 744.0 Vehicle 1
455.0 743.0 436.0 750.0 434.0 742.0 452.0 736.0 Vehicle 1
425.0 743.0 408.0 750.0 406.0 742.0 422.0 736.0 Vehicle 1
451.0 735.0 431.0 741.0 428.0 733.0 448.0 727.0 Vehicle 1
423.0 734.0 406.0 739.0 403.0 732.0 420.0 726.0 Vehicle 1
446.0 727.0 428.0 733.0 425.0 724.0 444.0 719.0 Vehicle 1
418.0 725.0 400.0 731.0 398.0 723.0 415.0 717.0 Vehicle 1
441.0 718.0 424.0 725.0 421.0 717.0 438.0 710.0 Vehicle 1
423.0 666.0 401.0 674.0 398.0 666.0 419.0 657.0 Vehicle 1
394.0 675.0 378.0 681.0 375.0 673.0 392.0 667.0 Vehicle 1
393.0 665.0 373.0 670.0 371.0 663.0 391.0 658.0 Vehicle 1
419.0 657.0 396.0 665.0 393.0 656.0 416.0 648.0 Vehicle 1
389.0 656.0 369.0 663.0 367.0 655.0 387.0 648.0 Vehicle 1
413.0 648.0 394.0 654.0 392.0 646.0 410.0 641.0 Vehicle 1
384.0 648.0 368.0 652.0 366.0 645.0 382.0 640.0 Vehicle 1
410.0 639.0 391.0 646.0 387.0 638.0 407.0 630.0 Vehicle 1
380.0 640.0 361.0 644.0 359.0 636.0 378.0 631.0 Vehicle 1
362.0 605.0 345.0 610.0 343.0 603.0 360.0 597.0 Vehicle 1
384.0 590.0 363.0 595.0 361.0 586.0 382.0 581.0 Vehicle 1
361.0 596.0 341.0 602.0 339.0 594.0 358.0 588.0 Vehicle 1
356.0 587.0 337.0 593.0 334.0 585.0 353.0 579.0 Vehicle 1
352.0 578.0 335.0 584.0 332.0 576.0 350.0 570.0 Vehicle 1
380.0 582.0 362.0 586.0 360.0 577.0 378.0 573.0 Vehicle 1
375.0 574.0 355.0 578.0 353.0 569.0 373.0 564.0 Vehicle 1
372.0 563.0 353.0 569.0 350.0 561.0 369.0 555.0 Vehicle 1
459.0 951.0 444.0 956.0 442.0 948.0 456.0 943.0 Vehicle 1
456.0 942.0 438.0 948.0 436.0 940.0 454.0 934.0 Vehicle 1
432.0 949.0 414.0 954.0 412.0 947.0 430.0 941.0 Vehicle 1
453.0 933.0 434.0 940.0 431.0 932.0 450.0 925.0 Vehicle 1
427.0 941.0 409.0 947.0 406.0 939.0 424.0 933.0 Vehicle 1
449.0 925.0 431.0 930.0 429.0 922.0 446.0 917.0 Vehicle 1
425.0 931.0 406.0 938.0 403.0 931.0 423.0 924.0 Vehicle 1
447.0 915.0 427.0 921.0 424.0 913.0 445.0 907.0 Vehicle 1
441.0 907.0 422.0 913.0 420.0 906.0 438.0 899.0 Vehicle 1
422.0 924.0 402.0 930.0 399.0 922.0 419.0 916.0 Vehicle 1
417.0 916.0 397.0 922.0 395.0 913.0 414.0 907.0 Vehicle 1
412.0 907.0 394.0 913.0 391.0 905.0 409.0 898.0 Vehicle 1
408.0 898.0 388.0 905.0 386.0 896.0 406.0 890.0 Vehicle 1
438.0 898.0 420.0 904.0 418.0 895.0 435.0 890.0 Vehicle 1
434.0 890.0 416.0 895.0 414.0 886.0 432.0 881.0 Vehicle 1
428.0 882.0 418.0 884.0 416.0 876.0 426.0 873.0 Vehicle 1
396.0 871.0 381.0 877.0 378.0 870.0 393.0 864.0 Vehicle 1
419.0 856.0 396.0 862.0 393.0 853.0 416.0 847.0 Vehicle 1
392.0 864.0 373.0 869.0 370.0 861.0 390.0 855.0 Vehicle 1
415.0 847.0 395.0 853.0 392.0 845.0 413.0 838.0 Vehicle 1
387.0 854.0 370.0 861.0 368.0 853.0 384.0 847.0 Vehicle 1
383.0 846.0 366.0 852.0 363.0 844.0 380.0 839.0 Vehicle 1
409.0 837.0 389.0 844.0 387.0 836.0 406.0 830.0 Vehicle 1
405.0 830.0 387.0 836.0 384.0 827.0 402.0 821.0 Vehicle 1
381.0 837.0 359.0 845.0 356.0 836.0 378.0 828.0 Vehicle 1
375.0 829.0 357.0 834.0 354.0 826.0 372.0 821.0 Vehicle 1
404.0 820.0 382.0 828.0 379.0 819.0 401.0 811.0 Vehicle 1
398.0 811.0 381.0 817.0 378.0 810.0 396.0 804.0 Vehicle 1
366.0 822.0 353.0 826.0 350.0 818.0 364.0 814.0 Vehicle 1
359.0 814.0 349.0 818.0 346.0 809.0 356.0 806.0 Vehicle 1
394.0 803.0 384.0 806.0 382.0 799.0 392.0 796.0 Vehicle 1
357.0 805.0 343.0 809.0 341.0 801.0 354.0 797.0 Vehicle 1
389.0 795.0 379.0 798.0 377.0 791.0 386.0 787.0 Vehicle 1
386.0 786.0 370.0 794.0 366.0 786.0 383.0 778.0 Vehicle 1
363.0 793.0 344.0 799.0 342.0 791.0 361.0 785.0 Vehicle 1
356.0 785.0 339.0 790.0 337.0 782.0 354.0 777.0 Vehicle 1
381.0 778.0 363.0 784.0 360.0 775.0 379.0 769.0 Vehicle 1
354.0 775.0 335.0 781.0 333.0 774.0 351.0 768.0 Vehicle 1
378.0 769.0 361.0 775.0 358.0 767.0 375.0 761.0 Vehicle 1
347.0 769.0 329.0 774.0 327.0 766.0 345.0 761.0 Vehicle 1
376.0 761.0 355.0 767.0 353.0 758.0 373.0 752.0 Vehicle 1
371.0 752.0 351.0 757.0 349.0 749.0 369.0 743.0 Vehicle 1
345.0 760.0 327.0 765.0 325.0 756.0 342.0 751.0 Vehicle 1
341.0 752.0 320.0 759.0 317.0 750.0 338.0 743.0 Vehicle 1
367.0 743.0 348.0 748.0 346.0 739.0 365.0 735.0 Vehicle 1
365.0 736.0 346.0 740.0 344.0 732.0 363.0 728.0 Vehicle 1
319.0 708.0 304.0 713.0 301.0 706.0 317.0 700.0 Vehicle 1
317.0 699.0 297.0 705.0 295.0 697.0 314.0 691.0 Vehicle 1
349.0 700.0 330.0 706.0 327.0 698.0 346.0 692.0 Vehicle 1
344.0 691.0 326.0 696.0 324.0 689.0 342.0 684.0 Vehicle 1
316.0 690.0 297.0 695.0 295.0 687.0 313.0 682.0 Vehicle 1
312.0 680.0 293.0 687.0 291.0 679.0 310.0 673.0 Vehicle 1
341.0 682.0 321.0 690.0 318.0 682.0 338.0 674.0 Vehicle 1
338.0 675.0 318.0 680.0 316.0 672.0 336.0 667.0 Vehicle 1
308.0 671.0 290.0 678.0 287.0 671.0 305.0 664.0 Vehicle 1
331.0 665.0 314.0 672.0 311.0 663.0 328.0 656.0 Vehicle 1
302.0 663.0 285.0 669.0 283.0 661.0 300.0 656.0 Vehicle 1
330.0 655.0 312.0 662.0 309.0 655.0 327.0 648.0 Vehicle 1
310.0 613.0 292.0 619.0 290.0 611.0 308.0 605.0 Vehicle 1
286.0 620.0 268.0 626.0 265.0 618.0 283.0 613.0 Vehicle 1
280.0 613.0 263.0 618.0 260.0 610.0 278.0 605.0 Vehicle 1
277.0 604.0 255.0 610.0 252.0 601.0 275.0 595.0 Vehicle 1
305.0 604.0 287.0 610.0 284.0 602.0 302.0 596.0 Vehicle 1
301.0 597.0 282.0 603.0 280.0 595.0 299.0 589.0 Vehicle 1
272.0 596.0 253.0 602.0 250.0 593.0 270.0 587.0 Vehicle 1
263.0 588.0 249.0 593.0 247.0 585.0 261.0 581.0 Vehicle 1
295.0 589.0 277.0 594.0 275.0 586.0 293.0 581.0 Vehicle 1
380.0 1000.0 377.0 991.0 398.0 985.0 401.0 995.0 Vehicle 1
401.0 985.0 376.0 991.0 374.0 982.0 398.0 976.0 Vehicle 1
390.0 978.0 371.0 983.0 369.0 975.0 388.0 970.0 Vehicle 1
381.0 966.0 367.0 970.0 365.0 963.0 379.0 959.0 Vehicle 1
381.0 957.0 362.0 963.0 360.0 954.0 378.0 948.0 Vehicle 1
373.0 947.0 358.0 952.0 355.0 944.0 371.0 939.0 Vehicle 1
369.0 939.0 356.0 943.0 354.0 935.0 367.0 931.0 Vehicle 1
361.0 922.0 349.0 926.0 347.0 918.0 359.0 914.0 Vehicle 1
365.0 930.0 354.0 934.0 351.0 927.0 362.0 923.0 Vehicle 1
360.0 913.0 346.0 918.0 343.0 910.0 357.0 906.0 Vehicle 1
352.0 906.0 340.0 909.0 337.0 901.0 350.0 897.0 Vehicle 1
350.0 895.0 334.0 901.0 331.0 894.0 348.0 888.0 Vehicle 1
269.0 933.0 260.0 938.0 249.0 916.0 259.0 912.0 Vehicle 1
244.0 948.0 234.0 952.0 224.0 931.0 234.0 927.0 Vehicle 1
331.0 853.0 318.0 858.0 315.0 850.0 328.0 845.0 Vehicle 1
327.0 845.0 311.0 851.0 308.0 843.0 324.0 838.0 Vehicle 1
325.0 836.0 307.0 842.0 304.0 835.0 322.0 829.0 Vehicle 1
321.0 830.0 305.0 835.0 302.0 826.0 318.0 821.0 Vehicle 1
313.0 820.0 302.0 823.0 299.0 816.0 311.0 812.0 Vehicle 1
312.0 811.0 301.0 814.0 298.0 806.0 309.0 803.0 Vehicle 1
308.0 801.0 296.0 805.0 294.0 797.0 306.0 793.0 Vehicle 1
305.0 792.0 288.0 797.0 286.0 790.0 302.0 785.0 Vehicle 1
301.0 785.0 283.0 790.0 280.0 781.0 298.0 776.0 Vehicle 1
297.0 775.0 279.0 781.0 276.0 773.0 295.0 767.0 Vehicle 1
289.0 758.0 277.0 762.0 274.0 754.0 287.0 750.0 Vehicle 1
295.0 766.0 277.0 772.0 274.0 764.0 293.0 758.0 Vehicle 1
281.0 750.0 271.0 753.0 269.0 746.0 279.0 743.0 Vehicle 1
280.0 741.0 265.0 746.0 262.0 738.0 277.0 733.0 Vehicle 1
272.0 724.0 259.0 729.0 256.0 720.0 269.0 716.0 Vehicle 1
277.0 732.0 262.0 736.0 259.0 728.0 274.0 724.0 Vehicle 1
267.0 716.0 253.0 720.0 251.0 711.0 265.0 707.0 Vehicle 1
264.0 706.0 250.0 710.0 249.0 703.0 262.0 700.0 Vehicle 1
256.0 690.0 243.0 693.0 241.0 685.0 254.0 682.0 Vehicle 1
260.0 700.0 247.0 703.0 245.0 695.0 258.0 692.0 Vehicle 1
253.0 681.0 240.0 685.0 237.0 678.0 250.0 673.0 Vehicle 1
234.0 636.0 224.0 640.0 221.0 633.0 232.0 630.0 Vehicle 1
231.0 629.0 219.0 632.0 217.0 625.0 229.0 621.0 Vehicle 1
226.0 621.0 209.0 625.0 207.0 617.0 224.0 613.0 Vehicle 1
215.0 604.0 200.0 610.0 196.0 601.0 212.0 595.0 Vehicle 1
221.0 613.0 204.0 619.0 200.0 610.0 218.0 604.0 Vehicle 1
216.0 595.0 193.0 601.0 190.0 592.0 214.0 585.0 Vehicle 1
207.0 578.0 188.0 584.0 185.0 576.0 205.0 570.0 Vehicle 1
209.0 587.0 191.0 591.0 189.0 584.0 207.0 579.0 Vehicle 1
106.0 988.0 88.0 996.0 85.0 987.0 103.0 980.0 Vehicle 1
101.0 972.0 81.0 979.0 79.0 971.0 98.0 964.0 Vehicle 1
103.0 980.0 84.0 987.0 81.0 980.0 100.0 972.0 Vehicle 1
74.0 989.0 59.0 996.0 55.0 989.0 71.0 982.0 Vehicle 1
71.0 982.0 53.0 989.0 50.0 981.0 68.0 974.0 Vehicle 1
67.0 972.0 49.0 979.0 46.0 971.0 64.0 964.0 Vehicle 1
96.0 963.0 77.0 970.0 74.0 962.0 93.0 955.0 Vehicle 1
91.0 954.0 71.0 961.0 68.0 953.0 89.0 946.0 Vehicle 1
64.0 964.0 45.0 970.0 43.0 962.0 61.0 956.0 Vehicle 1
60.0 954.0 44.0 961.0 40.0 952.0 57.0 946.0 Vehicle 1
85.0 945.0 66.0 951.0 64.0 943.0 82.0 937.0 Vehicle 1
57.0 947.0 37.0 953.0 34.0 944.0 54.0 938.0 Vehicle 1
83.0 937.0 63.0 944.0 61.0 937.0 80.0 930.0 Vehicle 1
52.0 937.0 37.0 943.0 34.0 935.0 50.0 929.0 Vehicle 1
74.0 919.0 57.0 926.0 53.0 918.0 70.0 910.0 Vehicle 1
47.0 930.0 29.0 936.0 26.0 929.0 44.0 922.0 Vehicle 1
44.0 921.0 29.0 926.0 27.0 918.0 42.0 913.0 Vehicle 1
22.0 991.0 2.0 995.0 0.0 986.0 20.0 981.0 Vehicle 1
4.0 1003.0 2.0 995.0 23.0 990.0 24.0 999.0 Vehicle 1
16.0 982.0 0.0 986.0 0.0 976.0 14.0 973.0 Vehicle 1
12.0 971.0 0.0 975.0 0.0 965.0 9.0 963.0 Vehicle 1
28.0 862.0 0.0 873.0 0.0 861.0 24.0 851.0 Vehicle 1
163.0 835.0 142.0 843.0 139.0 833.0 159.0 826.0 Vehicle 1
104.0 659.0 85.0 662.0 83.0 654.0 102.0 650.0 Vehicle 1
104.0 670.0 82.0 676.0 79.0 667.0 102.0 661.0 Vehicle 1
102.0 680.0 82.0 685.0 80.0 677.0 100.0 673.0 Vehicle 1
63.0 676.0 47.0 689.0 41.0 682.0 57.0 669.0 Vehicle 1
38.0 685.0 32.0 701.0 23.0 698.0 29.0 682.0 Vehicle 1
15.0 686.0 11.0 700.0 2.0 697.0 6.0 683.0 Vehicle 1
737.0 281.0 715.0 288.0 713.0 281.0 735.0 275.0 Vehicle 1
718.0 252.0 700.0 257.0 698.0 249.0 716.0 244.0 Vehicle 1
709.0 235.0 692.0 241.0 690.0 233.0 707.0 228.0 Vehicle 1
718.0 241.0 696.0 250.0 693.0 241.0 715.0 233.0 Vehicle 1
707.0 226.0 688.0 232.0 685.0 225.0 705.0 219.0 Vehicle 1
704.0 218.0 684.0 225.0 681.0 217.0 701.0 210.0 Vehicle 1
696.0 201.0 677.0 208.0 674.0 200.0 693.0 193.0 Vehicle 1
699.0 210.0 680.0 217.0 678.0 209.0 696.0 202.0 Vehicle 1
692.0 193.0 673.0 199.0 671.0 191.0 689.0 185.0 Vehicle 1
684.0 175.0 666.0 181.0 664.0 172.0 681.0 167.0 Vehicle 1
690.0 184.0 670.0 190.0 667.0 182.0 687.0 176.0 Vehicle 1
668.0 140.0 648.0 144.0 647.0 136.0 666.0 132.0 Vehicle 1
664.0 131.0 646.0 137.0 643.0 129.0 662.0 123.0 Vehicle 1
660.0 123.0 641.0 129.0 639.0 121.0 657.0 115.0 Vehicle 1
658.0 113.0 637.0 121.0 634.0 114.0 655.0 106.0 Vehicle 1
654.0 107.0 635.0 113.0 632.0 105.0 651.0 99.0 Vehicle 1
645.0 88.0 627.0 95.0 624.0 87.0 643.0 81.0 Vehicle 1
650.0 99.0 631.0 105.0 629.0 97.0 648.0 91.0 Vehicle 1
640.0 82.0 622.0 87.0 620.0 80.0 638.0 74.0 Vehicle 1
633.0 64.0 616.0 71.0 613.0 63.0 631.0 57.0 Vehicle 1
637.0 74.0 619.0 80.0 617.0 73.0 634.0 67.0 Vehicle 1
631.0 55.0 613.0 62.0 609.0 53.0 628.0 47.0 Vehicle 1
626.0 48.0 606.0 54.0 604.0 46.0 623.0 40.0 Vehicle 1
617.0 30.0 600.0 36.0 597.0 29.0 615.0 22.0 Vehicle 1
622.0 40.0 603.0 47.0 600.0 38.0 619.0 31.0 Vehicle 1
614.0 22.0 594.0 30.0 591.0 21.0 611.0 14.0 Vehicle 1
612.0 14.0 591.0 21.0 588.0 11.0 609.0 4.0 Vehicle 1
196.0 477.0 187.0 483.0 179.0 470.0 188.0 465.0 Vehicle 1
176.0 431.0 150.0 440.0 146.0 429.0 172.0 420.0 Vehicle 1
138.0 418.0 128.0 423.0 120.0 406.0 130.0 401.0 Vehicle 1
