81.0 467.0 59.0 467.0 58.0 461.0 80.0 460.0 Vehicle 1
23.0 464.0 16.0 465.0 14.0 449.0 21.0 448.0 Vehicle 1
114.0 410.0 91.0 410.0 90.0 403.0 113.0 402.0 Vehicle 1
174.0 462.0 155.0 464.0 154.0 456.0 173.0 454.0 Vehicle 1
172.0 434.0 150.0 436.0 149.0 430.0 171.0 427.0 Vehicle 1
168.0 425.0 147.0 427.0 147.0 418.0 167.0 416.0 Vehicle 1
166.0 413.0 148.0 415.0 147.0 410.0 165.0 408.0 Vehicle 1
322.0 110.0 302.0 108.0 303.0 102.0 322.0 104.0 Vehicle 1
278.0 36.0 256.0 38.0 255.0 31.0 278.0 30.0 Vehicle 1
597.0 476.0 590.0 476.0 590.0 465.0 596.0 464.0 Vehicle 1
90.0 800.0 70.0 800.0 70.0 795.0 90.0 793.0 Vehicle 1
140.0 695.0 119.0 698.0 118.0 692.0 139.0 689.0 Vehicle 1
141.0 705.0 119.0 709.0 118.0 703.0 140.0 699.0 Vehicle 1
142.0 716.0 122.0 717.0 122.0 711.0 141.0 709.0 Vehicle 1
114.0 710.0 106.0 725.0 99.0 721.0 107.0 707.0 Vehicle 1
159.0 721.0 152.0 721.0 152.0 707.0 159.0 707.0 Vehicle 1
166.0 695.0 158.0 695.0 158.0 679.0 166.0 679.0 Vehicle 1
427.0 676.0 424.0 684.0 400.0 676.0 403.0 668.0 Vehicle 1
500.0 622.0 492.0 623.0 490.0 608.0 498.0 606.0 Vehicle 1
496.0 600.0 488.0 601.0 487.0 584.0 495.0 584.0 Vehicle 1
493.0 578.0 485.0 578.0 484.0 564.0 492.0 563.0 Vehicle 1
491.0 560.0 484.0 560.0 482.0 546.0 490.0 546.0 Vehicle 1
523.0 559.0 515.0 561.0 512.0 547.0 519.0 545.0 Vehicle 1
527.0 582.0 518.0 584.0 516.0 568.0 524.0 566.0 Vehicle 1
529.0 605.0 520.0 604.0 520.0 589.0 529.0 589.0 Vehicle 1
536.0 649.0 528.0 649.0 528.0 637.0 536.0 637.0 Vehicle 1
543.0 689.0 535.0 689.0 534.0 674.0 542.0 673.0 Vehicle 1
516.0 717.0 514.0 735.0 506.0 734.0 507.0 717.0 Vehicle 1
549.0 729.0 541.0 730.0 539.0 714.0 547.0 713.0 Vehicle 1
551.0 749.0 542.0 750.0 540.0 733.0 550.0 732.0 Vehicle 1
473.0 769.0 453.0 770.0 452.0 764.0 473.0 763.0 Vehicle 1
294.0 783.0 273.0 785.0 273.0 778.0 293.0 776.0 Vehicle 1
317.0 783.0 297.0 784.0 297.0 777.0 317.0 777.0 Vehicle 1
345.0 779.0 322.0 781.0 322.0 775.0 344.0 774.0 Vehicle 1
418.0 795.0 397.0 796.0 397.0 789.0 418.0 789.0 Vehicle 1
600.0 609.0 589.0 611.0 589.0 605.0 600.0 603.0 Vehicle 1
600.0 599.0 589.0 601.0 588.0 595.0 600.0 593.0 Vehicle 1
600.0 590.0 585.0 591.0 585.0 585.0 600.0 584.0 Vehicle 1
600.0 571.0 582.0 572.0 581.0 566.0 600.0 565.0 Vehicle 1
474.0 528.0 456.0 530.0 456.0 524.0 474.0 522.0 Vehicle 1
448.0 514.0 427.0 515.0 426.0 509.0 448.0 507.0 Vehicle 1
405.0 539.0 379.0 542.0 378.0 535.0 404.0 533.0 Vehicle 1
372.0 542.0 360.0 542.0 360.0 536.0 372.0 536.0 Vehicle 1
310.0 524.0 289.0 525.0 288.0 518.0 309.0 518.0 Vehicle 1
410.0 482.0 402.0 482.0 401.0 465.0 409.0 465.0 Vehicle 1
492.0 478.0 484.0 479.0 482.0 463.0 490.0 461.0 Vehicle 1
512.0 486.0 505.0 487.0 502.0 473.0 510.0 472.0 Vehicle 1
510.0 471.0 502.0 472.0 500.0 456.0 507.0 455.0 Vehicle 1
506.0 447.0 498.0 449.0 496.0 432.0 504.0 431.0 Vehicle 1
501.0 428.0 493.0 428.0 493.0 414.0 501.0 414.0 Vehicle 1
472.0 428.0 463.0 428.0 462.0 412.0 470.0 411.0 Vehicle 1
401.0 405.0 400.0 415.0 393.0 415.0 394.0 404.0 Vehicle 1
390.0 416.0 384.0 417.0 383.0 407.0 389.0 406.0 Vehicle 1
339.0 466.0 332.0 467.0 331.0 453.0 338.0 453.0 Vehicle 1
327.0 455.0 319.0 455.0 319.0 438.0 327.0 438.0 Vehicle 1
309.0 441.0 289.0 443.0 288.0 437.0 308.0 435.0 Vehicle 1
307.0 450.0 290.0 452.0 289.0 445.0 307.0 444.0 Vehicle 1
307.0 460.0 286.0 462.0 285.0 456.0 306.0 454.0 Vehicle 1
327.0 404.0 319.0 404.0 318.0 387.0 326.0 386.0 Vehicle 1
316.0 399.0 308.0 400.0 308.0 387.0 316.0 387.0 Vehicle 1
326.0 365.0 303.0 367.0 302.0 360.0 325.0 358.0 Vehicle 1
378.0 327.0 369.0 326.0 369.0 309.0 378.0 309.0 Vehicle 1
349.0 330.0 342.0 331.0 341.0 314.0 348.0 314.0 Vehicle 1
260.0 343.0 252.0 345.0 249.0 330.0 257.0 328.0 Vehicle 1
255.0 328.0 247.0 328.0 246.0 312.0 254.0 311.0 Vehicle 1
329.0 288.0 311.0 289.0 310.0 284.0 329.0 283.0 Vehicle 1
364.0 262.0 346.0 263.0 345.0 257.0 363.0 255.0 Vehicle 1
212.0 274.0 191.0 275.0 191.0 269.0 212.0 268.0 Vehicle 1
176.0 277.0 159.0 279.0 159.0 274.0 176.0 272.0 Vehicle 1
106.0 284.0 87.0 285.0 87.0 278.0 106.0 277.0 Vehicle 1
194.0 300.0 177.0 301.0 176.0 296.0 194.0 295.0 Vehicle 1
175.0 302.0 154.0 303.0 153.0 297.0 175.0 296.0 Vehicle 1
113.0 307.0 74.0 308.0 73.0 298.0 113.0 297.0 Vehicle 1
54.0 288.0 33.0 291.0 32.0 284.0 53.0 282.0 Vehicle 1
25.0 382.0 16.0 383.0 15.0 368.0 23.0 367.0 Vehicle 1
55.0 546.0 32.0 548.0 32.0 541.0 55.0 539.0 Vehicle 1
47.0 103.0 39.0 104.0 37.0 87.0 45.0 86.0 Vehicle 1
208.0 121.0 200.0 122.0 198.0 108.0 206.0 107.0 Vehicle 1
218.0 121.0 212.0 121.0 211.0 109.0 218.0 109.0 Vehicle 1
147.0 47.0 138.0 47.0 138.0 40.0 147.0 40.0 Vehicle 1
217.0 16.0 199.0 18.0 198.0 13.0 217.0 11.0 Vehicle 1
389.0 26.0 369.0 28.0 369.0 21.0 388.0 19.0 Vehicle 1
326.0 31.0 308.0 33.0 307.0 27.0 325.0 26.0 Vehicle 1
414.0 47.0 408.0 48.0 406.0 33.0 412.0 32.0 Vehicle 1
395.0 95.0 376.0 97.0 375.0 90.0 395.0 87.0 Vehicle 1
365.0 138.0 357.0 139.0 355.0 122.0 364.0 121.0 Vehicle 1
399.0 133.0 393.0 134.0 390.0 119.0 397.0 118.0 Vehicle 1
308.0 170.0 300.0 172.0 297.0 155.0 306.0 154.0 Vehicle 1
457.0 121.0 449.0 123.0 446.0 105.0 453.0 103.0 Vehicle 1
301.0 197.0 293.0 199.0 290.0 184.0 298.0 182.0 Vehicle 1
236.0 210.0 228.0 212.0 226.0 197.0 233.0 195.0 Vehicle 1
491.0 364.0 483.0 365.0 482.0 346.0 490.0 346.0 Vehicle 1
459.0 346.0 451.0 347.0 449.0 329.0 457.0 328.0 Vehicle 1
455.0 325.0 447.0 325.0 445.0 306.0 454.0 305.0 Vehicle 1
540.0 247.0 522.0 248.0 522.0 242.0 540.0 242.0 Vehicle 1
598.0 266.0 578.0 267.0 578.0 261.0 598.0 260.0 Vehicle 1
511.0 146.0 503.0 148.0 500.0 132.0 508.0 131.0 Vehicle 1
528.0 82.0 507.0 86.0 506.0 79.0 527.0 75.0 Vehicle 1
565.0 99.0 556.0 100.0 553.0 86.0 562.0 85.0 Vehicle 1
575.0 98.0 568.0 99.0 565.0 87.0 573.0 85.0 Vehicle 1
527.0 147.0 519.0 147.0 518.0 131.0 526.0 131.0 Vehicle 1
486.0 19.0 468.0 20.0 467.0 13.0 486.0 12.0 Vehicle 1
508.0 17.0 489.0 18.0 488.0 11.0 508.0 10.0 Vehicle 1
600.0 9.0 588.0 11.0 587.0 3.0 600.0 2.0 Vehicle 1
570.0 11.0 557.0 12.0 556.0 6.0 570.0 5.0 Vehicle 1
