454.0 59.0 442.0 72.0 435.0 65.0 447.0 52.0 Vehicle 1
496.0 158.0 491.0 165.0 475.0 155.0 479.0 148.0 Vehicle 1
357.0 438.0 344.0 454.0 336.0 447.0 349.0 432.0 Vehicle 1
469.0 463.0 459.0 473.0 452.0 466.0 462.0 456.0 Vehicle 1
571.0 537.0 558.0 552.0 551.0 546.0 564.0 530.0 Vehicle 1
552.0 546.0 536.0 564.0 528.0 557.0 544.0 539.0 Vehicle 1
551.0 560.0 535.0 578.0 529.0 572.0 545.0 554.0 Vehicle 1
259.0 508.0 247.0 523.0 239.0 517.0 251.0 502.0 Vehicle 1
288.0 522.0 278.0 537.0 271.0 532.0 282.0 518.0 Vehicle 1
299.0 527.0 289.0 541.0 281.0 536.0 291.0 522.0 Vehicle 1
310.0 532.0 300.0 547.0 292.0 542.0 303.0 527.0 Vehicle 1
225.0 551.0 213.0 567.0 204.0 561.0 217.0 544.0 Vehicle 1
249.0 559.0 235.0 576.0 228.0 570.0 242.0 552.0 Vehicle 1
258.0 565.0 245.0 581.0 238.0 576.0 250.0 560.0 Vehicle 1
279.0 576.0 266.0 592.0 258.0 585.0 271.0 569.0 Vehicle 1
289.0 579.0 275.0 595.0 270.0 590.0 283.0 574.0 Vehicle 1
300.0 585.0 285.0 602.0 277.0 595.0 292.0 578.0 Vehicle 1
320.0 591.0 315.0 613.0 304.0 610.0 309.0 588.0 Vehicle 1
353.0 602.0 343.0 608.0 331.0 588.0 341.0 582.0 Vehicle 1
369.0 590.0 363.0 597.0 347.0 583.0 353.0 577.0 Vehicle 1
512.0 622.0 497.0 641.0 490.0 635.0 506.0 617.0 Vehicle 1
568.0 656.0 554.0 673.0 546.0 667.0 560.0 650.0 Vehicle 1
478.0 666.0 463.0 686.0 454.0 679.0 468.0 659.0 Vehicle 1
505.0 682.0 493.0 701.0 483.0 695.0 496.0 676.0 Vehicle 1
586.0 723.0 574.0 739.0 567.0 733.0 579.0 718.0 Vehicle 1
594.0 732.0 584.0 745.0 576.0 738.0 586.0 726.0 Vehicle 1
