637.0 970.0 628.0 971.0 625.0 951.0 633.0 949.0 Vehicle 1
623.0 973.0 615.0 974.0 614.0 951.0 622.0 951.0 Vehicle 1
949.0 310.0 942.0 313.0 936.0 300.0 943.0 297.0 Vehicle 1
942.0 315.0 934.0 318.0 927.0 301.0 934.0 298.0 Vehicle 1
477.0 479.0 471.0 484.0 461.0 470.0 468.0 465.0 Vehicle 1
523.0 562.0 504.0 567.0 501.0 559.0 520.0 553.0 Vehicle 1
714.0 884.0 713.0 891.0 690.0 887.0 691.0 880.0 Vehicle 1
699.0 919.0 697.0 928.0 678.0 924.0 679.0 916.0 Vehicle 1
696.0 928.0 694.0 937.0 673.0 932.0 674.0 924.0 Vehicle 1
615.0 949.0 611.0 968.0 602.0 966.0 605.0 947.0 Vehicle 1
603.0 976.0 593.0 976.0 593.0 958.0 602.0 958.0 Vehicle 1
593.0 955.0 591.0 976.0 580.0 975.0 582.0 954.0 Vehicle 1
582.0 955.0 578.0 972.0 568.0 970.0 572.0 953.0 Vehicle 1
569.0 956.0 564.0 973.0 556.0 971.0 560.0 954.0 Vehicle 1
579.0 914.0 572.0 933.0 562.0 929.0 568.0 910.0 Vehicle 1
564.0 910.0 557.0 927.0 547.0 923.0 555.0 906.0 Vehicle 1
626.0 414.0 618.0 420.0 604.0 402.0 612.0 396.0 Vehicle 1
513.0 466.0 506.0 471.0 494.0 455.0 501.0 450.0 Vehicle 1
499.0 472.0 491.0 478.0 477.0 461.0 484.0 455.0 Vehicle 1
112.0 582.0 91.0 582.0 91.0 574.0 112.0 574.0 Vehicle 1
242.0 591.0 225.0 592.0 225.0 583.0 242.0 583.0 Vehicle 1
342.0 589.0 323.0 590.0 323.0 583.0 342.0 581.0 Vehicle 1
337.0 657.0 321.0 657.0 320.0 633.0 336.0 632.0 Vehicle 1
381.0 814.0 361.0 813.0 361.0 805.0 381.0 806.0 Vehicle 1
381.0 799.0 362.0 799.0 361.0 793.0 381.0 792.0 Vehicle 1
336.0 682.0 324.0 685.0 320.0 662.0 331.0 660.0 Vehicle 1
177.0 581.0 176.0 592.0 153.0 591.0 154.0 580.0 Vehicle 1
181.0 753.0 180.0 769.0 171.0 769.0 171.0 753.0 Vehicle 1
278.0 841.0 255.0 841.0 255.0 833.0 278.0 833.0 Vehicle 1
758.0 477.0 737.0 483.0 735.0 475.0 756.0 470.0 Vehicle 1
799.0 463.0 780.0 470.0 777.0 461.0 796.0 454.0 Vehicle 1
869.0 440.0 832.0 454.0 828.0 442.0 864.0 428.0 Vehicle 1
876.0 410.0 855.0 416.0 853.0 410.0 874.0 403.0 Vehicle 1
904.0 425.0 887.0 429.0 885.0 420.0 902.0 416.0 Vehicle 1
950.0 380.0 928.0 390.0 924.0 382.0 946.0 372.0 Vehicle 1
924.0 363.0 915.0 368.0 905.0 353.0 914.0 348.0 Vehicle 1
922.0 324.0 915.0 328.0 905.0 312.0 912.0 307.0 Vehicle 1
961.0 307.0 953.0 312.0 945.0 297.0 953.0 292.0 Vehicle 1
980.0 301.0 973.0 305.0 963.0 288.0 970.0 284.0 Vehicle 1
989.0 294.0 981.0 299.0 972.0 283.0 981.0 278.0 Vehicle 1
893.0 334.0 887.0 338.0 878.0 325.0 884.0 320.0 Vehicle 1
999.0 333.0 992.0 337.0 983.0 323.0 990.0 318.0 Vehicle 1
987.0 338.0 981.0 340.0 975.0 327.0 981.0 324.0 Vehicle 1
981.0 343.0 973.0 347.0 965.0 330.0 973.0 327.0 Vehicle 1
970.0 345.0 963.0 349.0 956.0 337.0 963.0 333.0 Vehicle 1
958.0 348.0 952.0 352.0 942.0 335.0 948.0 331.0 Vehicle 1
949.0 352.0 943.0 356.0 933.0 340.0 938.0 336.0 Vehicle 1
931.0 359.0 925.0 363.0 913.0 347.0 919.0 343.0 Vehicle 1
934.0 339.0 927.0 345.0 915.0 330.0 922.0 324.0 Vehicle 1
