391.0 401.0 390.0 420.0 380.0 419.0 381.0 401.0 Vehicle 1
83.0 897.0 62.0 903.0 59.0 896.0 81.0 889.0 Vehicle 1
57.0 868.0 48.0 872.0 42.0 856.0 50.0 853.0 Vehicle 1
155.0 777.0 146.0 780.0 140.0 764.0 149.0 761.0 Vehicle 1
274.0 250.0 265.0 252.0 261.0 236.0 269.0 234.0 Vehicle 1
6.0 321.0 0.0 307.0 7.0 303.0 14.0 317.0 Vehicle 1
137.0 289.0 126.0 293.0 120.0 274.0 131.0 271.0 Vehicle 1
111.0 241.0 103.0 244.0 97.0 232.0 105.0 228.0 Vehicle 1
40.0 253.0 33.0 256.0 27.0 241.0 35.0 239.0 Vehicle 1
30.0 255.0 22.0 258.0 17.0 244.0 25.0 241.0 Vehicle 1
20.0 262.0 13.0 266.0 2.0 245.0 10.0 241.0 Vehicle 1
30.0 38.0 20.0 42.0 12.0 25.0 22.0 20.0 Vehicle 1
200.0 269.0 189.0 273.0 183.0 253.0 194.0 249.0 Vehicle 1
228.0 261.0 219.0 264.0 212.0 244.0 221.0 241.0 Vehicle 1
240.0 259.0 231.0 262.0 223.0 241.0 233.0 238.0 Vehicle 1
250.0 251.0 242.0 254.0 235.0 238.0 242.0 234.0 Vehicle 1
158.0 401.0 149.0 405.0 142.0 386.0 152.0 382.0 Vehicle 1
199.0 766.0 190.0 769.0 184.0 752.0 193.0 749.0 Vehicle 1
338.0 944.0 324.0 946.0 323.0 939.0 337.0 937.0 Vehicle 1
22.0 437.0 14.0 440.0 7.0 424.0 15.0 421.0 Vehicle 1
133.0 669.0 118.0 672.0 117.0 665.0 132.0 663.0 Vehicle 1
116.0 285.0 105.0 289.0 101.0 278.0 111.0 274.0 Vehicle 1
217.0 265.0 208.0 269.0 200.0 249.0 209.0 245.0 Vehicle 1
146.0 283.0 136.0 285.0 133.0 267.0 142.0 265.0 Vehicle 1
