150.0 771.0 149.0 786.0 141.0 785.0 142.0 770.0 Vehicle 1
79.0 773.0 70.0 773.0 71.0 756.0 79.0 756.0 Vehicle 1
42.0 759.0 41.0 771.0 34.0 770.0 35.0 758.0 Vehicle 1
18.0 772.0 9.0 771.0 10.0 754.0 18.0 754.0 Vehicle 1
20.0 727.0 12.0 727.0 12.0 711.0 20.0 711.0 Vehicle 1
56.0 729.0 47.0 729.0 48.0 714.0 56.0 715.0 Vehicle 1
68.0 729.0 60.0 729.0 59.0 712.0 68.0 712.0 Vehicle 1
79.0 713.0 78.0 728.0 71.0 728.0 71.0 713.0 Vehicle 1
90.0 729.0 82.0 729.0 82.0 714.0 90.0 714.0 Vehicle 1
102.0 731.0 94.0 731.0 94.0 715.0 102.0 716.0 Vehicle 1
126.0 717.0 125.0 732.0 118.0 731.0 118.0 717.0 Vehicle 1
114.0 709.0 106.0 709.0 106.0 693.0 114.0 693.0 Vehicle 1
138.0 697.0 136.0 713.0 128.0 712.0 129.0 696.0 Vehicle 1
149.0 696.0 148.0 712.0 140.0 712.0 141.0 696.0 Vehicle 1
247.0 582.0 231.0 582.0 231.0 575.0 247.0 576.0 Vehicle 1
246.0 587.0 245.0 594.0 228.0 592.0 229.0 585.0 Vehicle 1
245.0 604.0 228.0 603.0 229.0 597.0 245.0 597.0 Vehicle 1
244.0 607.0 243.0 614.0 227.0 613.0 228.0 606.0 Vehicle 1
242.0 623.0 224.0 622.0 225.0 616.0 242.0 617.0 Vehicle 1
243.0 632.0 225.0 631.0 225.0 624.0 243.0 625.0 Vehicle 1
304.0 615.0 287.0 618.0 286.0 611.0 303.0 608.0 Vehicle 1
301.0 640.0 281.0 639.0 282.0 631.0 301.0 633.0 Vehicle 1
302.0 664.0 301.0 670.0 284.0 669.0 284.0 664.0 Vehicle 1
299.0 678.0 281.0 678.0 281.0 671.0 299.0 671.0 Vehicle 1
297.0 691.0 280.0 690.0 280.0 683.0 297.0 685.0 Vehicle 1
214.0 695.0 197.0 710.0 192.0 704.0 209.0 689.0 Vehicle 1
231.0 696.0 229.0 713.0 221.0 712.0 222.0 695.0 Vehicle 1
328.0 729.0 326.0 748.0 317.0 747.0 319.0 728.0 Vehicle 1
293.0 725.0 292.0 743.0 284.0 742.0 285.0 725.0 Vehicle 1
279.0 724.0 278.0 740.0 271.0 740.0 271.0 724.0 Vehicle 1
255.0 739.0 247.0 739.0 246.0 723.0 255.0 722.0 Vehicle 1
243.0 740.0 235.0 740.0 235.0 723.0 243.0 723.0 Vehicle 1
220.0 723.0 219.0 738.0 212.0 738.0 212.0 722.0 Vehicle 1
209.0 720.0 207.0 738.0 199.0 737.0 201.0 720.0 Vehicle 1
197.0 720.0 196.0 737.0 188.0 736.0 189.0 720.0 Vehicle 1
174.0 760.0 152.0 758.0 152.0 751.0 174.0 753.0 Vehicle 1
170.0 763.0 168.0 770.0 152.0 767.0 153.0 760.0 Vehicle 1
174.0 782.0 173.0 788.0 154.0 786.0 154.0 780.0 Vehicle 1
171.0 796.0 153.0 796.0 153.0 789.0 171.0 790.0 Vehicle 1
170.0 806.0 153.0 805.0 153.0 799.0 170.0 800.0 Vehicle 1
168.0 816.0 150.0 815.0 150.0 808.0 168.0 809.0 Vehicle 1
166.0 824.0 144.0 822.0 145.0 816.0 166.0 817.0 Vehicle 1
201.0 912.0 200.0 927.0 192.0 927.0 193.0 912.0 Vehicle 1
189.0 926.0 181.0 926.0 180.0 911.0 189.0 911.0 Vehicle 1
176.0 911.0 174.0 926.0 166.0 925.0 168.0 910.0 Vehicle 1
156.0 914.0 138.0 921.0 135.0 914.0 153.0 907.0 Vehicle 1
167.0 861.0 144.0 862.0 144.0 854.0 167.0 854.0 Vehicle 1
155.0 869.0 154.0 883.0 146.0 883.0 147.0 869.0 Vehicle 1
168.0 881.0 159.0 881.0 159.0 867.0 168.0 868.0 Vehicle 1
183.0 866.0 182.0 881.0 172.0 881.0 174.0 866.0 Vehicle 1
196.0 867.0 195.0 882.0 187.0 881.0 188.0 867.0 Vehicle 1
208.0 870.0 206.0 883.0 199.0 883.0 200.0 869.0 Vehicle 1
219.0 850.0 218.0 857.0 193.0 854.0 194.0 847.0 Vehicle 1
219.0 827.0 195.0 827.0 195.0 820.0 219.0 820.0 Vehicle 1
217.0 800.0 194.0 799.0 194.0 792.0 217.0 793.0 Vehicle 1
221.0 790.0 200.0 789.0 200.0 782.0 221.0 783.0 Vehicle 1
220.0 764.0 219.0 771.0 200.0 769.0 201.0 763.0 Vehicle 1
269.0 768.0 268.0 774.0 250.0 772.0 250.0 766.0 Vehicle 1
270.0 784.0 249.0 784.0 249.0 778.0 270.0 777.0 Vehicle 1
268.0 793.0 250.0 792.0 250.0 786.0 268.0 786.0 Vehicle 1
265.0 803.0 248.0 802.0 248.0 795.0 265.0 796.0 Vehicle 1
264.0 806.0 263.0 812.0 247.0 810.0 247.0 804.0 Vehicle 1
264.0 830.0 247.0 829.0 247.0 823.0 264.0 825.0 Vehicle 1
261.0 840.0 242.0 839.0 242.0 833.0 261.0 834.0 Vehicle 1
263.0 849.0 243.0 849.0 243.0 842.0 263.0 843.0 Vehicle 1
257.0 862.0 256.0 868.0 237.0 864.0 238.0 858.0 Vehicle 1
256.0 876.0 255.0 882.0 238.0 879.0 239.0 874.0 Vehicle 1
250.0 894.0 249.0 900.0 230.0 900.0 230.0 893.0 Vehicle 1
282.0 860.0 265.0 859.0 266.0 852.0 282.0 853.0 Vehicle 1
286.0 850.0 266.0 848.0 266.0 842.0 286.0 844.0 Vehicle 1
285.0 825.0 284.0 831.0 268.0 830.0 268.0 824.0 Vehicle 1
288.0 815.0 287.0 822.0 270.0 821.0 270.0 814.0 Vehicle 1
287.0 812.0 270.0 811.0 271.0 805.0 287.0 806.0 Vehicle 1
289.0 794.0 270.0 794.0 270.0 788.0 289.0 789.0 Vehicle 1
338.0 791.0 317.0 790.0 318.0 783.0 338.0 784.0 Vehicle 1
336.0 800.0 316.0 799.0 317.0 793.0 336.0 794.0 Vehicle 1
333.0 868.0 316.0 868.0 316.0 862.0 333.0 862.0 Vehicle 1
355.0 890.0 337.0 888.0 337.0 882.0 355.0 884.0 Vehicle 1
357.0 880.0 337.0 879.0 337.0 873.0 357.0 874.0 Vehicle 1
356.0 870.0 336.0 869.0 336.0 863.0 356.0 864.0 Vehicle 1
357.0 862.0 339.0 861.0 339.0 854.0 357.0 855.0 Vehicle 1
358.0 851.0 339.0 850.0 339.0 843.0 358.0 845.0 Vehicle 1
357.0 832.0 338.0 831.0 338.0 823.0 357.0 825.0 Vehicle 1
357.0 821.0 339.0 820.0 339.0 814.0 357.0 814.0 Vehicle 1
358.0 805.0 357.0 812.0 337.0 810.0 338.0 804.0 Vehicle 1
407.0 788.0 406.0 796.0 389.0 795.0 389.0 787.0 Vehicle 1
404.0 814.0 382.0 814.0 383.0 807.0 404.0 808.0 Vehicle 1
404.0 834.0 385.0 833.0 386.0 827.0 404.0 828.0 Vehicle 1
404.0 854.0 384.0 852.0 384.0 846.0 404.0 848.0 Vehicle 1
403.0 863.0 384.0 862.0 385.0 856.0 403.0 857.0 Vehicle 1
1000.0 680.0 989.0 680.0 989.0 673.0 1000.0 673.0 Vehicle 1
887.0 641.0 871.0 641.0 871.0 635.0 887.0 635.0 Vehicle 1
881.0 680.0 862.0 680.0 862.0 673.0 881.0 674.0 Vehicle 1
879.0 671.0 861.0 669.0 861.0 663.0 879.0 665.0 Vehicle 1
756.0 595.0 755.0 611.0 747.0 611.0 748.0 595.0 Vehicle 1
638.0 658.0 637.0 673.0 628.0 672.0 630.0 657.0 Vehicle 1
651.0 658.0 650.0 674.0 641.0 674.0 642.0 658.0 Vehicle 1
665.0 659.0 664.0 674.0 655.0 674.0 656.0 658.0 Vehicle 1
676.0 678.0 667.0 678.0 668.0 659.0 676.0 659.0 Vehicle 1
702.0 661.0 700.0 681.0 691.0 681.0 692.0 660.0 Vehicle 1
704.0 717.0 703.0 733.0 695.0 732.0 695.0 716.0 Vehicle 1
689.0 731.0 681.0 730.0 682.0 715.0 689.0 716.0 Vehicle 1
677.0 731.0 669.0 731.0 669.0 715.0 677.0 715.0 Vehicle 1
664.0 730.0 657.0 730.0 656.0 716.0 663.0 715.0 Vehicle 1
653.0 729.0 645.0 729.0 645.0 714.0 653.0 714.0 Vehicle 1
640.0 712.0 639.0 728.0 631.0 728.0 632.0 712.0 Vehicle 1
614.0 727.0 606.0 727.0 606.0 713.0 613.0 712.0 Vehicle 1
589.0 710.0 588.0 726.0 580.0 726.0 581.0 710.0 Vehicle 1
581.0 730.0 580.0 743.0 573.0 743.0 573.0 730.0 Vehicle 1
594.0 743.0 587.0 743.0 586.0 729.0 594.0 729.0 Vehicle 1
622.0 731.0 620.0 745.0 613.0 744.0 614.0 730.0 Vehicle 1
637.0 746.0 629.0 746.0 629.0 732.0 637.0 732.0 Vehicle 1
649.0 731.0 648.0 745.0 641.0 744.0 642.0 731.0 Vehicle 1
660.0 749.0 652.0 749.0 653.0 735.0 660.0 735.0 Vehicle 1
671.0 735.0 669.0 749.0 662.0 748.0 663.0 734.0 Vehicle 1
684.0 749.0 676.0 749.0 676.0 735.0 683.0 735.0 Vehicle 1
736.0 754.0 728.0 754.0 728.0 736.0 736.0 736.0 Vehicle 1
619.0 777.0 618.0 791.0 611.0 791.0 611.0 777.0 Vehicle 1
654.0 808.0 647.0 808.0 647.0 794.0 654.0 794.0 Vehicle 1
694.0 798.0 693.0 812.0 685.0 811.0 686.0 797.0 Vehicle 1
707.0 799.0 706.0 813.0 698.0 812.0 699.0 799.0 Vehicle 1
731.0 815.0 724.0 815.0 724.0 800.0 731.0 800.0 Vehicle 1
746.0 788.0 745.0 813.0 734.0 812.0 736.0 788.0 Vehicle 1
750.0 841.0 749.0 860.0 742.0 859.0 742.0 841.0 Vehicle 1
736.0 857.0 727.0 857.0 727.0 841.0 736.0 841.0 Vehicle 1
721.0 857.0 713.0 857.0 713.0 841.0 721.0 841.0 Vehicle 1
709.0 855.0 701.0 854.0 701.0 841.0 709.0 841.0 Vehicle 1
696.0 841.0 695.0 854.0 688.0 853.0 689.0 840.0 Vehicle 1
683.0 840.0 682.0 855.0 674.0 855.0 676.0 840.0 Vehicle 1
670.0 835.0 668.0 848.0 661.0 848.0 662.0 834.0 Vehicle 1
658.0 849.0 650.0 849.0 650.0 834.0 658.0 834.0 Vehicle 1
631.0 848.0 623.0 848.0 623.0 835.0 631.0 835.0 Vehicle 1
651.0 911.0 628.0 910.0 629.0 903.0 651.0 904.0 Vehicle 1
766.0 889.0 764.0 903.0 758.0 902.0 759.0 888.0 Vehicle 1
836.0 914.0 815.0 913.0 816.0 907.0 836.0 908.0 Vehicle 1
833.0 934.0 813.0 933.0 814.0 927.0 833.0 928.0 Vehicle 1
830.0 944.0 813.0 943.0 813.0 936.0 830.0 937.0 Vehicle 1
887.0 959.0 866.0 960.0 866.0 953.0 887.0 952.0 Vehicle 1
885.0 938.0 867.0 938.0 867.0 931.0 885.0 931.0 Vehicle 1
884.0 911.0 868.0 911.0 868.0 904.0 884.0 905.0 Vehicle 1
859.0 848.0 858.0 862.0 851.0 862.0 852.0 847.0 Vehicle 1
849.0 844.0 848.0 863.0 839.0 862.0 841.0 844.0 Vehicle 1
822.0 858.0 814.0 859.0 814.0 844.0 821.0 844.0 Vehicle 1
810.0 847.0 809.0 863.0 801.0 863.0 802.0 847.0 Vehicle 1
810.0 838.0 803.0 839.0 803.0 827.0 810.0 827.0 Vehicle 1
820.0 841.0 813.0 841.0 813.0 827.0 820.0 827.0 Vehicle 1
832.0 841.0 825.0 841.0 825.0 826.0 832.0 826.0 Vehicle 1
845.0 842.0 837.0 842.0 837.0 825.0 845.0 825.0 Vehicle 1
836.0 804.0 830.0 805.0 828.0 791.0 835.0 790.0 Vehicle 1
897.0 793.0 896.0 811.0 888.0 810.0 888.0 793.0 Vehicle 1
995.0 861.0 991.0 867.0 979.0 858.0 983.0 852.0 Vehicle 1
978.0 860.0 974.0 866.0 961.0 856.0 965.0 850.0 Vehicle 1
966.0 864.0 960.0 870.0 947.0 856.0 952.0 851.0 Vehicle 1
944.0 859.0 939.0 864.0 927.0 853.0 932.0 848.0 Vehicle 1
930.0 860.0 924.0 866.0 910.0 854.0 915.0 847.0 Vehicle 1
938.0 833.0 937.0 848.0 930.0 848.0 930.0 833.0 Vehicle 1
950.0 849.0 942.0 849.0 942.0 833.0 950.0 833.0 Vehicle 1
970.0 848.0 963.0 849.0 962.0 834.0 969.0 834.0 Vehicle 1
983.0 834.0 982.0 848.0 974.0 847.0 975.0 834.0 Vehicle 1
999.0 852.0 992.0 852.0 992.0 836.0 999.0 836.0 Vehicle 1
999.0 812.0 991.0 812.0 990.0 798.0 998.0 798.0 Vehicle 1
988.0 812.0 980.0 812.0 979.0 798.0 987.0 797.0 Vehicle 1
975.0 812.0 967.0 812.0 967.0 798.0 975.0 798.0 Vehicle 1
964.0 811.0 956.0 812.0 956.0 796.0 964.0 795.0 Vehicle 1
952.0 810.0 944.0 810.0 945.0 796.0 952.0 796.0 Vehicle 1
940.0 796.0 939.0 810.0 931.0 809.0 932.0 795.0 Vehicle 1
945.0 789.0 928.0 787.0 928.0 781.0 945.0 783.0 Vehicle 1
992.0 740.0 991.0 756.0 983.0 756.0 984.0 739.0 Vehicle 1
886.0 310.0 869.0 311.0 868.0 304.0 885.0 304.0 Vehicle 1
870.0 369.0 850.0 368.0 851.0 362.0 870.0 363.0 Vehicle 1
848.0 444.0 832.0 448.0 831.0 441.0 847.0 437.0 Vehicle 1
794.0 413.0 778.0 413.0 778.0 407.0 793.0 407.0 Vehicle 1
796.0 403.0 779.0 403.0 779.0 397.0 796.0 397.0 Vehicle 1
752.0 539.0 751.0 546.0 734.0 545.0 735.0 537.0 Vehicle 1
795.0 521.0 789.0 521.0 789.0 509.0 795.0 509.0 Vehicle 1
704.0 407.0 687.0 409.0 686.0 401.0 704.0 400.0 Vehicle 1
695.0 330.0 673.0 331.0 673.0 324.0 694.0 323.0 Vehicle 1
655.0 234.0 654.0 240.0 635.0 239.0 636.0 232.0 Vehicle 1
804.0 217.0 803.0 223.0 786.0 221.0 787.0 215.0 Vehicle 1
824.0 151.0 822.0 159.0 797.0 150.0 800.0 143.0 Vehicle 1
670.0 41.0 669.0 47.0 654.0 45.0 654.0 39.0 Vehicle 1
142.0 39.0 135.0 40.0 133.0 27.0 140.0 26.0 Vehicle 1
277.0 55.0 275.0 72.0 266.0 71.0 268.0 54.0 Vehicle 1
17.0 405.0 0.0 404.0 1.0 398.0 17.0 399.0 Vehicle 1
18.0 415.0 0.0 413.0 0.0 407.0 18.0 409.0 Vehicle 1
17.0 419.0 16.0 425.0 0.0 423.0 0.0 416.0 Vehicle 1
29.0 445.0 9.0 444.0 9.0 435.0 29.0 436.0 Vehicle 1
74.0 437.0 57.0 437.0 57.0 430.0 74.0 430.0 Vehicle 1
109.0 469.0 90.0 468.0 90.0 461.0 109.0 463.0 Vehicle 1
111.0 445.0 110.0 451.0 91.0 450.0 92.0 444.0 Vehicle 1
109.0 442.0 91.0 441.0 91.0 435.0 109.0 436.0 Vehicle 1
168.0 438.0 150.0 437.0 151.0 431.0 168.0 431.0 Vehicle 1
430.0 336.0 429.0 352.0 421.0 352.0 422.0 336.0 Vehicle 1
417.0 350.0 410.0 350.0 410.0 337.0 417.0 337.0 Vehicle 1
395.0 349.0 386.0 348.0 387.0 333.0 395.0 333.0 Vehicle 1
402.0 292.0 401.0 307.0 394.0 306.0 394.0 292.0 Vehicle 1
351.0 348.0 343.0 348.0 343.0 333.0 351.0 333.0 Vehicle 1
336.0 347.0 329.0 347.0 329.0 333.0 336.0 332.0 Vehicle 1
352.0 289.0 350.0 305.0 342.0 304.0 345.0 288.0 Vehicle 1
280.0 326.0 277.0 344.0 268.0 342.0 271.0 324.0 Vehicle 1
295.0 285.0 294.0 301.0 286.0 301.0 286.0 285.0 Vehicle 1
257.0 282.0 255.0 299.0 247.0 298.0 249.0 282.0 Vehicle 1
245.0 282.0 243.0 298.0 235.0 297.0 237.0 281.0 Vehicle 1
219.0 292.0 212.0 292.0 211.0 278.0 218.0 277.0 Vehicle 1
196.0 307.0 176.0 306.0 176.0 300.0 196.0 301.0 Vehicle 1
139.0 375.0 136.0 382.0 119.0 375.0 123.0 368.0 Vehicle 1
145.0 369.0 143.0 374.0 127.0 366.0 129.0 361.0 Vehicle 1
111.0 352.0 104.0 355.0 96.0 340.0 102.0 337.0 Vehicle 1
124.0 350.0 119.0 354.0 109.0 340.0 115.0 336.0 Vehicle 1
135.0 346.0 130.0 350.0 120.0 337.0 125.0 333.0 Vehicle 1
152.0 328.0 135.0 328.0 135.0 322.0 152.0 322.0 Vehicle 1
157.0 303.0 156.0 311.0 132.0 310.0 132.0 302.0 Vehicle 1
118.0 270.0 117.0 285.0 109.0 285.0 110.0 269.0 Vehicle 1
71.0 267.0 70.0 282.0 63.0 282.0 63.0 267.0 Vehicle 1
84.0 269.0 83.0 284.0 75.0 284.0 76.0 268.0 Vehicle 1
27.0 264.0 26.0 281.0 17.0 280.0 18.0 263.0 Vehicle 1
1000.0 592.0 988.0 591.0 989.0 586.0 1000.0 586.0 Vehicle 1
993.0 565.0 976.0 564.0 977.0 558.0 993.0 559.0 Vehicle 1
904.0 580.0 903.0 585.0 883.0 584.0 883.0 578.0 Vehicle 1
903.0 557.0 882.0 556.0 882.0 550.0 903.0 551.0 Vehicle 1
851.0 546.0 850.0 553.0 833.0 552.0 833.0 545.0 Vehicle 1
733.0 567.0 732.0 572.0 715.0 571.0 715.0 566.0 Vehicle 1
694.0 540.0 676.0 538.0 677.0 532.0 694.0 534.0 Vehicle 1
663.0 568.0 645.0 568.0 645.0 563.0 663.0 563.0 Vehicle 1
608.0 559.0 607.0 565.0 589.0 563.0 590.0 557.0 Vehicle 1
383.0 548.0 365.0 548.0 366.0 542.0 383.0 542.0 Vehicle 1
409.0 513.0 408.0 520.0 391.0 520.0 391.0 512.0 Vehicle 1
373.0 533.0 355.0 532.0 355.0 525.0 373.0 526.0 Vehicle 1
379.0 517.0 365.0 517.0 365.0 511.0 379.0 511.0 Vehicle 1
361.0 511.0 360.0 518.0 340.0 516.0 340.0 510.0 Vehicle 1
314.0 542.0 308.0 556.0 299.0 552.0 305.0 538.0 Vehicle 1
291.0 534.0 290.0 541.0 273.0 540.0 273.0 533.0 Vehicle 1
280.0 513.0 260.0 511.0 261.0 504.0 280.0 506.0 Vehicle 1
183.0 497.0 182.0 504.0 165.0 502.0 165.0 496.0 Vehicle 1
426.0 922.0 425.0 938.0 418.0 938.0 418.0 922.0 Vehicle 1
432.0 845.0 425.0 845.0 425.0 833.0 432.0 833.0 Vehicle 1
444.0 712.0 443.0 728.0 436.0 728.0 437.0 712.0 Vehicle 1
448.0 669.0 439.0 669.0 440.0 654.0 448.0 654.0 Vehicle 1
452.0 630.0 451.0 650.0 441.0 650.0 442.0 630.0 Vehicle 1
456.0 590.0 448.0 590.0 448.0 575.0 456.0 575.0 Vehicle 1
494.0 588.0 493.0 601.0 486.0 601.0 486.0 588.0 Vehicle 1
472.0 433.0 470.0 451.0 462.0 450.0 464.0 433.0 Vehicle 1
472.0 427.0 465.0 427.0 465.0 412.0 472.0 412.0 Vehicle 1
508.0 428.0 507.0 441.0 499.0 440.0 500.0 428.0 Vehicle 1
513.0 376.0 512.0 392.0 504.0 391.0 505.0 376.0 Vehicle 1
498.0 259.0 497.0 280.0 487.0 280.0 488.0 258.0 Vehicle 1
531.0 58.0 529.0 79.0 520.0 78.0 522.0 58.0 Vehicle 1
429.0 885.0 428.0 899.0 420.0 898.0 421.0 885.0 Vehicle 1
54.0 773.0 44.0 773.0 45.0 755.0 54.0 755.0 Vehicle 1
