562.0 741.0 556.0 747.0 544.0 733.0 550.0 728.0 Vehicle 1
460.0 674.0 455.0 679.0 443.0 667.0 448.0 662.0 Vehicle 1
464.0 757.0 447.0 767.0 443.0 760.0 460.0 750.0 Vehicle 1
480.0 735.0 462.0 743.0 459.0 737.0 477.0 728.0 Vehicle 1
458.0 747.0 439.0 756.0 436.0 749.0 454.0 739.0 Vehicle 1
302.0 842.0 296.0 853.0 290.0 849.0 296.0 839.0 Vehicle 1
85.0 750.0 79.0 754.0 70.0 740.0 77.0 736.0 Vehicle 1
119.0 792.0 107.0 800.0 84.0 769.0 96.0 760.0 Vehicle 1
77.0 732.0 69.0 737.0 59.0 721.0 68.0 716.0 Vehicle 1
29.0 713.0 11.0 718.0 9.0 711.0 27.0 706.0 Vehicle 1
137.0 680.0 123.0 691.0 119.0 685.0 133.0 675.0 Vehicle 1
92.0 614.0 70.0 619.0 68.0 611.0 90.0 606.0 Vehicle 1
341.0 624.0 323.0 632.0 320.0 626.0 338.0 618.0 Vehicle 1
312.0 554.0 294.0 562.0 290.0 554.0 308.0 546.0 Vehicle 1
578.0 377.0 572.0 383.0 563.0 373.0 568.0 368.0 Vehicle 1
458.0 362.0 439.0 366.0 437.0 359.0 456.0 354.0 Vehicle 1
512.0 345.0 492.0 352.0 489.0 345.0 509.0 338.0 Vehicle 1
593.0 578.0 587.0 582.0 578.0 566.0 584.0 562.0 Vehicle 1
691.0 530.0 684.0 535.0 674.0 522.0 680.0 517.0 Vehicle 1
798.0 514.0 780.0 523.0 776.0 515.0 794.0 506.0 Vehicle 1
795.0 481.0 790.0 486.0 778.0 472.0 783.0 468.0 Vehicle 1
808.0 473.0 801.0 479.0 788.0 465.0 795.0 459.0 Vehicle 1
871.0 458.0 855.0 472.0 849.0 465.0 865.0 451.0 Vehicle 1
937.0 388.0 926.0 402.0 920.0 397.0 931.0 383.0 Vehicle 1
998.0 293.0 991.0 308.0 983.0 304.0 990.0 289.0 Vehicle 1
972.0 271.0 971.0 277.0 949.0 272.0 950.0 265.0 Vehicle 1
969.0 279.0 967.0 286.0 945.0 282.0 947.0 275.0 Vehicle 1
961.0 289.0 959.0 296.0 939.0 292.0 941.0 284.0 Vehicle 1
718.0 34.0 713.0 39.0 702.0 27.0 707.0 23.0 Vehicle 1
706.0 38.0 702.0 43.0 689.0 33.0 693.0 28.0 Vehicle 1
178.0 438.0 158.0 444.0 156.0 437.0 176.0 431.0 Vehicle 1
128.0 452.0 107.0 458.0 105.0 450.0 126.0 445.0 Vehicle 1
162.0 89.0 157.0 93.0 146.0 82.0 151.0 77.0 Vehicle 1
152.0 96.0 147.0 100.0 134.0 87.0 139.0 83.0 Vehicle 1
231.0 247.0 222.0 250.0 217.0 235.0 226.0 232.0 Vehicle 1
157.0 221.0 139.0 222.0 139.0 215.0 156.0 215.0 Vehicle 1
961.0 499.0 958.0 503.0 945.0 495.0 948.0 490.0 Vehicle 1
866.0 536.0 862.0 542.0 846.0 532.0 851.0 525.0 Vehicle 1
858.0 545.0 854.0 549.0 842.0 540.0 846.0 535.0 Vehicle 1
777.0 590.0 772.0 594.0 762.0 581.0 767.0 577.0 Vehicle 1
767.0 598.0 762.0 601.0 753.0 588.0 758.0 584.0 Vehicle 1
735.0 613.0 726.0 617.0 719.0 601.0 727.0 597.0 Vehicle 1
723.0 617.0 717.0 621.0 706.0 606.0 713.0 601.0 Vehicle 1
398.0 975.0 388.0 975.0 389.0 959.0 398.0 959.0 Vehicle 1
387.0 959.0 384.0 976.0 374.0 974.0 377.0 958.0 Vehicle 1
315.0 955.0 308.0 971.0 299.0 967.0 306.0 951.0 Vehicle 1
297.0 962.0 293.0 975.0 285.0 972.0 289.0 959.0 Vehicle 1
636.0 798.0 623.0 804.0 620.0 799.0 634.0 792.0 Vehicle 1
644.0 806.0 630.0 813.0 627.0 806.0 640.0 799.0 Vehicle 1
661.0 178.0 659.0 184.0 638.0 177.0 641.0 170.0 Vehicle 1
661.0 337.0 657.0 343.0 642.0 334.0 647.0 327.0 Vehicle 1
