599.0 154.0 579.0 156.0 578.0 149.0 599.0 147.0 Vehicle 1
267.0 723.0 259.0 726.0 253.0 709.0 262.0 706.0 Vehicle 1
272.0 742.0 264.0 744.0 260.0 728.0 268.0 726.0 Vehicle 1
259.0 745.0 252.0 747.0 248.0 729.0 255.0 728.0 Vehicle 1
244.0 728.0 236.0 730.0 232.0 712.0 240.0 710.0 Vehicle 1
231.0 731.0 221.0 733.0 218.0 714.0 227.0 712.0 Vehicle 1
235.0 750.0 227.0 752.0 224.0 735.0 232.0 733.0 Vehicle 1
225.0 749.0 217.0 751.0 213.0 736.0 220.0 733.0 Vehicle 1
187.0 732.0 177.0 737.0 169.0 723.0 180.0 718.0 Vehicle 1
189.0 751.0 181.0 753.0 177.0 739.0 185.0 737.0 Vehicle 1
180.0 758.0 172.0 761.0 164.0 740.0 172.0 738.0 Vehicle 1
168.0 755.0 157.0 759.0 152.0 744.0 162.0 740.0 Vehicle 1
150.0 741.0 142.0 743.0 136.0 727.0 144.0 724.0 Vehicle 1
163.0 740.0 154.0 743.0 148.0 725.0 156.0 722.0 Vehicle 1
104.0 752.0 95.0 754.0 90.0 736.0 100.0 734.0 Vehicle 1
81.0 770.0 74.0 771.0 73.0 758.0 80.0 757.0 Vehicle 1
94.0 770.0 87.0 770.0 85.0 756.0 93.0 755.0 Vehicle 1
108.0 768.0 99.0 770.0 96.0 754.0 105.0 752.0 Vehicle 1
131.0 766.0 122.0 768.0 119.0 750.0 128.0 749.0 Vehicle 1
127.0 746.0 120.0 748.0 115.0 732.0 122.0 730.0 Vehicle 1
140.0 745.0 132.0 748.0 125.0 731.0 133.0 727.0 Vehicle 1
120.0 768.0 111.0 770.0 108.0 753.0 117.0 751.0 Vehicle 1
115.0 749.0 107.0 752.0 103.0 735.0 111.0 733.0 Vehicle 1
56.0 775.0 48.0 775.0 48.0 762.0 56.0 762.0 Vehicle 1
40.0 778.0 32.0 780.0 28.0 764.0 36.0 762.0 Vehicle 1
56.0 758.0 47.0 761.0 41.0 742.0 49.0 740.0 Vehicle 1
67.0 757.0 60.0 759.0 55.0 742.0 62.0 740.0 Vehicle 1
92.0 753.0 84.0 755.0 79.0 739.0 86.0 737.0 Vehicle 1
72.0 774.0 64.0 776.0 60.0 759.0 68.0 757.0 Vehicle 1
81.0 756.0 74.0 759.0 67.0 742.0 74.0 739.0 Vehicle 1
35.0 760.0 27.0 762.0 22.0 745.0 30.0 743.0 Vehicle 1
213.0 21.0 206.0 24.0 201.0 7.0 208.0 5.0 Vehicle 1
221.0 44.0 213.0 47.0 208.0 31.0 216.0 29.0 Vehicle 1
241.0 98.0 228.0 102.0 221.0 81.0 234.0 77.0 Vehicle 1
231.0 74.0 219.0 78.0 211.0 58.0 223.0 53.0 Vehicle 1
265.0 175.0 257.0 178.0 251.0 162.0 259.0 159.0 Vehicle 1
246.0 121.0 238.0 124.0 233.0 109.0 241.0 106.0 Vehicle 1
257.0 156.0 249.0 159.0 243.0 143.0 252.0 140.0 Vehicle 1
159.0 683.0 148.0 685.0 145.0 666.0 156.0 664.0 Vehicle 1
136.0 688.0 124.0 690.0 122.0 674.0 134.0 672.0 Vehicle 1
122.0 691.0 114.0 693.0 109.0 676.0 117.0 674.0 Vehicle 1
111.0 687.0 102.0 691.0 96.0 675.0 105.0 672.0 Vehicle 1
99.0 691.0 91.0 693.0 86.0 677.0 94.0 675.0 Vehicle 1
87.0 694.0 78.0 696.0 74.0 680.0 83.0 678.0 Vehicle 1
74.0 695.0 67.0 696.0 63.0 680.0 70.0 678.0 Vehicle 1
64.0 698.0 54.0 699.0 51.0 681.0 61.0 680.0 Vehicle 1
14.0 724.0 4.0 725.0 2.0 709.0 12.0 707.0 Vehicle 1
28.0 721.0 18.0 722.0 15.0 706.0 26.0 704.0 Vehicle 1
24.0 697.0 15.0 699.0 12.0 681.0 21.0 680.0 Vehicle 1
41.0 200.0 32.0 202.0 27.0 185.0 36.0 182.0 Vehicle 1
192.0 283.0 171.0 287.0 170.0 279.0 190.0 275.0 Vehicle 1
145.0 295.0 121.0 298.0 120.0 291.0 144.0 287.0 Vehicle 1
22.0 356.0 13.0 357.0 10.0 343.0 19.0 341.0 Vehicle 1
44.0 354.0 36.0 355.0 33.0 338.0 41.0 337.0 Vehicle 1
58.0 412.0 49.0 414.0 47.0 397.0 56.0 396.0 Vehicle 1
187.0 445.0 177.0 446.0 172.0 419.0 182.0 417.0 Vehicle 1
60.0 455.0 52.0 457.0 48.0 441.0 56.0 439.0 Vehicle 1
31.0 477.0 21.0 480.0 16.0 463.0 25.0 461.0 Vehicle 1
32.0 537.0 22.0 539.0 15.0 514.0 25.0 511.0 Vehicle 1
153.0 495.0 93.0 522.0 87.0 511.0 148.0 483.0 Vehicle 1
17.0 599.0 9.0 602.0 4.0 585.0 13.0 583.0 Vehicle 1
43.0 596.0 33.0 599.0 28.0 583.0 38.0 580.0 Vehicle 1
54.0 596.0 45.0 598.0 39.0 578.0 49.0 575.0 Vehicle 1
96.0 572.0 88.0 576.0 82.0 561.0 90.0 557.0 Vehicle 1
46.0 610.0 26.0 613.0 25.0 605.0 45.0 603.0 Vehicle 1
198.0 635.0 188.0 637.0 183.0 617.0 193.0 615.0 Vehicle 1
115.0 647.0 105.0 649.0 101.0 626.0 111.0 624.0 Vehicle 1
99.0 630.0 90.0 632.0 87.0 618.0 96.0 616.0 Vehicle 1
88.0 633.0 79.0 636.0 74.0 618.0 83.0 616.0 Vehicle 1
75.0 636.0 66.0 638.0 63.0 620.0 73.0 618.0 Vehicle 1
67.0 651.0 59.0 653.0 54.0 637.0 62.0 634.0 Vehicle 1
50.0 638.0 41.0 640.0 38.0 625.0 47.0 623.0 Vehicle 1
41.0 641.0 31.0 644.0 27.0 628.0 37.0 625.0 Vehicle 1
56.0 656.0 46.0 658.0 43.0 642.0 52.0 640.0 Vehicle 1
43.0 657.0 35.0 659.0 32.0 644.0 40.0 643.0 Vehicle 1
16.0 640.0 7.0 641.0 5.0 625.0 14.0 624.0 Vehicle 1
33.0 659.0 22.0 662.0 17.0 641.0 28.0 638.0 Vehicle 1
21.0 660.0 12.0 661.0 10.0 644.0 19.0 643.0 Vehicle 1
150.0 702.0 141.0 704.0 138.0 687.0 146.0 686.0 Vehicle 1
79.0 713.0 69.0 715.0 65.0 698.0 75.0 696.0 Vehicle 1
217.0 753.0 203.0 756.0 194.0 720.0 208.0 716.0 Vehicle 1
260.0 788.0 251.0 790.0 247.0 773.0 256.0 771.0 Vehicle 1
248.0 792.0 239.0 794.0 235.0 775.0 244.0 773.0 Vehicle 1
283.0 787.0 275.0 789.0 271.0 770.0 279.0 769.0 Vehicle 1
308.0 781.0 299.0 784.0 292.0 766.0 301.0 762.0 Vehicle 1
331.0 676.0 311.0 680.0 310.0 673.0 330.0 668.0 Vehicle 1
341.0 703.0 320.0 707.0 318.0 700.0 340.0 696.0 Vehicle 1
233.0 687.0 225.0 690.0 219.0 673.0 226.0 670.0 Vehicle 1
210.0 694.0 200.0 696.0 196.0 679.0 207.0 676.0 Vehicle 1
215.0 674.0 207.0 676.0 203.0 659.0 212.0 657.0 Vehicle 1
204.0 675.0 196.0 677.0 192.0 661.0 200.0 659.0 Vehicle 1
185.0 695.0 176.0 697.0 172.0 680.0 181.0 678.0 Vehicle 1
162.0 700.0 154.0 702.0 151.0 687.0 159.0 686.0 Vehicle 1
126.0 706.0 119.0 708.0 116.0 693.0 123.0 691.0 Vehicle 1
102.0 707.0 95.0 709.0 90.0 694.0 97.0 692.0 Vehicle 1
91.0 710.0 82.0 712.0 79.0 696.0 87.0 694.0 Vehicle 1
66.0 712.0 59.0 714.0 56.0 700.0 63.0 699.0 Vehicle 1
47.0 719.0 34.0 722.0 26.0 686.0 39.0 683.0 Vehicle 1
31.0 255.0 23.0 256.0 22.0 248.0 29.0 247.0 Vehicle 1
56.0 259.0 47.0 261.0 44.0 245.0 52.0 243.0 Vehicle 1
310.0 605.0 288.0 607.0 287.0 598.0 310.0 597.0 Vehicle 1
600.0 744.0 580.0 748.0 579.0 738.0 600.0 735.0 Vehicle 1
190.0 297.0 166.0 303.0 164.0 294.0 188.0 289.0 Vehicle 1
105.0 343.0 95.0 345.0 92.0 332.0 102.0 330.0 Vehicle 1
