44.0 5.0 42.0 14.0 18.0 9.0 20.0 0.0 Vehicle 1
20.0 15.0 19.0 32.0 10.0 32.0 11.0 14.0 Vehicle 1
136.0 26.0 114.0 27.0 113.0 20.0 135.0 18.0 Vehicle 1
395.0 137.0 371.0 136.0 371.0 128.0 395.0 130.0 Vehicle 1
458.0 88.0 449.0 88.0 449.0 72.0 458.0 71.0 Vehicle 1
468.0 96.0 459.0 96.0 459.0 80.0 468.0 80.0 Vehicle 1
480.0 155.0 479.0 162.0 454.0 159.0 455.0 152.0 Vehicle 1
166.0 40.0 159.0 46.0 146.0 31.0 153.0 25.0 Vehicle 1
559.0 32.0 558.0 49.0 549.0 48.0 550.0 31.0 Vehicle 1
713.0 70.0 711.0 78.0 689.0 72.0 691.0 64.0 Vehicle 1
930.0 134.0 928.0 152.0 917.0 151.0 918.0 133.0 Vehicle 1
996.0 138.0 995.0 156.0 986.0 155.0 987.0 137.0 Vehicle 1
960.0 165.0 959.0 174.0 937.0 173.0 937.0 164.0 Vehicle 1
913.0 190.0 888.0 189.0 888.0 181.0 913.0 182.0 Vehicle 1
345.0 182.0 332.0 182.0 332.0 163.0 345.0 163.0 Vehicle 1
466.0 335.0 464.0 357.0 451.0 356.0 453.0 334.0 Vehicle 1
516.0 348.0 513.0 385.0 501.0 384.0 503.0 347.0 Vehicle 1
531.0 342.0 530.0 373.0 517.0 372.0 519.0 341.0 Vehicle 1
414.0 364.0 410.0 389.0 398.0 387.0 402.0 362.0 Vehicle 1
443.0 429.0 413.0 428.0 413.0 418.0 443.0 419.0 Vehicle 1
363.0 466.0 350.0 467.0 349.0 447.0 362.0 446.0 Vehicle 1
531.0 498.0 512.0 499.0 511.0 453.0 530.0 453.0 Vehicle 1
448.0 331.0 447.0 359.0 434.0 359.0 435.0 331.0 Vehicle 1
532.0 452.0 520.0 452.0 520.0 421.0 532.0 421.0 Vehicle 1
397.0 519.0 384.0 519.0 382.0 442.0 395.0 441.0 Vehicle 1
366.0 559.0 355.0 560.0 353.0 537.0 364.0 536.0 Vehicle 1
410.0 572.0 399.0 572.0 400.0 551.0 410.0 551.0 Vehicle 1
426.0 564.0 416.0 564.0 416.0 547.0 426.0 547.0 Vehicle 1
446.0 564.0 437.0 564.0 437.0 547.0 446.0 547.0 Vehicle 1
457.0 564.0 447.0 564.0 447.0 544.0 457.0 544.0 Vehicle 1
470.0 567.0 461.0 567.0 461.0 551.0 470.0 551.0 Vehicle 1
485.0 566.0 476.0 567.0 474.0 547.0 484.0 547.0 Vehicle 1
495.0 475.0 483.0 508.0 469.0 502.0 481.0 470.0 Vehicle 1
812.0 597.0 803.0 597.0 803.0 577.0 812.0 577.0 Vehicle 1
877.0 530.0 875.0 550.0 865.0 549.0 866.0 529.0 Vehicle 1
932.0 584.0 923.0 584.0 923.0 565.0 932.0 565.0 Vehicle 1
877.0 411.0 856.0 411.0 856.0 404.0 876.0 404.0 Vehicle 1
874.0 440.0 850.0 439.0 850.0 430.0 874.0 430.0 Vehicle 1
875.0 467.0 874.0 475.0 852.0 473.0 853.0 466.0 Vehicle 1
990.0 553.0 981.0 552.0 981.0 533.0 990.0 533.0 Vehicle 1
1002.0 567.0 1001.0 574.0 981.0 569.0 982.0 563.0 Vehicle 1
1002.0 576.0 1001.0 583.0 979.0 578.0 980.0 572.0 Vehicle 1
1000.0 592.0 979.0 590.0 979.0 583.0 1000.0 585.0 Vehicle 1
1000.0 564.0 992.0 564.0 991.0 532.0 1000.0 531.0 Vehicle 1
1000.0 466.0 985.0 466.0 985.0 457.0 1000.0 457.0 Vehicle 1
41.0 830.0 7.0 833.0 6.0 823.0 40.0 820.0 Vehicle 1
34.0 896.0 0.0 894.0 0.0 883.0 34.0 885.0 Vehicle 1
26.0 937.0 0.0 938.0 0.0 929.0 26.0 928.0 Vehicle 1
234.0 826.0 224.0 826.0 224.0 809.0 234.0 809.0 Vehicle 1
206.0 975.0 193.0 976.0 192.0 940.0 205.0 940.0 Vehicle 1
223.0 979.0 212.0 979.0 211.0 949.0 222.0 948.0 Vehicle 1
543.0 783.0 519.0 783.0 519.0 776.0 543.0 776.0 Vehicle 1
505.0 818.0 496.0 818.0 495.0 798.0 504.0 798.0 Vehicle 1
519.0 823.0 507.0 823.0 507.0 803.0 518.0 802.0 Vehicle 1
636.0 821.0 573.0 820.0 573.0 808.0 636.0 810.0 Vehicle 1
693.0 752.0 692.0 773.0 680.0 773.0 681.0 751.0 Vehicle 1
718.0 773.0 706.0 773.0 706.0 754.0 718.0 754.0 Vehicle 1
675.0 753.0 674.0 770.0 662.0 769.0 664.0 752.0 Vehicle 1
899.0 835.0 890.0 835.0 889.0 815.0 898.0 814.0 Vehicle 1
924.0 771.0 906.0 773.0 905.0 766.0 923.0 764.0 Vehicle 1
