501.0 800.0 482.0 800.0 482.0 793.0 501.0 793.0 Vehicle 1
503.0 792.0 482.0 793.0 482.0 785.0 503.0 784.0 Vehicle 1
501.0 782.0 482.0 783.0 482.0 775.0 501.0 774.0 Vehicle 1
501.0 773.0 479.0 773.0 479.0 765.0 501.0 765.0 Vehicle 1
502.0 765.0 482.0 764.0 482.0 757.0 502.0 758.0 Vehicle 1
504.0 748.0 503.0 756.0 483.0 756.0 484.0 747.0 Vehicle 1
595.0 754.0 584.0 766.0 578.0 761.0 589.0 749.0 Vehicle 1
578.0 755.0 567.0 768.0 561.0 763.0 572.0 750.0 Vehicle 1
595.0 739.0 584.0 753.0 577.0 747.0 588.0 734.0 Vehicle 1
580.0 741.0 569.0 753.0 562.0 746.0 573.0 734.0 Vehicle 1
577.0 707.0 571.0 713.0 559.0 701.0 566.0 695.0 Vehicle 1
593.0 708.0 586.0 713.0 575.0 700.0 581.0 695.0 Vehicle 1
593.0 692.0 586.0 698.0 575.0 685.0 582.0 679.0 Vehicle 1
580.0 692.0 575.0 697.0 563.0 687.0 568.0 682.0 Vehicle 1
598.0 146.0 590.0 149.0 583.0 134.0 591.0 130.0 Vehicle 1
587.0 146.0 579.0 151.0 568.0 135.0 576.0 129.0 Vehicle 1
491.0 231.0 470.0 232.0 470.0 225.0 491.0 224.0 Vehicle 1
489.0 251.0 471.0 250.0 471.0 242.0 489.0 242.0 Vehicle 1
492.0 315.0 469.0 316.0 469.0 308.0 492.0 307.0 Vehicle 1
492.0 333.0 470.0 334.0 470.0 326.0 491.0 325.0 Vehicle 1
488.0 352.0 466.0 352.0 466.0 344.0 488.0 344.0 Vehicle 1
485.0 361.0 465.0 361.0 464.0 354.0 485.0 354.0 Vehicle 1
538.0 406.0 537.0 427.0 526.0 426.0 527.0 406.0 Vehicle 1
487.0 428.0 466.0 429.0 466.0 421.0 487.0 420.0 Vehicle 1
490.0 439.0 468.0 440.0 468.0 432.0 490.0 430.0 Vehicle 1
485.0 458.0 465.0 459.0 465.0 450.0 485.0 449.0 Vehicle 1
537.0 500.0 528.0 500.0 528.0 484.0 537.0 484.0 Vehicle 1
539.0 461.0 538.0 476.0 528.0 476.0 529.0 460.0 Vehicle 1
539.0 523.0 529.0 523.0 529.0 506.0 539.0 506.0 Vehicle 1
493.0 538.0 471.0 538.0 471.0 530.0 493.0 529.0 Vehicle 1
499.0 573.0 481.0 574.0 480.0 566.0 499.0 565.0 Vehicle 1
497.0 588.0 477.0 590.0 476.0 582.0 497.0 580.0 Vehicle 1
498.0 607.0 479.0 609.0 479.0 601.0 498.0 600.0 Vehicle 1
538.0 613.0 528.0 613.0 528.0 595.0 538.0 595.0 Vehicle 1
539.0 635.0 531.0 635.0 530.0 619.0 538.0 619.0 Vehicle 1
499.0 662.0 482.0 663.0 481.0 656.0 498.0 655.0 Vehicle 1
502.0 692.0 479.0 692.0 479.0 682.0 502.0 683.0 Vehicle 1
501.0 709.0 480.0 709.0 480.0 701.0 501.0 701.0 Vehicle 1
501.0 718.0 480.0 719.0 479.0 711.0 501.0 710.0 Vehicle 1
501.0 719.0 500.0 727.0 481.0 727.0 481.0 719.0 Vehicle 1
506.0 737.0 478.0 737.0 478.0 728.0 506.0 729.0 Vehicle 1
593.0 642.0 583.0 654.0 576.0 649.0 586.0 637.0 Vehicle 1
123.0 622.0 104.0 623.0 104.0 616.0 123.0 615.0 Vehicle 1
120.0 613.0 101.0 614.0 101.0 607.0 119.0 606.0 Vehicle 1
123.0 593.0 102.0 595.0 101.0 586.0 122.0 584.0 Vehicle 1
183.0 611.0 161.0 612.0 160.0 604.0 182.0 602.0 Vehicle 1
180.0 602.0 159.0 603.0 159.0 595.0 180.0 594.0 Vehicle 1
179.0 566.0 156.0 567.0 156.0 557.0 179.0 557.0 Vehicle 1
182.0 547.0 159.0 549.0 158.0 539.0 181.0 537.0 Vehicle 1
124.0 567.0 101.0 569.0 101.0 560.0 123.0 558.0 Vehicle 1
119.0 540.0 99.0 541.0 99.0 532.0 119.0 532.0 Vehicle 1
119.0 530.0 102.0 532.0 101.0 523.0 118.0 521.0 Vehicle 1
179.0 497.0 160.0 498.0 160.0 490.0 179.0 489.0 Vehicle 1
181.0 489.0 159.0 490.0 159.0 482.0 180.0 481.0 Vehicle 1
177.0 480.0 158.0 480.0 158.0 472.0 177.0 472.0 Vehicle 1
177.0 471.0 157.0 471.0 157.0 463.0 176.0 463.0 Vehicle 1
120.0 480.0 101.0 482.0 101.0 474.0 120.0 472.0 Vehicle 1
122.0 455.0 103.0 456.0 103.0 448.0 121.0 446.0 Vehicle 1
180.0 461.0 159.0 462.0 159.0 454.0 179.0 453.0 Vehicle 1
178.0 452.0 158.0 453.0 158.0 445.0 177.0 444.0 Vehicle 1
177.0 434.0 157.0 435.0 156.0 428.0 177.0 426.0 Vehicle 1
123.0 446.0 101.0 446.0 100.0 437.0 122.0 437.0 Vehicle 1
117.0 417.0 98.0 418.0 98.0 411.0 116.0 410.0 Vehicle 1
177.0 406.0 157.0 407.0 156.0 399.0 177.0 398.0 Vehicle 1
178.0 423.0 159.0 426.0 158.0 417.0 176.0 414.0 Vehicle 1
120.0 399.0 100.0 400.0 100.0 391.0 119.0 389.0 Vehicle 1
122.0 372.0 102.0 373.0 102.0 365.0 122.0 365.0 Vehicle 1
178.0 367.0 156.0 369.0 156.0 361.0 178.0 360.0 Vehicle 1
177.0 359.0 158.0 360.0 157.0 353.0 176.0 352.0 Vehicle 1
177.0 342.0 155.0 342.0 155.0 334.0 177.0 334.0 Vehicle 1
179.0 332.0 156.0 333.0 156.0 324.0 179.0 323.0 Vehicle 1
178.0 322.0 158.0 323.0 158.0 314.0 178.0 314.0 Vehicle 1
179.0 313.0 160.0 313.0 160.0 306.0 179.0 306.0 Vehicle 1
180.0 304.0 160.0 305.0 159.0 297.0 179.0 296.0 Vehicle 1
220.0 15.0 210.0 15.0 211.0 0.0 220.0 0.0 Vehicle 1
209.0 31.0 199.0 32.0 197.0 16.0 208.0 15.0 Vehicle 1
119.0 44.0 110.0 43.0 111.0 30.0 119.0 30.0 Vehicle 1
