192.0 300.0 174.0 300.0 174.0 294.0 192.0 294.0 Vehicle 1
71.0 353.0 66.0 358.0 54.0 346.0 59.0 341.0 Vehicle 1
938.0 985.0 933.0 990.0 919.0 978.0 924.0 973.0 Vehicle 1
922.0 971.0 917.0 976.0 903.0 963.0 908.0 958.0 Vehicle 1
901.0 953.0 896.0 960.0 879.0 946.0 884.0 940.0 Vehicle 1
873.0 936.0 869.0 942.0 855.0 931.0 859.0 925.0 Vehicle 1
247.0 845.0 240.0 850.0 228.0 835.0 235.0 829.0 Vehicle 1
224.0 841.0 220.0 846.0 206.0 834.0 211.0 829.0 Vehicle 1
206.0 824.0 202.0 828.0 191.0 817.0 195.0 813.0 Vehicle 1
194.0 811.0 189.0 815.0 178.0 804.0 182.0 799.0 Vehicle 1
176.0 792.0 172.0 797.0 161.0 786.0 166.0 782.0 Vehicle 1
152.0 771.0 149.0 775.0 136.0 763.0 140.0 759.0 Vehicle 1
75.0 939.0 68.0 944.0 58.0 931.0 65.0 926.0 Vehicle 1
59.0 946.0 53.0 951.0 43.0 937.0 49.0 932.0 Vehicle 1
49.0 951.0 43.0 956.0 34.0 944.0 40.0 939.0 Vehicle 1
39.0 956.0 34.0 960.0 25.0 947.0 31.0 944.0 Vehicle 1
30.0 961.0 24.0 965.0 15.0 951.0 21.0 947.0 Vehicle 1
21.0 966.0 15.0 970.0 8.0 958.0 14.0 955.0 Vehicle 1
76.0 994.0 70.0 998.0 61.0 984.0 68.0 980.0 Vehicle 1
85.0 990.0 80.0 993.0 70.0 979.0 75.0 976.0 Vehicle 1
12.0 971.0 7.0 974.0 0.0 964.0 4.0 961.0 Vehicle 1
