178.0 187.0 156.0 187.0 156.0 180.0 178.0 180.0 Vehicle 1
115.0 185.0 96.0 185.0 96.0 178.0 115.0 178.0 Vehicle 1
111.0 194.0 90.0 193.0 91.0 187.0 111.0 188.0 Vehicle 1
107.0 196.0 106.0 203.0 83.0 203.0 83.0 196.0 Vehicle 1
59.0 291.0 49.0 292.0 49.0 274.0 59.0 274.0 Vehicle 1
16.0 335.0 6.0 335.0 6.0 316.0 16.0 316.0 Vehicle 1
61.0 452.0 52.0 452.0 52.0 436.0 61.0 436.0 Vehicle 1
62.0 526.0 52.0 526.0 52.0 509.0 61.0 508.0 Vehicle 1
14.0 526.0 4.0 526.0 4.0 508.0 14.0 508.0 Vehicle 1
16.0 528.0 15.0 549.0 4.0 549.0 5.0 528.0 Vehicle 1
171.0 790.0 159.0 791.0 157.0 770.0 169.0 769.0 Vehicle 1
135.0 785.0 128.0 792.0 108.0 775.0 115.0 768.0 Vehicle 1
132.0 761.0 105.0 760.0 105.0 752.0 132.0 753.0 Vehicle 1
129.0 747.0 104.0 747.0 104.0 739.0 129.0 739.0 Vehicle 1
132.0 733.0 108.0 735.0 108.0 728.0 131.0 727.0 Vehicle 1
125.0 725.0 105.0 726.0 105.0 720.0 124.0 718.0 Vehicle 1
125.0 717.0 104.0 718.0 104.0 712.0 124.0 711.0 Vehicle 1
164.0 595.0 162.0 611.0 154.0 610.0 156.0 595.0 Vehicle 1
321.0 635.0 317.0 646.0 311.0 644.0 316.0 633.0 Vehicle 1
328.0 636.0 323.0 648.0 317.0 646.0 322.0 633.0 Vehicle 1
259.0 600.0 249.0 600.0 249.0 585.0 258.0 584.0 Vehicle 1
295.0 602.0 272.0 608.0 270.0 601.0 293.0 594.0 Vehicle 1
423.0 700.0 395.0 699.0 395.0 692.0 423.0 692.0 Vehicle 1
435.0 691.0 411.0 691.0 411.0 682.0 435.0 683.0 Vehicle 1
429.0 670.0 405.0 670.0 405.0 662.0 429.0 662.0 Vehicle 1
561.0 553.0 559.0 570.0 550.0 569.0 553.0 552.0 Vehicle 1
593.0 460.0 584.0 460.0 584.0 445.0 593.0 445.0 Vehicle 1
427.0 95.0 404.0 95.0 404.0 87.0 427.0 87.0 Vehicle 1
396.0 80.0 395.0 89.0 367.0 88.0 368.0 79.0 Vehicle 1
356.0 88.0 330.0 87.0 330.0 79.0 356.0 80.0 Vehicle 1
229.0 762.0 214.0 763.0 211.0 713.0 226.0 712.0 Vehicle 1
