659.0 590.0 655.0 598.0 638.0 590.0 642.0 582.0 Vehicle 1
678.0 585.0 674.0 594.0 651.0 583.0 655.0 574.0 Vehicle 1
648.0 572.0 645.0 579.0 627.0 571.0 630.0 563.0 Vehicle 1
96.0 9.0 93.0 15.0 75.0 6.0 78.0 0.0 Vehicle 1
114.0 18.0 112.0 23.0 96.0 15.0 98.0 10.0 Vehicle 1
137.0 28.0 134.0 34.0 114.0 25.0 117.0 18.0 Vehicle 1
33.0 14.0 30.0 20.0 10.0 11.0 13.0 5.0 Vehicle 1
58.0 24.0 55.0 30.0 33.0 21.0 36.0 15.0 Vehicle 1
81.0 33.0 78.0 40.0 60.0 32.0 63.0 25.0 Vehicle 1
101.0 43.0 99.0 49.0 89.0 45.0 91.0 38.0 Vehicle 1
121.0 51.0 118.0 58.0 100.0 49.0 103.0 43.0 Vehicle 1
142.0 60.0 139.0 67.0 122.0 59.0 125.0 52.0 Vehicle 1
184.0 47.0 181.0 52.0 170.0 46.0 173.0 41.0 Vehicle 1
209.0 57.0 206.0 63.0 190.0 55.0 193.0 49.0 Vehicle 1
201.0 85.0 198.0 92.0 184.0 85.0 187.0 78.0 Vehicle 1
221.0 93.0 218.0 99.0 200.0 91.0 202.0 85.0 Vehicle 1
242.0 102.0 240.0 108.0 225.0 102.0 228.0 96.0 Vehicle 1
293.0 93.0 290.0 98.0 273.0 89.0 276.0 83.0 Vehicle 1
434.0 168.0 432.0 175.0 414.0 168.0 417.0 161.0 Vehicle 1
416.0 174.0 412.0 183.0 385.0 170.0 389.0 162.0 Vehicle 1
426.0 147.0 423.0 154.0 414.0 149.0 417.0 143.0 Vehicle 1
447.0 157.0 444.0 163.0 426.0 154.0 429.0 148.0 Vehicle 1
463.0 164.0 460.0 169.0 447.0 163.0 450.0 157.0 Vehicle 1
491.0 175.0 487.0 183.0 468.0 173.0 472.0 166.0 Vehicle 1
543.0 198.0 541.0 203.0 523.0 196.0 525.0 190.0 Vehicle 1
572.0 226.0 570.0 231.0 553.0 223.0 555.0 218.0 Vehicle 1
533.0 224.0 530.0 230.0 518.0 224.0 521.0 218.0 Vehicle 1
66.0 370.0 60.0 381.0 29.0 366.0 34.0 355.0 Vehicle 1
100.0 353.0 96.0 362.0 65.0 348.0 69.0 339.0 Vehicle 1
67.0 339.0 63.0 348.0 25.0 332.0 29.0 323.0 Vehicle 1
125.0 345.0 121.0 353.0 101.0 343.0 105.0 335.0 Vehicle 1
144.0 354.0 141.0 360.0 125.0 352.0 128.0 346.0 Vehicle 1
136.0 373.0 134.0 379.0 116.0 371.0 118.0 366.0 Vehicle 1
161.0 391.0 158.0 399.0 137.0 390.0 139.0 383.0 Vehicle 1
247.0 385.0 244.0 391.0 197.0 370.0 201.0 364.0 Vehicle 1
225.0 386.0 223.0 394.0 206.0 388.0 209.0 380.0 Vehicle 1
254.0 400.0 251.0 408.0 229.0 398.0 233.0 390.0 Vehicle 1
197.0 399.0 195.0 404.0 184.0 399.0 187.0 393.0 Vehicle 1
264.0 425.0 261.0 432.0 240.0 424.0 243.0 416.0 Vehicle 1
291.0 416.0 288.0 422.0 272.0 414.0 275.0 408.0 Vehicle 1
359.0 462.0 355.0 471.0 318.0 455.0 322.0 445.0 Vehicle 1
386.0 490.0 383.0 496.0 365.0 489.0 368.0 482.0 Vehicle 1
395.0 512.0 391.0 519.0 371.0 510.0 374.0 503.0 Vehicle 1
296.0 471.0 294.0 477.0 282.0 472.0 285.0 466.0 Vehicle 1
467.0 506.0 464.0 514.0 428.0 499.0 432.0 491.0 Vehicle 1
429.0 513.0 426.0 520.0 406.0 512.0 409.0 505.0 Vehicle 1
417.0 523.0 414.0 529.0 395.0 519.0 398.0 513.0 Vehicle 1
463.0 519.0 460.0 526.0 441.0 519.0 444.0 511.0 Vehicle 1
485.0 539.0 481.0 549.0 440.0 530.0 444.0 521.0 Vehicle 1
552.0 566.0 533.0 570.0 532.0 562.0 551.0 559.0 Vehicle 1
637.0 580.0 634.0 589.0 612.0 582.0 615.0 573.0 Vehicle 1
596.0 502.0 589.0 515.0 582.0 511.0 589.0 498.0 Vehicle 1
625.0 495.0 610.0 517.0 602.0 512.0 617.0 490.0 Vehicle 1
593.0 487.0 582.0 503.0 574.0 498.0 585.0 482.0 Vehicle 1
578.0 464.0 564.0 486.0 556.0 481.0 570.0 459.0 Vehicle 1
592.0 444.0 583.0 459.0 575.0 455.0 585.0 440.0 Vehicle 1
616.0 417.0 600.0 441.0 591.0 434.0 607.0 410.0 Vehicle 1
638.0 385.0 621.0 410.0 612.0 403.0 629.0 379.0 Vehicle 1
662.0 354.0 645.0 376.0 636.0 369.0 652.0 347.0 Vehicle 1
680.0 328.0 665.0 349.0 656.0 342.0 671.0 321.0 Vehicle 1
728.0 348.0 696.0 395.0 686.0 388.0 719.0 341.0 Vehicle 1
747.0 236.0 733.0 257.0 724.0 250.0 738.0 230.0 Vehicle 1
770.0 246.0 760.0 260.0 753.0 256.0 763.0 241.0 Vehicle 1
792.0 254.0 784.0 267.0 777.0 262.0 785.0 249.0 Vehicle 1
785.0 227.0 774.0 241.0 767.0 235.0 778.0 222.0 Vehicle 1
782.0 208.0 772.0 224.0 764.0 219.0 774.0 203.0 Vehicle 1
773.0 195.0 764.0 209.0 758.0 206.0 767.0 191.0 Vehicle 1
797.0 189.0 786.0 203.0 779.0 198.0 791.0 184.0 Vehicle 1
759.0 215.0 751.0 226.0 745.0 221.0 753.0 210.0 Vehicle 1
792.0 171.0 781.0 185.0 775.0 180.0 785.0 166.0 Vehicle 1
