368.0 73.0 363.0 78.0 353.0 66.0 359.0 61.0 Vehicle 1
477.0 654.0 460.0 658.0 458.0 652.0 475.0 648.0 Vehicle 1
479.0 663.0 462.0 666.0 461.0 659.0 477.0 656.0 Vehicle 1
482.0 671.0 465.0 675.0 464.0 668.0 481.0 664.0 Vehicle 1
486.0 679.0 467.0 683.0 465.0 676.0 484.0 672.0 Vehicle 1
490.0 696.0 473.0 700.0 471.0 693.0 489.0 689.0 Vehicle 1
493.0 704.0 476.0 709.0 474.0 702.0 491.0 697.0 Vehicle 1
495.0 713.0 477.0 717.0 475.0 710.0 494.0 706.0 Vehicle 1
498.0 720.0 480.0 724.0 479.0 718.0 497.0 714.0 Vehicle 1
501.0 728.0 485.0 732.0 483.0 726.0 500.0 722.0 Vehicle 1
504.0 737.0 488.0 740.0 487.0 734.0 503.0 731.0 Vehicle 1
505.0 746.0 489.0 751.0 486.0 745.0 503.0 740.0 Vehicle 1
508.0 755.0 493.0 758.0 492.0 752.0 507.0 749.0 Vehicle 1
510.0 763.0 495.0 766.0 493.0 760.0 509.0 757.0 Vehicle 1
515.0 772.0 497.0 776.0 496.0 769.0 513.0 765.0 Vehicle 1
479.0 827.0 462.0 830.0 461.0 824.0 478.0 821.0 Vehicle 1
473.0 811.0 457.0 815.0 455.0 808.0 471.0 804.0 Vehicle 1
470.0 802.0 454.0 805.0 453.0 798.0 469.0 795.0 Vehicle 1
467.0 793.0 449.0 795.0 448.0 789.0 467.0 787.0 Vehicle 1
464.0 785.0 448.0 788.0 446.0 782.0 463.0 778.0 Vehicle 1
462.0 777.0 443.0 780.0 442.0 772.0 461.0 769.0 Vehicle 1
457.0 757.0 441.0 761.0 440.0 754.0 455.0 750.0 Vehicle 1
458.0 748.0 439.0 753.0 438.0 746.0 456.0 741.0 Vehicle 1
449.0 741.0 436.0 744.0 435.0 737.0 448.0 734.0 Vehicle 1
443.0 718.0 432.0 719.0 431.0 711.0 442.0 710.0 Vehicle 1
441.0 707.0 423.0 712.0 421.0 706.0 439.0 701.0 Vehicle 1
435.0 699.0 420.0 703.0 419.0 697.0 433.0 693.0 Vehicle 1
433.0 691.0 417.0 695.0 416.0 688.0 432.0 684.0 Vehicle 1
428.0 683.0 412.0 687.0 410.0 681.0 427.0 676.0 Vehicle 1
429.0 673.0 409.0 678.0 408.0 673.0 427.0 668.0 Vehicle 1
426.0 665.0 413.0 668.0 412.0 662.0 425.0 659.0 Vehicle 1
420.0 229.0 407.0 241.0 402.0 236.0 415.0 223.0 Vehicle 1
411.0 223.0 399.0 235.0 394.0 230.0 406.0 218.0 Vehicle 1
394.0 213.0 383.0 224.0 379.0 219.0 390.0 208.0 Vehicle 1
354.0 206.0 349.0 211.0 338.0 201.0 343.0 196.0 Vehicle 1
348.0 213.0 343.0 218.0 331.0 206.0 336.0 201.0 Vehicle 1
340.0 218.0 334.0 223.0 322.0 212.0 327.0 206.0 Vehicle 1
309.0 241.0 305.0 247.0 290.0 236.0 295.0 230.0 Vehicle 1
292.0 252.0 286.0 257.0 274.0 245.0 280.0 239.0 Vehicle 1
272.0 213.0 267.0 218.0 255.0 207.0 260.0 202.0 Vehicle 1
321.0 174.0 316.0 179.0 305.0 169.0 310.0 164.0 Vehicle 1
330.0 168.0 325.0 173.0 311.0 161.0 316.0 156.0 Vehicle 1
346.0 157.0 340.0 162.0 328.0 148.0 333.0 143.0 Vehicle 1
392.0 153.0 381.0 166.0 375.0 160.0 387.0 148.0 Vehicle 1
415.0 171.0 405.0 182.0 400.0 177.0 410.0 166.0 Vehicle 1
440.0 187.0 429.0 199.0 423.0 194.0 435.0 182.0 Vehicle 1
448.0 192.0 437.0 206.0 430.0 200.0 442.0 187.0 Vehicle 1
456.0 198.0 445.0 211.0 439.0 206.0 450.0 193.0 Vehicle 1
463.0 204.0 453.0 217.0 447.0 212.0 457.0 199.0 Vehicle 1
478.0 241.0 475.0 247.0 460.0 239.0 463.0 234.0 Vehicle 1
407.0 347.0 390.0 347.0 390.0 340.0 406.0 340.0 Vehicle 1
407.0 337.0 388.0 338.0 388.0 331.0 407.0 330.0 Vehicle 1
406.0 327.0 388.0 329.0 387.0 322.0 405.0 320.0 Vehicle 1
411.0 310.0 391.0 311.0 391.0 302.0 411.0 301.0 Vehicle 1
411.0 286.0 410.0 293.0 395.0 292.0 395.0 285.0 Vehicle 1
419.0 268.0 418.0 276.0 399.0 272.0 400.0 265.0 Vehicle 1
419.0 259.0 418.0 265.0 401.0 263.0 402.0 257.0 Vehicle 1
420.0 251.0 419.0 258.0 402.0 255.0 403.0 248.0 Vehicle 1
462.0 265.0 461.0 271.0 446.0 269.0 446.0 263.0 Vehicle 1
463.0 275.0 462.0 281.0 445.0 279.0 445.0 273.0 Vehicle 1
455.0 305.0 444.0 305.0 444.0 299.0 455.0 300.0 Vehicle 1
460.0 297.0 445.0 297.0 445.0 291.0 460.0 291.0 Vehicle 1
452.0 316.0 439.0 315.0 439.0 309.0 452.0 310.0 Vehicle 1
451.0 325.0 439.0 325.0 439.0 319.0 451.0 319.0 Vehicle 1
458.0 335.0 438.0 336.0 437.0 329.0 457.0 328.0 Vehicle 1
458.0 345.0 439.0 345.0 439.0 338.0 458.0 338.0 Vehicle 1
456.0 353.0 438.0 356.0 437.0 349.0 455.0 347.0 Vehicle 1
459.0 362.0 443.0 364.0 442.0 357.0 458.0 355.0 Vehicle 1
463.0 371.0 446.0 372.0 445.0 365.0 462.0 364.0 Vehicle 1
463.0 379.0 443.0 381.0 442.0 374.0 462.0 371.0 Vehicle 1
470.0 387.0 453.0 391.0 451.0 383.0 468.0 379.0 Vehicle 1
538.0 605.0 521.0 609.0 520.0 602.0 537.0 598.0 Vehicle 1
536.0 596.0 515.0 600.0 514.0 592.0 534.0 588.0 Vehicle 1
532.0 588.0 515.0 591.0 513.0 584.0 531.0 580.0 Vehicle 1
531.0 578.0 513.0 583.0 512.0 576.0 529.0 571.0 Vehicle 1
527.0 570.0 512.0 573.0 511.0 567.0 526.0 564.0 Vehicle 1
521.0 554.0 505.0 558.0 504.0 551.0 520.0 547.0 Vehicle 1
521.0 547.0 498.0 551.0 496.0 543.0 519.0 539.0 Vehicle 1
515.0 539.0 500.0 542.0 498.0 535.0 513.0 531.0 Vehicle 1
515.0 529.0 498.0 533.0 497.0 526.0 513.0 523.0 Vehicle 1
512.0 520.0 493.0 525.0 491.0 517.0 510.0 513.0 Vehicle 1
492.0 463.0 475.0 467.0 473.0 460.0 490.0 456.0 Vehicle 1
489.0 456.0 469.0 460.0 468.0 453.0 487.0 450.0 Vehicle 1
486.0 448.0 468.0 452.0 467.0 445.0 484.0 441.0 Vehicle 1
482.0 437.0 468.0 440.0 467.0 434.0 481.0 432.0 Vehicle 1
455.0 497.0 430.0 503.0 428.0 494.0 453.0 488.0 Vehicle 1
458.0 507.0 433.0 513.0 431.0 503.0 455.0 497.0 Vehicle 1
466.0 529.0 452.0 533.0 449.0 526.0 463.0 522.0 Vehicle 1
467.0 539.0 455.0 542.0 453.0 535.0 465.0 532.0 Vehicle 1
468.0 558.0 451.0 561.0 450.0 554.0 467.0 551.0 Vehicle 1
472.0 564.0 455.0 568.0 453.0 562.0 470.0 557.0 Vehicle 1
368.0 330.0 350.0 329.0 350.0 321.0 368.0 322.0 Vehicle 1
365.0 346.0 348.0 347.0 348.0 340.0 365.0 339.0 Vehicle 1
369.0 381.0 352.0 384.0 351.0 377.0 368.0 374.0 Vehicle 1
390.0 430.0 376.0 435.0 373.0 428.0 388.0 424.0 Vehicle 1
394.0 440.0 378.0 445.0 376.0 438.0 392.0 434.0 Vehicle 1
396.0 449.0 381.0 453.0 379.0 446.0 394.0 442.0 Vehicle 1
398.0 456.0 382.0 461.0 380.0 455.0 396.0 450.0 Vehicle 1
397.0 466.0 379.0 472.0 376.0 464.0 395.0 458.0 Vehicle 1
400.0 483.0 389.0 487.0 387.0 481.0 398.0 477.0 Vehicle 1
402.0 492.0 393.0 495.0 391.0 488.0 400.0 485.0 Vehicle 1
414.0 508.0 394.0 513.0 392.0 505.0 412.0 500.0 Vehicle 1
420.0 514.0 403.0 519.0 401.0 513.0 418.0 508.0 Vehicle 1
422.0 523.0 404.0 528.0 402.0 521.0 420.0 516.0 Vehicle 1
424.0 533.0 407.0 536.0 405.0 529.0 423.0 526.0 Vehicle 1
423.0 541.0 411.0 545.0 409.0 538.0 421.0 534.0 Vehicle 1
428.0 550.0 414.0 554.0 412.0 547.0 427.0 543.0 Vehicle 1
433.0 558.0 415.0 562.0 413.0 555.0 431.0 550.0 Vehicle 1
433.0 566.0 415.0 571.0 413.0 565.0 431.0 559.0 Vehicle 1
435.0 575.0 419.0 579.0 417.0 573.0 434.0 569.0 Vehicle 1
441.0 582.0 426.0 587.0 423.0 581.0 439.0 576.0 Vehicle 1
445.0 590.0 427.0 595.0 425.0 588.0 444.0 584.0 Vehicle 1
396.0 595.0 379.0 600.0 377.0 594.0 394.0 589.0 Vehicle 1
389.0 588.0 371.0 593.0 369.0 586.0 387.0 581.0 Vehicle 1
383.0 581.0 367.0 584.0 366.0 578.0 382.0 575.0 Vehicle 1
381.0 573.0 365.0 575.0 364.0 569.0 380.0 566.0 Vehicle 1
382.0 564.0 362.0 568.0 361.0 560.0 381.0 557.0 Vehicle 1
377.0 556.0 360.0 558.0 359.0 551.0 376.0 549.0 Vehicle 1
374.0 546.0 356.0 551.0 354.0 543.0 372.0 539.0 Vehicle 1
374.0 537.0 354.0 542.0 353.0 535.0 372.0 530.0 Vehicle 1
368.0 529.0 351.0 534.0 349.0 527.0 366.0 522.0 Vehicle 1
363.0 521.0 347.0 526.0 346.0 520.0 362.0 515.0 Vehicle 1
361.0 513.0 342.0 518.0 340.0 511.0 359.0 507.0 Vehicle 1
358.0 506.0 340.0 509.0 339.0 501.0 357.0 498.0 Vehicle 1
351.0 498.0 333.0 502.0 332.0 495.0 350.0 491.0 Vehicle 1
351.0 488.0 335.0 492.0 334.0 485.0 349.0 481.0 Vehicle 1
346.0 478.0 330.0 483.0 329.0 477.0 345.0 472.0 Vehicle 1
347.0 470.0 328.0 476.0 326.0 468.0 344.0 463.0 Vehicle 1
343.0 462.0 325.0 467.0 323.0 461.0 341.0 456.0 Vehicle 1
341.0 454.0 323.0 459.0 321.0 453.0 340.0 448.0 Vehicle 1
338.0 447.0 320.0 451.0 318.0 444.0 337.0 440.0 Vehicle 1
337.0 437.0 318.0 442.0 317.0 435.0 335.0 430.0 Vehicle 1
330.0 430.0 313.0 433.0 312.0 426.0 329.0 423.0 Vehicle 1
333.0 411.0 313.0 415.0 312.0 408.0 331.0 404.0 Vehicle 1
326.0 404.0 308.0 407.0 307.0 401.0 325.0 398.0 Vehicle 1
324.0 396.0 306.0 398.0 305.0 391.0 323.0 389.0 Vehicle 1
322.0 385.0 308.0 388.0 306.0 382.0 321.0 379.0 Vehicle 1
320.0 376.0 304.0 379.0 303.0 374.0 319.0 370.0 Vehicle 1
315.0 334.0 297.0 335.0 297.0 327.0 315.0 326.0 Vehicle 1
321.0 317.0 297.0 318.0 296.0 309.0 321.0 309.0 Vehicle 1
297.0 366.0 283.0 367.0 281.0 334.0 295.0 333.0 Vehicle 1
303.0 402.0 285.0 405.0 284.0 396.0 301.0 393.0 Vehicle 1
304.0 419.0 285.0 422.0 284.0 414.0 302.0 411.0 Vehicle 1
310.0 434.0 293.0 437.0 291.0 430.0 309.0 427.0 Vehicle 1
314.0 443.0 294.0 448.0 292.0 440.0 312.0 435.0 Vehicle 1
316.0 450.0 300.0 455.0 298.0 448.0 314.0 444.0 Vehicle 1
322.0 467.0 304.0 472.0 302.0 466.0 321.0 461.0 Vehicle 1
328.0 484.0 311.0 489.0 309.0 482.0 326.0 477.0 Vehicle 1
330.0 492.0 314.0 497.0 311.0 490.0 328.0 485.0 Vehicle 1
336.0 509.0 319.0 513.0 318.0 506.0 335.0 502.0 Vehicle 1
339.0 518.0 322.0 522.0 320.0 516.0 337.0 511.0 Vehicle 1
343.0 526.0 327.0 530.0 325.0 523.0 342.0 519.0 Vehicle 1
348.0 534.0 329.0 539.0 327.0 532.0 345.0 526.0 Vehicle 1
351.0 542.0 332.0 547.0 331.0 540.0 349.0 535.0 Vehicle 1
353.0 552.0 336.0 556.0 334.0 548.0 352.0 544.0 Vehicle 1
356.0 559.0 338.0 565.0 336.0 558.0 354.0 553.0 Vehicle 1
360.0 568.0 342.0 572.0 340.0 565.0 359.0 561.0 Vehicle 1
362.0 576.0 346.0 580.0 344.0 573.0 360.0 570.0 Vehicle 1
364.0 585.0 351.0 589.0 349.0 583.0 362.0 580.0 Vehicle 1
369.0 593.0 352.0 598.0 350.0 591.0 367.0 586.0 Vehicle 1
374.0 610.0 359.0 614.0 357.0 608.0 372.0 604.0 Vehicle 1
338.0 636.0 321.0 640.0 319.0 633.0 337.0 629.0 Vehicle 1
335.0 628.0 317.0 633.0 315.0 626.0 334.0 621.0 Vehicle 1
326.0 621.0 311.0 625.0 309.0 618.0 325.0 614.0 Vehicle 1
324.0 612.0 306.0 617.0 305.0 611.0 322.0 606.0 Vehicle 1
322.0 604.0 304.0 609.0 302.0 602.0 320.0 597.0 Vehicle 1
316.0 597.0 299.0 602.0 297.0 594.0 314.0 589.0 Vehicle 1
315.0 587.0 298.0 591.0 297.0 586.0 313.0 581.0 Vehicle 1
313.0 578.0 296.0 583.0 294.0 577.0 311.0 572.0 Vehicle 1
303.0 546.0 286.0 550.0 284.0 543.0 302.0 539.0 Vehicle 1
298.0 527.0 282.0 533.0 280.0 526.0 295.0 520.0 Vehicle 1
289.0 512.0 271.0 516.0 269.0 509.0 287.0 504.0 Vehicle 1
282.0 485.0 261.0 491.0 259.0 484.0 280.0 478.0 Vehicle 1
277.0 469.0 258.0 472.0 256.0 466.0 276.0 462.0 Vehicle 1
265.0 443.0 249.0 447.0 247.0 441.0 263.0 437.0 Vehicle 1
258.0 417.0 239.0 422.0 237.0 415.0 257.0 410.0 Vehicle 1
261.0 407.0 235.0 412.0 233.0 402.0 259.0 396.0 Vehicle 1
244.0 459.0 224.0 463.0 223.0 456.0 243.0 451.0 Vehicle 1
248.0 466.0 230.0 472.0 228.0 465.0 246.0 460.0 Vehicle 1
251.0 475.0 231.0 481.0 229.0 474.0 249.0 469.0 Vehicle 1
257.0 492.0 239.0 497.0 237.0 490.0 255.0 485.0 Vehicle 1
263.0 508.0 246.0 513.0 244.0 506.0 261.0 502.0 Vehicle 1
265.0 517.0 247.0 522.0 245.0 515.0 263.0 510.0 Vehicle 1
263.0 528.0 249.0 531.0 248.0 524.0 262.0 521.0 Vehicle 1
270.0 541.0 247.0 546.0 245.0 537.0 268.0 532.0 Vehicle 1
270.0 554.0 258.0 556.0 257.0 550.0 268.0 547.0 Vehicle 1
285.0 569.0 257.0 575.0 255.0 567.0 283.0 561.0 Vehicle 1
286.0 577.0 266.0 582.0 265.0 575.0 284.0 571.0 Vehicle 1
287.0 586.0 268.0 591.0 266.0 584.0 285.0 579.0 Vehicle 1
292.0 593.0 276.0 597.0 274.0 592.0 290.0 587.0 Vehicle 1
295.0 600.0 279.0 605.0 277.0 600.0 294.0 595.0 Vehicle 1
297.0 610.0 281.0 615.0 279.0 609.0 296.0 604.0 Vehicle 1
300.0 618.0 285.0 623.0 283.0 617.0 298.0 613.0 Vehicle 1
302.0 636.0 285.0 640.0 284.0 633.0 301.0 629.0 Vehicle 1
272.0 674.0 256.0 680.0 253.0 674.0 270.0 668.0 Vehicle 1
269.0 663.0 249.0 670.0 247.0 663.0 267.0 656.0 Vehicle 1
258.0 651.0 240.0 657.0 238.0 650.0 256.0 645.0 Vehicle 1
254.0 643.0 236.0 647.0 235.0 641.0 252.0 637.0 Vehicle 1
250.0 636.0 232.0 638.0 231.0 632.0 248.0 629.0 Vehicle 1
249.0 627.0 231.0 631.0 229.0 625.0 247.0 620.0 Vehicle 1
244.0 617.0 227.0 623.0 224.0 616.0 241.0 610.0 Vehicle 1
241.0 600.0 226.0 605.0 224.0 600.0 239.0 594.0 Vehicle 1
239.0 592.0 221.0 598.0 219.0 591.0 237.0 586.0 Vehicle 1
230.0 576.0 214.0 581.0 212.0 574.0 228.0 569.0 Vehicle 1
210.0 516.0 193.0 521.0 191.0 515.0 208.0 510.0 Vehicle 1
204.0 501.0 185.0 506.0 184.0 498.0 203.0 493.0 Vehicle 1
201.0 491.0 185.0 495.0 183.0 488.0 200.0 484.0 Vehicle 1
30.0 304.0 24.0 316.0 17.0 313.0 24.0 300.0 Vehicle 1
824.0 31.0 820.0 38.0 801.0 29.0 805.0 22.0 Vehicle 1
828.000122 21.0 824.000122 29.0 806.000122 20.000004 810.000122 12.000004 Vehicle 1
840.0 15.0 837.0 22.0 813.0 12.0 816.0 5.0 Vehicle 1
935.0 15.0 930.0 21.0 914.0 6.0 920.0 1.0 Vehicle 1
344.0 48.0 339.0 52.0 330.0 41.0 335.0 36.0 Vehicle 1
407.0 123.0 402.0 128.0 391.0 117.0 395.0 112.0 Vehicle 1
478.0 173.0 474.0 179.0 459.0 169.0 463.0 163.0 Vehicle 1
557.0 176.0 545.0 185.0 542.0 181.0 553.0 171.0 Vehicle 1
491.0 382.0 483.0 383.0 480.0 368.0 487.0 366.0 Vehicle 1
556.0 489.0 549.0 491.0 545.0 478.0 551.0 476.0 Vehicle 1
565.0 506.0 559.0 509.0 553.0 496.0 560.0 493.0 Vehicle 1
575.0 529.0 569.0 532.0 562.0 518.0 569.0 515.0 Vehicle 1
583.0 548.0 576.0 551.0 570.0 537.0 577.0 534.0 Vehicle 1
594.0 570.0 589.0 573.0 581.0 560.0 586.0 557.0 Vehicle 1
603.0 589.0 597.0 591.0 592.0 578.0 597.0 576.0 Vehicle 1
611.0 607.0 605.0 609.0 600.0 597.0 605.0 594.0 Vehicle 1
619.0 627.0 611.0 630.0 605.0 613.0 612.0 610.0 Vehicle 1
657.0 731.0 651.0 733.0 647.0 719.0 653.0 717.0 Vehicle 1
670.0 773.0 663.0 774.0 659.0 759.0 667.0 757.0 Vehicle 1
676.0 793.0 669.0 794.0 667.0 781.0 673.0 779.0 Vehicle 1
696.0 884.0 689.0 885.0 687.0 869.0 694.0 868.0 Vehicle 1
782.0 971.0 761.0 971.0 761.0 965.0 782.0 964.0 Vehicle 1
781.0 961.0 764.0 961.0 763.0 956.0 781.0 956.0 Vehicle 1
781.0 955.0 767.0 954.0 767.0 948.0 781.0 949.0 Vehicle 1
