55.0 38.0 50.0 45.0 34.0 34.0 40.0 26.0 Vehicle 1
46.0 47.0 42.0 54.0 25.0 43.0 30.0 36.0 Vehicle 1
40.0 55.0 35.0 61.0 20.0 52.0 24.0 45.0 Vehicle 1
33.0 60.0 29.0 67.0 14.0 57.0 19.0 51.0 Vehicle 1
29.0 67.0 24.0 75.0 6.0 64.0 11.0 56.0 Vehicle 1
30.0 119.0 16.0 141.0 7.0 134.0 21.0 113.0 Vehicle 1
393.0 108.0 386.0 115.0 364.0 91.0 371.0 84.0 Vehicle 1
435.0 142.0 428.0 150.0 413.0 137.0 419.0 130.0 Vehicle 1
513.0 223.0 506.0 230.0 494.0 215.0 501.0 209.0 Vehicle 1
565.0 283.0 558.0 289.0 548.0 277.0 555.0 271.0 Vehicle 1
508.0 298.0 500.0 301.0 493.0 286.0 501.0 283.0 Vehicle 1
205.0 125.0 203.0 133.0 184.0 127.0 187.0 119.0 Vehicle 1
