12.0 169.0 0.0 171.0 0.0 166.0 11.0 164.0 Vehicle 1
169.0 255.0 155.0 264.0 152.0 258.0 164.0 250.0 Vehicle 1
771.0 325.0 759.0 338.0 753.0 333.0 765.0 320.0 Vehicle 1
161.0 536.0 157.0 541.0 148.0 533.0 152.0 528.0 Vehicle 1
580.0 580.0 567.0 593.0 562.0 588.0 574.0 574.0 Vehicle 1
603.0 585.0 592.0 595.0 587.0 590.0 599.0 580.0 Vehicle 1
511.0 583.0 494.0 594.0 491.0 588.0 506.0 577.0 Vehicle 1
605.0 557.0 584.0 561.0 583.0 552.0 604.0 548.0 Vehicle 1
574.0 546.0 556.0 552.0 554.0 544.0 571.0 538.0 Vehicle 1
492.0 554.0 477.0 565.0 472.0 559.0 487.0 548.0 Vehicle 1
301.0 577.0 294.0 582.0 284.0 569.0 291.0 565.0 Vehicle 1
202.0 576.0 193.0 593.0 186.0 589.0 194.0 572.0 Vehicle 1
196.0 567.0 186.0 581.0 179.0 576.0 190.0 562.0 Vehicle 1
44.0 579.0 29.0 587.0 26.0 581.0 41.0 573.0 Vehicle 1
38.0 572.0 23.0 580.0 20.0 573.0 35.0 565.0 Vehicle 1
33.0 563.0 17.0 572.0 14.0 567.0 29.0 558.0 Vehicle 1
14.0 542.0 3.0 548.0 0.0 542.0 12.0 536.0 Vehicle 1
36.0 500.0 31.0 504.0 20.0 489.0 25.0 485.0 Vehicle 1
54.0 492.0 48.0 496.0 37.0 481.0 43.0 476.0 Vehicle 1
82.0 479.0 77.0 482.0 69.0 468.0 74.0 465.0 Vehicle 1
121.0 507.0 115.0 510.0 108.0 497.0 113.0 494.0 Vehicle 1
111.0 493.0 104.0 497.0 96.0 485.0 102.0 480.0 Vehicle 1
36.0 453.0 21.0 463.0 17.0 457.0 32.0 447.0 Vehicle 1
61.0 439.0 48.0 446.0 44.0 440.0 58.0 433.0 Vehicle 1
53.0 409.0 47.0 414.0 35.0 399.0 41.0 394.0 Vehicle 1
316.0 362.0 303.0 375.0 298.0 370.0 311.0 358.0 Vehicle 1
277.0 371.0 265.0 382.0 260.0 376.0 272.0 365.0 Vehicle 1
259.0 354.0 243.0 354.0 243.0 347.0 259.0 347.0 Vehicle 1
230.0 366.0 216.0 377.0 212.0 372.0 226.0 360.0 Vehicle 1
151.0 374.0 143.0 376.0 137.0 360.0 145.0 357.0 Vehicle 1
219.0 344.0 201.0 356.0 196.0 350.0 214.0 338.0 Vehicle 1
238.0 330.0 224.0 340.0 221.0 334.0 234.0 325.0 Vehicle 1
257.0 315.0 242.0 326.0 238.0 320.0 252.0 309.0 Vehicle 1
23.0 151.0 3.0 154.0 2.0 147.0 22.0 144.0 Vehicle 1
780.0 547.0 762.0 545.0 763.0 539.0 780.0 541.0 Vehicle 1
713.0 538.0 712.0 544.0 696.0 540.0 698.0 534.0 Vehicle 1
671.0 550.0 652.0 549.0 652.0 542.0 671.0 542.0 Vehicle 1
663.0 530.0 662.0 536.0 644.0 536.0 644.0 529.0 Vehicle 1
599.0 515.0 581.0 512.0 582.0 505.0 599.0 508.0 Vehicle 1
746.0 529.0 740.0 534.0 729.0 520.0 734.0 515.0 Vehicle 1
720.0 446.0 709.0 458.0 704.0 453.0 716.0 441.0 Vehicle 1
693.0 442.0 681.0 454.0 674.0 449.0 688.0 436.0 Vehicle 1
699.0 468.0 686.0 479.0 682.0 474.0 694.0 463.0 Vehicle 1
678.0 487.0 663.0 501.0 657.0 495.0 671.0 481.0 Vehicle 1
668.0 479.0 654.0 492.0 648.0 486.0 663.0 473.0 Vehicle 1
651.0 475.0 638.0 488.0 633.0 483.0 646.0 471.0 Vehicle 1
704.0 390.0 692.0 402.0 688.0 397.0 700.0 386.0 Vehicle 1
719.0 377.0 709.0 386.0 704.0 382.0 715.0 372.0 Vehicle 1
734.0 363.0 722.0 375.0 717.0 371.0 728.0 358.0 Vehicle 1
749.0 347.0 738.0 358.0 733.0 353.0 744.0 342.0 Vehicle 1
767.0 304.0 755.0 316.0 749.0 311.0 762.0 299.0 Vehicle 1
787.0 309.0 775.0 321.0 771.0 317.0 783.0 305.0 Vehicle 1
590.0 457.0 586.0 461.0 573.0 450.0 577.0 445.0 Vehicle 1
637.0 365.0 623.0 379.0 617.0 373.0 631.0 359.0 Vehicle 1
609.0 377.0 605.0 382.0 593.0 372.0 598.0 367.0 Vehicle 1
602.0 385.0 598.0 390.0 584.0 377.0 588.0 372.0 Vehicle 1
584.0 397.0 581.0 403.0 567.0 392.0 571.0 386.0 Vehicle 1
576.0 404.0 571.0 408.0 559.0 396.0 564.0 392.0 Vehicle 1
562.0 419.0 557.0 424.0 545.0 413.0 549.0 408.0 Vehicle 1
554.0 428.0 549.0 433.0 536.0 420.0 541.0 415.0 Vehicle 1
531.0 445.0 526.0 451.0 513.0 438.0 518.0 433.0 Vehicle 1
678.0 268.0 674.0 275.0 658.0 263.0 662.0 257.0 Vehicle 1
640.0 264.0 629.0 276.0 624.0 271.0 635.0 259.0 Vehicle 1
459.0 269.0 455.0 274.0 443.0 263.0 447.0 259.0 Vehicle 1
470.0 261.0 464.0 267.0 452.0 254.0 457.0 248.0 Vehicle 1
455.0 210.0 449.0 216.0 437.0 204.0 442.0 199.0 Vehicle 1
496.0 130.0 486.0 140.0 479.0 135.0 490.0 124.0 Vehicle 1
509.0 114.0 497.0 127.0 492.0 122.0 504.0 109.0 Vehicle 1
544.0 76.0 533.0 89.0 527.0 85.0 538.0 71.0 Vehicle 1
531.0 91.0 522.0 102.0 516.0 97.0 524.0 86.0 Vehicle 1
519.0 502.0 514.0 509.0 499.0 497.0 505.0 490.0 Vehicle 1
501.0 488.0 497.0 492.0 484.0 481.0 488.0 476.0 Vehicle 1
518.0 483.0 514.0 489.0 498.0 477.0 502.0 472.0 Vehicle 1
475.0 465.0 471.0 470.0 459.0 458.0 464.0 453.0 Vehicle 1
455.0 448.0 449.0 453.0 438.0 440.0 443.0 435.0 Vehicle 1
476.0 434.0 472.0 440.0 458.0 427.0 462.0 422.0 Vehicle 1
456.0 418.0 452.0 422.0 441.0 412.0 446.0 407.0 Vehicle 1
443.0 405.0 438.0 410.0 427.0 399.0 432.0 394.0 Vehicle 1
434.0 427.0 428.0 433.0 412.0 415.0 418.0 410.0 Vehicle 1
412.0 407.0 406.0 412.0 394.0 398.0 400.0 393.0 Vehicle 1
395.0 393.0 389.0 399.0 376.0 384.0 382.0 379.0 Vehicle 1
357.0 371.0 352.0 377.0 339.0 365.0 344.0 359.0 Vehicle 1
374.0 373.0 369.0 378.0 356.0 365.0 361.0 360.0 Vehicle 1
355.0 354.0 350.0 359.0 337.0 346.0 342.0 341.0 Vehicle 1
400.0 366.0 396.0 371.0 382.0 360.0 387.0 355.0 Vehicle 1
381.0 349.0 376.0 354.0 365.0 344.0 369.0 339.0 Vehicle 1
367.0 338.0 363.0 342.0 352.0 331.0 356.0 327.0 Vehicle 1
334.0 308.0 329.0 313.0 318.0 301.0 323.0 297.0 Vehicle 1
298.0 273.0 293.0 279.0 280.0 268.0 284.0 262.0 Vehicle 1
275.0 254.0 271.0 259.0 258.0 247.0 263.0 242.0 Vehicle 1
221.0 250.0 216.0 255.0 204.0 242.0 208.0 237.0 Vehicle 1
194.0 228.0 191.0 233.0 178.0 220.0 183.0 215.0 Vehicle 1
179.0 214.0 176.0 218.0 164.0 206.0 170.0 203.0 Vehicle 1
226.0 210.0 221.0 214.0 208.0 202.0 213.0 197.0 Vehicle 1
209.0 195.0 205.0 199.0 194.0 189.0 198.0 184.0 Vehicle 1
237.0 96.0 233.0 102.0 218.0 91.0 223.0 85.0 Vehicle 1
262.0 117.0 254.0 121.0 245.0 103.0 252.0 99.0 Vehicle 1
278.0 117.0 274.0 122.0 263.0 111.0 267.0 106.0 Vehicle 1
176.0 98.0 163.0 110.0 158.0 105.0 171.0 94.0 Vehicle 1
231.0 51.0 218.0 65.0 213.0 60.0 224.0 46.0 Vehicle 1
247.0 34.0 235.0 46.0 230.0 41.0 242.0 29.0 Vehicle 1
278.0 4.0 268.0 14.0 264.0 10.0 274.0 0.0 Vehicle 1
263.0 19.0 250.0 32.0 245.0 26.0 257.0 14.0 Vehicle 1
197.0 36.0 184.0 49.0 179.0 44.0 193.0 32.0 Vehicle 1
163.0 67.0 151.0 80.0 146.0 75.0 158.0 62.0 Vehicle 1
29.0 79.0 25.0 84.0 9.0 67.0 14.0 62.0 Vehicle 1
82.0 80.0 77.0 85.0 66.0 74.0 70.0 69.0 Vehicle 1
69.0 67.0 64.0 72.0 53.0 63.0 58.0 58.0 Vehicle 1
32.0 36.0 28.0 41.0 14.0 28.0 19.0 23.0 Vehicle 1
