994.252197 931.364258 985.000244 918.000244 992.748291 912.63623 1002.000244 926.000244 Vehicle 1
968.0 888.0 962.0 893.0 950.0 880.0 957.0 875.0 Vehicle 1
1000.0 879.714478 988.000061 866.000061 994.757141 860.690857 1000.0 867.363586 Vehicle 1
967.0 829.0 960.0 834.0 948.0 819.0 955.0 814.0 Vehicle 1
946.0 803.0 938.0 809.0 925.0 793.0 933.0 787.0 Vehicle 1
880.0 729.0 873.0 735.0 861.0 721.0 869.0 715.0 Vehicle 1
900.0 841.0 894.0 846.0 882.0 832.0 888.0 827.0 Vehicle 1
875.0 862.0 869.0 867.0 856.0 852.0 863.0 847.0 Vehicle 1
766.0 919.0 759.0 924.0 750.0 911.0 756.0 906.0 Vehicle 1
812.0 844.0 806.0 849.0 796.0 834.0 803.0 830.0 Vehicle 1
785.0 855.0 778.0 860.0 770.0 849.0 778.0 844.0 Vehicle 1
656.0 920.0 639.0 930.0 635.0 924.0 652.0 913.0 Vehicle 1
637.0 921.0 620.0 931.0 616.0 923.0 633.0 913.0 Vehicle 1
619.0 963.0 612.0 968.0 602.0 954.0 608.0 949.0 Vehicle 1
609.0 969.0 601.0 974.0 593.0 960.0 601.0 956.0 Vehicle 1
597.0 972.0 590.0 977.0 580.0 964.0 587.0 958.0 Vehicle 1
539.0 969.0 531.0 974.0 523.0 962.0 531.0 957.0 Vehicle 1
527.0 977.0 521.0 982.0 512.0 970.0 518.0 965.0 Vehicle 1
517.0 981.0 510.0 987.0 501.0 976.0 508.0 970.0 Vehicle 1
505.0 990.0 498.0 995.0 490.0 982.0 497.0 977.0 Vehicle 1
469.000092 1001.000122 463.285004 995.693237 476.285004 981.693237 482.000092 987.000122 Vehicle 1
998.0 522.0 983.0 532.0 979.0 527.0 995.0 517.0 Vehicle 1
981.0 533.0 968.0 541.0 965.0 536.0 978.0 528.0 Vehicle 1
734.0 592.0 726.0 598.0 716.0 583.0 725.0 577.0 Vehicle 1
726.0 607.0 718.0 613.0 705.0 593.0 712.0 588.0 Vehicle 1
554.0 636.0 546.0 643.0 535.0 629.0 543.0 623.0 Vehicle 1
540.0 642.0 533.0 647.0 522.0 632.0 530.0 627.0 Vehicle 1
744.0 713.0 728.0 722.0 724.0 717.0 740.0 707.0 Vehicle 1
708.0 736.0 691.0 746.0 687.0 740.0 703.0 729.0 Vehicle 1
696.0 701.0 678.0 713.0 673.0 706.0 691.0 694.0 Vehicle 1
675.0 714.0 661.0 724.0 656.0 718.0 671.0 707.0 Vehicle 1
630.0 743.0 615.0 751.0 612.0 745.0 626.0 736.0 Vehicle 1
573.0 815.0 557.0 826.0 553.0 820.0 570.0 809.0 Vehicle 1
554.0 827.0 539.0 836.0 535.0 830.0 550.0 821.0 Vehicle 1
536.0 798.0 516.0 810.0 511.0 804.0 532.0 791.0 Vehicle 1
510.0 853.0 493.0 864.0 489.0 857.0 505.0 846.0 Vehicle 1
492.0 864.0 475.0 874.0 471.0 867.0 488.0 857.0 Vehicle 1
445.0 850.0 425.0 862.0 422.0 856.0 442.0 844.0 Vehicle 1
437.0 895.0 421.0 907.0 417.0 901.0 434.0 890.0 Vehicle 1
400.0 918.0 385.0 928.0 381.0 922.0 396.0 912.0 Vehicle 1
381.0 929.0 363.0 939.0 358.0 932.0 376.0 922.0 Vehicle 1
349.0 948.0 334.0 958.0 329.0 951.0 345.0 942.0 Vehicle 1
405.0 875.0 388.0 885.0 385.0 879.0 401.0 869.0 Vehicle 1
384.0 886.0 370.0 894.0 367.0 889.0 381.0 882.0 Vehicle 1
368.0 895.0 353.0 905.0 349.0 900.0 365.0 890.0 Vehicle 1
323.0 921.0 312.0 928.0 309.0 923.0 320.0 916.0 Vehicle 1
468.0 648.0 461.0 653.0 451.0 640.0 457.0 634.0 Vehicle 1
460.0 654.0 454.0 659.0 443.0 645.0 449.0 640.0 Vehicle 1
320.0 733.0 304.0 743.0 300.0 737.0 317.0 726.0 Vehicle 1
354.0 726.0 349.0 730.0 339.0 719.0 344.0 715.0 Vehicle 1
173.0 506.0 168.0 510.0 161.0 500.0 166.0 496.0 Vehicle 1
143.0 442.0 136.0 447.0 126.0 434.0 133.0 429.0 Vehicle 1
555.0 414.0 548.0 420.0 537.0 406.0 544.0 401.0 Vehicle 1
507.0 401.0 494.0 409.0 491.0 404.0 504.0 396.0 Vehicle 1
490.0 410.0 474.0 419.0 471.0 413.0 486.0 404.0 Vehicle 1
381.0 433.0 362.0 445.0 358.0 438.0 377.0 426.0 Vehicle 1
279.0 495.0 263.0 505.0 258.0 498.0 274.0 488.0 Vehicle 1
259.0 506.0 245.0 516.0 241.0 509.0 254.0 500.0 Vehicle 1
242.0 517.0 226.0 527.0 223.0 521.0 238.0 511.0 Vehicle 1
262.0 855.0 256.0 860.0 247.0 849.0 253.0 844.0 Vehicle 1
254.0 863.0 248.0 868.0 236.0 855.0 242.0 850.0 Vehicle 1
251.0 904.0 242.0 911.0 232.0 898.0 240.0 891.0 Vehicle 1
235.0 886.0 227.0 893.0 217.0 880.0 225.0 873.0 Vehicle 1
220.0 868.0 213.0 875.0 200.0 862.0 208.0 855.0 Vehicle 1
86.0 985.0 80.0 991.0 67.0 977.0 74.0 971.0 Vehicle 1
93.0 936.0 78.0 948.0 73.0 943.0 88.0 930.0 Vehicle 1
55.0 954.0 48.0 960.0 36.0 943.0 43.0 938.0 Vehicle 1
73.0 925.0 63.0 926.0 63.0 909.0 73.0 909.0 Vehicle 1
184.0 889.0 176.0 894.0 167.0 880.0 175.0 875.0 Vehicle 1
146.0 886.0 133.0 895.0 129.0 890.0 143.0 881.0 Vehicle 1
141.0 876.0 126.0 887.0 123.0 882.0 138.0 871.0 Vehicle 1
153.0 851.0 146.0 856.0 135.0 842.0 142.0 837.0 Vehicle 1
136.0 833.0 132.0 838.0 119.0 827.0 124.0 822.0 Vehicle 1
162.0 805.0 155.0 811.0 145.0 798.0 153.0 793.0 Vehicle 1
107.0 803.0 100.0 807.0 91.0 792.0 98.0 788.0 Vehicle 1
52.0 738.0 44.0 743.0 33.0 728.0 41.0 722.0 Vehicle 1
882.0 136.0 866.0 147.0 862.0 141.0 878.0 130.0 Vehicle 1
564.000061 0.0 551.680115 9.24 547.000061 3.0 551.000061 0.0 Vehicle 1
532.0 8.0 520.0 16.0 517.0 10.0 529.0 2.0 Vehicle 1
277.0 99.0 271.0 104.0 260.0 91.0 266.0 86.0 Vehicle 1
280.0 48.0 273.0 53.0 262.0 38.0 268.0 33.0 Vehicle 1
300.0 68.0 293.0 74.0 282.0 60.0 289.0 55.0 Vehicle 1
317.0 89.0 311.0 94.0 300.0 81.0 305.0 76.0 Vehicle 1
333.0 110.0 328.0 115.0 317.0 102.0 323.0 97.0 Vehicle 1
369.0 150.0 362.0 155.0 349.0 138.0 356.0 133.0 Vehicle 1
384.0 165.0 378.0 171.0 367.0 158.0 373.0 153.0 Vehicle 1
404.0 190.0 398.0 196.0 385.0 181.0 391.0 176.0 Vehicle 1
474.0 270.0 465.0 278.0 454.0 264.0 462.0 257.0 Vehicle 1
487.0 287.0 481.0 292.0 471.0 281.0 476.0 276.0 Vehicle 1
432.0 277.0 426.0 283.0 415.0 271.0 420.0 265.0 Vehicle 1
391.0 271.0 377.0 280.0 373.0 273.0 387.0 264.0 Vehicle 1
373.0 281.0 357.0 292.0 353.0 286.0 369.0 275.0 Vehicle 1
441.0 337.0 420.0 337.0 420.0 330.0 441.0 330.0 Vehicle 1
323.0 336.0 290.0 337.0 289.0 330.0 323.0 329.0 Vehicle 1
275.0 325.0 266.0 325.0 266.0 310.0 275.0 310.0 Vehicle 1
264.0 337.0 244.0 337.0 244.0 330.0 264.0 330.0 Vehicle 1
234.0 338.0 210.0 338.0 210.0 330.0 234.0 330.0 Vehicle 1
195.0 338.0 174.0 339.0 173.0 331.0 194.0 330.0 Vehicle 1
141.0 377.0 132.0 384.0 120.0 369.0 129.0 362.0 Vehicle 1
114.0 373.0 95.0 373.0 95.0 366.0 114.0 366.0 Vehicle 1
104.0 360.0 82.0 359.0 82.0 352.0 104.0 352.0 Vehicle 1
120.0 338.0 101.0 339.0 100.0 332.0 120.0 331.0 Vehicle 1
63.0 338.0 44.0 339.0 43.0 331.0 62.0 330.0 Vehicle 1
21.0 306.0 20.0 324.0 11.0 323.0 12.0 306.0 Vehicle 1
20.0 306.0 11.0 306.0 11.0 289.0 20.0 290.0 Vehicle 1
337.0 190.0 322.0 200.0 318.0 193.0 333.0 183.0 Vehicle 1
144.0 164.0 125.0 164.0 125.0 158.0 144.0 157.0 Vehicle 1
145.0 154.0 127.0 154.0 127.0 147.0 145.0 147.0 Vehicle 1
147.0 135.0 128.0 136.0 128.0 130.0 147.0 129.0 Vehicle 1
150.0 116.0 126.0 116.0 126.0 109.0 150.0 109.0 Vehicle 1
32.0 144.0 21.0 159.0 15.0 155.0 25.0 140.0 Vehicle 1
20.0 143.0 11.0 157.0 5.0 153.0 13.0 139.0 Vehicle 1
111.0 72.0 109.0 79.0 91.0 73.0 93.0 67.0 Vehicle 1
82.0 92.0 73.0 92.0 73.0 76.0 82.0 76.0 Vehicle 1
57.0 89.0 47.0 89.0 48.0 68.0 57.0 69.0 Vehicle 1
98.0 10.0 77.0 10.0 77.0 3.0 98.0 3.0 Vehicle 1
