20.0 31.0 18.0 38.0 1.0 31.0 3.0 24.0 Vehicle 1
41.0 37.0 37.0 45.0 21.0 39.0 24.0 31.0 Vehicle 1
163.0 108.0 159.0 113.0 144.0 104.0 148.0 98.0 Vehicle 1
190.0 132.0 185.0 137.0 172.0 125.0 178.0 120.0 Vehicle 1
206.0 149.0 200.0 153.0 189.0 139.0 195.0 135.0 Vehicle 1
172.0 137.0 166.0 144.0 147.0 126.0 153.0 119.0 Vehicle 1
252.0 206.0 246.0 210.0 236.0 197.0 242.0 192.0 Vehicle 1
264.0 224.0 257.0 228.0 247.0 209.0 255.0 205.0 Vehicle 1
296.0 299.0 289.0 301.0 285.0 289.0 292.0 287.0 Vehicle 1
299.0 313.0 292.0 315.0 288.0 302.0 294.0 300.0 Vehicle 1
305.0 334.0 297.0 336.0 294.0 317.0 301.0 315.0 Vehicle 1
305.0 355.0 298.0 355.0 298.0 340.0 305.0 340.0 Vehicle 1
307.0 372.0 300.0 372.0 299.0 357.0 306.0 357.0 Vehicle 1
419.0 505.0 416.0 511.0 398.0 504.0 402.0 497.0 Vehicle 1
241.0 700.0 238.0 718.0 231.0 716.0 234.0 698.0 Vehicle 1
237.0 720.0 230.0 737.0 223.0 734.0 230.0 717.0 Vehicle 1
231.0 800.0 222.0 800.0 221.0 788.0 230.0 788.0 Vehicle 1
242.0 800.0 232.0 800.0 232.0 791.0 242.0 791.0 Vehicle 1
503.0 89.0 488.0 96.0 485.0 91.0 500.0 83.0 Vehicle 1
460.0 420.0 458.0 427.0 443.0 425.0 443.0 418.0 Vehicle 1
