284.0 45.0 279.0 60.0 270.0 57.0 275.0 42.0 Vehicle 1
552.0 16.0 551.0 24.0 529.0 21.0 530.0 13.0 Vehicle 1
608.0 13.0 599.0 29.0 591.0 24.0 601.0 8.0 Vehicle 1
650.0 44.0 636.0 54.0 630.0 46.0 644.0 36.0 Vehicle 1
694.0 15.0 682.0 29.0 676.0 23.0 687.0 9.0 Vehicle 1
730.0 73.0 729.0 82.0 703.0 81.0 703.0 72.0 Vehicle 1
755.0 87.0 734.0 89.0 734.0 81.0 755.0 79.0 Vehicle 1
650.0 105.0 641.0 109.0 631.0 87.0 639.0 83.0 Vehicle 1
627.0 90.0 625.0 109.0 616.0 108.0 617.0 90.0 Vehicle 1
245.0 520.0 244.0 527.0 226.0 525.0 227.0 517.0 Vehicle 1
220.0 526.0 219.0 533.0 202.0 529.0 204.0 522.0 Vehicle 1
321.0 455.0 316.0 469.0 308.0 466.0 313.0 452.0 Vehicle 1
575.0 421.0 569.0 437.0 561.0 434.0 567.0 418.0 Vehicle 1
633.0 439.0 627.0 457.0 619.0 455.0 625.0 437.0 Vehicle 1
497.0 520.0 482.0 531.0 477.0 525.0 492.0 513.0 Vehicle 1
