15.0 553.0 4.0 554.0 3.0 536.0 14.0 536.0 Vehicle 1
25.0 536.0 24.0 553.0 15.0 553.0 15.0 536.0 Vehicle 1
49.0 553.0 39.0 554.0 37.0 538.0 48.0 537.0 Vehicle 1
25.0 473.0 3.0 473.0 3.0 467.0 24.0 466.0 Vehicle 1
25.0 454.0 4.0 454.0 4.0 447.0 25.0 446.0 Vehicle 1
46.0 427.0 27.0 427.0 27.0 419.0 46.0 420.0 Vehicle 1
48.0 454.0 28.0 454.0 28.0 447.0 47.0 447.0 Vehicle 1
48.0 463.0 27.0 463.0 27.0 457.0 48.0 456.0 Vehicle 1
51.0 473.0 27.0 473.0 27.0 466.0 51.0 465.0 Vehicle 1
48.0 482.0 26.0 482.0 26.0 476.0 48.0 475.0 Vehicle 1
51.0 492.0 28.0 491.0 28.0 483.0 51.0 483.0 Vehicle 1
25.0 501.0 4.0 500.0 5.0 492.0 25.0 493.0 Vehicle 1
52.0 501.0 28.0 502.0 28.0 494.0 51.0 493.0 Vehicle 1
53.0 444.0 31.0 445.0 31.0 438.0 52.0 437.0 Vehicle 1
105.0 417.0 87.0 417.0 87.0 410.0 105.0 410.0 Vehicle 1
100.0 437.0 78.0 436.0 78.0 429.0 100.0 430.0 Vehicle 1
129.0 417.0 108.0 418.0 107.0 410.0 129.0 409.0 Vehicle 1
102.0 464.0 77.0 463.0 77.0 455.0 102.0 456.0 Vehicle 1
129.0 464.0 104.0 465.0 104.0 457.0 128.0 456.0 Vehicle 1
100.0 482.0 79.0 483.0 79.0 475.0 100.0 475.0 Vehicle 1
124.0 484.0 101.0 485.0 101.0 476.0 124.0 476.0 Vehicle 1
32.0 418.0 2.0 418.0 2.0 411.0 31.0 410.0 Vehicle 1
66.0 365.0 55.0 365.0 54.0 349.0 65.0 348.0 Vehicle 1
49.0 369.0 40.0 374.0 29.0 354.0 38.0 349.0 Vehicle 1
38.0 335.0 12.0 334.0 13.0 325.0 38.0 326.0 Vehicle 1
113.0 259.0 66.0 284.0 60.0 272.0 107.0 248.0 Vehicle 1
52.0 731.0 30.0 731.0 30.0 724.0 52.0 724.0 Vehicle 1
77.0 730.0 55.0 731.0 55.0 724.0 77.0 723.0 Vehicle 1
92.0 882.0 85.0 887.0 75.0 874.0 81.0 869.0 Vehicle 1
68.0 861.0 57.0 861.0 57.0 844.0 67.0 844.0 Vehicle 1
55.0 859.0 46.0 859.0 46.0 844.0 55.0 844.0 Vehicle 1
44.0 843.0 43.0 860.0 35.0 860.0 36.0 843.0 Vehicle 1
129.0 833.0 104.0 833.0 104.0 824.0 129.0 823.0 Vehicle 1
128.0 840.0 104.0 841.0 104.0 834.0 127.0 834.0 Vehicle 1
184.0 839.0 165.0 839.0 165.0 832.0 184.0 832.0 Vehicle 1
248.0 868.0 236.0 867.0 236.0 847.0 248.0 847.0 Vehicle 1
235.0 864.0 225.0 865.0 225.0 851.0 234.0 851.0 Vehicle 1
224.0 867.0 215.0 868.0 214.0 851.0 224.0 850.0 Vehicle 1
357.0 865.0 348.0 866.0 347.0 850.0 356.0 849.0 Vehicle 1
369.0 868.0 359.0 869.0 359.0 852.0 368.0 852.0 Vehicle 1
393.0 949.0 376.0 950.0 375.0 943.0 392.0 942.0 Vehicle 1
318.0 966.0 317.0 982.0 309.0 981.0 309.0 966.0 Vehicle 1
306.0 980.0 296.0 979.0 297.0 963.0 306.0 964.0 Vehicle 1
296.0 963.0 294.0 980.0 286.0 979.0 288.0 962.0 Vehicle 1
182.0 964.0 181.0 979.0 172.0 979.0 173.0 964.0 Vehicle 1
195.0 964.0 194.0 981.0 184.0 980.0 184.0 964.0 Vehicle 1
278.0 686.0 257.0 685.0 257.0 678.0 278.0 679.0 Vehicle 1
187.0 639.0 165.0 638.0 166.0 631.0 187.0 632.0 Vehicle 1
186.0 619.0 166.0 619.0 166.0 612.0 186.0 611.0 Vehicle 1
186.0 576.0 185.0 584.0 164.0 583.0 164.0 575.0 Vehicle 1
187.0 573.0 164.0 573.0 164.0 567.0 187.0 567.0 Vehicle 1
187.0 564.0 164.0 563.0 165.0 557.0 187.0 558.0 Vehicle 1
282.0 552.0 272.0 552.0 273.0 538.0 282.0 538.0 Vehicle 1
245.0 492.0 244.0 511.0 234.0 511.0 234.0 492.0 Vehicle 1
224.0 509.0 213.0 510.0 213.0 496.0 224.0 496.0 Vehicle 1
335.0 512.0 323.0 512.0 323.0 495.0 335.0 495.0 Vehicle 1
279.0 487.0 267.0 487.0 267.0 468.0 279.0 467.0 Vehicle 1
302.0 485.0 289.0 486.0 287.0 470.0 301.0 469.0 Vehicle 1
198.0 486.0 190.0 486.0 190.0 473.0 198.0 473.0 Vehicle 1
333.0 444.0 325.0 444.0 324.0 429.0 333.0 429.0 Vehicle 1
323.0 442.0 314.0 442.0 314.0 425.0 323.0 426.0 Vehicle 1
289.0 421.0 280.0 421.0 280.0 404.0 289.0 404.0 Vehicle 1
219.0 418.0 210.0 420.0 205.0 402.0 215.0 400.0 Vehicle 1
195.0 387.0 171.0 395.0 168.0 387.0 192.0 379.0 Vehicle 1
400.0 475.0 380.0 474.0 380.0 468.0 400.0 468.0 Vehicle 1
398.0 483.0 379.0 483.0 379.0 477.0 398.0 477.0 Vehicle 1
398.0 493.0 378.0 493.0 378.0 486.0 398.0 485.0 Vehicle 1
399.0 501.0 377.0 502.0 377.0 495.0 399.0 495.0 Vehicle 1
398.0 511.0 378.0 510.0 378.0 504.0 398.0 505.0 Vehicle 1
400.0 445.0 378.0 446.0 377.0 438.0 400.0 437.0 Vehicle 1
340.0 300.0 329.0 300.0 329.0 284.0 339.0 284.0 Vehicle 1
398.0 274.0 379.0 273.0 379.0 266.0 398.0 266.0 Vehicle 1
398.0 254.0 380.0 255.0 380.0 248.0 398.0 248.0 Vehicle 1
397.0 246.0 377.0 246.0 377.0 238.0 397.0 238.0 Vehicle 1
395.0 226.0 376.0 228.0 375.0 221.0 394.0 219.0 Vehicle 1
317.0 299.0 307.0 299.0 307.0 285.0 317.0 285.0 Vehicle 1
229.0 250.0 220.0 250.0 221.0 234.0 229.0 235.0 Vehicle 1
219.0 232.0 218.0 247.0 211.0 247.0 211.0 232.0 Vehicle 1
255.0 248.0 244.0 248.0 244.0 232.0 254.0 231.0 Vehicle 1
331.0 193.0 322.0 194.0 320.0 180.0 329.0 178.0 Vehicle 1
342.0 193.0 334.0 194.0 332.0 178.0 340.0 177.0 Vehicle 1
355.0 195.0 345.0 195.0 345.0 178.0 354.0 178.0 Vehicle 1
405.0 142.0 379.0 142.0 380.0 134.0 405.0 134.0 Vehicle 1
396.0 130.0 371.0 130.0 371.0 122.0 396.0 122.0 Vehicle 1
361.0 129.0 342.0 129.0 342.0 123.0 361.0 123.0 Vehicle 1
330.0 130.0 310.0 131.0 310.0 125.0 330.0 124.0 Vehicle 1
283.0 124.0 282.0 130.0 259.0 130.0 260.0 123.0 Vehicle 1
330.0 119.0 308.0 118.0 308.0 111.0 330.0 111.0 Vehicle 1
367.0 118.0 342.0 118.0 342.0 110.0 367.0 110.0 Vehicle 1
399.0 118.0 377.0 118.0 377.0 110.0 399.0 111.0 Vehicle 1
465.0 34.0 455.0 34.0 455.0 16.0 465.0 16.0 Vehicle 1
614.0 105.0 588.0 106.0 588.0 99.0 614.0 98.0 Vehicle 1
497.0 229.0 486.0 229.0 487.0 211.0 497.0 211.0 Vehicle 1
512.0 170.0 510.0 186.0 499.0 185.0 501.0 168.0 Vehicle 1
500.0 185.0 499.0 202.0 487.0 201.0 487.0 184.0 Vehicle 1
462.0 174.0 450.0 173.0 450.0 158.0 462.0 158.0 Vehicle 1
458.0 267.0 457.0 283.0 449.0 283.0 449.0 267.0 Vehicle 1
340.0 249.0 318.0 249.0 318.0 241.0 340.0 242.0 Vehicle 1
447.0 454.0 435.0 454.0 435.0 435.0 447.0 435.0 Vehicle 1
451.0 585.0 450.0 603.0 436.0 603.0 437.0 584.0 Vehicle 1
483.0 583.0 482.0 601.0 471.0 601.0 472.0 582.0 Vehicle 1
485.0 676.0 475.0 676.0 475.0 662.0 485.0 662.0 Vehicle 1
487.0 756.0 486.0 773.0 475.0 773.0 476.0 755.0 Vehicle 1
471.0 797.0 461.0 797.0 461.0 780.0 471.0 780.0 Vehicle 1
454.0 845.0 453.0 864.0 441.0 863.0 442.0 844.0 Vehicle 1
487.0 913.0 476.0 913.0 476.0 896.0 487.0 896.0 Vehicle 1
512.0 884.0 503.0 885.0 501.0 868.0 510.0 867.0 Vehicle 1
539.0 904.0 526.0 905.0 524.0 889.0 537.0 887.0 Vehicle 1
555.0 956.0 543.0 956.0 544.0 939.0 555.0 939.0 Vehicle 1
458.0 1000.0 445.0 1000.0 445.0 992.0 458.0 992.0 Vehicle 1
644.0 811.0 623.0 825.0 618.0 818.0 639.0 804.0 Vehicle 1
667.0 810.0 659.0 825.0 650.0 821.0 658.0 806.0 Vehicle 1
674.0 753.0 670.0 768.0 661.0 765.0 665.0 751.0 Vehicle 1
621.0 116.0 599.0 117.0 598.0 110.0 621.0 109.0 Vehicle 1
721.0 436.0 714.0 456.0 705.0 453.0 712.0 433.0 Vehicle 1
705.0 442.0 702.0 452.0 681.0 445.0 684.0 436.0 Vehicle 1
793.0 562.0 789.0 577.0 779.0 574.0 783.0 560.0 Vehicle 1
772.0 603.0 758.0 639.0 748.0 635.0 763.0 599.0 Vehicle 1
187.0 310.0 168.0 309.0 168.0 302.0 187.0 303.0 Vehicle 1
187.0 320.0 165.0 320.0 166.0 312.0 187.0 312.0 Vehicle 1
25.0 483.0 4.0 483.0 5.0 475.0 25.0 475.0 Vehicle 1
