64.0 358.0 59.0 364.0 41.0 350.0 45.0 344.0 Vehicle 1
63.0 413.0 56.0 417.0 47.0 401.0 54.0 397.0 Vehicle 1
53.0 416.0 45.0 419.0 38.0 402.0 47.0 399.0 Vehicle 1
43.0 419.0 35.0 424.0 24.0 404.0 32.0 399.0 Vehicle 1
30.0 424.0 20.0 429.0 12.0 412.0 21.0 407.0 Vehicle 1
22.0 445.0 15.0 448.0 8.0 432.0 15.0 429.0 Vehicle 1
39.0 444.0 30.0 447.0 23.0 429.0 32.0 425.0 Vehicle 1
62.0 433.0 54.0 437.0 47.0 421.0 55.0 418.0 Vehicle 1
77.0 433.0 68.0 438.0 57.0 419.0 66.0 414.0 Vehicle 1
39.0 493.0 30.0 497.0 21.0 480.0 30.0 475.0 Vehicle 1
61.0 488.0 54.0 491.0 46.0 474.0 53.0 470.0 Vehicle 1
72.0 485.0 65.0 489.0 57.0 470.0 64.0 467.0 Vehicle 1
85.0 480.0 75.0 484.0 68.0 464.0 78.0 461.0 Vehicle 1
107.0 471.0 99.0 476.0 89.0 460.0 97.0 455.0 Vehicle 1
119.0 471.0 111.0 476.0 102.0 459.0 111.0 455.0 Vehicle 1
121.0 235.0 117.0 241.0 100.0 229.0 104.0 223.0 Vehicle 1
113.0 241.0 109.0 248.0 95.0 238.0 99.0 232.0 Vehicle 1
130.0 228.0 126.0 236.0 106.0 225.0 110.0 218.0 Vehicle 1
149.0 271.0 138.0 277.0 135.0 272.0 145.0 265.0 Vehicle 1
160.0 276.0 150.0 284.0 145.0 278.0 155.0 269.0 Vehicle 1
171.0 281.0 161.0 293.0 154.0 287.0 164.0 275.0 Vehicle 1
179.0 286.0 166.0 297.0 161.0 291.0 173.0 280.0 Vehicle 1
193.0 289.0 179.0 301.0 173.0 294.0 187.0 282.0 Vehicle 1
204.0 299.0 190.0 313.0 183.0 306.0 197.0 292.0 Vehicle 1
278.0 352.0 274.0 360.0 256.0 350.0 260.0 342.0 Vehicle 1
302.0 368.0 286.0 384.0 279.0 377.0 295.0 361.0 Vehicle 1
197.0 434.0 187.0 438.0 179.0 419.0 189.0 414.0 Vehicle 1
208.0 429.0 198.0 429.0 197.0 412.0 207.0 411.0 Vehicle 1
222.0 417.0 213.0 419.0 211.0 398.0 219.0 397.0 Vehicle 1
283.0 439.0 262.0 445.0 260.0 436.0 281.0 430.0 Vehicle 1
186.0 266.0 178.0 270.0 170.0 253.0 178.0 250.0 Vehicle 1
232.0 286.0 222.0 295.0 189.0 257.0 200.0 248.0 Vehicle 1
258.0 316.0 252.0 325.0 228.0 310.0 234.0 301.0 Vehicle 1
319.0 309.0 305.0 322.0 299.0 316.0 314.0 304.0 Vehicle 1
331.0 310.0 320.0 329.0 310.0 323.0 321.0 304.0 Vehicle 1
350.0 322.0 335.0 340.0 327.0 334.0 342.0 316.0 Vehicle 1
359.0 328.0 344.0 346.0 336.0 339.0 351.0 321.0 Vehicle 1
372.0 333.0 356.0 349.0 349.0 342.0 366.0 326.0 Vehicle 1
480.0 316.0 479.0 335.0 471.0 335.0 471.0 316.0 Vehicle 1
520.0 180.0 518.0 191.0 509.0 189.0 510.0 179.0 Vehicle 1
523.0 199.0 516.0 218.0 508.0 215.0 515.0 196.0 Vehicle 1
500.0 227.0 482.0 229.0 478.0 190.0 496.0 188.0 Vehicle 1
313.0 104.0 298.0 122.0 291.0 116.0 305.0 98.0 Vehicle 1
311.0 66.0 306.0 73.0 289.0 61.0 294.0 54.0 Vehicle 1
319.0 59.0 314.0 67.0 296.0 54.0 301.0 47.0 Vehicle 1
328.0 54.0 324.0 60.0 308.0 50.0 312.0 43.0 Vehicle 1
407.0 112.0 383.0 113.0 383.0 106.0 406.0 105.0 Vehicle 1
432.0 109.0 411.0 110.0 410.0 103.0 432.0 103.0 Vehicle 1
475.0 103.0 474.0 109.0 453.0 106.0 454.0 100.0 Vehicle 1
382.0 37.0 367.0 54.0 360.0 48.0 375.0 31.0 Vehicle 1
48.0 583.0 39.0 587.0 32.0 571.0 41.0 567.0 Vehicle 1
37.0 585.0 29.0 589.0 20.0 572.0 29.0 568.0 Vehicle 1
32.0 594.0 25.0 599.0 13.0 584.0 19.0 579.0 Vehicle 1
154.0 576.0 150.0 581.0 134.0 570.0 137.0 564.0 Vehicle 1
147.0 582.0 143.0 589.0 127.0 580.0 131.0 573.0 Vehicle 1
140.0 590.0 136.0 597.0 118.0 585.0 123.0 578.0 Vehicle 1
131.0 597.0 126.0 603.0 111.0 592.0 115.0 586.0 Vehicle 1
115.0 612.0 111.0 618.0 94.0 609.0 98.0 602.0 Vehicle 1
104.0 619.0 99.0 625.0 86.0 613.0 90.0 608.0 Vehicle 1
97.0 628.0 92.0 634.0 77.0 622.0 82.0 616.0 Vehicle 1
90.0 635.0 85.0 640.0 70.0 628.0 75.0 623.0 Vehicle 1
81.0 642.0 77.0 648.0 59.0 636.0 63.0 630.0 Vehicle 1
24.0 611.0 18.0 617.0 3.0 603.0 8.0 597.0 Vehicle 1
39.0 640.0 31.0 653.0 24.0 649.0 32.0 636.0 Vehicle 1
26.0 656.0 21.0 671.0 13.0 668.0 17.0 654.0 Vehicle 1
54.0 716.0 49.0 732.0 39.0 729.0 45.0 713.0 Vehicle 1
43.0 707.0 40.0 722.0 32.0 721.0 35.0 706.0 Vehicle 1
29.0 695.0 27.0 715.0 17.0 714.0 19.0 694.0 Vehicle 1
201.0 753.0 190.0 764.0 184.0 757.0 194.0 747.0 Vehicle 1
257.0 550.0 239.0 566.0 233.0 559.0 250.0 543.0 Vehicle 1
283.0 535.0 262.0 546.0 257.0 537.0 278.0 526.0 Vehicle 1
497.0 456.0 487.0 469.0 480.0 465.0 490.0 451.0 Vehicle 1
262.0 669.0 258.0 677.0 240.0 667.0 244.0 660.0 Vehicle 1
273.0 662.0 268.0 670.0 247.0 657.0 252.0 649.0 Vehicle 1
330.0 601.0 314.0 617.0 307.0 610.0 324.0 595.0 Vehicle 1
358.0 619.0 340.0 635.0 334.0 628.0 352.0 612.0 Vehicle 1
368.0 629.0 353.0 645.0 347.0 639.0 362.0 623.0 Vehicle 1
391.0 639.0 374.0 656.0 367.0 648.0 385.0 632.0 Vehicle 1
597.0 296.0 596.0 303.0 575.0 300.0 576.0 293.0 Vehicle 1
590.0 305.0 589.0 312.0 572.0 311.0 572.0 304.0 Vehicle 1
589.0 328.0 570.0 326.0 571.0 320.0 589.0 322.0 Vehicle 1
587.0 337.0 565.0 335.0 566.0 329.0 587.0 330.0 Vehicle 1
586.0 339.0 585.0 347.0 564.0 345.0 565.0 338.0 Vehicle 1
582.0 356.0 560.0 354.0 561.0 347.0 582.0 349.0 Vehicle 1
580.0 366.0 579.0 373.0 560.0 371.0 561.0 364.0 Vehicle 1
579.0 382.0 559.0 380.0 560.0 373.0 579.0 375.0 Vehicle 1
575.0 390.0 555.0 388.0 555.0 383.0 575.0 385.0 Vehicle 1
575.0 394.0 574.0 400.0 552.0 398.0 552.0 391.0 Vehicle 1
569.0 402.0 568.0 409.0 550.0 407.0 550.0 400.0 Vehicle 1
564.0 212.0 558.0 229.0 551.0 227.0 556.0 210.0 Vehicle 1
582.0 356.0 581.0 364.0 558.0 361.0 559.0 353.0 Vehicle 1
