984.0 106.0 981.0 113.0 961.0 104.0 964.0 97.0 Vehicle 1
997.0 242.0 980.0 234.0 984.0 227.0 1001.0 235.0 Vehicle 1
945.0 198.0 939.0 208.0 932.0 204.0 938.0 194.0 Vehicle 1
968.0 205.0 965.0 212.0 946.0 204.0 949.0 197.0 Vehicle 1
969.0 196.0 965.0 203.0 947.0 191.0 951.0 184.0 Vehicle 1
730.0 183.0 725.0 191.0 703.0 179.0 707.0 171.0 Vehicle 1
646.0 93.0 636.0 108.0 630.0 104.0 640.0 89.0 Vehicle 1
645.0 14.0 624.0 6.0 627.0 -1.0 648.0 6.0 Vehicle 1
642.0 16.0 639.0 23.0 623.0 16.0 626.0 9.0 Vehicle 1
663.0 36.0 653.0 53.0 644.0 47.0 654.0 31.0 Vehicle 1
338.0 143.0 327.0 157.0 320.0 152.0 331.0 138.0 Vehicle 1
438.0 70.0 435.0 78.0 414.0 70.0 417.0 62.0 Vehicle 1
636.0 108.0 627.0 123.0 620.0 118.0 628.0 104.0 Vehicle 1
794.0 11.0 775.0 2.0 778.0 -3.0 797.0 5.0 Vehicle 1
855.0 29.0 851.0 36.0 834.0 27.0 838.0 20.0 Vehicle 1
895.0 45.0 892.0 53.0 870.0 44.0 873.0 36.0 Vehicle 1
809.0 32.0 796.0 51.0 788.0 45.0 801.0 26.0 Vehicle 1
748.0 109.0 745.0 115.0 737.0 111.0 740.0 105.0 Vehicle 1
741.0 100.0 735.0 114.0 727.0 110.0 733.0 96.0 Vehicle 1
723.0 105.0 714.0 109.0 708.0 91.0 717.0 88.0 Vehicle 1
822.0 92.0 813.0 106.0 806.0 101.0 816.0 87.0 Vehicle 1
872.0 117.0 867.0 124.0 852.0 113.0 858.0 106.0 Vehicle 1
864.0 123.0 860.0 130.0 844.0 121.0 847.0 114.0 Vehicle 1
822.0 133.0 819.0 139.0 801.0 131.0 804.0 124.0 Vehicle 1
838.0 157.0 835.0 165.0 815.0 156.0 818.0 148.0 Vehicle 1
792.0 155.0 783.0 168.0 777.0 163.0 786.0 150.0 Vehicle 1
784.0 151.0 771.0 166.0 765.0 160.0 777.0 145.0 Vehicle 1
769.0 166.0 759.0 179.0 753.0 174.0 763.0 161.0 Vehicle 1
651.0 143.0 648.0 149.0 630.0 139.0 633.0 134.0 Vehicle 1
683.0 158.0 679.0 166.0 659.0 156.0 663.0 147.0 Vehicle 1
631.0 169.0 626.0 178.0 605.0 168.0 610.0 159.0 Vehicle 1
878.0 265.0 875.0 273.0 855.0 266.0 858.0 258.0 Vehicle 1
891.0 260.0 887.0 269.0 865.0 258.0 869.0 249.0 Vehicle 1
836.0 294.0 831.0 310.0 821.0 307.0 826.0 291.0 Vehicle 1
848.0 296.0 837.0 308.0 830.0 303.0 842.0 290.0 Vehicle 1
860.0 299.0 848.0 314.0 840.0 308.0 851.0 293.0 Vehicle 1
943.0 294.0 939.0 303.0 920.0 294.0 924.0 285.0 Vehicle 1
806.0 349.0 785.0 356.0 782.0 349.0 804.0 342.0 Vehicle 1
838.0 368.0 831.0 386.0 823.0 382.0 830.0 365.0 Vehicle 1
860.0 382.0 850.0 395.0 843.0 389.0 854.0 377.0 Vehicle 1
871.0 385.0 862.0 398.0 855.0 393.0 864.0 380.0 Vehicle 1
997.0 396.0 993.0 403.0 975.0 393.0 979.0 386.0 Vehicle 1
668.0 467.0 664.0 476.0 639.0 466.0 643.0 456.0 Vehicle 1
649.0 483.0 643.0 493.0 625.0 483.0 630.0 473.0 Vehicle 1
276.0 730.0 267.0 738.0 250.0 717.0 260.0 709.0 Vehicle 1
276.0 821.0 268.0 826.0 255.0 810.0 262.0 804.0 Vehicle 1
160.0 567.0 153.0 572.0 143.0 556.0 149.0 552.0 Vehicle 1
127.0 630.0 121.0 635.0 109.0 621.0 115.0 616.0 Vehicle 1
