477.0 217.0 465.0 218.0 464.0 211.0 477.0 210.0 Vehicle 1
448.0 155.0 427.0 155.0 427.0 148.0 448.0 148.0 Vehicle 1
439.0 136.0 415.0 136.0 415.0 129.0 439.0 129.0 Vehicle 1
434.0 107.0 409.0 107.0 409.0 98.0 434.0 99.0 Vehicle 1
434.0 97.0 411.0 97.0 411.0 89.0 434.0 89.0 Vehicle 1
399.0 57.0 391.0 57.0 390.0 40.0 399.0 39.0 Vehicle 1
349.0 71.0 340.0 72.0 339.0 60.0 348.0 59.0 Vehicle 1
243.0 121.0 234.0 123.0 232.0 107.0 241.0 106.0 Vehicle 1
254.0 119.0 245.0 120.0 242.0 102.0 252.0 101.0 Vehicle 1
541.0 407.0 529.0 409.0 526.0 392.0 537.0 390.0 Vehicle 1
332.0 498.0 311.0 499.0 310.0 491.0 332.0 490.0 Vehicle 1
320.0 475.0 301.0 481.0 298.0 473.0 318.0 467.0 Vehicle 1
260.0 509.0 238.0 509.0 238.0 502.0 260.0 502.0 Vehicle 1
258.0 500.0 236.0 499.0 237.0 492.0 258.0 492.0 Vehicle 1
261.0 479.0 239.0 478.0 239.0 471.0 261.0 471.0 Vehicle 1
198.0 501.0 189.0 507.0 177.0 490.0 186.0 484.0 Vehicle 1
138.0 502.0 128.0 504.0 124.0 482.0 134.0 481.0 Vehicle 1
124.0 499.0 115.0 501.0 112.0 484.0 121.0 483.0 Vehicle 1
84.0 268.0 66.0 270.0 65.0 261.0 83.0 259.0 Vehicle 1
55.0 246.0 38.0 248.0 37.0 240.0 55.0 238.0 Vehicle 1
99.0 240.0 75.0 243.0 75.0 237.0 99.0 233.0 Vehicle 1
142.0 258.0 119.0 261.0 118.0 254.0 141.0 251.0 Vehicle 1
173.0 231.0 153.0 233.0 153.0 226.0 172.0 224.0 Vehicle 1
245.0 246.0 225.0 249.0 224.0 240.0 244.0 237.0 Vehicle 1
269.0 242.0 245.0 244.0 245.0 237.0 268.0 235.0 Vehicle 1
260.0 220.0 238.0 223.0 237.0 214.0 258.0 211.0 Vehicle 1
348.0 232.0 325.0 234.0 325.0 228.0 347.0 226.0 Vehicle 1
375.0 229.0 352.0 232.0 351.0 225.0 374.0 222.0 Vehicle 1
386.0 691.0 377.0 692.0 374.0 671.0 383.0 670.0 Vehicle 1
392.0 756.0 382.0 759.0 378.0 744.0 388.0 742.0 Vehicle 1
273.0 774.0 265.0 779.0 256.0 765.0 263.0 760.0 Vehicle 1
280.0 794.0 272.0 795.0 269.0 780.0 278.0 779.0 Vehicle 1
266.0 793.0 257.0 794.0 255.0 778.0 263.0 777.0 Vehicle 1
80.0 616.0 71.0 619.0 65.0 602.0 74.0 599.0 Vehicle 1
111.0 658.0 89.0 662.0 88.0 655.0 110.0 652.0 Vehicle 1
