143.0 894.0 136.0 915.0 128.0 912.0 135.0 891.0 Vehicle 1
39.0 706.0 30.0 719.0 23.0 714.0 33.0 701.0 Vehicle 1
66.0 692.0 55.0 707.0 48.0 701.0 59.0 687.0 Vehicle 1
279.0 528.0 278.0 536.0 257.0 533.0 258.0 526.0 Vehicle 1
321.0 139.0 290.0 143.0 289.0 133.0 320.0 129.0 Vehicle 1
277.0 45.0 273.0 75.0 261.0 73.0 265.0 43.0 Vehicle 1
262.0 74.0 256.0 80.0 237.0 63.0 242.0 57.0 Vehicle 1
651.0 100.0 649.0 106.0 630.0 100.0 633.0 94.0 Vehicle 1
576.0 136.0 574.0 142.0 556.0 137.0 558.0 131.0 Vehicle 1
571.0 145.0 570.0 152.0 554.0 149.0 555.0 142.0 Vehicle 1
569.0 156.0 568.0 162.0 549.0 158.0 550.0 152.0 Vehicle 1
566.0 162.0 565.0 168.0 546.0 167.0 546.0 160.0 Vehicle 1
566.0 177.0 545.0 176.0 545.0 169.0 566.0 170.0 Vehicle 1
672.0 131.0 670.0 136.0 659.0 132.0 661.0 128.0 Vehicle 1
666.0 140.0 664.0 146.0 655.0 143.0 657.0 137.0 Vehicle 1
663.0 162.0 660.0 167.0 647.0 161.0 650.0 156.0 Vehicle 1
630.0 190.0 625.0 194.0 617.0 183.0 622.0 179.0 Vehicle 1
622.0 195.0 615.0 200.0 605.0 184.0 612.0 180.0 Vehicle 1
613.0 198.0 608.0 203.0 596.0 190.0 601.0 185.0 Vehicle 1
572.0 211.0 564.0 212.0 563.0 203.0 571.0 202.0 Vehicle 1
702.0 67.0 701.0 73.0 686.0 73.0 686.0 66.0 Vehicle 1
