21.0 706.0 16.0 712.0 0.0 701.0 5.0 694.0 Vehicle 1
27.0 700.0 23.0 706.0 7.0 695.0 12.0 689.0 Vehicle 1
39.0 685.0 34.0 691.0 19.0 681.0 24.0 675.0 Vehicle 1
50.0 670.0 47.0 676.0 31.0 667.0 34.0 662.0 Vehicle 1
55.0 663.0 52.0 669.0 36.0 660.0 40.0 654.0 Vehicle 1
62.0 655.0 58.0 662.0 41.0 653.0 45.0 646.0 Vehicle 1
80.0 665.0 76.0 671.0 60.0 662.0 64.0 656.0 Vehicle 1
74.0 671.0 70.0 678.0 53.0 669.0 57.0 662.0 Vehicle 1
68.0 678.0 65.0 683.0 49.0 674.0 52.0 669.0 Vehicle 1
62.0 685.0 58.0 691.0 41.0 682.0 45.0 675.0 Vehicle 1
52.0 703.0 48.0 709.0 32.0 698.0 36.0 692.0 Vehicle 1
45.0 710.0 41.0 716.0 25.0 705.0 29.0 699.0 Vehicle 1
128.0 719.0 115.0 732.0 109.0 727.0 121.0 713.0 Vehicle 1
136.0 723.0 121.0 737.0 117.0 733.0 131.0 718.0 Vehicle 1
75.0 746.0 71.0 752.0 56.0 741.0 61.0 735.0 Vehicle 1
69.0 754.0 64.0 759.0 49.0 746.0 54.0 741.0 Vehicle 1
61.0 760.0 56.0 766.0 42.0 754.0 47.0 748.0 Vehicle 1
54.0 767.0 49.0 772.0 36.0 759.0 40.0 754.0 Vehicle 1
63.0 786.0 57.0 792.0 39.0 777.0 45.0 770.0 Vehicle 1
36.0 777.0 31.0 783.0 18.0 770.0 24.0 765.0 Vehicle 1
21.0 791.0 14.0 797.0 2.0 782.0 8.0 777.0 Vehicle 1
511.0 550.0 509.0 556.0 491.0 551.0 492.0 545.0 Vehicle 1
520.0 540.0 518.0 547.0 500.0 544.0 501.0 537.0 Vehicle 1
534.0 434.0 522.0 448.0 515.0 443.0 527.0 428.0 Vehicle 1
449.0 256.0 439.0 271.0 432.0 266.0 442.0 251.0 Vehicle 1
581.0 198.0 577.0 204.0 561.0 195.0 564.0 189.0 Vehicle 1
586.0 190.0 583.0 196.0 567.0 187.0 570.0 182.0 Vehicle 1
590.0 182.0 586.0 189.0 570.0 180.0 574.0 173.0 Vehicle 1
597.0 176.0 593.0 181.0 578.0 172.0 582.0 166.0 Vehicle 1
600.0 164.0 589.0 156.0 594.0 150.0 600.0 154.0 Vehicle 1
450.0 181.0 439.0 185.0 429.0 162.0 440.0 157.0 Vehicle 1
443.0 123.0 437.0 159.0 424.0 157.0 430.0 121.0 Vehicle 1
