117.0 70.0 94.0 71.0 94.0 64.0 117.0 63.0 Vehicle 1
91.0 69.0 70.0 69.0 70.0 62.0 91.0 61.0 Vehicle 1
147.0 238.0 135.0 238.0 135.0 222.0 147.0 222.0 Vehicle 1
489.0 19.0 467.0 18.0 468.0 10.0 489.0 10.0 Vehicle 1
231.0 247.0 230.0 256.0 207.0 254.0 208.0 245.0 Vehicle 1
262.0 246.0 261.0 255.0 238.0 254.0 238.0 245.0 Vehicle 1
361.0 272.0 340.0 273.0 339.0 265.0 361.0 264.0 Vehicle 1
377.0 254.0 355.0 254.0 355.0 247.0 377.0 247.0 Vehicle 1
572.0 56.0 561.0 56.0 561.0 41.0 572.0 41.0 Vehicle 1
35.0 368.0 27.0 368.0 27.0 352.0 34.0 351.0 Vehicle 1
150.0 349.0 149.0 373.0 139.0 372.0 141.0 349.0 Vehicle 1
176.0 339.0 167.0 340.0 167.0 323.0 176.0 322.0 Vehicle 1
237.0 361.0 213.0 361.0 212.0 354.0 237.0 353.0 Vehicle 1
72.0 443.0 49.0 442.0 50.0 434.0 72.0 434.0 Vehicle 1
48.0 491.0 29.0 490.0 30.0 484.0 48.0 484.0 Vehicle 1
65.0 544.0 42.0 544.0 42.0 537.0 65.0 537.0 Vehicle 1
87.0 544.0 72.0 545.0 71.0 537.0 87.0 536.0 Vehicle 1
135.0 644.0 110.0 643.0 111.0 634.0 135.0 635.0 Vehicle 1
313.0 309.0 303.0 309.0 303.0 292.0 313.0 292.0 Vehicle 1
326.0 295.0 325.0 310.0 315.0 309.0 315.0 294.0 Vehicle 1
370.0 293.0 360.0 308.0 352.0 302.0 363.0 287.0 Vehicle 1
302.0 447.0 280.0 448.0 280.0 440.0 302.0 440.0 Vehicle 1
332.0 431.0 306.0 431.0 306.0 423.0 332.0 422.0 Vehicle 1
414.0 559.0 399.0 559.0 399.0 554.0 414.0 553.0 Vehicle 1
424.0 685.0 408.0 695.0 403.0 688.0 418.0 678.0 Vehicle 1
446.0 665.0 439.0 671.0 426.0 655.0 433.0 649.0 Vehicle 1
514.0 690.0 513.0 707.0 503.0 707.0 505.0 690.0 Vehicle 1
514.0 641.0 513.0 657.0 504.0 656.0 505.0 641.0 Vehicle 1
512.0 714.0 511.0 732.0 503.0 731.0 504.0 714.0 Vehicle 1
529.0 763.0 518.0 763.0 518.0 745.0 528.0 745.0 Vehicle 1
235.0 741.0 225.0 741.0 225.0 726.0 235.0 726.0 Vehicle 1
563.0 736.0 551.0 737.0 550.0 717.0 562.0 717.0 Vehicle 1
567.0 631.0 555.0 632.0 553.0 612.0 566.0 612.0 Vehicle 1
566.0 596.0 553.0 597.0 553.0 579.0 566.0 578.0 Vehicle 1
563.0 576.0 553.0 577.0 553.0 561.0 562.0 561.0 Vehicle 1
568.0 482.0 559.0 482.0 559.0 465.0 568.0 465.0 Vehicle 1
568.0 461.0 558.0 461.0 558.0 444.0 568.0 444.0 Vehicle 1
515.0 470.0 505.0 470.0 505.0 459.0 515.0 459.0 Vehicle 1
600.0 509.0 581.0 510.0 581.0 503.0 600.0 503.0 Vehicle 1
306.0 798.0 297.0 798.0 297.0 780.0 306.0 780.0 Vehicle 1
321.0 780.0 318.0 800.0 309.0 798.0 312.0 779.0 Vehicle 1
