284.0 674.0 280.0 680.0 261.0 666.0 265.0 661.0 Vehicle 1
294.0 665.0 290.0 671.0 270.0 657.0 274.0 651.0 Vehicle 1
266.0 632.0 265.0 639.0 243.0 637.0 244.0 630.0 Vehicle 1
279.0 629.0 248.0 627.0 248.0 620.0 279.0 622.0 Vehicle 1
288.0 619.0 260.0 620.0 259.0 613.0 288.0 612.0 Vehicle 1
286.0 610.0 268.0 611.0 268.0 604.0 286.0 604.0 Vehicle 1
285.0 602.0 265.0 603.0 265.0 596.0 285.0 595.0 Vehicle 1
287.0 592.0 265.0 591.0 265.0 585.0 287.0 585.0 Vehicle 1
239.0 581.0 231.0 581.0 230.0 565.0 238.0 565.0 Vehicle 1
228.0 581.0 220.0 582.0 219.0 565.0 227.0 564.0 Vehicle 1
217.0 583.0 207.0 584.0 206.0 565.0 215.0 564.0 Vehicle 1
205.0 586.0 197.0 587.0 196.0 568.0 204.0 567.0 Vehicle 1
192.0 583.0 183.0 583.0 183.0 568.0 191.0 568.0 Vehicle 1
181.0 585.0 171.0 585.0 171.0 567.0 181.0 567.0 Vehicle 1
170.0 585.0 162.0 585.0 161.0 572.0 169.0 572.0 Vehicle 1
139.0 600.0 118.0 600.0 118.0 594.0 139.0 593.0 Vehicle 1
138.0 609.0 118.0 609.0 118.0 602.0 138.0 602.0 Vehicle 1
139.0 619.0 118.0 619.0 118.0 612.0 139.0 612.0 Vehicle 1
142.0 629.0 118.0 629.0 118.0 622.0 142.0 622.0 Vehicle 1
138.0 646.0 119.0 646.0 119.0 638.0 138.0 639.0 Vehicle 1
142.0 655.0 123.0 654.0 123.0 648.0 142.0 649.0 Vehicle 1
143.0 665.0 120.0 665.0 120.0 657.0 143.0 657.0 Vehicle 1
143.0 674.0 123.0 674.0 123.0 667.0 143.0 666.0 Vehicle 1
154.0 692.0 129.0 693.0 129.0 684.0 153.0 682.0 Vehicle 1
205.0 711.0 195.0 725.0 189.0 720.0 199.0 706.0 Vehicle 1
172.0 727.0 161.0 729.0 158.0 710.0 169.0 708.0 Vehicle 1
33.0 750.0 22.0 764.0 16.0 759.0 28.0 745.0 Vehicle 1
149.0 782.0 148.0 790.0 133.0 789.0 134.0 781.0 Vehicle 1
244.0 798.0 224.0 800.0 223.0 792.0 243.0 790.0 Vehicle 1
