-86.11603 42.776545 -86.116086 42.776545 -86.116089 42.776567 -86.11603 42.776567 Vehicle 1
-86.116033 42.77654 -86.116035 42.776521 -86.116089 42.776524 -86.116086 42.77654 Vehicle 1
-86.116035 42.776497 -86.116092 42.776497 -86.116089 42.776521 -86.116035 42.776518 Vehicle 1
-86.116041 42.776449 -86.116089 42.776441 -86.116092 42.776462 -86.116043 42.776468 Vehicle 1
-86.116035 42.776403 -86.116086 42.7764 -86.116086 42.776417 -86.116035 42.776417 Vehicle 1
-86.116025 42.776349 -86.116089 42.776349 -86.116089 42.776368 -86.116025 42.776368 Vehicle 1
-86.116188 42.776178 -86.116218 42.776178 -86.11622 42.776226 -86.116191 42.776226 Vehicle 1
-86.116035 42.776301 -86.116084 42.776301 -86.116084 42.776317 -86.116035 42.776317 Vehicle 1
-86.117366 42.777213 -86.117422 42.77721 -86.117422 42.777229 -86.117366 42.777232 Vehicle 1
-86.117363 42.777243 -86.117417 42.77724 -86.117419 42.777259 -86.117366 42.777264 Vehicle 1
-86.117427 42.776811 -86.117449 42.776811 -86.117449 42.776848 -86.11743 42.776848 Vehicle 1
-86.117916 42.776838 -86.117948 42.776838 -86.117945 42.776883 -86.117916 42.776881 Vehicle 1
-86.117916 42.776789 -86.11794 42.776789 -86.11794 42.776827 -86.117916 42.776827 Vehicle 1
-86.118122 42.776655 -86.118181 42.776653 -86.118181 42.776671 -86.118125 42.776674 Vehicle 1
-86.118283 42.776349 -86.118291 42.776309 -86.118312 42.776315 -86.118304 42.776355 Vehicle 1
-86.11827 42.775963 -86.118296 42.775963 -86.118299 42.776006 -86.11827 42.776006 Vehicle 1
-86.117328 42.776199 -86.117379 42.776199 -86.117379 42.776218 -86.117328 42.776221 Vehicle 1
-86.117427 42.775692 -86.117486 42.77569 -86.117489 42.775711 -86.117427 42.775714 Vehicle 1
-86.118162 42.775446 -86.118189 42.775446 -86.118189 42.775494 -86.118165 42.775494 Vehicle 1
-86.117827 42.775215 -86.117832 42.775161 -86.117865 42.775167 -86.117859 42.775218 Vehicle 1
-86.117382 42.775454 -86.117435 42.775451 -86.117435 42.775467 -86.117382 42.77547 Vehicle 1
-86.117414 42.775411 -86.117465 42.775411 -86.117465 42.775429 -86.117414 42.775429 Vehicle 1
-86.117336 42.775438 -86.117395 42.775413 -86.117403 42.775435 -86.117344 42.775456 Vehicle 1
-86.117108 42.775193 -86.11717 42.775185 -86.117173 42.775207 -86.117111 42.775215 Vehicle 1
-86.11817 42.775051 -86.118197 42.775049 -86.1182 42.775102 -86.118173 42.775102 Vehicle 1
-86.117586 42.774858 -86.117639 42.774853 -86.117642 42.774874 -86.117586 42.774877 Vehicle 1
-86.117508 42.774955 -86.117529 42.774955 -86.117532 42.77499 -86.117508 42.77499 Vehicle 1
-86.117387 42.774971 -86.117438 42.774949 -86.117446 42.774965 -86.117395 42.774987 Vehicle 1
-86.117392 42.775019 -86.117401 42.775 -86.117454 42.775027 -86.117446 42.775046 Vehicle 1
-86.117462 42.774968 -86.117489 42.774968 -86.117489 42.775019 -86.117465 42.775019 Vehicle 1
-86.116497 42.775236 -86.116569 42.775234 -86.116569 42.775266 -86.116499 42.775269 Vehicle 1
-86.115928 42.774799 -86.11599 42.774805 -86.11599 42.774821 -86.115928 42.774818 Vehicle 1
-86.116105 42.774963 -86.116126 42.77496 -86.116126 42.775006 -86.116105 42.775008 Vehicle 1
-86.116065 42.77496 -86.116084 42.774955 -86.116097 42.775003 -86.116076 42.775008 Vehicle 1
-86.116212 42.775553 -86.116234 42.775553 -86.116239 42.775601 -86.116218 42.775604 Vehicle 1
-86.11621 42.77548 -86.116231 42.77548 -86.116231 42.775526 -86.116212 42.775526 Vehicle 1
-86.116078 42.775556 -86.116129 42.775553 -86.116129 42.775569 -86.116078 42.775572 Vehicle 1
-86.116059 42.775526 -86.116137 42.775526 -86.116137 42.77555 -86.116059 42.77555 Vehicle 1
-86.116062 42.775478 -86.116116 42.775475 -86.116116 42.775497 -86.116065 42.775499 Vehicle 1
-86.116059 42.775459 -86.116116 42.775456 -86.116118 42.775472 -86.116059 42.775472 Vehicle 1
-86.116059 42.775403 -86.116129 42.7754 -86.116129 42.775424 -86.116059 42.775424 Vehicle 1
-86.11589 42.775408 -86.115966 42.775405 -86.115966 42.775424 -86.115893 42.775429 Vehicle 1
-86.115893 42.775454 -86.115966 42.775454 -86.115966 42.775478 -86.115893 42.775478 Vehicle 1
-86.115898 42.77548 -86.115952 42.77548 -86.115952 42.775499 -86.115898 42.775502 Vehicle 1
-86.115898 42.775505 -86.115955 42.775505 -86.115955 42.775526 -86.115898 42.775526 Vehicle 1
-86.115896 42.775531 -86.115963 42.775531 -86.115963 42.77555 -86.115898 42.77555 Vehicle 1
-86.115893 42.775558 -86.115955 42.775556 -86.115957 42.775574 -86.115896 42.775577 Vehicle 1
-86.115893 42.775582 -86.115949 42.77558 -86.115949 42.775598 -86.115893 42.775601 Vehicle 1
-86.115711 42.775001 -86.115765 42.774998 -86.115767 42.775022 -86.115711 42.775026 Vehicle 1
-86.115711 42.775026 -86.115766 42.775024 -86.115767 42.775049 -86.115711 42.775051 Vehicle 1
-86.115711 42.775096 -86.115763 42.775094 -86.115764 42.775116 -86.115711 42.775118 Vehicle 1
-86.115711 42.775126 -86.115767 42.775126 -86.115767 42.775145 -86.115711 42.775145 Vehicle 1
-86.115711 42.775177 -86.115764 42.775175 -86.115767 42.775193 -86.115711 42.775193 Vehicle 1
-86.115711 42.775247 -86.115764 42.77525 -86.115763 42.775271 -86.115711 42.775269 Vehicle 1
-86.115711 42.775274 -86.115772 42.775274 -86.115772 42.775293 -86.115711 42.775293 Vehicle 1
-86.115711 42.775303 -86.115762 42.775298 -86.115764 42.77532 -86.115711 42.775324 Vehicle 1
-86.115708 42.7754 -86.115764 42.775397 -86.115767 42.775416 -86.115708 42.775416 Vehicle 1
-86.115711 42.775424 -86.11577 42.775424 -86.11577 42.775443 -86.115711 42.775443 Vehicle 1
