565.0 533.0 557.0 534.0 557.0 518.0 565.0 518.0 Vehicle 1
498.0 533.0 487.0 533.0 488.0 517.0 498.0 517.0 Vehicle 1
484.0 534.0 475.0 534.0 475.0 519.0 484.0 519.0 Vehicle 1
474.0 515.0 473.0 534.0 462.0 533.0 462.0 514.0 Vehicle 1
531.0 422.0 508.0 421.0 508.0 413.0 531.0 413.0 Vehicle 1
531.0 395.0 510.0 396.0 510.0 389.0 531.0 389.0 Vehicle 1
530.0 387.0 510.0 387.0 510.0 381.0 530.0 381.0 Vehicle 1
528.0 364.0 505.0 365.0 505.0 357.0 528.0 357.0 Vehicle 1
531.0 347.0 507.0 348.0 507.0 339.0 531.0 339.0 Vehicle 1
529.0 339.0 507.0 339.0 507.0 332.0 529.0 332.0 Vehicle 1
530.0 322.0 509.0 322.0 508.0 316.0 529.0 316.0 Vehicle 1
531.0 314.0 509.0 314.0 508.0 307.0 531.0 307.0 Vehicle 1
531.0 305.0 508.0 305.0 508.0 297.0 531.0 298.0 Vehicle 1
494.0 398.0 485.0 398.0 484.0 383.0 493.0 382.0 Vehicle 1
475.0 389.0 451.0 389.0 451.0 383.0 475.0 383.0 Vehicle 1
477.0 379.0 449.0 380.0 449.0 373.0 477.0 373.0 Vehicle 1
481.0 370.0 459.0 371.0 458.0 364.0 481.0 363.0 Vehicle 1
477.0 361.0 454.0 361.0 454.0 354.0 477.0 354.0 Vehicle 1
477.0 353.0 455.0 352.0 456.0 346.0 477.0 346.0 Vehicle 1
448.0 352.0 427.0 352.0 428.0 345.0 448.0 345.0 Vehicle 1
478.0 343.0 456.0 343.0 456.0 336.0 478.0 336.0 Vehicle 1
479.0 334.0 454.0 334.0 454.0 326.0 479.0 326.0 Vehicle 1
479.0 325.0 453.0 325.0 453.0 317.0 479.0 318.0 Vehicle 1
451.0 325.0 425.0 325.0 425.0 317.0 451.0 317.0 Vehicle 1
474.0 315.0 453.0 315.0 453.0 308.0 474.0 309.0 Vehicle 1
452.0 315.0 430.0 315.0 430.0 308.0 452.0 308.0 Vehicle 1
475.0 305.0 453.0 305.0 453.0 298.0 475.0 298.0 Vehicle 1
450.0 306.0 430.0 306.0 430.0 298.0 450.0 298.0 Vehicle 1
376.0 389.0 353.0 389.0 353.0 381.0 376.0 381.0 Vehicle 1
376.0 379.0 352.0 380.0 352.0 372.0 376.0 372.0 Vehicle 1
374.0 371.0 354.0 371.0 354.0 365.0 374.0 365.0 Vehicle 1
397.0 352.0 374.0 352.0 374.0 344.0 397.0 344.0 Vehicle 1
374.0 325.0 348.0 325.0 348.0 318.0 374.0 318.0 Vehicle 1
396.0 315.0 374.0 315.0 374.0 308.0 396.0 308.0 Vehicle 1
396.0 305.0 374.0 305.0 374.0 298.0 396.0 299.0 Vehicle 1
373.0 308.0 372.0 315.0 350.0 315.0 350.0 308.0 Vehicle 1
373.0 306.0 346.0 306.0 346.0 299.0 373.0 299.0 Vehicle 1
135.0 114.0 125.0 114.0 125.0 100.0 135.0 100.0 Vehicle 1
100.0 116.0 90.0 116.0 90.0 102.0 100.0 102.0 Vehicle 1
368.0 622.0 367.0 636.0 359.0 636.0 360.0 621.0 Vehicle 1
370.0 617.0 362.0 617.0 361.0 601.0 370.0 601.0 Vehicle 1
210.0 47.0 187.0 47.0 187.0 38.0 210.0 39.0 Vehicle 1
209.0 71.0 187.0 72.0 187.0 65.0 209.0 65.0 Vehicle 1
210.0 62.0 187.0 63.0 187.0 55.0 210.0 55.0 Vehicle 1
209.0 20.0 184.0 21.0 184.0 13.0 209.0 13.0 Vehicle 1
155.0 70.0 132.0 71.0 132.0 65.0 154.0 64.0 Vehicle 1
130.0 72.0 105.0 72.0 105.0 65.0 129.0 65.0 Vehicle 1
151.0 62.0 132.0 62.0 132.0 56.0 151.0 56.0 Vehicle 1
129.0 62.0 107.0 63.0 106.0 55.0 129.0 54.0 Vehicle 1
156.0 54.0 131.0 53.0 131.0 46.0 156.0 46.0 Vehicle 1
129.0 54.0 107.0 54.0 107.0 46.0 129.0 46.0 Vehicle 1
156.0 45.0 134.0 45.0 134.0 37.0 156.0 37.0 Vehicle 1
155.0 35.0 132.0 35.0 132.0 28.0 155.0 28.0 Vehicle 1
130.0 36.0 109.0 36.0 109.0 29.0 130.0 29.0 Vehicle 1
156.0 19.0 133.0 19.0 133.0 12.0 156.0 12.0 Vehicle 1
130.0 19.0 110.0 19.0 110.0 12.0 130.0 12.0 Vehicle 1
154.0 10.0 133.0 10.0 133.0 3.0 154.0 3.0 Vehicle 1
130.0 9.0 109.0 9.0 109.0 4.0 130.0 3.0 Vehicle 1
143.0 215.0 134.0 215.0 134.0 199.0 143.0 199.0 Vehicle 1
12.0 54.0 0.0 54.0 0.0 35.0 12.0 35.0 Vehicle 1
80.0 71.0 59.0 71.0 59.0 64.0 80.0 64.0 Vehicle 1
56.0 71.0 31.0 71.0 31.0 64.0 55.0 63.0 Vehicle 1
79.0 54.0 61.0 54.0 61.0 46.0 79.0 46.0 Vehicle 1
76.0 36.0 54.0 35.0 54.0 29.0 76.0 29.0 Vehicle 1
78.0 19.0 52.0 18.0 52.0 10.0 78.0 11.0 Vehicle 1
