350.0 349.0 347.0 357.0 333.0 351.0 335.0 344.0 Vehicle 1
44.0 530.0 40.0 540.0 16.0 528.0 20.0 519.0 Vehicle 1
70.0 527.0 67.0 533.0 50.0 524.0 53.0 519.0 Vehicle 1
96.0 537.0 93.0 544.0 74.0 536.0 76.0 529.0 Vehicle 1
128.0 550.0 125.0 557.0 102.0 547.0 105.0 540.0 Vehicle 1
180.0 572.0 177.0 579.0 158.0 571.0 160.0 564.0 Vehicle 1
774.0 528.0 770.0 536.0 746.0 526.0 749.0 518.0 Vehicle 1
777.0 510.0 774.0 517.0 756.0 509.0 759.0 502.0 Vehicle 1
742.0 516.0 739.0 523.0 719.0 515.0 722.0 509.0 Vehicle 1
713.0 505.0 710.0 510.0 690.0 501.0 692.0 495.0 Vehicle 1
743.0 462.0 739.0 469.0 728.0 465.0 731.0 457.0 Vehicle 1
701.0 446.0 698.0 452.0 690.0 448.0 693.0 442.0 Vehicle 1
726.0 456.0 724.0 463.0 707.0 455.0 710.0 449.0 Vehicle 1
679.0 485.0 675.0 491.0 657.0 482.0 660.0 475.0 Vehicle 1
651.0 477.0 648.0 484.0 626.0 476.0 629.0 468.0 Vehicle 1
625.0 467.0 623.0 473.0 607.0 466.0 609.0 460.0 Vehicle 1
608.0 456.0 604.0 465.0 589.0 458.0 593.0 449.0 Vehicle 1
607.0 443.0 605.0 449.0 589.0 443.0 591.0 437.0 Vehicle 1
650.0 433.0 647.0 441.0 626.0 432.0 628.0 425.0 Vehicle 1
650.0 424.0 646.0 431.0 632.0 424.0 636.0 417.0 Vehicle 1
632.0 418.0 629.0 425.0 613.0 417.0 616.0 410.0 Vehicle 1
614.0 406.0 610.0 416.0 578.0 403.0 583.0 393.0 Vehicle 1
569.0 401.0 566.0 406.0 553.0 399.0 556.0 393.0 Vehicle 1
569.0 390.0 566.0 396.0 550.0 389.0 553.0 383.0 Vehicle 1
549.0 382.0 546.0 389.0 526.0 380.0 529.0 373.0 Vehicle 1
544.0 432.0 542.0 439.0 523.0 432.0 525.0 425.0 Vehicle 1
521.0 423.0 518.0 430.0 501.0 422.0 504.0 416.0 Vehicle 1
552.0 417.0 549.0 424.0 530.0 417.0 533.0 410.0 Vehicle 1
527.0 407.0 524.0 413.0 504.0 404.0 507.0 397.0 Vehicle 1
499.0 414.0 496.0 421.0 477.0 412.0 480.0 406.0 Vehicle 1
478.0 405.0 474.0 411.0 456.0 402.0 459.0 396.0 Vehicle 1
493.0 392.0 491.0 398.0 473.0 390.0 476.0 384.0 Vehicle 1
495.0 381.0 492.0 387.0 474.0 380.0 477.0 373.0 Vehicle 1
454.0 395.0 451.0 402.0 432.0 394.0 435.0 387.0 Vehicle 1
465.0 379.0 461.0 387.0 443.0 379.0 446.0 371.0 Vehicle 1
434.0 383.0 429.0 392.0 401.0 379.0 405.0 370.0 Vehicle 1
401.0 369.0 396.0 379.0 370.0 366.0 375.0 356.0 Vehicle 1
436.0 367.0 433.0 375.0 414.0 367.0 417.0 359.0 Vehicle 1
412.0 358.0 409.0 366.0 389.0 358.0 392.0 350.0 Vehicle 1
433.0 340.0 430.0 348.0 411.0 341.0 414.0 334.0 Vehicle 1
420.0 326.0 417.0 334.0 395.0 325.0 398.0 317.0 Vehicle 1
378.0 343.0 375.0 351.0 358.0 345.0 360.0 337.0 Vehicle 1
353.0 334.0 350.0 341.0 331.0 332.0 334.0 326.0 Vehicle 1
391.0 313.0 387.0 323.0 345.0 306.0 349.0 296.0 Vehicle 1
338.0 291.0 335.0 299.0 314.0 291.0 317.0 283.0 Vehicle 1
315.0 281.0 312.0 290.0 284.0 279.0 287.0 271.0 Vehicle 1
321.0 318.0 318.0 326.0 296.0 318.0 299.0 309.0 Vehicle 1
276.0 320.0 274.0 326.0 258.0 319.0 261.0 313.0 Vehicle 1
283.0 301.0 280.0 309.0 261.0 301.0 263.0 294.0 Vehicle 1
258.0 312.0 255.0 319.0 236.0 312.0 238.0 305.0 Vehicle 1
238.0 301.0 236.0 307.0 215.0 298.0 217.0 292.0 Vehicle 1
213.0 292.0 210.0 299.0 192.0 292.0 195.0 285.0 Vehicle 1
245.0 286.0 243.0 292.0 224.0 284.0 227.0 278.0 Vehicle 1
204.0 278.0 200.0 286.0 185.0 280.0 189.0 272.0 Vehicle 1
236.0 262.0 233.0 268.0 215.0 260.0 218.0 254.0 Vehicle 1
246.0 254.0 242.0 263.0 225.0 254.0 229.0 245.0 Vehicle 1
213.0 240.0 210.0 247.0 189.0 238.0 192.0 231.0 Vehicle 1
185.0 228.0 182.0 235.0 163.0 227.0 166.0 220.0 Vehicle 1
167.0 253.0 164.0 259.0 146.0 250.0 149.0 244.0 Vehicle 1
123.0 244.0 120.0 250.0 108.0 244.0 111.0 238.0 Vehicle 1
118.0 251.0 114.0 260.0 79.0 244.0 83.0 236.0 Vehicle 1
65.0 229.0 62.0 237.0 36.0 226.0 40.0 218.0 Vehicle 1
158.0 218.0 156.0 224.0 138.0 216.0 141.0 210.0 Vehicle 1
137.0 208.0 134.0 216.0 110.0 206.0 113.0 198.0 Vehicle 1
102.0 225.0 99.0 231.0 82.0 223.0 85.0 216.0 Vehicle 1
75.0 211.0 71.0 218.0 53.0 209.0 57.0 202.0 Vehicle 1
61.0 216.0 57.0 225.0 26.0 211.0 30.0 202.0 Vehicle 1
16.0 209.0 14.0 215.0 0.0 208.0 0.0 201.0 Vehicle 1
49.0 200.0 46.0 205.0 32.0 199.0 34.0 194.0 Vehicle 1
91.0 189.0 88.0 196.0 67.0 186.0 70.0 179.0 Vehicle 1
67.0 178.0 64.0 185.0 44.0 177.0 47.0 170.0 Vehicle 1
45.0 170.0 43.0 176.0 26.0 168.0 28.0 162.0 Vehicle 1
18.0 158.0 16.0 165.0 0.0 158.0 0.0 150.0 Vehicle 1
735.0 140.0 732.0 146.0 716.0 138.0 720.0 131.0 Vehicle 1
693.0 122.0 691.0 128.0 674.0 120.0 677.0 114.0 Vehicle 1
553.0 87.0 550.0 95.0 537.0 89.0 540.0 82.0 Vehicle 1
589.0 76.0 586.0 85.0 540.0 67.0 544.0 57.0 Vehicle 1
543.0 58.0 540.0 65.0 521.0 57.0 524.0 50.0 Vehicle 1
504.0 42.0 501.0 49.0 483.0 40.0 486.0 34.0 Vehicle 1
413.0 30.0 411.0 37.0 393.0 30.0 395.0 23.0 Vehicle 1
271.0 264.0 267.0 272.0 244.0 262.0 248.0 254.0 Vehicle 1
