274.0 846.0 272.0 861.0 265.0 860.0 268.0 845.0 Vehicle 1
790.0 73.0 768.0 73.0 768.0 66.0 790.0 66.0 Vehicle 1
963.0 39.0 937.0 39.0 937.0 30.0 963.0 31.0 Vehicle 1
954.0 49.0 953.0 56.0 933.0 55.0 933.0 47.0 Vehicle 1
957.0 65.0 933.0 65.0 933.0 58.0 957.0 57.0 Vehicle 1
933.0 68.0 932.0 75.0 909.0 73.0 910.0 65.0 Vehicle 1
862.0 158.0 861.0 165.0 833.0 162.0 834.0 155.0 Vehicle 1
848.0 267.0 847.0 274.0 826.0 271.0 827.0 265.0 Vehicle 1
917.0 197.0 916.0 205.0 891.0 204.0 892.0 196.0 Vehicle 1
913.0 214.0 893.0 213.0 893.0 206.0 913.0 206.0 Vehicle 1
906.0 243.0 905.0 250.0 883.0 249.0 884.0 242.0 Vehicle 1
907.0 252.0 906.0 260.0 885.0 258.0 885.0 251.0 Vehicle 1
941.0 224.0 918.0 224.0 918.0 218.0 941.0 218.0 Vehicle 1
937.0 229.0 936.0 236.0 915.0 233.0 916.0 226.0 Vehicle 1
934.0 244.0 913.0 243.0 913.0 235.0 934.0 237.0 Vehicle 1
931.0 252.0 910.0 252.0 910.0 245.0 931.0 244.0 Vehicle 1
932.0 255.0 931.0 262.0 910.0 260.0 911.0 253.0 Vehicle 1
931.0 264.0 930.0 271.0 911.0 269.0 911.0 263.0 Vehicle 1
922.0 280.0 904.0 280.0 904.0 274.0 922.0 274.0 Vehicle 1
924.0 291.0 902.0 290.0 903.0 283.0 924.0 284.0 Vehicle 1
165.0 680.0 164.0 712.0 152.0 711.0 154.0 679.0 Vehicle 1
143.0 543.0 115.0 543.0 115.0 535.0 143.0 534.0 Vehicle 1
416.0 514.0 391.0 515.0 391.0 507.0 416.0 506.0 Vehicle 1
518.0 515.0 517.0 521.0 499.0 520.0 500.0 514.0 Vehicle 1
774.0 443.0 771.0 457.0 764.0 455.0 766.0 442.0 Vehicle 1
875.0 478.0 872.0 497.0 863.0 495.0 866.0 477.0 Vehicle 1
872.0 498.0 870.0 515.0 861.0 514.0 862.0 497.0 Vehicle 1
899.0 548.0 872.0 547.0 872.0 539.0 899.0 539.0 Vehicle 1
856.0 538.0 855.0 544.0 832.0 544.0 832.0 537.0 Vehicle 1
236.0 642.0 235.0 654.0 185.0 651.0 186.0 639.0 Vehicle 1
487.0 592.0 453.0 590.0 454.0 580.0 487.0 581.0 Vehicle 1
453.0 579.0 452.0 590.0 424.0 589.0 425.0 578.0 Vehicle 1
353.0 670.0 345.0 697.0 322.0 690.0 330.0 664.0 Vehicle 1
334.0 648.0 303.0 648.0 303.0 640.0 334.0 640.0 Vehicle 1
798.0 604.0 796.0 620.0 787.0 618.0 790.0 603.0 Vehicle 1
746.0 639.0 745.0 654.0 736.0 653.0 738.0 638.0 Vehicle 1
799.0 707.0 788.0 707.0 788.0 693.0 799.0 693.0 Vehicle 1
785.0 720.0 773.0 720.0 773.0 698.0 784.0 697.0 Vehicle 1
993.0 740.0 991.0 759.0 982.0 758.0 983.0 739.0 Vehicle 1
878.0 768.0 875.0 786.0 866.0 785.0 868.0 766.0 Vehicle 1
820.0 787.0 818.0 803.0 810.0 802.0 811.0 786.0 Vehicle 1
1000.0 867.920044 976.357605 866.028625 976.999939 858.000061 1000.0 859.840088 Vehicle 1
795.0 836.0 773.0 834.0 773.0 827.0 795.0 828.0 Vehicle 1
502.0 810.0 501.0 818.0 480.0 816.0 481.0 808.0 Vehicle 1
887.0 981.0 864.0 979.0 864.0 972.0 887.0 973.0 Vehicle 1
886.0 988.0 885.0 996.0 861.0 994.0 862.0 987.0 Vehicle 1
853.0 971.0 848.0 989.0 840.0 987.0 844.0 969.0 Vehicle 1
805.0 968.0 801.0 989.0 791.0 987.0 794.0 967.0 Vehicle 1
782.0 960.0 761.0 960.0 762.0 953.0 782.0 954.0 Vehicle 1
655.0 878.0 653.0 894.0 644.0 893.0 646.0 877.0 Vehicle 1
432.0 897.0 428.0 918.0 419.0 917.0 422.0 895.0 Vehicle 1
245.0 913.0 243.0 932.0 232.0 931.0 235.0 912.0 Vehicle 1
32.0 965.0 25.0 966.0 23.0 950.0 30.0 950.0 Vehicle 1
197.0 923.0 196.0 933.0 178.0 932.0 179.0 923.0 Vehicle 1
179.0 935.0 173.0 942.0 165.0 935.0 171.0 928.0 Vehicle 1
157.0 917.0 151.0 939.0 142.0 937.0 148.0 914.0 Vehicle 1
874.0 787.0 873.0 804.0 863.0 803.0 864.0 787.0 Vehicle 1
