956.0 760.0 940.0 767.0 938.0 761.0 953.0 754.0 Vehicle 1
827.0 756.0 818.0 772.0 811.0 768.0 820.0 752.0 Vehicle 1
815.0 591.0 804.0 598.0 800.0 593.0 813.0 586.0 Vehicle 1
804.0 589.0 790.0 596.0 788.0 590.0 800.0 583.0 Vehicle 1
842.0 603.0 823.0 614.0 819.0 608.0 838.0 596.0 Vehicle 1
747.0 616.0 742.0 621.0 731.0 606.0 736.0 602.0 Vehicle 1
769.0 645.0 764.0 649.0 754.0 636.0 760.0 632.0 Vehicle 1
767.0 674.0 754.0 681.0 751.0 675.0 764.0 668.0 Vehicle 1
956.0 836.0 950.0 840.0 939.0 823.0 945.0 819.0 Vehicle 1
881.0 813.0 866.0 822.0 862.0 816.0 877.0 806.0 Vehicle 1
884.0 788.0 878.0 794.0 864.0 779.0 870.0 773.0 Vehicle 1
490.0 765.0 479.0 772.0 475.0 766.0 486.0 759.0 Vehicle 1
513.0 748.0 494.0 762.0 489.0 756.0 509.0 742.0 Vehicle 1
570.0 762.0 563.0 766.0 555.0 752.0 562.0 748.0 Vehicle 1
606.0 882.0 588.0 894.0 584.0 887.0 602.0 875.0 Vehicle 1
720.0 895.0 705.0 904.0 701.0 898.0 716.0 889.0 Vehicle 1
654.0 944.0 637.0 952.0 634.0 946.0 649.0 938.0 Vehicle 1
733.0 965.0 727.0 969.0 716.0 955.0 723.0 950.0 Vehicle 1
164.0 838.0 156.0 841.0 149.0 824.0 156.0 821.0 Vehicle 1
240.0 845.0 226.0 856.0 222.0 851.0 236.0 840.0 Vehicle 1
299.0 938.0 283.0 945.0 279.0 938.0 295.0 930.0 Vehicle 1
315.0 926.0 300.0 934.0 297.0 927.0 312.0 920.0 Vehicle 1
229.0 894.0 225.0 899.0 212.0 884.0 218.0 879.0 Vehicle 1
214.0 927.0 207.0 931.0 199.0 920.0 205.0 915.0 Vehicle 1
247.0 966.0 240.0 970.0 232.0 956.0 239.0 952.0 Vehicle 1
461.0 37.0 454.0 51.0 447.0 48.0 454.0 33.0 Vehicle 1
431.0 212.0 417.0 220.0 413.0 214.0 427.0 206.0 Vehicle 1
518.0 165.0 499.0 172.0 496.0 165.0 514.0 158.0 Vehicle 1
557.0 159.0 535.0 159.0 535.0 153.0 557.0 153.0 Vehicle 1
507.0 143.0 491.0 153.0 487.0 146.0 502.0 137.0 Vehicle 1
562.0 117.0 540.0 121.0 539.0 112.0 561.0 109.0 Vehicle 1
325.0 19.0 312.0 25.0 308.0 18.0 321.0 12.0 Vehicle 1
56.0 93.0 49.0 99.0 39.0 84.0 45.0 79.0 Vehicle 1
