74.0 396.0 65.0 396.0 64.0 378.0 74.0 377.0 Vehicle 1
278.0 734.0 269.0 734.0 268.0 720.0 277.0 720.0 Vehicle 1
501.0 763.0 492.0 764.0 491.0 748.0 501.0 747.0 Vehicle 1
460.0 733.0 449.0 733.0 449.0 717.0 460.0 717.0 Vehicle 1
458.0 686.0 451.0 687.0 450.0 675.0 457.0 674.0 Vehicle 1
501.0 704.0 492.0 704.0 491.0 687.0 501.0 687.0 Vehicle 1
473.0 673.0 464.0 673.0 464.0 656.0 473.0 656.0 Vehicle 1
457.0 591.0 448.0 592.0 447.0 575.0 457.0 574.0 Vehicle 1
454.0 572.0 446.0 572.0 446.0 559.0 454.0 558.0 Vehicle 1
503.0 416.0 493.0 416.0 492.0 402.0 502.0 402.0 Vehicle 1
503.0 378.0 492.0 379.0 491.0 365.0 502.0 364.0 Vehicle 1
502.0 360.0 493.0 360.0 493.0 349.0 502.0 349.0 Vehicle 1
503.0 338.0 494.0 338.0 493.0 322.0 503.0 322.0 Vehicle 1
74.0 415.0 64.0 416.0 64.0 398.0 74.0 398.0 Vehicle 1
72.0 373.0 62.0 373.0 62.0 357.0 72.0 357.0 Vehicle 1
77.0 352.0 66.0 352.0 65.0 332.0 77.0 332.0 Vehicle 1
304.0 118.0 276.0 118.0 276.0 110.0 304.0 110.0 Vehicle 1
48.0 371.0 36.0 372.0 35.0 355.0 47.0 354.0 Vehicle 1
72.0 531.0 58.0 532.0 57.0 511.0 71.0 510.0 Vehicle 1
45.0 675.0 35.0 676.0 35.0 661.0 44.0 661.0 Vehicle 1
457.0 31.0 447.0 31.0 447.0 23.0 457.0 23.0 Vehicle 1
502.0 300.0 494.0 300.0 494.0 285.0 502.0 285.0 Vehicle 1
503.0 320.0 493.0 320.0 493.0 304.0 503.0 304.0 Vehicle 1
228.0 462.0 204.0 463.0 204.0 454.0 228.0 454.0 Vehicle 1
