834.0 389.0 814.0 389.0 814.0 382.0 834.0 382.0 Vehicle 1
838.0 345.0 816.0 345.0 816.0 338.0 838.0 338.0 Vehicle 1
776.0 359.0 758.0 359.0 758.0 351.0 776.0 352.0 Vehicle 1
779.0 323.0 760.0 323.0 760.0 316.0 779.0 316.0 Vehicle 1
238.0 989.0 213.0 990.0 213.0 981.0 238.0 981.0 Vehicle 1
238.0 971.0 218.0 971.0 218.0 964.0 238.0 964.0 Vehicle 1
239.0 963.0 213.0 963.0 213.0 955.0 239.0 955.0 Vehicle 1
240.0 945.0 220.0 945.0 221.0 938.0 240.0 938.0 Vehicle 1
243.0 937.0 218.0 937.0 218.0 929.0 243.0 930.0 Vehicle 1
243.0 919.0 218.0 919.0 218.0 911.0 243.0 911.0 Vehicle 1
238.0 901.0 219.0 900.0 219.0 893.0 238.0 893.0 Vehicle 1
243.0 883.0 220.0 883.0 220.0 877.0 243.0 876.0 Vehicle 1
237.0 874.0 218.0 874.0 218.0 867.0 237.0 867.0 Vehicle 1
238.0 867.0 218.0 867.0 219.0 859.0 238.0 859.0 Vehicle 1
241.0 858.0 220.0 858.0 220.0 850.0 241.0 850.0 Vehicle 1
247.0 834.0 224.0 834.0 224.0 825.0 247.0 825.0 Vehicle 1
243.0 825.0 223.0 824.0 223.0 816.0 243.0 817.0 Vehicle 1
241.0 814.0 223.0 814.0 223.0 808.0 241.0 808.0 Vehicle 1
311.0 808.0 310.0 816.0 283.0 814.0 284.0 806.0 Vehicle 1
686.0 803.0 685.0 819.0 677.0 818.0 677.0 802.0 Vehicle 1
705.0 800.0 704.0 817.0 694.0 817.0 695.0 799.0 Vehicle 1
723.0 776.0 722.0 792.0 710.0 792.0 711.0 775.0 Vehicle 1
690.0 756.0 680.0 756.0 680.0 734.0 690.0 734.0 Vehicle 1
690.0 733.0 681.0 733.0 681.0 714.0 690.0 714.0 Vehicle 1
707.0 737.0 697.0 737.0 697.0 717.0 707.0 718.0 Vehicle 1
710.0 635.0 709.0 654.0 699.0 654.0 700.0 635.0 Vehicle 1
729.0 590.0 728.0 605.0 720.0 605.0 720.0 589.0 Vehicle 1
909.0 547.0 891.0 547.0 891.0 541.0 908.0 540.0 Vehicle 1
884.0 546.0 864.0 546.0 864.0 540.0 883.0 540.0 Vehicle 1
857.0 546.0 838.0 546.0 838.0 539.0 857.0 539.0 Vehicle 1
836.0 545.0 813.0 545.0 813.0 538.0 836.0 538.0 Vehicle 1
797.0 554.0 775.0 554.0 775.0 546.0 797.0 546.0 Vehicle 1
800.0 544.0 779.0 544.0 779.0 536.0 800.0 536.0 Vehicle 1
718.0 465.0 708.0 465.0 708.0 448.0 718.0 448.0 Vehicle 1
718.0 490.0 707.0 490.0 707.0 473.0 718.0 473.0 Vehicle 1
714.0 499.0 713.0 522.0 702.0 522.0 703.0 499.0 Vehicle 1
740.0 553.0 728.0 560.0 724.0 553.0 735.0 546.0 Vehicle 1
727.0 563.0 715.0 576.0 708.0 569.0 721.0 556.0 Vehicle 1
498.0 571.0 481.0 570.0 481.0 563.0 498.0 564.0 Vehicle 1
603.0 572.0 582.0 571.0 582.0 565.0 603.0 566.0 Vehicle 1
637.0 549.0 616.0 548.0 616.0 542.0 637.0 543.0 Vehicle 1
547.0 537.0 526.0 536.0 526.0 529.0 547.0 530.0 Vehicle 1
523.0 536.0 502.0 535.0 502.0 529.0 523.0 530.0 Vehicle 1
530.0 361.0 510.0 361.0 510.0 354.0 530.0 354.0 Vehicle 1
531.0 335.0 505.0 335.0 504.0 327.0 531.0 326.0 Vehicle 1
578.0 245.0 569.0 245.0 569.0 231.0 578.0 231.0 Vehicle 1
611.0 232.0 589.0 232.0 589.0 226.0 611.0 226.0 Vehicle 1
497.0 209.0 477.0 208.0 478.0 202.0 497.0 202.0 Vehicle 1
456.0 197.0 446.0 197.0 446.0 181.0 456.0 180.0 Vehicle 1
462.0 180.0 452.0 180.0 453.0 165.0 462.0 165.0 Vehicle 1
448.0 181.0 438.0 181.0 438.0 164.0 448.0 164.0 Vehicle 1
703.0 871.0 693.0 871.0 692.0 852.0 702.0 852.0 Vehicle 1
720.0 896.0 709.0 896.0 709.0 882.0 720.0 882.0 Vehicle 1
684.0 852.0 683.0 871.0 674.0 871.0 674.0 852.0 Vehicle 1
682.0 896.0 672.0 896.0 673.0 877.0 682.0 877.0 Vehicle 1
614.0 903.0 597.0 903.0 597.0 897.0 614.0 897.0 Vehicle 1
618.0 840.0 598.0 841.0 598.0 835.0 617.0 834.0 Vehicle 1
412.0 796.0 411.0 812.0 401.0 812.0 402.0 796.0 Vehicle 1
424.0 795.0 423.0 811.0 416.0 811.0 416.0 795.0 Vehicle 1
447.0 733.0 446.0 757.0 435.0 757.0 435.0 732.0 Vehicle 1
461.0 710.0 442.0 731.0 434.0 724.0 453.0 703.0 Vehicle 1
440.0 734.0 413.0 738.0 412.0 728.0 439.0 725.0 Vehicle 1
503.0 618.0 479.0 617.0 479.0 609.0 503.0 610.0 Vehicle 1
502.0 638.0 478.0 638.0 477.0 630.0 502.0 630.0 Vehicle 1
501.0 657.0 477.0 657.0 477.0 648.0 501.0 649.0 Vehicle 1
500.0 668.0 480.0 667.0 481.0 660.0 500.0 661.0 Vehicle 1
437.0 687.0 427.0 686.0 427.0 662.0 437.0 663.0 Vehicle 1
401.0 719.0 376.0 719.0 376.0 710.0 401.0 709.0 Vehicle 1
272.0 694.0 244.0 694.0 244.0 686.0 272.0 687.0 Vehicle 1
64.0 677.0 63.0 700.0 51.0 699.0 52.0 676.0 Vehicle 1
362.0 526.0 361.0 533.0 338.0 532.0 338.0 525.0 Vehicle 1
430.0 568.0 412.0 568.0 412.0 561.0 430.0 561.0 Vehicle 1
355.0 566.0 334.0 565.0 334.0 557.0 355.0 558.0 Vehicle 1
171.0 560.0 151.0 560.0 151.0 552.0 171.0 552.0 Vehicle 1
143.0 559.0 124.0 559.0 124.0 552.0 143.0 553.0 Vehicle 1
166.0 527.0 144.0 526.0 144.0 519.0 166.0 520.0 Vehicle 1
117.0 525.0 94.0 525.0 94.0 519.0 117.0 519.0 Vehicle 1
46.0 550.0 45.0 557.0 26.0 557.0 26.0 550.0 Vehicle 1
20.0 555.0 0.0 555.0 0.0 548.0 20.0 549.0 Vehicle 1
34.0 371.0 16.0 371.0 16.0 364.0 34.0 365.0 Vehicle 1
33.0 381.0 13.0 381.0 13.0 375.0 33.0 374.0 Vehicle 1
28.0 409.0 11.0 409.0 11.0 403.0 28.0 402.0 Vehicle 1
29.0 455.0 9.0 455.0 8.0 447.0 29.0 447.0 Vehicle 1
84.0 489.0 64.0 489.0 64.0 481.0 84.0 481.0 Vehicle 1
85.0 480.0 65.0 481.0 65.0 472.0 85.0 472.0 Vehicle 1
77.0 463.0 62.0 462.0 62.0 455.0 77.0 455.0 Vehicle 1
84.0 446.0 83.0 453.0 63.0 453.0 63.0 446.0 Vehicle 1
79.0 434.0 65.0 434.0 65.0 428.0 79.0 428.0 Vehicle 1
79.0 424.0 66.0 424.0 66.0 418.0 79.0 418.0 Vehicle 1
86.0 416.0 66.0 416.0 66.0 409.0 86.0 408.0 Vehicle 1
88.0 406.0 67.0 407.0 66.0 401.0 88.0 400.0 Vehicle 1
84.0 398.0 69.0 398.0 69.0 390.0 84.0 390.0 Vehicle 1
80.0 387.0 70.0 388.0 69.0 381.0 80.0 381.0 Vehicle 1
89.0 369.0 71.0 369.0 71.0 363.0 89.0 363.0 Vehicle 1
88.0 361.0 68.0 361.0 68.0 354.0 88.0 354.0 Vehicle 1
83.0 351.0 70.0 351.0 70.0 344.0 83.0 344.0 Vehicle 1
67.0 294.0 66.0 307.0 58.0 307.0 59.0 293.0 Vehicle 1
57.0 309.0 49.0 309.0 49.0 293.0 57.0 293.0 Vehicle 1
46.0 291.0 45.0 307.0 37.0 307.0 37.0 291.0 Vehicle 1
36.0 292.0 35.0 306.0 26.0 306.0 26.0 292.0 Vehicle 1
59.0 162.0 45.0 176.0 38.0 170.0 52.0 156.0 Vehicle 1
8.0 133.0 0.0 133.0 0.0 119.0 8.0 119.0 Vehicle 1
