269.0 982.0 260.0 991.0 243.0 973.0 253.0 964.0 Vehicle 1
121.0 886.0 113.0 892.0 100.0 877.0 107.0 871.0 Vehicle 1
153.0 822.0 146.0 827.0 134.0 813.0 141.0 807.0 Vehicle 1
63.0 162.0 60.0 168.0 42.0 160.0 44.0 154.0 Vehicle 1
210.0 230.0 206.0 239.0 184.0 228.0 188.0 219.0 Vehicle 1
428.0 327.0 425.0 335.0 404.0 326.0 407.0 319.0 Vehicle 1
330.0 397.0 320.0 413.0 313.0 409.0 324.0 393.0 Vehicle 1
639.0 739.0 635.0 748.0 618.0 740.0 622.0 731.0 Vehicle 1
658.0 721.0 654.0 730.0 632.0 721.0 635.0 712.0 Vehicle 1
923.0 651.0 922.0 660.0 908.0 659.0 909.0 650.0 Vehicle 1
989.0 651.0 985.0 657.0 968.0 648.0 972.0 642.0 Vehicle 1
1000.0 600.0 982.0 593.0 986.0 585.0 1000.0 590.0 Vehicle 1
935.0 549.0 931.0 559.0 912.0 552.0 916.0 542.0 Vehicle 1
883.0 515.0 880.0 523.0 857.0 514.0 860.0 506.0 Vehicle 1
870.0 522.0 867.0 528.0 849.0 521.0 851.0 514.0 Vehicle 1
828.0 550.0 821.0 566.0 813.0 562.0 819.0 546.0 Vehicle 1
841.0 550.0 831.0 564.0 825.0 559.0 834.0 546.0 Vehicle 1
852.0 554.0 840.0 571.0 832.0 565.0 844.0 548.0 Vehicle 1
797.0 606.0 777.0 611.0 775.0 603.0 795.0 598.0 Vehicle 1
830.0 625.0 822.0 642.0 814.0 638.0 822.0 621.0 Vehicle 1
851.0 637.0 844.0 653.0 836.0 649.0 843.0 633.0 Vehicle 1
863.0 639.0 855.0 653.0 848.0 649.0 855.0 635.0 Vehicle 1
722.0 438.0 718.0 446.0 695.0 435.0 699.0 427.0 Vehicle 1
675.0 415.0 671.0 422.0 651.0 411.0 655.0 404.0 Vehicle 1
643.0 399.0 638.0 406.0 621.0 395.0 626.0 388.0 Vehicle 1
623.0 425.0 619.0 433.0 596.0 422.0 600.0 414.0 Vehicle 1
775.0 407.0 764.0 421.0 758.0 417.0 769.0 402.0 Vehicle 1
759.0 423.0 753.0 434.0 747.0 431.0 753.0 420.0 Vehicle 1
785.0 412.0 775.0 425.0 768.0 420.0 778.0 407.0 Vehicle 1
830.0 414.0 827.0 421.0 807.0 412.0 810.0 405.0 Vehicle 1
815.0 388.0 812.0 395.0 792.0 387.0 795.0 380.0 Vehicle 1
856.0 379.0 851.0 387.0 836.0 377.0 841.0 369.0 Vehicle 1
863.0 374.0 859.0 380.0 844.0 368.0 849.0 362.0 Vehicle 1
813.0 347.0 805.0 361.0 799.0 357.0 808.0 344.0 Vehicle 1
714.0 360.0 707.0 364.0 700.0 347.0 707.0 344.0 Vehicle 1
732.0 357.0 726.0 369.0 719.0 365.0 725.0 353.0 Vehicle 1
627.0 364.0 620.0 379.0 612.0 375.0 619.0 360.0 Vehicle 1
993.0 491.0 991.0 497.0 973.0 490.0 976.0 484.0 Vehicle 1
999.0 492.0 981.0 483.0 985.0 477.0 1002.0 485.0 Vehicle 1
959.0 460.0 956.0 467.0 938.0 460.0 941.0 452.0 Vehicle 1
962.0 451.0 958.0 459.0 938.0 448.0 942.0 440.0 Vehicle 1
937.0 453.0 932.0 464.0 926.0 461.0 930.0 450.0 Vehicle 1
997.0 403.0 988.0 419.0 980.0 414.0 989.0 398.0 Vehicle 1
977.0 362.0 974.0 370.0 953.0 360.0 957.0 353.0 Vehicle 1
993.0 75.0 985.0 71.0 993.0 53.0 1002.0 58.0 Vehicle 1
922.0 20.0 921.0 27.0 902.0 24.0 903.0 17.0 Vehicle 1
903.0 14.0 901.0 22.0 877.0 17.0 879.0 9.0 Vehicle 1
834.0 65.0 823.0 79.0 815.0 72.0 826.0 58.0 Vehicle 1
819.0 45.0 810.0 59.0 803.0 54.0 812.0 40.0 Vehicle 1
820.0 58.0 810.0 71.0 804.0 67.0 814.0 53.0 Vehicle 1
807.0 58.0 799.0 67.0 793.0 62.0 801.0 53.0 Vehicle 1
702.0 139.0 700.0 146.0 679.0 139.0 681.0 132.0 Vehicle 1
770.0 163.0 760.0 178.0 752.0 173.0 762.0 158.0 Vehicle 1
935.0 189.0 933.0 196.0 914.0 191.0 917.0 183.0 Vehicle 1
952.0 187.0 949.0 194.0 930.0 186.0 933.0 179.0 Vehicle 1
973.0 195.0 970.0 202.0 951.0 195.0 954.0 188.0 Vehicle 1
956.0 199.0 954.0 204.0 936.0 197.0 937.0 192.0 Vehicle 1
790.0 261.0 787.0 268.0 769.0 260.0 771.0 253.0 Vehicle 1
846.0 284.0 843.0 291.0 826.0 283.0 829.0 276.0 Vehicle 1
801.0 288.0 789.0 307.0 781.0 302.0 794.0 283.0 Vehicle 1
887.0 299.0 884.0 307.0 862.0 300.0 865.0 292.0 Vehicle 1
651.0 245.0 647.0 253.0 627.0 242.0 631.0 235.0 Vehicle 1
645.0 254.0 642.0 261.0 624.0 253.0 627.0 246.0 Vehicle 1
640.0 262.0 638.0 268.0 617.0 261.0 619.0 255.0 Vehicle 1
633.0 272.0 630.0 278.0 616.0 271.0 619.0 265.0 Vehicle 1
626.0 282.0 622.0 288.0 612.0 282.0 616.0 276.0 Vehicle 1
656.0 291.0 647.0 309.0 637.0 303.0 646.0 286.0 Vehicle 1
496.0 239.0 470.0 238.0 470.0 226.0 496.0 227.0 Vehicle 1
506.0 207.0 492.0 208.0 492.0 202.0 506.0 201.0 Vehicle 1
521.0 198.0 497.0 199.0 497.0 192.0 521.0 191.0 Vehicle 1
558.0 138.0 537.0 140.0 537.0 132.0 557.0 131.0 Vehicle 1
520.0 117.0 511.0 117.0 511.0 101.0 519.0 101.0 Vehicle 1
533.0 113.0 525.0 114.0 524.0 102.0 532.0 101.0 Vehicle 1
546.0 113.0 537.0 114.0 537.0 104.0 545.0 103.0 Vehicle 1
542.0 75.0 522.0 76.0 521.0 69.0 542.0 69.0 Vehicle 1
549.0 66.0 529.0 67.0 528.0 61.0 549.0 60.0 Vehicle 1
551.0 35.0 528.0 34.0 529.0 28.0 551.0 29.0 Vehicle 1
346.0 86.0 323.0 86.0 323.0 79.0 346.0 79.0 Vehicle 1
194.0 103.0 180.0 124.0 169.0 117.0 183.0 96.0 Vehicle 1
336.0 166.0 315.0 167.0 315.0 160.0 336.0 158.0 Vehicle 1
339.0 176.0 317.0 177.0 317.0 170.0 339.0 170.0 Vehicle 1
339.0 184.0 320.0 184.0 321.0 177.0 339.0 177.0 Vehicle 1
341.0 191.0 319.0 192.0 319.0 185.0 340.0 184.0 Vehicle 1
342.0 198.0 320.0 198.0 320.0 192.0 341.0 191.0 Vehicle 1
345.0 205.0 324.0 205.0 324.0 199.0 345.0 198.0 Vehicle 1
344.0 214.0 322.0 214.0 322.0 207.0 344.0 206.0 Vehicle 1
347.0 232.0 323.0 234.0 322.0 226.0 347.0 224.0 Vehicle 1
917.0 119.0 907.0 133.0 899.0 128.0 908.0 113.0 Vehicle 1
904.0 114.0 896.0 128.0 888.0 123.0 896.0 110.0 Vehicle 1
196.0 114.0 187.0 129.0 180.0 125.0 189.0 110.0 Vehicle 1
204.0 105.0 197.0 114.0 192.0 110.0 199.0 101.0 Vehicle 1
