506.0 490.0 505.0 504.0 498.0 504.0 498.0 489.0 Vehicle 1
503.0 542.0 496.0 543.0 496.0 527.0 503.0 527.0 Vehicle 1
492.0 543.0 483.0 543.0 483.0 528.0 491.0 528.0 Vehicle 1
480.0 545.0 472.0 545.0 472.0 528.0 480.0 528.0 Vehicle 1
470.0 543.0 463.0 544.0 463.0 529.0 470.0 529.0 Vehicle 1
430.0 544.0 422.0 544.0 422.0 528.0 430.0 527.0 Vehicle 1
469.0 503.0 462.0 504.0 461.0 488.0 468.0 488.0 Vehicle 1
458.0 488.0 457.0 506.0 449.0 505.0 449.0 488.0 Vehicle 1
421.0 506.0 412.0 506.0 412.0 488.0 420.0 488.0 Vehicle 1
409.0 504.0 401.0 504.0 400.0 487.0 408.0 487.0 Vehicle 1
389.0 502.0 379.0 502.0 379.0 486.0 388.0 486.0 Vehicle 1
362.0 488.0 361.0 503.0 352.0 502.0 354.0 487.0 Vehicle 1
400.0 544.0 391.0 543.0 391.0 527.0 400.0 527.0 Vehicle 1
373.0 543.0 364.0 542.0 365.0 527.0 373.0 527.0 Vehicle 1
357.0 541.0 347.0 542.0 346.0 525.0 357.0 525.0 Vehicle 1
324.0 546.0 313.0 547.0 312.0 526.0 322.0 525.0 Vehicle 1
251.0 504.0 242.0 504.0 242.0 487.0 251.0 487.0 Vehicle 1
240.0 502.0 232.0 502.0 232.0 487.0 240.0 487.0 Vehicle 1
230.0 505.0 223.0 505.0 221.0 488.0 228.0 487.0 Vehicle 1
174.0 488.0 172.0 505.0 164.0 504.0 165.0 488.0 Vehicle 1
162.0 488.0 161.0 505.0 152.0 505.0 153.0 488.0 Vehicle 1
150.0 504.0 141.0 504.0 141.0 486.0 150.0 486.0 Vehicle 1
132.0 505.0 124.0 505.0 124.0 489.0 132.0 489.0 Vehicle 1
102.0 506.0 101.0 514.0 81.0 513.0 82.0 505.0 Vehicle 1
101.0 523.0 80.0 523.0 80.0 515.0 101.0 516.0 Vehicle 1
103.0 539.0 79.0 539.0 79.0 529.0 103.0 530.0 Vehicle 1
232.0 543.0 224.0 544.0 224.0 529.0 232.0 529.0 Vehicle 1
201.0 544.0 194.0 545.0 192.0 527.0 199.0 527.0 Vehicle 1
180.0 546.0 172.0 546.0 171.0 528.0 179.0 527.0 Vehicle 1
169.0 545.0 160.0 545.0 159.0 527.0 168.0 526.0 Vehicle 1
157.0 526.0 156.0 544.0 148.0 544.0 149.0 526.0 Vehicle 1
115.0 556.0 100.0 568.0 95.0 561.0 109.0 549.0 Vehicle 1
52.0 593.0 44.0 593.0 44.0 577.0 52.0 577.0 Vehicle 1
11.0 596.0 4.0 597.0 3.0 579.0 11.0 579.0 Vehicle 1
16.0 513.0 15.0 530.0 7.0 530.0 7.0 513.0 Vehicle 1
56.0 521.0 55.0 539.0 47.0 538.0 49.0 520.0 Vehicle 1
653.0 468.0 631.0 468.0 631.0 460.0 653.0 461.0 Vehicle 1
622.0 468.0 605.0 469.0 604.0 462.0 621.0 461.0 Vehicle 1
520.0 424.0 500.0 424.0 500.0 416.0 520.0 415.0 Vehicle 1
177.0 468.0 157.0 468.0 157.0 460.0 177.0 460.0 Vehicle 1
145.0 460.0 144.0 467.0 122.0 467.0 122.0 459.0 Vehicle 1
322.0 424.0 303.0 424.0 302.0 416.0 322.0 415.0 Vehicle 1
208.0 423.0 189.0 423.0 187.0 416.0 208.0 416.0 Vehicle 1
123.0 422.0 107.0 422.0 106.0 415.0 123.0 415.0 Vehicle 1
698.0 111.0 678.0 112.0 678.0 106.0 697.0 106.0 Vehicle 1
745.0 110.0 727.0 112.0 726.0 107.0 743.0 105.0 Vehicle 1
776.0 85.0 754.0 85.0 754.0 76.0 776.0 76.0 Vehicle 1
683.0 84.0 662.0 85.0 662.0 77.0 683.0 77.0 Vehicle 1
602.0 12.0 577.0 13.0 577.0 4.0 602.0 4.0 Vehicle 1
602.0 52.0 582.0 52.0 582.0 43.0 601.0 43.0 Vehicle 1
24.0 315.0 14.0 315.0 14.0 294.0 24.0 293.0 Vehicle 1
24.0 291.0 15.0 292.0 15.0 276.0 22.0 276.0 Vehicle 1
63.0 297.0 56.0 298.0 55.0 281.0 63.0 280.0 Vehicle 1
22.0 239.0 14.0 239.0 14.0 220.0 22.0 221.0 Vehicle 1
63.0 264.0 62.0 280.0 55.0 280.0 55.0 264.0 Vehicle 1
63.0 261.0 55.0 261.0 55.0 244.0 63.0 244.0 Vehicle 1
52.0 223.0 51.0 239.0 42.0 238.0 43.0 222.0 Vehicle 1
64.0 198.0 63.0 218.0 54.0 217.0 55.0 198.0 Vehicle 1
65.0 199.0 57.0 199.0 56.0 181.0 63.0 181.0 Vehicle 1
65.0 161.0 63.0 178.0 55.0 177.0 56.0 161.0 Vehicle 1
22.0 173.0 14.0 173.0 14.0 156.0 22.0 156.0 Vehicle 1
63.0 141.0 56.0 141.0 56.0 124.0 63.0 124.0 Vehicle 1
64.0 160.0 56.0 160.0 55.0 145.0 63.0 145.0 Vehicle 1
24.0 123.0 16.0 123.0 15.0 106.0 22.0 106.0 Vehicle 1
65.0 103.0 56.0 103.0 56.0 86.0 64.0 86.0 Vehicle 1
65.0 83.0 56.0 83.0 56.0 66.0 65.0 66.0 Vehicle 1
64.0 65.0 57.0 66.0 56.0 49.0 63.0 48.0 Vehicle 1
66.0 8.0 65.0 26.0 55.0 25.0 56.0 7.0 Vehicle 1
65.0 29.0 64.0 45.0 57.0 44.0 57.0 28.0 Vehicle 1
24.0 91.0 15.0 92.0 15.0 74.0 22.0 74.0 Vehicle 1
24.0 73.0 15.0 74.0 14.0 56.0 22.0 56.0 Vehicle 1
25.0 38.0 17.0 38.0 16.0 21.0 24.0 21.0 Vehicle 1
25.0 20.0 17.0 21.0 16.0 4.0 22.0 3.0 Vehicle 1
18.0 424.0 0.0 424.0 0.0 414.0 18.0 413.0 Vehicle 1
24.0 218.0 15.0 218.0 14.0 200.0 22.0 199.0 Vehicle 1
262.0 486.0 261.0 503.0 253.0 503.0 254.0 485.0 Vehicle 1
481.0 504.0 472.0 504.0 472.0 488.0 480.0 488.0 Vehicle 1
606.0 16.0 605.0 24.0 578.0 23.0 578.0 15.0 Vehicle 1
