43.0 625.0 33.0 639.0 26.0 634.0 36.0 620.0 Vehicle 1
41.0 601.0 30.0 616.0 22.0 610.0 34.0 595.0 Vehicle 1
45.0 519.0 43.0 526.0 24.0 522.0 26.0 514.0 Vehicle 1
19.0 354.0 13.0 371.0 6.0 369.0 11.0 352.0 Vehicle 1
35.0 355.0 34.0 372.0 25.0 371.0 26.0 355.0 Vehicle 1
25.0 286.0 14.0 286.0 14.0 265.0 25.0 265.0 Vehicle 1
40.0 277.0 30.0 277.0 30.0 253.0 40.0 253.0 Vehicle 1
289.0 113.0 279.0 129.0 271.0 124.0 281.0 108.0 Vehicle 1
269.0 169.0 260.0 170.0 257.0 155.0 266.0 153.0 Vehicle 1
201.0 62.0 192.0 62.0 191.0 43.0 201.0 42.0 Vehicle 1
154.0 21.0 132.0 22.0 132.0 13.0 154.0 13.0 Vehicle 1
267.0 403.0 266.0 410.0 243.0 409.0 244.0 402.0 Vehicle 1
342.0 364.0 322.0 364.0 322.0 357.0 342.0 357.0 Vehicle 1
258.0 317.0 252.0 329.0 245.0 325.0 251.0 314.0 Vehicle 1
238.0 540.0 234.0 548.0 211.0 539.0 214.0 531.0 Vehicle 1
250.0 609.0 238.0 623.0 231.0 618.0 242.0 603.0 Vehicle 1
249.0 627.0 237.0 643.0 229.0 637.0 241.0 621.0 Vehicle 1
236.0 622.0 225.0 638.0 217.0 633.0 227.0 616.0 Vehicle 1
222.0 641.0 209.0 655.0 202.0 648.0 215.0 634.0 Vehicle 1
85.0 648.0 81.0 655.0 62.0 646.0 66.0 638.0 Vehicle 1
238.0 713.0 234.0 719.0 220.0 711.0 224.0 705.0 Vehicle 1
139.0 770.0 128.0 785.0 121.0 779.0 132.0 765.0 Vehicle 1
130.0 765.0 116.0 786.0 107.0 780.0 120.0 759.0 Vehicle 1
93.0 758.0 83.0 773.0 75.0 768.0 86.0 753.0 Vehicle 1
21.0 768.0 18.0 776.0 0.0 768.0 0.0 759.0 Vehicle 1
82.0 793.0 79.0 802.0 57.0 794.0 59.0 786.0 Vehicle 1
115.0 810.0 111.0 818.0 90.0 807.0 94.0 799.0 Vehicle 1
136.0 820.0 133.0 827.0 115.0 819.0 118.0 813.0 Vehicle 1
165.0 831.0 162.0 839.0 137.0 830.0 141.0 822.0 Vehicle 1
185.0 841.0 182.0 848.0 163.0 840.0 166.0 833.0 Vehicle 1
230.0 862.0 225.0 869.0 207.0 858.0 211.0 851.0 Vehicle 1
278.0 888.0 275.0 895.0 255.0 889.0 258.0 882.0 Vehicle 1
326.0 909.0 323.0 917.0 299.0 907.0 302.0 899.0 Vehicle 1
347.0 918.0 344.0 926.0 323.0 919.0 326.0 911.0 Vehicle 1
481.0 983.0 476.0 992.0 453.0 977.0 458.0 969.0 Vehicle 1
38.0 1001.0 18.0 991.0 21.0 985.0 41.0 995.0 Vehicle 1
86.0 970.0 74.0 985.0 66.0 979.0 78.0 964.0 Vehicle 1
179.0 23.0 155.0 23.0 155.0 15.0 179.0 15.0 Vehicle 1
57.0 785.0 53.0 793.0 35.0 784.0 38.0 776.0 Vehicle 1
