199.0 55.0 191.0 56.0 190.0 42.0 198.0 41.0 Vehicle 1
242.0 94.0 233.0 96.0 229.0 81.0 238.0 79.0 Vehicle 1
214.0 99.0 207.0 101.0 202.0 87.0 209.0 85.0 Vehicle 1
348.0 178.0 341.0 182.0 334.0 168.0 341.0 165.0 Vehicle 1
430.0 186.0 424.0 188.0 418.0 174.0 423.0 171.0 Vehicle 1
547.0 238.0 541.0 239.0 538.0 225.0 543.0 223.0 Vehicle 1
536.0 182.0 518.0 185.0 517.0 179.0 535.0 176.0 Vehicle 1
516.0 187.0 494.0 190.0 493.0 184.0 515.0 181.0 Vehicle 1
526.0 218.0 508.0 222.0 506.0 216.0 525.0 213.0 Vehicle 1
423.0 238.0 402.0 242.0 401.0 235.0 422.0 232.0 Vehicle 1
590.0 323.0 567.0 326.0 566.0 320.0 589.0 316.0 Vehicle 1
594.0 549.0 588.0 551.0 584.0 537.0 589.0 535.0 Vehicle 1
509.0 577.0 503.0 580.0 497.0 568.0 503.0 565.0 Vehicle 1
92.0 573.0 88.0 587.0 80.0 585.0 84.0 571.0 Vehicle 1
153.0 475.0 135.0 480.0 133.0 474.0 151.0 468.0 Vehicle 1
178.0 466.0 157.0 475.0 154.0 468.0 175.0 460.0 Vehicle 1
302.0 485.0 296.0 489.0 289.0 477.0 295.0 473.0 Vehicle 1
202.0 384.0 195.0 387.0 185.0 371.0 192.0 367.0 Vehicle 1
18.0 71.0 13.0 74.0 8.0 63.0 14.0 61.0 Vehicle 1
55.0 377.0 37.0 384.0 35.0 378.0 53.0 371.0 Vehicle 1
797.0 587.0 778.0 591.0 776.0 586.0 795.0 581.0 Vehicle 1
723.0 406.0 717.0 408.0 713.0 395.0 719.0 393.0 Vehicle 1
679.0 352.0 673.0 354.0 668.0 338.0 674.0 336.0 Vehicle 1
800.0 348.0 781.0 349.0 781.0 343.0 800.0 341.0 Vehicle 1
795.0 336.0 777.0 340.0 776.0 334.0 794.0 330.0 Vehicle 1
787.0 328.0 777.0 329.0 776.0 323.0 786.0 321.0 Vehicle 1
647.0 254.0 638.0 256.0 635.0 241.0 643.0 239.0 Vehicle 1
728.0 179.0 712.0 183.0 710.0 176.0 726.0 172.0 Vehicle 1
