798.0 589.0 785.0 598.0 781.0 593.0 794.0 583.0 Vehicle 1
385.0 491.0 384.0 499.0 364.0 495.0 365.0 487.0 Vehicle 1
360.0 487.0 359.0 493.0 339.0 490.0 340.0 484.0 Vehicle 1
265.0 440.0 257.0 455.0 248.0 450.0 256.0 436.0 Vehicle 1
279.0 445.0 271.0 458.0 265.0 454.0 273.0 441.0 Vehicle 1
291.0 424.0 281.0 441.0 273.0 437.0 282.0 419.0 Vehicle 1
278.0 416.0 269.0 434.0 261.0 430.0 270.0 412.0 Vehicle 1
122.0 463.0 115.0 476.0 106.0 471.0 114.0 458.0 Vehicle 1
153.0 453.0 151.0 459.0 132.0 453.0 134.0 447.0 Vehicle 1
149.0 472.0 147.0 479.0 128.0 472.0 130.0 465.0 Vehicle 1
