182.0 171.0 164.0 172.0 164.0 165.0 182.0 165.0 Vehicle 1
120.0 158.0 101.0 159.0 101.0 153.0 119.0 152.0 Vehicle 1
115.0 122.0 96.0 123.0 96.0 117.0 115.0 117.0 Vehicle 1
180.0 159.0 162.0 160.0 162.0 153.0 180.0 153.0 Vehicle 1
178.0 131.0 158.0 133.0 158.0 125.0 177.0 124.0 Vehicle 1
111.0 94.0 94.0 96.0 93.0 90.0 111.0 88.0 Vehicle 1
106.0 68.0 89.0 68.0 89.0 62.0 106.0 62.0 Vehicle 1
169.0 81.0 152.0 82.0 151.0 75.0 168.0 74.0 Vehicle 1
167.0 72.0 149.0 72.0 149.0 66.0 166.0 65.0 Vehicle 1
168.0 61.0 149.0 63.0 148.0 56.0 168.0 54.0 Vehicle 1
162.0 16.0 144.0 18.0 143.0 11.0 161.0 9.0 Vehicle 1
164.0 36.0 144.0 38.0 144.0 30.0 163.0 29.0 Vehicle 1
164.0 46.0 146.0 47.0 146.0 40.0 164.0 39.0 Vehicle 1
104.0 51.0 86.0 52.0 86.0 46.0 104.0 45.0 Vehicle 1
101.0 40.0 85.0 42.0 84.0 35.0 101.0 33.0 Vehicle 1
101.0 31.0 85.0 32.0 85.0 26.0 101.0 25.0 Vehicle 1
341.0 122.0 320.0 126.0 318.0 119.0 340.0 115.0 Vehicle 1
342.0 136.0 320.0 140.0 318.0 133.0 341.0 129.0 Vehicle 1
363.0 195.0 346.0 196.0 345.0 189.0 363.0 188.0 Vehicle 1
361.0 184.0 340.0 185.0 340.0 178.0 361.0 177.0 Vehicle 1
358.0 171.0 341.0 171.0 341.0 166.0 358.0 166.0 Vehicle 1
357.0 159.0 336.0 161.0 336.0 154.0 357.0 153.0 Vehicle 1
424.0 159.0 401.0 161.0 401.0 153.0 424.0 152.0 Vehicle 1
666.0 261.0 649.0 261.0 649.0 255.0 666.0 255.0 Vehicle 1
669.0 168.0 650.0 168.0 650.0 161.0 669.0 161.0 Vehicle 1
669.0 194.0 653.0 195.0 653.0 189.0 669.0 188.0 Vehicle 1
676.0 216.0 670.0 217.0 670.0 200.0 675.0 200.0 Vehicle 1
693.0 101.0 685.0 101.0 685.0 86.0 693.0 86.0 Vehicle 1
705.0 101.0 697.0 102.0 695.0 83.0 704.0 82.0 Vehicle 1
715.0 101.0 708.0 101.0 708.0 85.0 715.0 85.0 Vehicle 1
728.0 98.0 720.0 98.0 720.0 83.0 728.0 83.0 Vehicle 1
738.0 98.0 731.0 98.0 731.0 83.0 738.0 83.0 Vehicle 1
756.0 98.0 747.0 98.0 746.0 84.0 756.0 83.0 Vehicle 1
438.0 231.0 434.0 253.0 423.0 251.0 428.0 229.0 Vehicle 1
453.0 232.0 451.0 255.0 439.0 253.0 442.0 231.0 Vehicle 1
