47.0 899.0 36.0 900.0 34.0 881.0 45.0 880.0 Vehicle 1
107.0 943.0 97.0 944.0 97.0 923.0 107.0 922.0 Vehicle 1
167.0 911.0 164.0 919.0 142.0 913.0 144.0 904.0 Vehicle 1
717.0 893.0 695.0 894.0 695.0 887.0 717.0 886.0 Vehicle 1
958.0 374.0 950.0 385.0 942.0 379.0 950.0 368.0 Vehicle 1
945.0 368.0 939.0 380.0 931.0 375.0 937.0 364.0 Vehicle 1
902.0 396.0 891.0 411.0 883.0 405.0 894.0 390.0 Vehicle 1
847.0 370.0 833.0 383.0 826.0 376.0 840.0 363.0 Vehicle 1
904.0 351.0 893.0 364.0 887.0 358.0 898.0 346.0 Vehicle 1
885.0 342.0 872.0 353.0 865.0 346.0 878.0 335.0 Vehicle 1
852.0 323.0 839.0 335.0 834.0 329.0 847.0 317.0 Vehicle 1
589.0 312.0 584.0 317.0 571.0 304.0 576.0 299.0 Vehicle 1
149.0 427.0 148.0 441.0 139.0 441.0 140.0 426.0 Vehicle 1
236.0 712.0 215.0 711.0 216.0 703.0 236.0 704.0 Vehicle 1
237.0 665.0 236.0 674.0 215.0 673.0 216.0 664.0 Vehicle 1
796.0 730.0 795.0 749.0 784.0 748.0 785.0 729.0 Vehicle 1
784.0 749.0 774.0 749.0 774.0 730.0 784.0 730.0 Vehicle 1
760.0 749.0 750.0 749.0 750.0 731.0 760.0 731.0 Vehicle 1
771.0 750.0 762.0 750.0 761.0 729.0 771.0 729.0 Vehicle 1
747.0 749.0 736.0 749.0 736.0 733.0 747.0 733.0 Vehicle 1
736.0 733.0 735.0 749.0 725.0 748.0 725.0 733.0 Vehicle 1
713.0 732.0 712.0 749.0 700.0 749.0 700.0 732.0 Vehicle 1
679.0 668.0 678.0 687.0 667.0 687.0 668.0 668.0 Vehicle 1
628.0 687.0 618.0 687.0 618.0 670.0 628.0 670.0 Vehicle 1
607.0 686.0 597.0 686.0 596.0 671.0 607.0 671.0 Vehicle 1
594.0 670.0 593.0 688.0 583.0 688.0 583.0 670.0 Vehicle 1
573.0 683.0 562.0 683.0 561.0 667.0 573.0 666.0 Vehicle 1
557.0 684.0 549.0 684.0 548.0 667.0 556.0 667.0 Vehicle 1
629.0 624.0 620.0 625.0 620.0 608.0 629.0 608.0 Vehicle 1
563.0 637.0 554.0 649.0 545.0 643.0 554.0 631.0 Vehicle 1
617.0 625.0 608.0 625.0 608.0 608.0 616.0 608.0 Vehicle 1
606.0 646.0 596.0 646.0 596.0 628.0 606.0 628.0 Vehicle 1
595.0 625.0 587.0 625.0 586.0 610.0 595.0 610.0 Vehicle 1
584.0 625.0 574.0 624.0 575.0 610.0 584.0 610.0 Vehicle 1
571.0 623.0 561.0 623.0 560.0 608.0 571.0 608.0 Vehicle 1
560.0 626.0 550.0 626.0 550.0 610.0 560.0 609.0 Vehicle 1
549.0 590.0 538.0 589.0 539.0 576.0 549.0 576.0 Vehicle 1
620.0 587.0 610.0 587.0 610.0 571.0 620.0 571.0 Vehicle 1
437.0 487.0 435.0 496.0 416.0 490.0 418.0 482.0 Vehicle 1
409.0 481.0 408.0 488.0 388.0 485.0 389.0 478.0 Vehicle 1
382.0 476.0 381.0 483.0 365.0 481.0 365.0 474.0 Vehicle 1
358.0 473.0 357.0 480.0 334.0 476.0 335.0 468.0 Vehicle 1
325.0 467.0 324.0 474.0 301.0 470.0 302.0 463.0 Vehicle 1
