106.0 606.0 97.0 606.0 98.0 589.0 106.0 589.0 Vehicle 1
215.0 787.0 196.0 787.0 196.0 781.0 215.0 780.0 Vehicle 1
240.0 787.0 226.0 787.0 226.0 781.0 240.0 781.0 Vehicle 1
210.0 916.0 193.0 917.0 192.0 911.0 210.0 910.0 Vehicle 1
244.0 917.0 223.0 918.0 223.0 911.0 243.0 911.0 Vehicle 1
252.0 906.0 231.0 906.0 231.0 900.0 251.0 899.0 Vehicle 1
269.0 918.0 247.0 918.0 247.0 912.0 269.0 911.0 Vehicle 1
34.0 978.0 16.0 978.0 16.0 972.0 34.0 972.0 Vehicle 1
358.0 665.0 339.0 666.0 339.0 660.0 358.0 659.0 Vehicle 1
327.0 742.0 320.0 742.0 319.0 727.0 327.0 726.0 Vehicle 1
327.0 770.0 320.0 770.0 320.0 755.0 327.0 755.0 Vehicle 1
288.0 837.0 287.0 853.0 279.0 852.0 280.0 836.0 Vehicle 1
331.0 798.0 316.0 808.0 312.0 802.0 326.0 792.0 Vehicle 1
328.0 827.0 320.0 827.0 319.0 811.0 327.0 810.0 Vehicle 1
329.0 889.0 319.0 889.0 319.0 870.0 329.0 870.0 Vehicle 1
327.0 948.0 319.0 949.0 318.0 931.0 327.0 930.0 Vehicle 1
408.0 908.0 395.0 908.0 395.0 903.0 408.0 903.0 Vehicle 1
599.0 918.0 582.0 921.0 581.0 914.0 598.0 912.0 Vehicle 1
601.0 678.0 585.0 677.0 586.0 672.0 601.0 672.0 Vehicle 1
627.0 705.0 619.0 706.0 618.0 690.0 626.0 690.0 Vehicle 1
664.0 895.0 656.0 895.0 656.0 880.0 664.0 879.0 Vehicle 1
951.0 724.0 931.0 723.0 931.0 717.0 951.0 718.0 Vehicle 1
937.0 797.0 915.0 798.0 915.0 791.0 936.0 791.0 Vehicle 1
726.0 787.0 710.0 787.0 710.0 781.0 726.0 781.0 Vehicle 1
756.0 797.0 731.0 797.0 730.0 791.0 756.0 791.0 Vehicle 1
762.0 787.0 745.0 786.0 745.0 781.0 762.0 781.0 Vehicle 1
374.0 421.0 363.0 426.0 360.0 420.0 372.0 414.0 Vehicle 1
359.0 427.0 340.0 427.0 340.0 421.0 359.0 421.0 Vehicle 1
277.0 504.0 270.0 505.0 269.0 488.0 276.0 488.0 Vehicle 1
544.0 491.0 537.0 491.0 537.0 475.0 544.0 475.0 Vehicle 1
547.0 493.0 546.0 510.0 538.0 510.0 538.0 493.0 Vehicle 1
525.0 535.0 502.0 535.0 502.0 528.0 525.0 528.0 Vehicle 1
601.0 534.0 579.0 535.0 578.0 528.0 600.0 527.0 Vehicle 1
661.0 501.0 652.0 502.0 651.0 483.0 660.0 483.0 Vehicle 1
657.0 569.0 635.0 569.0 635.0 563.0 656.0 563.0 Vehicle 1
791.0 457.0 783.0 458.0 782.0 439.0 790.0 439.0 Vehicle 1
801.0 453.0 794.0 453.0 793.0 440.0 801.0 439.0 Vehicle 1
916.0 348.0 899.0 349.0 899.0 344.0 915.0 343.0 Vehicle 1
931.0 338.0 911.0 337.0 911.0 331.0 931.0 331.0 Vehicle 1
946.0 414.0 927.0 414.0 927.0 408.0 946.0 408.0 Vehicle 1
327.0 104.0 319.0 104.0 320.0 85.0 327.0 85.0 Vehicle 1
652.0 62.0 645.0 62.0 645.0 48.0 652.0 48.0 Vehicle 1
669.0 61.0 662.0 61.0 661.0 45.0 668.0 45.0 Vehicle 1
763.0 63.0 755.0 64.0 754.0 48.0 763.0 48.0 Vehicle 1
796.0 28.0 772.0 29.0 772.0 22.0 796.0 21.0 Vehicle 1
726.0 26.0 708.0 26.0 708.0 21.0 726.0 21.0 Vehicle 1
966.0 734.0 965.0 750.0 959.0 749.0 960.0 734.0 Vehicle 1
