990.0 73.0 982.0 67.0 997.0 50.0 1004.0 55.0 Vehicle 1
996.0 51.0 983.0 64.0 977.0 59.0 990.0 45.0 Vehicle 1
989.0 76.0 984.0 83.0 960.0 68.0 965.0 60.0 Vehicle 1
980.0 82.0 975.0 90.0 954.0 77.0 958.0 69.0 Vehicle 1
971.0 90.0 966.0 98.0 942.0 82.0 946.0 75.0 Vehicle 1
1000.0 113.0 979.0 102.0 984.0 94.0 1000.0 102.0 Vehicle 1
676.0 871.0 668.0 871.0 668.0 852.0 676.0 852.0 Vehicle 1
690.0 959.0 681.0 960.0 678.0 939.0 686.0 937.0 Vehicle 1
750.0 829.0 749.0 845.0 741.0 845.0 743.0 829.0 Vehicle 1
902.0 574.0 890.0 589.0 884.0 584.0 896.0 569.0 Vehicle 1
940.0 518.0 930.0 535.0 924.0 531.0 934.0 515.0 Vehicle 1
972.0 472.0 964.0 488.0 956.0 484.0 964.0 468.0 Vehicle 1
984.0 452.0 975.0 468.0 968.0 464.0 977.0 448.0 Vehicle 1
996.0 437.0 987.0 452.0 981.0 448.0 990.0 433.0 Vehicle 1
913.0 496.0 904.0 511.0 896.0 506.0 905.0 491.0 Vehicle 1
772.0 699.0 763.0 714.0 755.0 710.0 764.0 694.0 Vehicle 1
759.0 720.0 748.0 739.0 739.0 734.0 750.0 715.0 Vehicle 1
905.0 689.0 901.0 712.0 891.0 710.0 895.0 687.0 Vehicle 1
916.0 689.0 912.0 714.0 902.0 712.0 906.0 687.0 Vehicle 1
950.0 695.0 948.0 712.0 938.0 711.0 941.0 694.0 Vehicle 1
999.0 758.0 994.0 778.0 985.0 776.0 990.0 756.0 Vehicle 1
986.0 755.0 985.0 771.0 975.0 770.0 976.0 755.0 Vehicle 1
954.0 751.0 951.0 766.0 942.0 764.0 945.0 749.0 Vehicle 1
906.0 742.0 905.0 758.0 897.0 758.0 898.0 742.0 Vehicle 1
286.0 306.0 283.0 313.0 263.0 305.0 265.0 298.0 Vehicle 1
291.0 344.0 270.0 343.0 271.0 336.0 291.0 337.0 Vehicle 1
284.0 355.0 282.0 361.0 262.0 356.0 264.0 349.0 Vehicle 1
281.0 365.0 279.0 372.0 260.0 365.0 262.0 358.0 Vehicle 1
276.0 377.0 274.0 384.0 254.0 377.0 257.0 370.0 Vehicle 1
267.0 396.0 264.0 403.0 246.0 394.0 249.0 387.0 Vehicle 1
263.0 412.0 259.0 418.0 241.0 406.0 245.0 400.0 Vehicle 1
356.0 507.0 339.0 519.0 333.0 511.0 350.0 499.0 Vehicle 1
