811.0 32.0 802.0 32.0 802.0 21.0 810.0 21.0 Vehicle 1
757.0 47.0 734.0 47.0 734.0 41.0 757.0 42.0 Vehicle 1
895.0 412.0 873.0 413.0 873.0 407.0 895.0 406.0 Vehicle 1
976.0 601.0 955.0 601.0 955.0 595.0 975.0 595.0 Vehicle 1
977.0 591.0 954.0 592.0 954.0 586.0 976.0 585.0 Vehicle 1
576.0 241.0 554.0 243.0 553.0 235.0 576.0 234.0 Vehicle 1
553.0 241.0 528.0 242.0 527.0 237.0 552.0 235.0 Vehicle 1
272.0 184.0 249.0 184.0 249.0 177.0 272.0 177.0 Vehicle 1
272.0 194.0 249.0 194.0 249.0 187.0 272.0 187.0 Vehicle 1
349.0 217.0 341.0 219.0 337.0 203.0 346.0 201.0 Vehicle 1
422.0 198.0 395.0 200.0 395.0 194.0 422.0 192.0 Vehicle 1
419.0 190.0 398.0 190.0 398.0 184.0 418.0 184.0 Vehicle 1
418.0 180.0 396.0 180.0 396.0 175.0 418.0 174.0 Vehicle 1
414.0 171.0 395.0 172.0 395.0 166.0 414.0 165.0 Vehicle 1
413.0 163.0 395.0 163.0 394.0 157.0 413.0 156.0 Vehicle 1
355.0 171.0 332.0 172.0 331.0 165.0 355.0 165.0 Vehicle 1
357.0 161.0 331.0 164.0 331.0 158.0 356.0 155.0 Vehicle 1
354.0 153.0 335.0 154.0 334.0 148.0 353.0 146.0 Vehicle 1
352.0 144.0 330.0 146.0 329.0 139.0 352.0 136.0 Vehicle 1
348.0 135.0 325.0 137.0 325.0 130.0 348.0 129.0 Vehicle 1
352.0 126.0 328.0 126.0 328.0 120.0 352.0 120.0 Vehicle 1
328.0 154.0 305.0 156.0 305.0 149.0 327.0 148.0 Vehicle 1
324.0 138.0 300.0 138.0 300.0 131.0 324.0 130.0 Vehicle 1
320.0 119.0 298.0 120.0 297.0 113.0 319.0 111.0 Vehicle 1
265.0 148.0 243.0 148.0 243.0 141.0 264.0 140.0 Vehicle 1
129.0 431.0 117.0 447.0 109.0 441.0 122.0 425.0 Vehicle 1
253.0 635.0 233.0 637.0 233.0 630.0 252.0 629.0 Vehicle 1
605.0 640.0 584.0 641.0 584.0 635.0 605.0 634.0 Vehicle 1
606.0 651.0 584.0 653.0 583.0 647.0 606.0 645.0 Vehicle 1
605.0 663.0 582.0 664.0 581.0 656.0 605.0 655.0 Vehicle 1
609.0 672.0 587.0 672.0 587.0 666.0 609.0 665.0 Vehicle 1
563.0 765.0 554.0 765.0 554.0 749.0 563.0 749.0 Vehicle 1
550.0 767.0 540.0 767.0 540.0 751.0 550.0 751.0 Vehicle 1
525.0 766.0 516.0 767.0 515.0 752.0 524.0 751.0 Vehicle 1
378.0 662.0 369.0 663.0 368.0 645.0 376.0 644.0 Vehicle 1
391.0 659.0 381.0 661.0 378.0 644.0 388.0 642.0 Vehicle 1
403.0 658.0 394.0 659.0 393.0 642.0 401.0 641.0 Vehicle 1
414.0 657.0 406.0 657.0 405.0 643.0 412.0 643.0 Vehicle 1
427.0 658.0 418.0 658.0 418.0 643.0 427.0 642.0 Vehicle 1
453.0 656.0 445.0 656.0 445.0 643.0 453.0 642.0 Vehicle 1
500.0 654.0 491.0 655.0 491.0 638.0 500.0 638.0 Vehicle 1
539.0 652.0 528.0 653.0 527.0 636.0 537.0 635.0 Vehicle 1
506.0 662.0 484.0 664.0 483.0 658.0 506.0 656.0 Vehicle 1
497.0 674.0 475.0 675.0 475.0 669.0 497.0 668.0 Vehicle 1
432.0 704.0 423.0 704.0 422.0 689.0 431.0 688.0 Vehicle 1
444.0 703.0 435.0 703.0 435.0 687.0 444.0 688.0 Vehicle 1
455.0 704.0 445.0 704.0 444.0 688.0 455.0 688.0 Vehicle 1
469.0 702.0 458.0 703.0 458.0 685.0 469.0 685.0 Vehicle 1
481.0 701.0 471.0 701.0 472.0 684.0 481.0 684.0 Vehicle 1
495.0 701.0 486.0 701.0 486.0 685.0 495.0 685.0 Vehicle 1
507.0 701.0 498.0 701.0 498.0 686.0 507.0 686.0 Vehicle 1
518.0 700.0 509.0 701.0 508.0 683.0 518.0 683.0 Vehicle 1
543.0 698.0 533.0 699.0 532.0 682.0 542.0 682.0 Vehicle 1
531.0 700.0 520.0 700.0 520.0 683.0 531.0 683.0 Vehicle 1
556.0 696.0 544.0 696.0 544.0 679.0 555.0 679.0 Vehicle 1
534.0 719.0 523.0 719.0 523.0 702.0 534.0 701.0 Vehicle 1
520.0 717.0 511.0 718.0 509.0 704.0 519.0 703.0 Vehicle 1
509.0 724.0 498.0 724.0 497.0 705.0 508.0 705.0 Vehicle 1
496.0 721.0 484.0 721.0 484.0 704.0 495.0 704.0 Vehicle 1
482.0 722.0 473.0 723.0 472.0 706.0 482.0 705.0 Vehicle 1
471.0 721.0 461.0 721.0 460.0 707.0 470.0 706.0 Vehicle 1
459.0 726.0 449.0 726.0 449.0 708.0 459.0 709.0 Vehicle 1
446.0 727.0 436.0 728.0 435.0 709.0 446.0 709.0 Vehicle 1
434.0 726.0 424.0 726.0 424.0 708.0 434.0 708.0 Vehicle 1
408.0 705.0 398.0 706.0 396.0 689.0 407.0 688.0 Vehicle 1
382.0 707.0 373.0 708.0 372.0 692.0 381.0 691.0 Vehicle 1
422.0 723.0 413.0 723.0 412.0 709.0 421.0 708.0 Vehicle 1
421.0 705.0 409.0 705.0 409.0 688.0 421.0 688.0 Vehicle 1
410.0 727.0 399.0 727.0 400.0 710.0 410.0 710.0 Vehicle 1
397.0 706.0 385.0 706.0 385.0 689.0 396.0 688.0 Vehicle 1
398.0 726.0 388.0 726.0 387.0 710.0 398.0 710.0 Vehicle 1
386.0 726.0 375.0 727.0 374.0 710.0 385.0 709.0 Vehicle 1
439.0 770.0 430.0 771.0 428.0 756.0 438.0 755.0 Vehicle 1
428.0 772.0 417.0 772.0 417.0 757.0 428.0 757.0 Vehicle 1
404.0 772.0 394.0 772.0 393.0 755.0 404.0 754.0 Vehicle 1
106.0 679.0 98.0 679.0 97.0 665.0 105.0 664.0 Vehicle 1
151.0 675.0 141.0 675.0 141.0 659.0 151.0 659.0 Vehicle 1
199.0 673.0 191.0 673.0 191.0 657.0 198.0 657.0 Vehicle 1
224.0 670.0 215.0 671.0 213.0 655.0 222.0 654.0 Vehicle 1
236.0 669.0 226.0 669.0 225.0 654.0 235.0 653.0 Vehicle 1
250.0 668.0 240.0 668.0 239.0 652.0 249.0 652.0 Vehicle 1
273.0 669.0 264.0 669.0 264.0 653.0 272.0 652.0 Vehicle 1
286.0 668.0 276.0 669.0 275.0 652.0 284.0 651.0 Vehicle 1
299.0 669.0 290.0 670.0 289.0 652.0 298.0 652.0 Vehicle 1
312.0 666.0 300.0 667.0 300.0 649.0 311.0 649.0 Vehicle 1
267.0 715.0 256.0 715.0 255.0 696.0 267.0 696.0 Vehicle 1
278.0 712.0 269.0 713.0 268.0 696.0 277.0 695.0 Vehicle 1
304.0 710.0 293.0 711.0 292.0 694.0 303.0 693.0 Vehicle 1
317.0 711.0 306.0 712.0 305.0 694.0 316.0 693.0 Vehicle 1
245.0 740.0 232.0 741.0 230.0 719.0 244.0 718.0 Vehicle 1
269.0 735.0 259.0 735.0 258.0 718.0 268.0 717.0 Vehicle 1
319.0 732.0 308.0 732.0 307.0 715.0 318.0 715.0 Vehicle 1
335.0 776.0 325.0 776.0 325.0 759.0 335.0 758.0 Vehicle 1
348.0 776.0 338.0 776.0 337.0 757.0 347.0 756.0 Vehicle 1
376.0 776.0 367.0 776.0 366.0 758.0 375.0 758.0 Vehicle 1
