561.0 589.0 552.0 592.0 547.0 576.0 556.0 573.0 Vehicle 1
583.0 589.0 573.0 592.0 568.0 577.0 577.0 574.0 Vehicle 1
593.0 589.0 586.0 591.0 581.0 576.0 589.0 574.0 Vehicle 1
604.0 593.0 596.0 595.0 592.0 577.0 600.0 575.0 Vehicle 1
617.0 596.0 609.0 600.0 601.0 578.0 609.0 575.0 Vehicle 1
625.0 593.0 618.0 595.0 613.0 579.0 621.0 577.0 Vehicle 1
635.0 595.0 627.0 597.0 622.0 578.0 630.0 576.0 Vehicle 1
646.0 594.0 638.0 596.0 634.0 579.0 642.0 577.0 Vehicle 1
665.0 594.0 656.0 596.0 652.0 580.0 661.0 577.0 Vehicle 1
679.0 595.0 670.0 598.0 665.0 583.0 674.0 580.0 Vehicle 1
698.0 596.0 688.0 598.0 685.0 580.0 695.0 578.0 Vehicle 1
709.0 595.0 702.0 597.0 697.0 583.0 704.0 580.0 Vehicle 1
722.0 601.0 714.0 602.0 710.0 584.0 719.0 582.0 Vehicle 1
733.0 601.0 725.0 603.0 720.0 585.0 728.0 583.0 Vehicle 1
744.0 600.0 735.0 602.0 731.0 585.0 740.0 583.0 Vehicle 1
754.0 600.0 746.0 602.0 741.0 584.0 750.0 582.0 Vehicle 1
766.0 601.0 757.0 603.0 752.0 586.0 762.0 584.0 Vehicle 1
775.0 602.0 767.0 603.0 765.0 587.0 773.0 586.0 Vehicle 1
789.0 602.0 779.0 602.0 779.0 586.0 789.0 586.0 Vehicle 1
819.0 633.0 796.0 635.0 795.0 627.0 819.0 625.0 Vehicle 1
819.0 641.0 804.0 643.0 803.0 636.0 818.0 634.0 Vehicle 1
816.0 650.0 797.0 652.0 796.0 645.0 815.0 643.0 Vehicle 1
817.0 659.0 798.0 661.0 797.0 654.0 817.0 652.0 Vehicle 1
817.0 666.0 799.0 669.0 798.0 663.0 816.0 661.0 Vehicle 1
813.0 675.0 794.0 678.0 793.0 670.0 812.0 668.0 Vehicle 1
812.0 684.0 792.0 688.0 790.0 680.0 811.0 677.0 Vehicle 1
813.0 694.0 792.0 697.0 790.0 690.0 812.0 687.0 Vehicle 1
810.0 705.0 790.0 706.0 789.0 698.0 810.0 698.0 Vehicle 1
810.0 712.0 791.0 717.0 790.0 711.0 809.0 706.0 Vehicle 1
809.0 722.0 790.0 725.0 789.0 718.0 808.0 716.0 Vehicle 1
808.0 731.0 790.0 733.0 789.0 726.0 807.0 724.0 Vehicle 1
809.0 739.0 789.0 742.0 788.0 736.0 808.0 733.0 Vehicle 1
808.0 748.0 789.0 751.0 788.0 745.0 807.0 742.0 Vehicle 1
759.0 751.0 757.0 757.0 736.0 751.0 738.0 746.0 Vehicle 1
758.0 739.0 756.0 747.0 736.0 743.0 738.0 735.0 Vehicle 1
758.0 733.0 756.0 740.0 738.0 734.0 740.0 727.0 Vehicle 1
762.0 723.0 760.0 730.0 739.0 723.0 741.0 717.0 Vehicle 1
759.0 714.0 757.0 720.0 740.0 714.0 742.0 708.0 Vehicle 1
760.0 705.0 757.0 711.0 740.0 703.0 743.0 697.0 Vehicle 1
762.0 696.0 760.0 702.0 742.0 695.0 744.0 690.0 Vehicle 1
763.0 688.0 761.0 694.0 742.0 687.0 744.0 681.0 Vehicle 1
760.0 677.0 758.0 683.0 743.0 677.0 745.0 671.0 Vehicle 1
764.0 668.0 761.0 675.0 743.0 667.0 746.0 660.0 Vehicle 1
764.0 659.0 761.0 665.0 745.0 658.0 747.0 652.0 Vehicle 1
766.0 650.0 764.0 657.0 745.0 651.0 748.0 644.0 Vehicle 1
766.0 641.0 764.0 646.0 747.0 642.0 749.0 637.0 Vehicle 1
768.0 633.0 767.0 638.0 747.0 632.0 749.0 627.0 Vehicle 1
744.0 633.0 742.0 641.0 720.0 635.0 722.0 628.0 Vehicle 1
743.0 645.0 741.0 651.0 722.0 646.0 724.0 639.0 Vehicle 1
741.0 652.0 739.0 659.0 717.0 654.0 719.0 647.0 Vehicle 1
740.0 662.0 738.0 669.0 721.0 664.0 723.0 658.0 Vehicle 1
740.0 671.0 738.0 678.0 716.0 672.0 718.0 665.0 Vehicle 1
738.0 680.0 735.0 687.0 712.0 679.0 714.0 672.0 Vehicle 1
730.0 732.0 729.0 740.0 712.0 737.0 714.0 729.0 Vehicle 1
730.0 752.0 728.0 758.0 712.0 752.0 715.0 745.0 Vehicle 1
729.0 770.0 727.0 776.0 710.0 771.0 712.0 766.0 Vehicle 1
725.0 788.0 723.0 794.0 707.0 789.0 708.0 784.0 Vehicle 1
720.0 797.0 718.0 802.0 704.0 795.0 706.0 791.0 Vehicle 1
720.0 806.0 718.0 811.0 701.0 804.0 703.0 799.0 Vehicle 1
718.0 815.0 716.0 820.0 704.0 816.0 705.0 811.0 Vehicle 1
723.0 824.0 721.0 831.0 703.0 826.0 705.0 819.0 Vehicle 1
671.0 840.0 654.0 843.0 652.0 836.0 669.0 832.0 Vehicle 1
673.0 831.0 654.0 834.0 653.0 828.0 672.0 825.0 Vehicle 1
672.0 814.0 652.0 817.0 651.0 812.0 671.0 808.0 Vehicle 1
673.0 807.0 653.0 808.0 652.0 802.0 672.0 800.0 Vehicle 1
674.0 798.0 655.0 800.0 654.0 793.0 673.0 792.0 Vehicle 1
674.0 787.0 652.0 789.0 651.0 782.0 673.0 780.0 Vehicle 1
677.0 779.0 655.0 780.0 655.0 772.0 676.0 771.0 Vehicle 1
680.0 760.0 658.0 764.0 656.0 755.0 679.0 751.0 Vehicle 1
679.0 743.0 659.0 745.0 658.0 739.0 678.0 737.0 Vehicle 1
682.0 726.0 659.0 728.0 659.0 721.0 681.0 719.0 Vehicle 1
681.0 716.0 663.0 718.0 662.0 712.0 681.0 710.0 Vehicle 1
685.0 708.0 665.0 710.0 665.0 702.0 685.0 701.0 Vehicle 1
689.0 699.0 668.0 702.0 667.0 694.0 688.0 691.0 Vehicle 1
687.0 690.0 667.0 692.0 666.0 684.0 686.0 682.0 Vehicle 1
690.0 671.0 668.0 675.0 667.0 667.0 689.0 664.0 Vehicle 1
688.0 652.0 670.0 656.0 669.0 650.0 687.0 646.0 Vehicle 1
694.0 635.0 674.0 637.0 674.0 631.0 693.0 629.0 Vehicle 1
674.0 630.0 656.0 631.0 656.0 625.0 673.0 624.0 Vehicle 1
671.0 639.0 650.0 640.0 650.0 634.0 671.0 632.0 Vehicle 1
670.0 647.0 648.0 649.0 648.0 642.0 669.0 640.0 Vehicle 1
667.0 657.0 646.0 659.0 646.0 651.0 666.0 649.0 Vehicle 1
668.0 665.0 648.0 668.0 647.0 660.0 667.0 657.0 Vehicle 1
665.0 684.0 645.0 686.0 645.0 679.0 664.0 677.0 Vehicle 1
666.0 694.0 647.0 696.0 646.0 688.0 665.0 686.0 Vehicle 1
662.0 711.0 640.0 712.0 640.0 705.0 662.0 703.0 Vehicle 1
659.0 729.0 639.0 732.0 638.0 724.0 658.0 722.0 Vehicle 1
658.0 737.0 637.0 740.0 636.0 732.0 657.0 730.0 Vehicle 1
656.0 756.0 638.0 759.0 638.0 752.0 655.0 750.0 Vehicle 1
654.0 765.0 636.0 765.0 636.0 759.0 654.0 759.0 Vehicle 1
651.0 793.0 630.0 795.0 630.0 786.0 650.0 784.0 Vehicle 1
649.0 810.0 630.0 813.0 629.0 807.0 648.0 804.0 Vehicle 1
649.0 818.0 628.0 821.0 627.0 814.0 648.0 811.0 Vehicle 1
647.0 827.0 632.0 827.0 631.0 821.0 647.0 821.0 Vehicle 1
650.0 839.0 630.0 841.0 629.0 832.0 649.0 830.0 Vehicle 1
595.0 830.0 593.0 836.0 580.0 832.0 581.0 826.0 Vehicle 1
597.0 823.0 595.0 829.0 578.0 823.0 580.0 816.0 Vehicle 1
598.0 812.0 596.0 820.0 579.0 816.0 581.0 808.0 Vehicle 1
599.0 803.0 598.0 809.0 581.0 805.0 582.0 800.0 Vehicle 1
600.0 787.0 598.0 793.0 582.0 786.0 584.0 780.0 Vehicle 1
603.0 769.0 601.0 774.0 583.0 768.0 585.0 762.0 Vehicle 1
605.0 758.0 603.0 765.0 585.0 759.0 587.0 753.0 Vehicle 1
606.0 741.0 604.0 747.0 587.0 742.0 589.0 736.0 Vehicle 1
608.0 723.0 606.0 731.0 588.0 726.0 590.0 718.0 Vehicle 1
613.0 714.0 611.0 720.0 590.0 715.0 592.0 709.0 Vehicle 1
614.0 705.0 610.0 712.0 590.0 703.0 593.0 696.0 Vehicle 1
616.0 695.0 613.0 703.0 592.0 695.0 596.0 687.0 Vehicle 1
612.0 677.0 610.0 684.0 594.0 678.0 596.0 672.0 Vehicle 1
616.0 667.0 614.0 674.0 594.0 670.0 595.0 663.0 Vehicle 1
620.0 652.0 617.0 659.0 596.0 652.0 599.0 644.0 Vehicle 1
618.0 642.0 615.0 649.0 598.0 643.0 600.0 636.0 Vehicle 1
619.0 623.0 618.0 629.0 599.0 624.0 601.0 618.0 Vehicle 1
547.0 616.0 528.0 618.0 527.0 611.0 546.0 609.0 Vehicle 1
544.0 631.0 532.0 634.0 531.0 628.0 542.0 625.0 Vehicle 1
545.0 642.0 527.0 645.0 526.0 639.0 544.0 636.0 Vehicle 1
540.0 661.0 528.0 661.0 528.0 653.0 540.0 653.0 Vehicle 1
542.0 679.0 523.0 681.0 522.0 673.0 541.0 671.0 Vehicle 1
541.0 694.0 520.0 698.0 519.0 691.0 539.0 687.0 Vehicle 1
536.0 707.0 520.0 707.0 520.0 699.0 536.0 699.0 Vehicle 1
534.0 733.0 514.0 734.0 513.0 725.0 534.0 724.0 Vehicle 1
533.0 740.0 514.0 742.0 513.0 737.0 532.0 734.0 Vehicle 1
536.0 748.0 515.0 752.0 514.0 745.0 535.0 741.0 Vehicle 1
532.0 794.0 515.0 799.0 512.0 791.0 530.0 786.0 Vehicle 1
532.0 803.0 510.0 808.0 509.0 800.0 531.0 796.0 Vehicle 1
526.0 821.0 508.0 825.0 506.0 819.0 524.0 814.0 Vehicle 1
526.0 831.0 506.0 832.0 506.0 826.0 526.0 826.0 Vehicle 1
523.0 839.0 506.0 841.0 505.0 834.0 523.0 833.0 Vehicle 1
523.0 847.0 504.0 850.0 503.0 844.0 522.0 841.0 Vehicle 1
523.0 857.0 503.0 858.0 503.0 851.0 523.0 850.0 Vehicle 1
524.0 866.0 503.0 871.0 502.0 864.0 522.0 859.0 Vehicle 1
573.0 858.0 570.0 865.0 557.0 860.0 560.0 853.0 Vehicle 1
574.0 850.0 573.0 856.0 556.0 851.0 558.0 845.0 Vehicle 1
576.0 842.0 574.0 848.0 558.0 842.0 561.0 835.0 Vehicle 1
575.0 823.0 573.0 829.0 552.0 821.0 555.0 815.0 Vehicle 1
577.0 813.0 576.0 820.0 557.0 815.0 559.0 808.0 Vehicle 1
579.0 804.0 577.0 810.0 556.0 803.0 559.0 796.0 Vehicle 1
579.0 795.0 577.0 802.0 558.0 796.0 561.0 789.0 Vehicle 1
580.0 785.0 579.0 792.0 564.0 789.0 566.0 782.0 Vehicle 1
581.0 777.0 579.0 783.0 560.0 777.0 562.0 771.0 Vehicle 1
582.0 769.0 580.0 775.0 565.0 769.0 567.0 763.0 Vehicle 1
583.0 760.0 581.0 766.0 564.0 761.0 565.0 755.0 Vehicle 1
585.0 740.0 583.0 747.0 561.0 741.0 563.0 734.0 Vehicle 1
587.0 723.0 585.0 729.0 565.0 723.0 567.0 717.0 Vehicle 1
598.0 849.0 593.0 865.0 583.0 862.0 588.0 846.0 Vehicle 1
621.0 848.0 615.0 868.0 604.0 865.0 610.0 845.0 Vehicle 1
654.0 854.0 648.0 868.0 639.0 865.0 645.0 850.0 Vehicle 1
675.0 855.0 669.0 869.0 661.0 866.0 667.0 852.0 Vehicle 1
723.0 857.0 714.0 874.0 703.0 869.0 713.0 852.0 Vehicle 1
744.0 858.0 741.0 864.0 723.0 857.0 726.0 851.0 Vehicle 1
794.0 881.0 793.0 889.0 769.0 885.0 770.0 878.0 Vehicle 1
794.0 890.0 793.0 899.0 765.0 896.0 766.0 887.0 Vehicle 1
764.0 917.0 757.0 921.0 750.0 907.0 757.0 903.0 Vehicle 1
686.0 913.0 675.0 916.0 670.0 898.0 681.0 894.0 Vehicle 1
638.0 911.0 631.0 915.0 622.0 897.0 629.0 893.0 Vehicle 1
614.0 909.0 606.0 911.0 602.0 894.0 610.0 892.0 Vehicle 1
595.0 908.0 586.0 911.0 580.0 891.0 589.0 888.0 Vehicle 1
582.0 908.0 574.0 910.0 571.0 892.0 579.0 891.0 Vehicle 1
570.0 907.0 563.0 908.0 559.0 892.0 567.0 890.0 Vehicle 1
561.0 906.0 553.0 908.0 548.0 892.0 556.0 889.0 Vehicle 1
545.0 889.0 544.0 906.0 535.0 906.0 536.0 888.0 Vehicle 1
734.0 936.0 726.0 936.0 726.0 921.0 734.0 921.0 Vehicle 1
656.0 964.0 639.0 964.0 639.0 955.0 656.0 955.0 Vehicle 1
510.0 984.0 486.0 984.0 486.0 977.0 510.0 977.0 Vehicle 1
456.0 946.0 454.0 968.0 444.0 967.0 447.0 945.0 Vehicle 1
966.0 801.0 964.0 843.0 951.0 843.0 952.0 800.0 Vehicle 1
952.0 405.0 943.0 419.0 936.0 415.0 946.0 401.0 Vehicle 1
943.0 402.0 935.0 414.0 929.0 411.0 937.0 399.0 Vehicle 1
963.0 410.0 953.0 423.0 948.0 418.0 957.0 406.0 Vehicle 1
972.0 413.0 963.0 427.0 957.0 424.0 965.0 409.0 Vehicle 1
982.0 418.0 973.0 429.0 968.0 425.0 976.0 414.0 Vehicle 1
985.0 376.0 983.0 383.0 977.0 381.0 979.0 374.0 Vehicle 1
950.0 320.0 940.0 335.0 933.0 330.0 942.0 315.0 Vehicle 1
869.0 318.0 865.0 323.0 856.0 317.0 860.0 312.0 Vehicle 1
887.0 294.0 885.0 300.0 876.0 297.0 878.0 291.0 Vehicle 1
901.0 280.0 898.0 286.0 893.0 283.0 896.0 277.0 Vehicle 1
903.0 272.0 900.0 277.0 891.0 270.0 894.0 265.0 Vehicle 1
759.0 300.0 746.0 312.0 741.0 307.0 754.0 295.0 Vehicle 1
182.0 208.0 171.0 214.0 153.0 181.0 164.0 175.0 Vehicle 1
165.0 232.0 153.0 235.0 143.0 193.0 155.0 190.0 Vehicle 1
242.0 166.0 241.0 182.0 231.0 181.0 232.0 165.0 Vehicle 1
242.0 155.0 234.0 158.0 228.0 140.0 236.0 137.0 Vehicle 1
233.0 134.0 229.0 139.0 212.0 124.0 216.0 119.0 Vehicle 1
242.0 115.0 237.0 119.0 224.0 105.0 229.0 100.0 Vehicle 1
140.0 160.0 131.0 169.0 124.0 162.0 133.0 152.0 Vehicle 1
109.0 166.0 95.0 176.0 89.0 167.0 103.0 157.0 Vehicle 1
88.0 280.0 79.0 285.0 57.0 247.0 65.0 242.0 Vehicle 1
393.0 378.0 390.0 384.0 374.0 377.0 376.0 371.0 Vehicle 1
345.0 357.0 341.0 363.0 319.0 347.0 323.0 341.0 Vehicle 1
247.0 250.0 236.0 253.0 232.0 236.0 242.0 233.0 Vehicle 1
895.0 287.0 891.0 293.0 886.0 289.0 889.0 284.0 Vehicle 1
