700.0 340.0 677.0 339.0 677.0 332.0 700.0 332.0 Vehicle 1
345.0 83.0 336.0 83.0 335.0 67.0 344.0 66.0 Vehicle 1
493.0 246.0 465.0 247.0 465.0 239.0 493.0 237.0 Vehicle 1
32.0 358.0 19.0 371.0 13.0 365.0 26.0 352.0 Vehicle 1
913.0 70.0 903.0 70.0 903.0 54.0 913.0 55.0 Vehicle 1
314.0 136.0 291.0 137.0 291.0 130.0 314.0 130.0 Vehicle 1
189.0 214.0 188.0 235.0 179.0 235.0 180.0 214.0 Vehicle 1
188.0 238.0 186.0 254.0 176.0 253.0 177.0 237.0 Vehicle 1
343.0 55.0 333.0 56.0 331.0 36.0 341.0 36.0 Vehicle 1
206.0 94.0 197.0 95.0 197.0 78.0 206.0 78.0 Vehicle 1
207.0 68.0 199.0 68.0 198.0 53.0 207.0 53.0 Vehicle 1
129.0 75.0 121.0 75.0 120.0 59.0 128.0 59.0 Vehicle 1
272.0 418.0 266.0 418.0 266.0 403.0 272.0 403.0 Vehicle 1
204.0 422.0 195.0 423.0 193.0 404.0 203.0 403.0 Vehicle 1
546.0 84.0 536.0 84.0 537.0 66.0 546.0 66.0 Vehicle 1
549.0 197.0 547.0 216.0 539.0 215.0 542.0 196.0 Vehicle 1
541.0 158.0 512.0 158.0 512.0 149.0 541.0 148.0 Vehicle 1
683.0 285.0 658.0 286.0 658.0 280.0 682.0 278.0 Vehicle 1
797.0 258.0 787.0 258.0 787.0 237.0 796.0 237.0 Vehicle 1
964.0 513.0 937.0 513.0 937.0 506.0 964.0 506.0 Vehicle 1
1000.0 513.772766 982.727783 512.987671 983.0 507.0 1000.0 507.772736 Vehicle 1
907.0 513.0 886.0 514.0 885.0 506.0 907.0 506.0 Vehicle 1
879.0 513.0 856.0 514.0 856.0 507.0 879.0 506.0 Vehicle 1
856.0 511.0 836.0 512.0 836.0 506.0 855.0 505.0 Vehicle 1
831.0 512.0 809.0 512.0 809.0 506.0 831.0 505.0 Vehicle 1
729.0 495.0 706.0 495.0 706.0 488.0 729.0 488.0 Vehicle 1
362.0 592.0 352.0 592.0 352.0 576.0 362.0 576.0 Vehicle 1
550.0 427.0 543.0 427.0 543.0 412.0 550.0 412.0 Vehicle 1
443.0 430.0 442.0 446.0 433.0 446.0 434.0 430.0 Vehicle 1
419.0 432.0 418.0 448.0 410.0 447.0 410.0 432.0 Vehicle 1
597.0 540.0 577.0 540.0 577.0 533.0 597.0 533.0 Vehicle 1
597.0 531.0 577.0 530.0 577.0 523.0 597.0 524.0 Vehicle 1
591.0 698.0 570.0 698.0 570.0 692.0 591.0 692.0 Vehicle 1
591.0 688.0 572.0 689.0 572.0 682.0 591.0 682.0 Vehicle 1
597.0 680.0 570.0 680.0 570.0 673.0 597.0 672.0 Vehicle 1
460.0 720.0 451.0 721.0 451.0 704.0 459.0 704.0 Vehicle 1
471.0 721.0 463.0 721.0 463.0 708.0 471.0 708.0 Vehicle 1
485.0 722.0 477.0 723.0 477.0 707.0 484.0 707.0 Vehicle 1
499.0 708.0 498.0 722.0 489.0 722.0 490.0 707.0 Vehicle 1
511.0 722.0 502.0 722.0 502.0 706.0 511.0 706.0 Vehicle 1
524.0 723.0 517.0 723.0 516.0 706.0 523.0 706.0 Vehicle 1
536.0 722.0 527.0 723.0 527.0 707.0 536.0 707.0 Vehicle 1
549.0 720.0 540.0 721.0 539.0 703.0 548.0 703.0 Vehicle 1
562.0 720.0 553.0 720.0 553.0 706.0 562.0 706.0 Vehicle 1
519.0 672.0 510.0 672.0 509.0 656.0 518.0 656.0 Vehicle 1
505.0 673.0 496.0 673.0 496.0 656.0 504.0 656.0 Vehicle 1
493.0 673.0 485.0 673.0 484.0 657.0 492.0 656.0 Vehicle 1
480.0 670.0 472.0 670.0 472.0 656.0 479.0 655.0 Vehicle 1
467.0 672.0 458.0 672.0 458.0 654.0 467.0 654.0 Vehicle 1
507.0 653.0 497.0 654.0 496.0 636.0 506.0 636.0 Vehicle 1
492.0 652.0 484.0 652.0 484.0 636.0 492.0 636.0 Vehicle 1
482.0 654.0 471.0 653.0 472.0 638.0 482.0 638.0 Vehicle 1
467.0 652.0 460.0 652.0 460.0 637.0 467.0 637.0 Vehicle 1
455.0 636.0 454.0 652.0 446.0 652.0 446.0 636.0 Vehicle 1
443.0 652.0 432.0 652.0 432.0 634.0 442.0 633.0 Vehicle 1
443.0 704.0 430.0 716.0 424.0 710.0 437.0 697.0 Vehicle 1
434.0 698.0 421.0 708.0 416.0 702.0 429.0 691.0 Vehicle 1
428.0 692.0 414.0 703.0 408.0 695.0 422.0 684.0 Vehicle 1
419.0 685.0 405.0 696.0 400.0 690.0 414.0 679.0 Vehicle 1
408.0 678.0 394.0 689.0 389.0 683.0 402.0 671.0 Vehicle 1
399.0 671.0 386.0 682.0 382.0 677.0 395.0 666.0 Vehicle 1
387.0 665.0 376.0 674.0 372.0 669.0 383.0 660.0 Vehicle 1
382.0 658.0 368.0 668.0 364.0 662.0 377.0 652.0 Vehicle 1
376.0 650.0 361.0 663.0 356.0 656.0 371.0 644.0 Vehicle 1
363.0 645.0 350.0 656.0 346.0 651.0 358.0 640.0 Vehicle 1
357.0 637.0 343.0 650.0 338.0 643.0 352.0 631.0 Vehicle 1
349.0 632.0 333.0 644.0 327.0 637.0 343.0 625.0 Vehicle 1
339.0 624.0 324.0 635.0 320.0 629.0 335.0 619.0 Vehicle 1
305.0 596.0 287.0 610.0 283.0 605.0 301.0 591.0 Vehicle 1
293.0 592.0 281.0 602.0 276.0 596.0 289.0 586.0 Vehicle 1
386.0 613.0 378.0 613.0 378.0 594.0 386.0 595.0 Vehicle 1
398.0 611.0 390.0 610.0 390.0 594.0 398.0 595.0 Vehicle 1
414.0 611.0 404.0 611.0 404.0 595.0 413.0 595.0 Vehicle 1
424.0 610.0 417.0 610.0 417.0 595.0 424.0 595.0 Vehicle 1
437.0 609.0 429.0 609.0 429.0 594.0 437.0 594.0 Vehicle 1
450.0 611.0 441.0 611.0 441.0 595.0 450.0 595.0 Vehicle 1
462.0 612.0 453.0 612.0 453.0 595.0 462.0 595.0 Vehicle 1
476.0 610.0 466.0 610.0 466.0 593.0 476.0 593.0 Vehicle 1
490.0 610.0 479.0 610.0 479.0 593.0 490.0 593.0 Vehicle 1
502.0 608.0 493.0 609.0 493.0 593.0 502.0 593.0 Vehicle 1
373.0 591.0 363.0 591.0 363.0 574.0 373.0 574.0 Vehicle 1
385.0 592.0 375.0 592.0 376.0 575.0 385.0 575.0 Vehicle 1
412.0 593.0 403.0 593.0 403.0 576.0 412.0 576.0 Vehicle 1
423.0 591.0 416.0 591.0 415.0 576.0 422.0 575.0 Vehicle 1
451.0 591.0 443.0 591.0 442.0 576.0 450.0 576.0 Vehicle 1
463.0 590.0 454.0 590.0 454.0 577.0 463.0 577.0 Vehicle 1
474.0 590.0 468.0 590.0 467.0 574.0 473.0 574.0 Vehicle 1
489.0 590.0 480.0 590.0 480.0 575.0 488.0 575.0 Vehicle 1
504.0 592.0 494.0 592.0 494.0 576.0 503.0 575.0 Vehicle 1
503.0 546.0 494.0 546.0 493.0 531.0 502.0 531.0 Vehicle 1
489.0 546.0 479.0 546.0 479.0 530.0 489.0 530.0 Vehicle 1
476.0 545.0 466.0 545.0 466.0 531.0 476.0 531.0 Vehicle 1
464.0 544.0 455.0 544.0 454.0 528.0 464.0 528.0 Vehicle 1
450.0 547.0 441.0 547.0 441.0 530.0 450.0 530.0 Vehicle 1
437.0 546.0 428.0 547.0 428.0 530.0 437.0 530.0 Vehicle 1
411.0 546.0 402.0 547.0 402.0 531.0 411.0 531.0 Vehicle 1
398.0 548.0 388.0 548.0 388.0 530.0 398.0 530.0 Vehicle 1
310.0 544.0 300.0 545.0 299.0 528.0 308.0 527.0 Vehicle 1
284.0 547.0 273.0 548.0 271.0 526.0 282.0 525.0 Vehicle 1
568.0 849.0 563.0 855.0 547.0 844.0 552.0 837.0 Vehicle 1
529.0 822.0 524.0 828.0 508.0 815.0 513.0 809.0 Vehicle 1
489.0 793.0 484.0 799.0 470.0 789.0 475.0 782.0 Vehicle 1
474.0 782.0 469.0 788.0 451.0 774.0 456.0 767.0 Vehicle 1
451.0 765.0 446.0 771.0 431.0 760.0 435.0 754.0 Vehicle 1
435.0 751.0 431.0 756.0 417.0 747.0 421.0 741.0 Vehicle 1
393.0 723.0 388.0 729.0 374.0 716.0 378.0 711.0 Vehicle 1
376.0 710.0 372.0 715.0 358.0 704.0 362.0 699.0 Vehicle 1
358.0 695.0 354.0 701.0 341.0 691.0 345.0 685.0 Vehicle 1
339.0 682.0 335.0 687.0 318.0 675.0 322.0 670.0 Vehicle 1
317.0 666.0 313.0 671.0 298.0 660.0 302.0 655.0 Vehicle 1
295.0 650.0 290.0 656.0 276.0 646.0 280.0 640.0 Vehicle 1
169.0 607.0 165.0 622.0 157.0 620.0 161.0 606.0 Vehicle 1
141.0 562.0 136.0 569.0 120.0 557.0 125.0 550.0 Vehicle 1
59.0 502.0 55.0 508.0 40.0 498.0 44.0 492.0 Vehicle 1
