21.0 1.0 17.0 8.0 3.0 0.0 18.0 0.0 Vehicle 1
21.0 24.0 19.0 29.0 2.0 23.0 4.0 17.0 Vehicle 1
20.0 31.0 19.0 39.0 0.0 37.0 1.0 29.0 Vehicle 1
72.0 31.0 55.0 39.0 52.0 33.0 69.0 25.0 Vehicle 1
67.0 21.0 54.0 29.0 51.0 23.0 64.0 15.0 Vehicle 1
72.0 11.0 53.0 19.0 50.0 12.0 69.0 4.0 Vehicle 1
70.0 0.0 54.0 7.0 52.0 1.0 54.0 0.0 Vehicle 1
92.0 12.0 71.0 21.0 69.0 15.0 90.0 6.0 Vehicle 1
94.0 21.0 76.0 31.0 73.0 24.0 91.0 14.0 Vehicle 1
144.0 8.0 141.0 15.0 123.0 8.0 125.0 0.0 Vehicle 1
195.0 58.0 186.0 58.0 186.0 41.0 195.0 41.0 Vehicle 1
466.0 74.0 465.0 81.0 444.0 79.0 444.0 73.0 Vehicle 1
438.0 245.0 420.0 246.0 420.0 239.0 437.0 239.0 Vehicle 1
462.0 226.0 461.0 241.0 455.0 241.0 455.0 226.0 Vehicle 1
437.0 268.0 419.0 267.0 419.0 261.0 437.0 261.0 Vehicle 1
435.0 278.0 416.0 278.0 416.0 270.0 435.0 271.0 Vehicle 1
484.0 260.0 483.0 276.0 476.0 276.0 477.0 260.0 Vehicle 1
430.0 318.0 411.0 318.0 411.0 311.0 430.0 311.0 Vehicle 1
435.0 345.0 413.0 346.0 413.0 339.0 434.0 338.0 Vehicle 1
435.0 362.0 416.0 362.0 416.0 356.0 435.0 356.0 Vehicle 1
439.0 381.0 420.0 382.0 419.0 375.0 438.0 374.0 Vehicle 1
354.0 315.0 314.0 315.0 315.0 305.0 354.0 305.0 Vehicle 1
438.0 469.0 418.0 469.0 418.0 463.0 438.0 463.0 Vehicle 1
461.0 446.0 460.0 462.0 453.0 462.0 454.0 446.0 Vehicle 1
479.0 469.0 473.0 469.0 472.0 455.0 478.0 454.0 Vehicle 1
497.0 503.0 488.0 503.0 488.0 488.0 496.0 487.0 Vehicle 1
547.0 419.0 546.0 436.0 537.0 436.0 538.0 419.0 Vehicle 1
494.0 362.0 486.0 362.0 484.0 347.0 492.0 346.0 Vehicle 1
