143.0 718.0 136.0 718.0 135.0 705.0 143.0 704.0 Vehicle 1
160.0 722.0 152.0 722.0 152.0 711.0 160.0 711.0 Vehicle 1
53.0 520.0 52.0 528.0 43.0 528.0 44.0 519.0 Vehicle 1
37.0 528.0 29.0 529.0 28.0 518.0 36.0 518.0 Vehicle 1
152.0 600.0 138.0 601.0 138.0 596.0 152.0 595.0 Vehicle 1
488.0 196.0 461.0 198.0 460.0 191.0 487.0 189.0 Vehicle 1
261.0 709.0 243.0 709.0 243.0 701.0 261.0 701.0 Vehicle 1
333.0 694.0 327.0 694.0 328.0 683.0 333.0 683.0 Vehicle 1
332.0 645.0 323.0 646.0 322.0 633.0 331.0 633.0 Vehicle 1
290.0 613.0 283.0 613.0 283.0 599.0 290.0 599.0 Vehicle 1
290.0 593.0 282.0 593.0 282.0 578.0 290.0 578.0 Vehicle 1
330.0 586.0 322.0 586.0 322.0 571.0 329.0 570.0 Vehicle 1
327.0 561.0 321.0 561.0 321.0 551.0 327.0 551.0 Vehicle 1
326.0 543.0 319.0 543.0 319.0 529.0 326.0 529.0 Vehicle 1
315.0 310.0 307.0 310.0 307.0 294.0 315.0 294.0 Vehicle 1
317.0 256.0 308.0 257.0 307.0 241.0 317.0 241.0 Vehicle 1
281.0 294.0 273.0 294.0 273.0 282.0 281.0 282.0 Vehicle 1
280.0 256.0 271.0 256.0 271.0 240.0 280.0 240.0 Vehicle 1
279.0 236.0 270.0 237.0 269.0 220.0 278.0 220.0 Vehicle 1
277.0 214.0 268.0 214.0 268.0 201.0 277.0 201.0 Vehicle 1
282.0 172.0 270.0 173.0 270.0 148.0 281.0 148.0 Vehicle 1
275.0 132.0 268.0 132.0 267.0 118.0 274.0 118.0 Vehicle 1
273.0 111.0 265.0 112.0 265.0 99.0 273.0 99.0 Vehicle 1
313.0 195.0 305.0 195.0 305.0 178.0 313.0 178.0 Vehicle 1
313.0 169.0 306.0 170.0 304.0 155.0 311.0 154.0 Vehicle 1
310.0 119.0 302.0 119.0 301.0 102.0 309.0 102.0 Vehicle 1
309.0 93.0 303.0 93.0 303.0 81.0 309.0 81.0 Vehicle 1
67.0 387.0 46.0 387.0 46.0 380.0 67.0 380.0 Vehicle 1
242.0 400.0 213.0 403.0 212.0 394.0 241.0 391.0 Vehicle 1
450.0 400.0 431.0 400.0 431.0 393.0 450.0 393.0 Vehicle 1
475.0 399.0 457.0 400.0 457.0 394.0 475.0 393.0 Vehicle 1
415.0 446.0 408.0 446.0 408.0 434.0 415.0 434.0 Vehicle 1
35.0 44.0 15.0 43.0 15.0 36.0 35.0 36.0 Vehicle 1
119.0 16.0 100.0 16.0 100.0 10.0 119.0 10.0 Vehicle 1
167.0 14.0 148.0 14.0 147.0 9.0 167.0 9.0 Vehicle 1
367.0 34.0 349.0 34.0 349.0 28.0 367.0 27.0 Vehicle 1
388.0 8.0 372.0 8.0 372.0 3.0 388.0 3.0 Vehicle 1
411.0 8.0 394.0 9.0 394.0 3.0 411.0 2.0 Vehicle 1
437.0 8.0 419.0 9.0 419.0 3.0 437.0 3.0 Vehicle 1
444.0 32.0 429.0 33.0 429.0 27.0 444.0 26.0 Vehicle 1
460.0 8.0 442.0 8.0 442.0 3.0 460.0 3.0 Vehicle 1
512.0 6.0 494.0 6.0 494.0 0.0 512.0 0.0 Vehicle 1
510.0 31.0 492.0 30.0 492.0 25.0 510.0 25.0 Vehicle 1
537.0 31.0 521.0 30.0 521.0 24.0 537.0 25.0 Vehicle 1
600.0 14.0 588.0 14.0 588.0 8.0 600.0 8.0 Vehicle 1
128.0 708.0 106.0 708.0 106.0 702.0 128.0 702.0 Vehicle 1
70.0 709.0 40.0 710.0 40.0 703.0 70.0 703.0 Vehicle 1
117.0 597.0 107.0 598.0 107.0 583.0 116.0 583.0 Vehicle 1
411.0 771.0 385.0 771.0 385.0 764.0 411.0 765.0 Vehicle 1
384.0 771.0 363.0 772.0 363.0 765.0 384.0 765.0 Vehicle 1
533.0 768.0 510.0 767.0 510.0 760.0 533.0 761.0 Vehicle 1
396.0 392.0 380.0 391.0 380.0 385.0 396.0 385.0 Vehicle 1
306.0 335.0 298.0 336.0 295.0 320.0 303.0 318.0 Vehicle 1
346.0 34.0 323.0 34.0 323.0 28.0 346.0 28.0 Vehicle 1
503.0 400.0 481.0 400.0 481.0 392.0 503.0 392.0 Vehicle 1
