496.0 491.0 489.0 501.0 462.0 482.0 469.0 472.0 Vehicle 1
338.0 671.0 329.0 681.0 308.0 662.0 317.0 652.0 Vehicle 1
302.0 665.0 290.0 700.0 276.0 696.0 288.0 660.0 Vehicle 1
265.0 734.0 220.0 754.0 215.0 743.0 260.0 723.0 Vehicle 1
314.0 726.0 282.0 760.0 272.0 751.0 303.0 717.0 Vehicle 1
340.0 743.0 328.0 759.0 320.0 753.0 333.0 737.0 Vehicle 1
372.0 764.0 361.0 778.0 353.0 772.0 365.0 758.0 Vehicle 1
398.0 765.0 392.0 770.0 381.0 757.0 387.0 753.0 Vehicle 1
421.0 759.0 411.0 762.0 407.0 744.0 417.0 741.0 Vehicle 1
441.0 749.0 435.0 756.0 420.0 743.0 426.0 736.0 Vehicle 1
451.0 742.0 446.0 747.0 429.0 734.0 434.0 728.0 Vehicle 1
458.0 733.0 454.0 738.0 439.0 727.0 444.0 721.0 Vehicle 1
486.0 727.0 482.0 733.0 467.0 723.0 471.0 716.0 Vehicle 1
497.0 721.0 494.0 727.0 477.0 718.0 480.0 712.0 Vehicle 1
514.0 715.0 508.0 723.0 489.0 710.0 494.0 702.0 Vehicle 1
403.0 638.0 399.0 644.0 383.0 633.0 387.0 627.0 Vehicle 1
433.0 602.0 428.0 608.0 414.0 596.0 419.0 591.0 Vehicle 1
466.0 596.0 452.0 612.0 445.0 606.0 459.0 590.0 Vehicle 1
483.0 609.0 472.0 622.0 466.0 616.0 476.0 603.0 Vehicle 1
493.0 616.0 483.0 626.0 477.0 620.0 487.0 609.0 Vehicle 1
515.0 636.0 502.0 649.0 497.0 643.0 509.0 630.0 Vehicle 1
524.0 642.0 509.0 657.0 502.0 651.0 517.0 635.0 Vehicle 1
534.0 646.0 522.0 661.0 516.0 655.0 528.0 641.0 Vehicle 1
546.0 651.0 530.0 665.0 524.0 658.0 540.0 644.0 Vehicle 1
544.0 683.0 541.0 689.0 523.0 681.0 526.0 675.0 Vehicle 1
553.0 672.0 551.0 681.0 528.0 674.0 531.0 665.0 Vehicle 1
734.0 694.0 725.0 705.0 719.0 699.0 728.0 689.0 Vehicle 1
771.0 716.0 759.0 728.0 754.0 723.0 766.0 711.0 Vehicle 1
787.0 728.0 775.0 740.0 769.0 735.0 781.0 722.0 Vehicle 1
804.0 740.0 793.0 751.0 788.0 746.0 799.0 735.0 Vehicle 1
813.0 746.0 802.0 758.0 796.0 753.0 808.0 741.0 Vehicle 1
755.0 882.0 751.0 889.0 733.0 879.0 737.0 872.0 Vehicle 1
756.0 820.0 746.0 832.0 678.0 776.0 688.0 764.0 Vehicle 1
843.0 863.0 839.0 869.0 821.0 858.0 825.0 852.0 Vehicle 1
927.0 879.0 923.0 884.0 908.0 873.0 912.0 867.0 Vehicle 1
981.0 850.0 959.0 852.0 959.0 844.0 980.0 842.0 Vehicle 1
995.0 832.0 977.0 836.0 975.0 828.0 994.0 825.0 Vehicle 1
909.0 941.0 889.0 953.0 884.0 945.0 903.0 932.0 Vehicle 1
926.0 962.0 909.0 973.0 904.0 966.0 921.0 955.0 Vehicle 1
59.0 979.0 49.0 993.0 43.0 988.0 52.0 974.0 Vehicle 1
