353.0 113.0 336.0 119.0 334.0 113.0 351.0 107.0 Vehicle 1
315.0 23.0 296.0 29.0 293.0 21.0 312.0 15.0 Vehicle 1
312.0 14.0 293.0 20.0 290.0 13.0 310.0 6.0 Vehicle 1
318.0 30.0 299.0 37.0 296.0 29.0 316.0 22.0 Vehicle 1
326.0 48.0 307.0 53.0 304.0 44.0 323.0 39.0 Vehicle 1
321.0 39.0 304.0 44.0 302.0 36.0 318.0 31.0 Vehicle 1
330.0 55.0 311.0 60.0 308.0 52.0 327.0 46.0 Vehicle 1
334.0 63.0 314.0 69.0 311.0 61.0 331.0 54.0 Vehicle 1
339.0 72.0 320.0 78.0 317.0 70.0 336.0 64.0 Vehicle 1
367.0 36.0 358.0 40.0 350.0 23.0 359.0 18.0 Vehicle 1
375.0 31.0 367.0 34.0 360.0 18.0 369.0 14.0 Vehicle 1
386.0 30.0 378.0 33.0 370.0 15.0 379.0 11.0 Vehicle 1
397.0 27.0 388.0 30.0 381.0 13.0 390.0 9.0 Vehicle 1
416.0 20.0 408.0 24.0 399.0 6.0 407.0 2.0 Vehicle 1
408.0 23.0 399.0 27.0 391.0 9.0 401.0 5.0 Vehicle 1
426.0 17.0 417.0 21.0 410.0 4.0 419.0 0.0 Vehicle 1
434.0 12.0 427.0 16.0 420.0 0.0 428.0 0.0 Vehicle 1
446.0 10.0 437.0 14.0 432.0 0.0 442.0 0.0 Vehicle 1
345.0 14.0 336.0 30.0 328.0 26.0 336.0 9.0 Vehicle 1
375.0 52.0 366.0 56.0 359.0 40.0 368.0 36.0 Vehicle 1
385.0 51.0 376.0 53.0 370.0 35.0 379.0 32.0 Vehicle 1
391.0 61.0 373.0 68.0 370.0 60.0 387.0 53.0 Vehicle 1
402.0 42.0 393.0 46.0 387.0 30.0 395.0 26.0 Vehicle 1
411.0 39.0 403.0 42.0 397.0 27.0 405.0 24.0 Vehicle 1
422.0 38.0 413.0 42.0 406.0 25.0 415.0 22.0 Vehicle 1
429.0 33.0 421.0 36.0 415.0 20.0 423.0 17.0 Vehicle 1
440.0 30.0 433.0 34.0 426.0 19.0 433.0 15.0 Vehicle 1
451.0 29.0 443.0 32.0 436.0 15.0 444.0 12.0 Vehicle 1
461.0 26.0 452.0 30.0 446.0 12.0 455.0 9.0 Vehicle 1
474.0 25.0 464.0 29.0 456.0 11.0 465.0 6.0 Vehicle 1
483.0 21.0 475.0 25.0 467.0 6.0 474.0 3.0 Vehicle 1
511.0 12.0 503.0 16.0 496.0 0.0 505.0 0.0 Vehicle 1
520.0 28.0 501.0 33.0 499.0 24.0 517.0 19.0 Vehicle 1
645.0 15.0 636.0 18.0 631.0 0.0 641.0 -1.0 Vehicle 1
637.0 16.0 630.0 20.0 621.0 4.0 628.0 0.0 Vehicle 1
626.0 20.0 618.0 24.0 611.0 6.0 618.0 3.0 Vehicle 1
618.0 23.0 608.0 27.0 602.0 10.0 611.0 6.0 Vehicle 1
607.0 28.0 599.0 31.0 592.0 13.0 600.0 10.0 Vehicle 1
597.0 31.0 589.0 34.0 581.0 15.0 589.0 11.0 Vehicle 1
575.0 35.0 566.0 38.0 560.0 20.0 569.0 17.0 Vehicle 1
587.0 33.0 578.0 36.0 571.0 18.0 580.0 15.0 Vehicle 1
565.0 37.0 557.0 40.0 551.0 24.0 560.0 21.0 Vehicle 1
557.0 41.0 549.0 45.0 542.0 29.0 550.0 25.0 Vehicle 1
547.0 44.0 540.0 47.0 533.0 31.0 541.0 28.0 Vehicle 1
538.0 46.0 530.0 50.0 522.0 34.0 530.0 30.0 Vehicle 1
527.0 50.0 519.0 54.0 512.0 36.0 521.0 33.0 Vehicle 1
518.0 54.0 510.0 57.0 503.0 40.0 511.0 36.0 Vehicle 1
509.0 55.0 499.0 59.0 493.0 41.0 502.0 38.0 Vehicle 1
499.0 59.0 491.0 63.0 483.0 46.0 491.0 42.0 Vehicle 1
490.0 62.0 481.0 66.0 473.0 48.0 482.0 44.0 Vehicle 1
480.0 64.0 472.0 68.0 464.0 52.0 473.0 48.0 Vehicle 1
472.0 67.0 462.0 73.0 450.0 52.0 459.0 46.0 Vehicle 1
459.0 70.0 451.0 73.0 444.0 58.0 452.0 54.0 Vehicle 1
450.0 74.0 440.0 78.0 432.0 61.0 442.0 57.0 Vehicle 1
440.0 77.0 430.0 81.0 423.0 64.0 432.0 60.0 Vehicle 1
404.0 91.0 395.0 95.0 387.0 77.0 396.0 73.0 Vehicle 1
429.0 80.0 421.0 83.0 414.0 67.0 422.0 63.0 Vehicle 1
420.0 83.0 412.0 87.0 405.0 72.0 413.0 68.0 Vehicle 1
393.0 92.0 385.0 96.0 377.0 80.0 384.0 76.0 Vehicle 1
383.0 97.0 375.0 100.0 367.0 83.0 375.0 79.0 Vehicle 1
372.0 98.0 363.0 102.0 356.0 84.0 365.0 81.0 Vehicle 1
407.0 107.0 399.0 111.0 392.0 97.0 401.0 93.0 Vehicle 1
415.0 102.0 407.0 105.0 402.0 94.0 410.0 90.0 Vehicle 1
424.0 100.0 416.0 103.0 411.0 91.0 420.0 88.0 Vehicle 1
432.0 95.0 424.0 98.0 420.0 88.0 429.0 85.0 Vehicle 1
453.0 92.0 445.0 95.0 440.0 82.0 448.0 79.0 Vehicle 1
465.0 90.0 457.0 94.0 450.0 80.0 459.0 76.0 Vehicle 1
473.0 85.0 464.0 89.0 459.0 77.0 467.0 73.0 Vehicle 1
484.0 83.0 475.0 87.0 469.0 74.0 478.0 70.0 Vehicle 1
494.0 80.0 485.0 83.0 480.0 70.0 488.0 66.0 Vehicle 1
503.0 78.0 494.0 81.0 490.0 67.0 499.0 64.0 Vehicle 1
511.0 71.0 504.0 75.0 499.0 64.0 506.0 61.0 Vehicle 1
522.0 67.0 513.0 71.0 508.0 61.0 516.0 57.0 Vehicle 1
532.0 67.0 523.0 71.0 518.0 58.0 527.0 54.0 Vehicle 1
543.0 63.0 535.0 67.0 529.0 54.0 537.0 50.0 Vehicle 1
551.0 60.0 544.0 63.0 539.0 52.0 546.0 48.0 Vehicle 1
562.0 59.0 553.0 62.0 548.0 47.0 557.0 44.0 Vehicle 1
572.0 54.0 564.0 58.0 558.0 46.0 566.0 42.0 Vehicle 1
591.0 51.0 581.0 54.0 576.0 39.0 586.0 36.0 Vehicle 1
602.0 48.0 593.0 51.0 588.0 36.0 597.0 33.0 Vehicle 1
612.0 44.0 603.0 47.0 598.0 32.0 607.0 29.0 Vehicle 1
631.0 37.0 623.0 40.0 617.0 26.0 625.0 23.0 Vehicle 1
649.0 30.0 641.0 34.0 635.0 22.0 643.0 19.0 Vehicle 1
669.0 24.0 661.0 28.0 655.0 16.0 663.0 12.0 Vehicle 1
678.0 20.0 670.0 24.0 666.0 13.0 673.0 10.0 Vehicle 1
687.0 18.0 678.0 21.0 675.0 10.0 683.0 7.0 Vehicle 1
697.0 14.0 689.0 17.0 685.0 7.0 693.0 4.0 Vehicle 1
708.0 12.0 699.0 16.0 695.0 4.0 703.0 0.0 Vehicle 1
718.0 9.0 710.0 11.0 706.0 0.0 715.0 0.0 Vehicle 1
366.0 131.0 342.0 139.0 339.0 129.0 362.0 120.0 Vehicle 1
355.0 122.0 337.0 128.0 334.0 119.0 352.0 114.0 Vehicle 1
366.0 141.0 347.0 148.0 343.0 139.0 363.0 132.0 Vehicle 1
421.0 148.0 410.0 152.0 403.0 132.0 413.0 128.0 Vehicle 1
431.0 143.0 424.0 146.0 416.0 131.0 424.0 127.0 Vehicle 1
441.0 142.0 433.0 145.0 426.0 130.0 434.0 126.0 Vehicle 1
451.0 137.0 444.0 141.0 435.0 125.0 443.0 121.0 Vehicle 1
461.0 135.0 452.0 139.0 444.0 122.0 453.0 117.0 Vehicle 1
470.0 133.0 462.0 137.0 455.0 121.0 463.0 117.0 Vehicle 1
481.0 129.0 473.0 134.0 463.0 116.0 472.0 112.0 Vehicle 1
491.0 125.0 482.0 129.0 474.0 112.0 483.0 108.0 Vehicle 1
500.0 121.0 492.0 125.0 484.0 109.0 492.0 105.0 Vehicle 1
509.0 120.0 502.0 123.0 494.0 107.0 502.0 103.0 Vehicle 1
521.0 118.0 512.0 122.0 502.0 103.0 511.0 98.0 Vehicle 1
529.0 113.0 521.0 117.0 514.0 101.0 522.0 97.0 Vehicle 1
538.0 111.0 529.0 115.0 522.0 97.0 531.0 94.0 Vehicle 1
550.0 109.0 540.0 113.0 532.0 96.0 542.0 91.0 Vehicle 1
559.0 104.0 551.0 109.0 544.0 94.0 552.0 90.0 Vehicle 1
569.0 100.0 560.0 104.0 552.0 86.0 561.0 82.0 Vehicle 1
578.0 98.0 570.0 102.0 562.0 84.0 571.0 80.0 Vehicle 1
599.0 93.0 591.0 97.0 583.0 80.0 590.0 76.0 Vehicle 1
606.0 87.0 599.0 91.0 590.0 77.0 598.0 72.0 Vehicle 1
627.0 84.0 618.0 88.0 610.0 73.0 618.0 68.0 Vehicle 1
648.0 78.0 639.0 82.0 631.0 64.0 640.0 60.0 Vehicle 1
667.0 70.0 657.0 75.0 649.0 57.0 659.0 52.0 Vehicle 1
686.0 63.0 677.0 68.0 668.0 51.0 677.0 47.0 Vehicle 1
696.0 62.0 687.0 66.0 679.0 49.0 688.0 44.0 Vehicle 1
713.0 55.0 704.0 59.0 696.0 42.0 706.0 38.0 Vehicle 1
734.0 52.0 726.0 55.0 719.0 37.0 727.0 34.0 Vehicle 1
726.0 52.0 717.0 56.0 709.0 41.0 718.0 36.0 Vehicle 1
743.0 46.0 735.0 50.0 728.0 34.0 736.0 30.0 Vehicle 1
754.0 43.0 745.0 47.0 738.0 30.0 747.0 26.0 Vehicle 1
766.0 38.0 756.0 43.0 748.0 26.0 757.0 21.0 Vehicle 1
775.0 37.0 767.0 40.0 760.0 24.0 768.0 21.0 Vehicle 1
787.0 32.0 778.0 37.0 769.0 20.0 778.0 15.0 Vehicle 1
399.0 200.0 376.0 208.0 372.0 198.0 396.0 190.0 Vehicle 1
414.0 244.0 397.0 250.0 394.0 242.0 411.0 236.0 Vehicle 1
413.0 236.0 393.0 241.0 391.0 233.0 411.0 227.0 Vehicle 1
421.0 250.0 404.0 255.0 402.0 248.0 419.0 243.0 Vehicle 1
425.0 259.0 408.0 266.0 404.0 258.0 421.0 251.0 Vehicle 1
478.0 204.0 468.0 209.0 459.0 192.0 470.0 187.0 Vehicle 1
457.0 210.0 448.0 214.0 440.0 198.0 450.0 193.0 Vehicle 1
466.0 227.0 457.0 232.0 449.0 215.0 458.0 211.0 Vehicle 1
485.0 221.0 476.0 225.0 469.0 208.0 478.0 205.0 Vehicle 1
514.0 212.0 506.0 217.0 497.0 199.0 506.0 195.0 Vehicle 1
450.0 280.0 442.0 283.0 435.0 264.0 443.0 261.0 Vehicle 1
461.0 274.0 452.0 278.0 443.0 258.0 452.0 254.0 Vehicle 1
481.0 268.0 472.0 272.0 464.0 255.0 473.0 251.0 Vehicle 1
499.0 260.0 491.0 263.0 484.0 247.0 492.0 244.0 Vehicle 1
531.0 254.0 523.0 258.0 515.0 241.0 522.0 237.0 Vehicle 1
540.0 249.0 532.0 253.0 524.0 236.0 533.0 232.0 Vehicle 1
569.0 238.0 560.0 242.0 551.0 224.0 560.0 219.0 Vehicle 1
505.0 152.0 495.0 156.0 488.0 137.0 498.0 133.0 Vehicle 1
515.0 146.0 507.0 150.0 500.0 136.0 508.0 132.0 Vehicle 1
525.0 146.0 517.0 149.0 509.0 133.0 518.0 129.0 Vehicle 1
534.0 141.0 526.0 145.0 518.0 130.0 526.0 126.0 Vehicle 1
543.0 139.0 535.0 142.0 528.0 126.0 536.0 122.0 Vehicle 1
555.0 136.0 546.0 140.0 538.0 122.0 548.0 118.0 Vehicle 1
563.0 133.0 555.0 137.0 548.0 120.0 556.0 117.0 Vehicle 1
574.0 131.0 566.0 134.0 559.0 117.0 567.0 113.0 Vehicle 1
584.0 123.0 576.0 127.0 568.0 112.0 576.0 108.0 Vehicle 1
592.0 122.0 584.0 125.0 578.0 110.0 586.0 107.0 Vehicle 1
603.0 122.0 595.0 125.0 588.0 107.0 597.0 104.0 Vehicle 1
612.0 118.0 604.0 121.0 597.0 104.0 605.0 100.0 Vehicle 1
621.0 113.0 614.0 116.0 609.0 103.0 616.0 100.0 Vehicle 1
632.0 110.0 624.0 114.0 617.0 97.0 625.0 94.0 Vehicle 1
643.0 106.0 635.0 110.0 627.0 95.0 635.0 91.0 Vehicle 1
652.0 103.0 644.0 107.0 638.0 92.0 646.0 88.0 Vehicle 1
664.0 101.0 655.0 105.0 648.0 87.0 656.0 83.0 Vehicle 1
674.0 99.0 665.0 103.0 658.0 85.0 667.0 82.0 Vehicle 1
682.0 94.0 674.0 97.0 668.0 81.0 676.0 78.0 Vehicle 1
691.0 91.0 683.0 95.0 677.0 78.0 685.0 75.0 Vehicle 1
701.0 87.0 694.0 91.0 686.0 76.0 694.0 73.0 Vehicle 1
713.0 86.0 705.0 90.0 697.0 73.0 704.0 69.0 Vehicle 1
721.0 82.0 714.0 86.0 706.0 70.0 713.0 66.0 Vehicle 1
733.0 78.0 725.0 82.0 717.0 67.0 724.0 63.0 Vehicle 1
744.0 75.0 736.0 79.0 728.0 64.0 736.0 60.0 Vehicle 1
754.0 71.0 746.0 75.0 737.0 59.0 745.0 55.0 Vehicle 1
762.0 68.0 754.0 72.0 747.0 58.0 755.0 54.0 Vehicle 1
773.0 66.0 764.0 70.0 756.0 53.0 765.0 49.0 Vehicle 1
796.0 61.0 786.0 66.0 777.0 46.0 788.0 41.0 Vehicle 1
524.0 190.0 516.0 194.0 507.0 178.0 515.0 174.0 Vehicle 1
533.0 186.0 525.0 191.0 516.0 175.0 524.0 171.0 Vehicle 1
543.0 183.0 534.0 188.0 525.0 172.0 534.0 167.0 Vehicle 1
553.0 181.0 544.0 185.0 536.0 168.0 545.0 164.0 Vehicle 1
562.0 178.0 554.0 182.0 547.0 167.0 555.0 163.0 Vehicle 1
571.0 176.0 563.0 180.0 555.0 162.0 563.0 158.0 Vehicle 1
582.0 173.0 573.0 177.0 564.0 155.0 574.0 151.0 Vehicle 1
591.0 170.0 582.0 173.0 575.0 155.0 583.0 152.0 Vehicle 1
601.0 167.0 593.0 171.0 585.0 154.0 593.0 150.0 Vehicle 1
612.0 163.0 604.0 168.0 593.0 147.0 602.0 143.0 Vehicle 1
631.0 159.0 622.0 161.0 616.0 142.0 625.0 139.0 Vehicle 1
622.0 159.0 615.0 163.0 607.0 148.0 614.0 144.0 Vehicle 1
640.0 154.0 633.0 158.0 624.0 141.0 632.0 137.0 Vehicle 1
651.0 150.0 642.0 154.0 633.0 135.0 641.0 131.0 Vehicle 1
661.0 146.0 653.0 150.0 645.0 134.0 653.0 130.0 Vehicle 1
672.0 143.0 664.0 148.0 655.0 132.0 663.0 127.0 Vehicle 1
692.0 137.0 685.0 141.0 676.0 125.0 683.0 121.0 Vehicle 1
681.0 140.0 674.0 144.0 666.0 127.0 673.0 123.0 Vehicle 1
702.0 134.0 694.0 138.0 687.0 122.0 695.0 118.0 Vehicle 1
713.0 130.0 704.0 135.0 696.0 118.0 704.0 114.0 Vehicle 1
723.0 127.0 714.0 131.0 706.0 113.0 715.0 109.0 Vehicle 1
743.0 121.0 734.0 125.0 724.0 108.0 733.0 103.0 Vehicle 1
753.0 117.0 744.0 121.0 735.0 104.0 744.0 100.0 Vehicle 1
764.0 113.0 755.0 117.0 747.0 101.0 756.0 97.0 Vehicle 1
774.0 110.0 766.0 114.0 756.0 97.0 765.0 93.0 Vehicle 1
791.0 104.0 783.0 107.0 777.0 91.0 785.0 88.0 Vehicle 1
753.0 137.0 744.0 142.0 734.0 125.0 743.0 120.0 Vehicle 1
763.0 133.0 755.0 138.0 746.0 122.0 754.0 117.0 Vehicle 1
784.0 128.0 775.0 132.0 766.0 116.0 775.0 112.0 Vehicle 1
800.0 120.0 792.0 124.0 785.0 108.0 793.0 104.0 Vehicle 1
669.0 208.0 662.0 212.0 652.0 197.0 659.0 192.0 Vehicle 1
697.0 199.0 689.0 203.0 681.0 187.0 689.0 183.0 Vehicle 1
748.0 183.0 740.0 188.0 731.0 172.0 739.0 168.0 Vehicle 1
778.0 173.0 770.0 178.0 761.0 162.0 769.0 157.0 Vehicle 1
797.0 168.0 789.0 173.0 781.0 157.0 788.0 153.0 Vehicle 1
188.0 473.0 168.0 479.0 166.0 471.0 185.0 465.0 Vehicle 1
381.0 422.0 364.0 427.0 362.0 418.0 379.0 413.0 Vehicle 1
353.0 415.0 333.0 422.0 331.0 414.0 350.0 408.0 Vehicle 1
508.0 446.0 485.0 456.0 481.0 446.0 504.0 436.0 Vehicle 1
497.0 430.0 477.0 437.0 474.0 428.0 494.0 421.0 Vehicle 1
457.0 399.0 438.0 405.0 435.0 396.0 454.0 389.0 Vehicle 1
509.0 366.0 492.0 372.0 490.0 365.0 507.0 359.0 Vehicle 1
577.0 373.0 557.0 378.0 554.0 370.0 574.0 364.0 Vehicle 1
565.0 353.0 542.0 360.0 540.0 351.0 562.0 344.0 Vehicle 1
610.0 361.0 590.0 367.0 587.0 359.0 608.0 353.0 Vehicle 1
632.0 355.0 613.0 362.0 610.0 354.0 628.0 347.0 Vehicle 1
656.0 347.0 637.0 352.0 635.0 344.0 654.0 339.0 Vehicle 1
676.0 342.0 658.0 348.0 655.0 340.0 673.0 334.0 Vehicle 1
639.0 328.0 616.0 334.0 614.0 326.0 637.0 319.0 Vehicle 1
701.0 333.0 685.0 338.0 683.0 330.0 698.0 325.0 Vehicle 1
727.0 325.0 707.0 331.0 704.0 323.0 724.0 317.0 Vehicle 1
752.0 316.0 736.0 321.0 734.0 315.0 750.0 310.0 Vehicle 1
779.0 309.0 760.0 315.0 758.0 307.0 777.0 301.0 Vehicle 1
800.0 301.0 783.0 306.0 781.0 300.0 798.0 295.0 Vehicle 1
798.0 267.0 779.0 273.0 777.0 265.0 795.0 259.0 Vehicle 1
799.0 278.0 778.0 285.0 776.0 276.0 796.0 269.0 Vehicle 1
239.0 523.0 230.0 527.0 222.0 511.0 231.0 507.0 Vehicle 1
