686.0 41.0 685.0 48.0 657.0 45.0 658.0 38.0 Vehicle 1
989.0 449.0 987.0 473.0 969.0 471.0 972.0 447.0 Vehicle 1
145.0 566.0 127.0 567.0 126.0 560.0 144.0 559.0 Vehicle 1
163.0 668.0 159.0 674.0 144.0 664.0 149.0 658.0 Vehicle 1
164.0 650.0 143.0 652.0 143.0 645.0 163.0 643.0 Vehicle 1
215.0 703.0 190.0 705.0 189.0 696.0 215.0 695.0 Vehicle 1
214.0 714.0 189.0 715.0 188.0 707.0 214.0 706.0 Vehicle 1
134.0 766.0 129.0 770.0 119.0 760.0 123.0 755.0 Vehicle 1
189.0 797.0 168.0 799.0 167.0 793.0 188.0 791.0 Vehicle 1
26.0 437.0 4.0 439.0 4.0 432.0 26.0 431.0 Vehicle 1
56.0 436.0 35.0 437.0 34.0 429.0 56.0 428.0 Vehicle 1
145.0 428.0 123.0 429.0 122.0 422.0 145.0 421.0 Vehicle 1
273.0 315.0 261.0 316.0 259.0 298.0 270.0 297.0 Vehicle 1
344.0 578.0 343.0 596.0 333.0 596.0 334.0 578.0 Vehicle 1
469.0 568.0 460.0 570.0 456.0 551.0 465.0 549.0 Vehicle 1
370.0 713.0 357.0 715.0 354.0 691.0 366.0 689.0 Vehicle 1
512.0 921.0 505.0 922.0 501.0 907.0 507.0 905.0 Vehicle 1
260.0 995.0 238.0 998.0 237.0 991.0 259.0 988.0 Vehicle 1
399.0 908.0 390.0 908.0 389.0 892.0 398.0 891.0 Vehicle 1
393.0 869.0 392.0 882.0 383.0 882.0 383.0 869.0 Vehicle 1
392.0 864.0 382.0 865.0 380.0 846.0 391.0 845.0 Vehicle 1
514.0 805.0 494.0 806.0 494.0 798.0 514.0 797.0 Vehicle 1
377.0 755.0 368.0 758.0 364.0 741.0 373.0 739.0 Vehicle 1
638.0 751.0 614.0 753.0 614.0 746.0 638.0 745.0 Vehicle 1
666.0 749.0 646.0 750.0 646.0 743.0 666.0 742.0 Vehicle 1
624.0 801.0 621.0 808.0 602.0 800.0 605.0 792.0 Vehicle 1
707.0 951.0 691.0 962.0 685.0 953.0 700.0 942.0 Vehicle 1
773.0 994.0 754.0 995.0 754.0 986.0 773.0 985.0 Vehicle 1
882.0 998.0 873.0 999.0 871.0 982.0 880.0 981.0 Vehicle 1
727.0 859.0 715.0 861.0 713.0 843.0 724.0 841.0 Vehicle 1
865.0 872.0 852.0 875.0 848.0 859.0 862.0 856.0 Vehicle 1
870.0 896.0 857.0 899.0 852.0 879.0 866.0 876.0 Vehicle 1
863.0 768.0 852.0 769.0 851.0 756.0 862.0 755.0 Vehicle 1
827.0 669.0 818.0 669.0 817.0 656.0 826.0 655.0 Vehicle 1
679.0 463.0 673.0 464.0 669.0 447.0 675.0 446.0 Vehicle 1
552.0 141.0 529.0 141.0 529.0 132.0 552.0 132.0 Vehicle 1
971.0 126.0 957.0 127.0 957.0 109.0 971.0 109.0 Vehicle 1
967.0 106.0 955.0 106.0 955.0 92.0 967.0 92.0 Vehicle 1
965.0 78.0 957.0 82.0 949.0 65.0 958.0 61.0 Vehicle 1
925.0 48.0 903.0 49.0 902.0 41.0 924.0 41.0 Vehicle 1
953.0 47.0 931.0 48.0 931.0 40.0 953.0 40.0 Vehicle 1
980.0 252.0 969.0 265.0 963.0 260.0 973.0 247.0 Vehicle 1
996.0 239.0 983.0 250.0 978.0 243.0 991.0 232.0 Vehicle 1
980.0 338.0 978.0 343.0 958.0 336.0 960.0 330.0 Vehicle 1
817.0 422.0 807.0 424.0 803.0 407.0 814.0 404.0 Vehicle 1
889.0 522.0 878.0 523.0 876.0 505.0 887.0 504.0 Vehicle 1
925.0 516.0 915.0 516.0 914.0 501.0 924.0 500.0 Vehicle 1
940.0 516.0 928.0 516.0 928.0 500.0 940.0 500.0 Vehicle 1
956.0 512.0 944.0 514.0 942.0 498.0 954.0 497.0 Vehicle 1
990.0 550.0 987.0 559.0 966.0 550.0 970.0 541.0 Vehicle 1
