40.0 85.0 15.0 96.0 12.0 88.0 37.0 77.0 Vehicle 1
453.0 571.0 445.0 571.0 446.0 552.0 453.0 553.0 Vehicle 1
456.0 610.0 448.0 610.0 447.0 595.0 455.0 595.0 Vehicle 1
479.0 632.0 459.0 631.0 459.0 624.0 479.0 625.0 Vehicle 1
478.0 640.0 460.0 640.0 461.0 634.0 478.0 634.0 Vehicle 1
480.0 648.0 460.0 648.0 460.0 643.0 480.0 642.0 Vehicle 1
478.0 663.0 459.0 663.0 459.0 657.0 478.0 656.0 Vehicle 1
478.0 673.0 458.0 673.0 458.0 667.0 478.0 667.0 Vehicle 1
477.0 682.0 459.0 682.0 459.0 675.0 477.0 676.0 Vehicle 1
476.0 692.0 457.0 692.0 457.0 686.0 475.0 685.0 Vehicle 1
474.0 701.0 455.0 700.0 455.0 693.0 474.0 694.0 Vehicle 1
427.0 789.0 422.0 796.0 405.0 784.0 411.0 777.0 Vehicle 1
