147.0 513.0 146.0 522.0 123.0 519.0 124.0 510.0 Vehicle 1
151.0 501.0 149.0 513.0 126.0 509.0 127.0 498.0 Vehicle 1
15.0 727.0 -2.0 719.0 1.0 710.0 18.0 717.0 Vehicle 1
19.0 704.0 15.0 715.0 0.0 709.0 0.0 697.0 Vehicle 1
427.0 765.0 418.0 765.0 417.0 744.0 427.0 744.0 Vehicle 1
428.0 787.0 417.0 787.0 417.0 766.0 428.0 766.0 Vehicle 1
429.0 727.0 420.0 727.0 420.0 705.0 429.0 705.0 Vehicle 1
523.0 937.0 514.0 937.0 514.0 920.0 523.0 920.0 Vehicle 1
79.0 699.0 56.0 702.0 55.0 693.0 78.0 690.0 Vehicle 1
16.0 741.0 14.0 748.0 0.0 744.0 0.0 737.0 Vehicle 1
18.0 696.0 -1.0 686.0 2.0 680.0 21.0 689.0 Vehicle 1
153.0 492.0 151.0 501.0 131.0 498.0 132.0 488.0 Vehicle 1
428.0 669.0 419.0 669.0 419.0 653.0 428.0 653.0 Vehicle 1
428.0 643.0 419.0 643.0 418.0 624.0 427.0 623.0 Vehicle 1
427.0 578.0 418.0 578.0 418.0 563.0 427.0 563.0 Vehicle 1
433.0 480.0 432.0 498.0 420.0 497.0 422.0 479.0 Vehicle 1
52.0 89.0 51.0 98.0 28.0 96.0 28.0 87.0 Vehicle 1
55.0 48.0 54.0 57.0 31.0 54.0 32.0 46.0 Vehicle 1
719.0 4.0 718.0 12.0 699.0 11.0 699.0 3.0 Vehicle 1
716.0 20.0 697.0 21.0 696.0 12.0 716.0 12.0 Vehicle 1
716.0 32.0 696.0 33.0 696.0 23.0 716.0 23.0 Vehicle 1
719.0 54.0 696.0 55.0 695.0 47.0 718.0 46.0 Vehicle 1
779.0 0.0 779.0 7.0 755.0 5.0 755.0 0.0 Vehicle 1
780.0 34.0 759.0 34.0 759.0 27.0 780.0 28.0 Vehicle 1
990.0 533.0 988.0 551.0 977.0 549.0 979.0 532.0 Vehicle 1
978.0 532.0 977.0 551.0 966.0 550.0 967.0 531.0 Vehicle 1
964.0 549.0 952.0 551.0 948.0 531.0 960.0 529.0 Vehicle 1
939.0 548.0 926.0 548.0 925.0 530.0 939.0 529.0 Vehicle 1
912.0 548.0 903.0 549.0 901.0 532.0 911.0 531.0 Vehicle 1
887.0 549.0 875.0 549.0 875.0 532.0 887.0 532.0 Vehicle 1
827.0 550.0 816.0 551.0 815.0 534.0 826.0 534.0 Vehicle 1
888.0 585.0 887.0 596.0 866.0 593.0 867.0 583.0 Vehicle 1
802.0 597.0 754.0 598.0 754.0 588.0 802.0 588.0 Vehicle 1
990.0 716.0 989.0 724.0 965.0 723.0 965.0 715.0 Vehicle 1
990.0 704.0 967.0 705.0 967.0 696.0 990.0 696.0 Vehicle 1
988.0 681.0 987.0 689.0 965.0 687.0 966.0 680.0 Vehicle 1
993.0 661.0 992.0 670.0 966.0 668.0 967.0 659.0 Vehicle 1
988.0 659.0 967.0 658.0 967.0 649.0 988.0 651.0 Vehicle 1
985.0 623.0 984.0 632.0 965.0 631.0 966.0 622.0 Vehicle 1
986.0 623.0 964.0 622.0 965.0 613.0 986.0 614.0 Vehicle 1
990.0 606.0 967.0 605.0 967.0 596.0 990.0 597.0 Vehicle 1
886.0 752.0 867.0 751.0 867.0 744.0 886.0 745.0 Vehicle 1
950.0 742.0 930.0 742.0 930.0 732.0 950.0 733.0 Vehicle 1
949.0 724.0 929.0 723.0 929.0 715.0 949.0 716.0 Vehicle 1
954.0 706.0 929.0 705.0 930.0 698.0 954.0 699.0 Vehicle 1
952.0 698.0 928.0 697.0 928.0 688.0 952.0 689.0 Vehicle 1
895.0 698.0 870.0 697.0 870.0 688.0 895.0 689.0 Vehicle 1
895.0 706.0 875.0 707.0 875.0 699.0 895.0 699.0 Vehicle 1
893.0 716.0 892.0 725.0 872.0 724.0 872.0 716.0 Vehicle 1
865.0 751.0 842.0 750.0 842.0 743.0 865.0 744.0 Vehicle 1
865.0 734.0 841.0 734.0 841.0 727.0 865.0 727.0 Vehicle 1
891.0 670.0 867.0 669.0 867.0 661.0 891.0 661.0 Vehicle 1
806.0 743.0 805.0 752.0 780.0 751.0 781.0 742.0 Vehicle 1
713.0 716.0 687.0 715.0 688.0 701.0 713.0 702.0 Vehicle 1
719.0 734.0 694.0 734.0 694.0 726.0 719.0 726.0 Vehicle 1
780.0 807.0 771.0 808.0 768.0 789.0 778.0 787.0 Vehicle 1
847.0 805.0 836.0 806.0 835.0 784.0 846.0 784.0 Vehicle 1
884.0 806.0 874.0 807.0 872.0 789.0 882.0 788.0 Vehicle 1
908.0 790.0 907.0 808.0 897.0 807.0 898.0 789.0 Vehicle 1
921.0 808.0 909.0 808.0 909.0 790.0 921.0 790.0 Vehicle 1
798.0 810.0 788.0 810.0 787.0 793.0 797.0 792.0 Vehicle 1
550.0 938.0 539.0 938.0 539.0 920.0 550.0 920.0 Vehicle 1
970.0 999.0 960.0 999.0 959.0 979.0 969.0 978.0 Vehicle 1
959.0 978.0 946.0 980.0 944.0 960.0 957.0 959.0 Vehicle 1
934.0 979.0 920.0 980.0 919.0 954.0 933.0 953.0 Vehicle 1
883.0 980.0 870.0 980.0 870.0 958.0 883.0 958.0 Vehicle 1
857.0 957.0 856.0 978.0 845.0 978.0 846.0 956.0 Vehicle 1
