872.0 624.0 852.0 625.0 851.0 618.0 871.0 617.0 Vehicle 1
870.0 751.0 867.0 758.0 846.0 751.0 849.0 744.0 Vehicle 1
678.0 342.0 667.0 356.0 660.0 351.0 671.0 337.0 Vehicle 1
938.0 275.0 937.0 281.0 916.0 280.0 916.0 274.0 Vehicle 1
961.0 362.0 940.0 368.0 938.0 360.0 959.0 355.0 Vehicle 1
610.0 93.0 601.0 99.0 593.0 85.0 601.0 80.0 Vehicle 1
734.0 30.0 727.0 33.0 721.0 20.0 728.0 17.0 Vehicle 1
723.0 34.0 716.0 37.0 710.0 24.0 717.0 21.0 Vehicle 1
712.0 39.0 706.0 42.0 698.0 27.0 705.0 24.0 Vehicle 1
71.0 12.0 51.0 15.0 50.0 9.0 70.0 7.0 Vehicle 1
142.0 17.0 133.0 18.0 132.0 1.0 141.0 1.0 Vehicle 1
145.0 16.0 142.0 1.0 151.0 0.0 154.0 15.0 Vehicle 1
194.0 352.0 185.0 354.0 183.0 339.0 192.0 338.0 Vehicle 1
260.0 328.0 252.0 344.0 245.0 341.0 252.0 325.0 Vehicle 1
207.0 354.0 198.0 354.0 198.0 337.0 206.0 337.0 Vehicle 1
253.0 569.0 231.0 572.0 230.0 565.0 252.0 562.0 Vehicle 1
15.0 943.0 6.0 944.0 4.0 928.0 13.0 927.0 Vehicle 1
10.0 927.0 2.0 928.0 0.0 912.0 8.0 911.0 Vehicle 1
21.0 926.0 13.0 926.0 12.0 910.0 20.0 910.0 Vehicle 1
49.0 939.0 41.0 940.0 38.0 924.0 47.0 922.0 Vehicle 1
38.0 941.0 29.0 942.0 28.0 925.0 36.0 924.0 Vehicle 1
27.0 944.0 19.0 946.0 15.0 929.0 23.0 927.0 Vehicle 1
61.0 936.0 53.0 937.0 51.0 922.0 60.0 921.0 Vehicle 1
64.0 919.0 34.0 921.0 33.0 914.0 63.0 912.0 Vehicle 1
73.0 940.0 63.0 942.0 61.0 924.0 71.0 923.0 Vehicle 1
64.0 882.0 55.0 883.0 52.0 866.0 61.0 864.0 Vehicle 1
69.0 901.0 13.0 902.0 13.0 892.0 69.0 892.0 Vehicle 1
263.0 869.0 256.0 870.0 254.0 852.0 260.0 851.0 Vehicle 1
252.0 869.0 242.0 871.0 238.0 853.0 248.0 851.0 Vehicle 1
349.0 715.0 341.0 715.0 340.0 700.0 348.0 699.0 Vehicle 1
268.0 750.0 261.0 752.0 256.0 731.0 264.0 729.0 Vehicle 1
244.0 707.0 237.0 708.0 234.0 689.0 241.0 688.0 Vehicle 1
65.0 736.0 55.0 739.0 50.0 720.0 60.0 717.0 Vehicle 1
76.0 791.0 68.0 793.0 64.0 777.0 72.0 775.0 Vehicle 1
94.0 866.0 87.0 867.0 83.0 849.0 91.0 848.0 Vehicle 1
104.0 903.0 96.0 905.0 92.0 890.0 100.0 888.0 Vehicle 1
110.0 947.0 101.0 949.0 97.0 933.0 106.0 931.0 Vehicle 1
125.0 997.0 116.0 998.0 114.0 982.0 122.0 981.0 Vehicle 1
334.0 968.0 317.0 970.0 316.0 964.0 333.0 962.0 Vehicle 1
337.0 959.0 313.0 960.0 313.0 952.0 337.0 951.0 Vehicle 1
334.0 950.0 312.0 951.0 312.0 942.0 334.0 941.0 Vehicle 1
395.0 943.0 376.0 943.0 376.0 936.0 395.0 937.0 Vehicle 1
394.0 952.0 375.0 951.0 375.0 944.0 394.0 945.0 Vehicle 1
401.0 960.0 379.0 962.0 378.0 955.0 400.0 953.0 Vehicle 1
406.0 980.0 378.0 980.0 378.0 972.0 406.0 972.0 Vehicle 1
408.0 995.0 387.0 996.0 387.0 989.0 408.0 988.0 Vehicle 1
990.0 1000.0 981.0 1000.0 981.0 985.0 990.0 985.0 Vehicle 1
977.0 984.0 976.0 1000.0 968.0 1000.0 969.0 983.0 Vehicle 1
966.0 1000.0 956.0 1000.0 956.0 983.0 966.0 983.0 Vehicle 1
954.0 1000.0 944.0 1000.0 944.0 986.0 954.0 986.0 Vehicle 1
939.0 1000.0 931.0 1000.0 931.0 982.0 939.0 982.0 Vehicle 1
927.0 979.0 926.0 1000.0 918.0 1000.0 919.0 979.0 Vehicle 1
912.0 998.0 904.0 998.0 905.0 981.0 912.0 981.0 Vehicle 1
861.0 996.0 852.0 997.0 851.0 980.0 859.0 980.0 Vehicle 1
847.0 980.0 846.0 995.0 837.0 994.0 838.0 980.0 Vehicle 1
836.0 996.0 828.0 997.0 826.0 977.0 833.0 976.0 Vehicle 1
810.0 994.0 800.0 995.0 800.0 981.0 810.0 981.0 Vehicle 1
823.0 996.0 814.0 996.0 813.0 979.0 822.0 979.0 Vehicle 1
797.0 995.0 788.0 995.0 787.0 979.0 796.0 978.0 Vehicle 1
785.0 980.0 784.0 995.0 774.0 995.0 774.0 980.0 Vehicle 1
771.0 994.0 762.0 994.0 762.0 977.0 771.0 977.0 Vehicle 1
758.0 996.0 750.0 996.0 749.0 979.0 757.0 978.0 Vehicle 1
747.0 992.0 740.0 993.0 739.0 976.0 746.0 976.0 Vehicle 1
734.0 996.0 726.0 996.0 725.0 975.0 733.0 975.0 Vehicle 1
721.0 974.0 720.0 994.0 711.0 994.0 711.0 974.0 Vehicle 1
707.0 993.0 700.0 993.0 700.0 975.0 707.0 975.0 Vehicle 1
694.0 995.0 686.0 995.0 685.0 977.0 693.0 977.0 Vehicle 1
683.0 978.0 682.0 994.0 673.0 994.0 674.0 977.0 Vehicle 1
670.0 994.0 662.0 995.0 661.0 977.0 669.0 977.0 Vehicle 1
656.0 991.0 649.0 991.0 649.0 976.0 656.0 976.0 Vehicle 1
644.0 969.0 643.0 992.0 634.0 992.0 635.0 969.0 Vehicle 1
631.0 997.0 624.0 998.0 622.0 981.0 630.0 981.0 Vehicle 1
618.0 996.0 609.0 996.0 609.0 979.0 618.0 979.0 Vehicle 1
606.0 996.0 598.0 997.0 598.0 982.0 605.0 981.0 Vehicle 1
594.0 995.0 586.0 995.0 585.0 976.0 594.0 975.0 Vehicle 1
581.0 973.0 580.0 996.0 571.0 996.0 572.0 973.0 Vehicle 1
568.0 972.0 567.0 992.0 558.0 991.0 559.0 972.0 Vehicle 1
555.0 975.0 554.0 992.0 546.0 992.0 547.0 975.0 Vehicle 1
542.0 996.0 534.0 997.0 533.0 976.0 541.0 975.0 Vehicle 1
530.0 996.0 522.0 995.0 523.0 978.0 530.0 978.0 Vehicle 1
519.0 996.0 511.0 996.0 509.0 979.0 517.0 978.0 Vehicle 1
505.0 995.0 496.0 995.0 497.0 975.0 505.0 975.0 Vehicle 1
492.0 994.0 484.0 994.0 482.0 979.0 491.0 978.0 Vehicle 1
479.0 995.0 472.0 995.0 471.0 978.0 478.0 978.0 Vehicle 1
493.0 945.0 484.0 945.0 483.0 927.0 493.0 927.0 Vehicle 1
480.0 942.0 471.0 942.0 471.0 926.0 480.0 926.0 Vehicle 1
465.0 928.0 464.0 944.0 456.0 944.0 457.0 928.0 Vehicle 1
467.0 917.0 457.0 917.0 457.0 896.0 466.0 896.0 Vehicle 1
479.0 920.0 471.0 920.0 471.0 902.0 479.0 902.0 Vehicle 1
492.0 917.0 483.0 917.0 482.0 899.0 491.0 899.0 Vehicle 1
505.0 920.0 497.0 921.0 496.0 903.0 504.0 903.0 Vehicle 1
518.0 919.0 510.0 919.0 510.0 901.0 518.0 901.0 Vehicle 1
531.0 918.0 523.0 919.0 522.0 900.0 530.0 900.0 Vehicle 1
544.0 904.0 543.0 920.0 534.0 919.0 536.0 903.0 Vehicle 1
558.0 919.0 550.0 919.0 549.0 901.0 557.0 900.0 Vehicle 1
505.0 927.0 504.0 943.0 496.0 942.0 497.0 926.0 Vehicle 1
517.0 944.0 509.0 944.0 509.0 927.0 517.0 927.0 Vehicle 1
531.0 925.0 530.0 946.0 521.0 946.0 521.0 925.0 Vehicle 1
543.0 945.0 536.0 945.0 535.0 928.0 542.0 928.0 Vehicle 1
557.0 948.0 547.0 948.0 546.0 928.0 556.0 928.0 Vehicle 1
570.0 945.0 559.0 945.0 560.0 928.0 570.0 928.0 Vehicle 1
571.0 921.0 561.0 921.0 561.0 901.0 570.0 901.0 Vehicle 1
581.0 923.0 573.0 923.0 573.0 904.0 581.0 904.0 Vehicle 1
595.0 923.0 586.0 924.0 584.0 907.0 593.0 906.0 Vehicle 1
581.0 946.0 572.0 946.0 572.0 929.0 581.0 929.0 Vehicle 1
594.0 947.0 585.0 948.0 585.0 928.0 593.0 928.0 Vehicle 1
607.0 946.0 598.0 947.0 597.0 930.0 606.0 929.0 Vehicle 1
619.0 929.0 618.0 947.0 610.0 946.0 611.0 928.0 Vehicle 1
632.0 947.0 623.0 947.0 623.0 930.0 632.0 930.0 Vehicle 1
606.0 921.0 597.0 921.0 596.0 900.0 606.0 900.0 Vehicle 1
621.0 922.0 611.0 922.0 610.0 901.0 620.0 901.0 Vehicle 1
632.0 920.0 623.0 921.0 623.0 903.0 632.0 903.0 Vehicle 1
643.0 921.0 635.0 921.0 635.0 904.0 643.0 904.0 Vehicle 1
645.0 949.0 636.0 949.0 636.0 932.0 644.0 932.0 Vehicle 1
658.0 948.0 648.0 948.0 647.0 929.0 657.0 928.0 Vehicle 1
657.0 903.0 656.0 920.0 648.0 920.0 649.0 902.0 Vehicle 1
669.0 923.0 661.0 923.0 661.0 903.0 669.0 903.0 Vehicle 1
670.0 944.0 661.0 945.0 661.0 926.0 670.0 926.0 Vehicle 1
683.0 925.0 675.0 925.0 675.0 906.0 683.0 906.0 Vehicle 1
695.0 925.0 687.0 925.0 687.0 908.0 695.0 907.0 Vehicle 1
683.0 947.0 673.0 947.0 673.0 928.0 683.0 928.0 Vehicle 1
695.0 947.0 686.0 947.0 685.0 925.0 695.0 925.0 Vehicle 1
708.0 906.0 707.0 926.0 699.0 926.0 699.0 906.0 Vehicle 1
707.0 944.0 699.0 944.0 699.0 928.0 707.0 928.0 Vehicle 1
719.0 944.0 712.0 944.0 712.0 929.0 719.0 930.0 Vehicle 1
735.0 948.0 725.0 949.0 725.0 933.0 734.0 932.0 Vehicle 1
721.0 926.0 712.0 926.0 711.0 908.0 720.0 908.0 Vehicle 1
734.0 906.0 733.0 925.0 726.0 925.0 726.0 906.0 Vehicle 1
745.0 924.0 737.0 924.0 737.0 905.0 745.0 905.0 Vehicle 1
745.0 946.0 737.0 946.0 738.0 928.0 745.0 928.0 Vehicle 1
758.0 945.0 750.0 945.0 750.0 928.0 758.0 928.0 Vehicle 1
759.0 909.0 758.0 925.0 750.0 925.0 751.0 908.0 Vehicle 1
770.0 929.0 761.0 929.0 761.0 911.0 769.0 911.0 Vehicle 1
770.0 948.0 762.0 948.0 763.0 929.0 770.0 929.0 Vehicle 1
784.0 949.0 775.0 949.0 776.0 929.0 784.0 929.0 Vehicle 1
785.0 928.0 776.0 928.0 776.0 911.0 785.0 911.0 Vehicle 1
797.0 928.0 788.0 928.0 788.0 914.0 796.0 914.0 Vehicle 1
797.0 948.0 788.0 948.0 788.0 931.0 797.0 930.0 Vehicle 1
823.0 946.0 814.0 946.0 814.0 930.0 822.0 930.0 Vehicle 1
822.0 928.0 814.0 928.0 814.0 911.0 822.0 911.0 Vehicle 1
835.0 930.0 826.0 931.0 825.0 913.0 834.0 913.0 Vehicle 1
834.0 947.0 826.0 947.0 826.0 931.0 834.0 932.0 Vehicle 1
846.0 948.0 837.0 947.0 837.0 929.0 846.0 929.0 Vehicle 1
848.0 909.0 847.0 927.0 838.0 927.0 839.0 908.0 Vehicle 1
861.0 907.0 859.0 924.0 852.0 923.0 853.0 906.0 Vehicle 1
862.0 948.0 853.0 948.0 852.0 929.0 862.0 929.0 Vehicle 1
915.0 935.0 913.0 953.0 904.0 952.0 906.0 934.0 Vehicle 1
931.0 933.0 930.0 950.0 922.0 950.0 923.0 933.0 Vehicle 1
941.0 949.0 933.0 948.0 933.0 934.0 941.0 934.0 Vehicle 1
917.0 907.0 916.0 928.0 905.0 928.0 905.0 907.0 Vehicle 1
931.0 927.0 919.0 927.0 919.0 909.0 930.0 909.0 Vehicle 1
954.0 927.0 947.0 927.0 947.0 910.0 954.0 910.0 Vehicle 1
965.0 925.0 957.0 925.0 957.0 909.0 965.0 909.0 Vehicle 1
977.0 908.0 976.0 926.0 968.0 926.0 969.0 907.0 Vehicle 1
988.0 907.0 987.0 926.0 977.0 925.0 979.0 907.0 Vehicle 1
998.0 914.0 997.0 927.0 989.0 927.0 989.0 913.0 Vehicle 1
953.0 936.0 952.0 956.0 943.0 956.0 944.0 936.0 Vehicle 1
999.0 952.0 990.0 952.0 991.0 936.0 999.0 936.0 Vehicle 1
1000.0 866.0 999.0 886.0 991.0 885.0 991.0 866.0 Vehicle 1
989.0 868.0 988.0 884.0 980.0 884.0 980.0 867.0 Vehicle 1
977.0 885.0 969.0 885.0 968.0 869.0 977.0 869.0 Vehicle 1
966.0 868.0 965.0 887.0 957.0 886.0 957.0 868.0 Vehicle 1
955.0 867.0 953.0 884.0 945.0 883.0 948.0 866.0 Vehicle 1
944.0 867.0 943.0 882.0 935.0 882.0 936.0 866.0 Vehicle 1
933.0 865.0 932.0 881.0 923.0 880.0 924.0 865.0 Vehicle 1
920.0 862.0 919.0 885.0 910.0 884.0 912.0 861.0 Vehicle 1
872.0 876.0 864.0 876.0 864.0 859.0 872.0 859.0 Vehicle 1
860.0 879.0 852.0 880.0 850.0 863.0 859.0 863.0 Vehicle 1
847.0 878.0 838.0 879.0 838.0 860.0 847.0 860.0 Vehicle 1
834.0 876.0 825.0 876.0 825.0 856.0 834.0 856.0 Vehicle 1
822.0 874.0 813.0 874.0 812.0 856.0 821.0 855.0 Vehicle 1
809.0 874.0 800.0 875.0 799.0 858.0 807.0 858.0 Vehicle 1
796.0 873.0 787.0 873.0 787.0 859.0 796.0 860.0 Vehicle 1
784.0 873.0 775.0 873.0 774.0 859.0 784.0 859.0 Vehicle 1
769.0 876.0 761.0 876.0 761.0 859.0 769.0 859.0 Vehicle 1
757.0 874.0 748.0 875.0 748.0 857.0 757.0 856.0 Vehicle 1
745.0 875.0 736.0 875.0 735.0 861.0 744.0 860.0 Vehicle 1
732.0 872.0 724.0 873.0 723.0 860.0 731.0 860.0 Vehicle 1
719.0 873.0 712.0 873.0 711.0 858.0 719.0 858.0 Vehicle 1
706.0 876.0 698.0 876.0 698.0 861.0 706.0 861.0 Vehicle 1
694.0 871.0 686.0 872.0 685.0 861.0 693.0 861.0 Vehicle 1
681.0 874.0 672.0 874.0 672.0 860.0 681.0 860.0 Vehicle 1
670.0 873.0 661.0 873.0 661.0 858.0 669.0 857.0 Vehicle 1
656.0 877.0 647.0 877.0 647.0 857.0 656.0 857.0 Vehicle 1
643.0 872.0 634.0 872.0 635.0 859.0 643.0 859.0 Vehicle 1
632.0 872.0 622.0 873.0 622.0 859.0 632.0 859.0 Vehicle 1
619.0 873.0 609.0 872.0 610.0 854.0 619.0 854.0 Vehicle 1
607.0 852.0 606.0 877.0 594.0 876.0 595.0 852.0 Vehicle 1
593.0 872.0 584.0 873.0 583.0 858.0 592.0 857.0 Vehicle 1
580.0 871.0 571.0 872.0 570.0 857.0 579.0 857.0 Vehicle 1
566.0 869.0 559.0 869.0 559.0 858.0 566.0 858.0 Vehicle 1
555.0 871.0 546.0 871.0 545.0 853.0 554.0 852.0 Vehicle 1
542.0 871.0 534.0 871.0 533.0 853.0 542.0 853.0 Vehicle 1
529.0 868.0 521.0 868.0 520.0 855.0 528.0 855.0 Vehicle 1
515.0 870.0 508.0 870.0 508.0 855.0 515.0 855.0 Vehicle 1
504.0 871.0 496.0 871.0 495.0 853.0 503.0 852.0 Vehicle 1
479.0 854.0 478.0 870.0 471.0 870.0 471.0 854.0 Vehicle 1
