943.0 892.0 942.0 901.0 914.0 898.0 916.0 889.0 Vehicle 1
962.0 913.0 954.0 934.0 946.0 931.0 953.0 910.0 Vehicle 1
890.0 42.0 862.0 42.0 862.0 34.0 890.0 34.0 Vehicle 1
877.0 9.0 853.0 9.0 853.0 2.0 877.0 2.0 Vehicle 1
968.0 42.0 947.0 41.0 947.0 35.0 968.0 35.0 Vehicle 1
929.0 40.0 906.0 40.0 906.0 33.0 929.0 33.0 Vehicle 1
925.0 53.0 904.0 53.0 904.0 46.0 925.0 46.0 Vehicle 1
264.0 717.0 253.0 718.0 251.0 698.0 262.0 696.0 Vehicle 1
293.0 714.0 283.0 716.0 281.0 700.0 291.0 699.0 Vehicle 1
241.0 669.0 231.0 669.0 230.0 654.0 240.0 654.0 Vehicle 1
226.0 670.0 216.0 670.0 215.0 653.0 225.0 653.0 Vehicle 1
268.0 608.0 262.0 611.0 253.0 594.0 261.0 591.0 Vehicle 1
231.0 615.0 226.0 620.0 214.0 608.0 219.0 603.0 Vehicle 1
336.0 588.0 327.0 588.0 327.0 571.0 336.0 571.0 Vehicle 1
367.0 538.0 366.0 559.0 355.0 558.0 356.0 537.0 Vehicle 1
352.0 548.0 339.0 548.0 339.0 526.0 351.0 526.0 Vehicle 1
403.0 520.0 384.0 530.0 380.0 524.0 400.0 513.0 Vehicle 1
258.0 486.0 257.0 506.0 246.0 506.0 247.0 485.0 Vehicle 1
206.0 427.0 184.0 428.0 183.0 422.0 206.0 421.0 Vehicle 1
818.0 762.0 809.0 766.0 803.0 751.0 812.0 747.0 Vehicle 1
638.0 622.0 609.0 622.0 609.0 612.0 638.0 613.0 Vehicle 1
