433.0 60.0 410.0 62.0 410.0 56.0 432.0 54.0 Vehicle 1
157.0 144.0 154.0 168.0 141.0 166.0 144.0 143.0 Vehicle 1
210.0 224.0 209.0 232.0 189.0 231.0 189.0 223.0 Vehicle 1
210.0 238.0 186.0 239.0 186.0 232.0 210.0 231.0 Vehicle 1
232.0 294.0 209.0 294.0 209.0 287.0 232.0 286.0 Vehicle 1
205.0 308.0 181.0 310.0 181.0 303.0 205.0 301.0 Vehicle 1
255.0 112.0 231.0 113.0 231.0 105.0 255.0 104.0 Vehicle 1
227.0 366.0 199.0 366.0 199.0 358.0 227.0 357.0 Vehicle 1
405.0 514.0 382.0 513.0 383.0 505.0 405.0 506.0 Vehicle 1
254.0 510.0 226.0 510.0 226.0 501.0 254.0 501.0 Vehicle 1
523.0 535.0 513.0 535.0 513.0 517.0 522.0 516.0 Vehicle 1
556.0 239.0 545.0 239.0 544.0 222.0 556.0 222.0 Vehicle 1
529.0 241.0 514.0 242.0 513.0 222.0 528.0 221.0 Vehicle 1
555.0 282.0 543.0 282.0 543.0 262.0 554.0 262.0 Vehicle 1
555.0 300.0 544.0 300.0 543.0 282.0 555.0 282.0 Vehicle 1
614.0 408.0 586.0 409.0 586.0 400.0 614.0 399.0 Vehicle 1
789.0 436.0 788.0 444.0 764.0 442.0 764.0 434.0 Vehicle 1
753.0 455.0 725.0 457.0 725.0 447.0 753.0 446.0 Vehicle 1
797.0 496.0 789.0 500.0 780.0 485.0 788.0 480.0 Vehicle 1
831.0 522.0 820.0 522.0 820.0 505.0 830.0 504.0 Vehicle 1
730.0 422.0 723.0 424.0 719.0 410.0 727.0 408.0 Vehicle 1
898.0 367.0 897.0 376.0 872.0 375.0 872.0 366.0 Vehicle 1
990.0 44.0 965.0 45.0 965.0 38.0 990.0 37.0 Vehicle 1
847.0 33.0 846.0 42.0 822.0 40.0 823.0 32.0 Vehicle 1
849.0 230.0 838.0 236.0 835.0 229.0 846.0 223.0 Vehicle 1
53.0 838.0 31.0 841.0 30.0 834.0 52.0 831.0 Vehicle 1
152.0 694.0 142.0 696.0 140.0 674.0 150.0 673.0 Vehicle 1
284.0 583.0 265.0 584.0 265.0 576.0 283.0 575.0 Vehicle 1
400.0 616.0 399.0 627.0 392.0 626.0 393.0 616.0 Vehicle 1
387.0 629.0 378.0 629.0 378.0 615.0 387.0 614.0 Vehicle 1
250.0 771.0 224.0 774.0 224.0 767.0 249.0 764.0 Vehicle 1
790.0 687.0 766.0 690.0 765.0 682.0 790.0 680.0 Vehicle 1
614.0 912.0 613.0 923.0 584.0 921.0 585.0 910.0 Vehicle 1
687.0 921.0 658.0 921.0 658.0 912.0 687.0 911.0 Vehicle 1
700.0 994.0 676.0 996.0 676.0 988.0 700.0 986.0 Vehicle 1
833.0 647.0 825.0 648.0 823.0 631.0 831.0 630.0 Vehicle 1
849.0 761.0 827.0 761.0 827.0 752.0 849.0 752.0 Vehicle 1
967.0 734.0 934.0 734.0 934.0 723.0 967.0 724.0 Vehicle 1
