782.0 510.0 781.0 519.0 763.0 518.0 763.0 510.0 Vehicle 1
775.0 341.0 751.0 341.0 751.0 334.0 775.0 333.0 Vehicle 1
771.0 332.0 750.0 333.0 750.0 326.0 771.0 325.0 Vehicle 1
777.0 135.0 769.0 137.0 766.0 120.0 775.0 119.0 Vehicle 1
450.0 39.0 445.0 44.0 432.0 31.0 436.0 26.0 Vehicle 1
499.0 64.0 484.0 72.0 481.0 67.0 496.0 58.0 Vehicle 1
506.0 48.0 491.0 58.0 487.0 52.0 502.0 42.0 Vehicle 1
548.0 102.0 541.0 102.0 539.0 86.0 546.0 85.0 Vehicle 1
418.0 190.0 395.0 192.0 395.0 185.0 417.0 183.0 Vehicle 1
447.0 223.0 424.0 224.0 423.0 216.0 447.0 215.0 Vehicle 1
417.0 224.0 399.0 224.0 398.0 218.0 417.0 217.0 Vehicle 1
527.0 210.0 507.0 210.0 507.0 204.0 527.0 203.0 Vehicle 1
429.0 326.0 410.0 328.0 410.0 321.0 429.0 320.0 Vehicle 1
510.0 353.0 501.0 354.0 499.0 336.0 507.0 335.0 Vehicle 1
558.0 362.0 531.0 364.0 530.0 356.0 557.0 354.0 Vehicle 1
413.0 430.0 396.0 435.0 394.0 428.0 411.0 423.0 Vehicle 1
471.0 480.0 456.0 488.0 453.0 481.0 468.0 473.0 Vehicle 1
493.0 470.0 472.0 479.0 468.0 471.0 489.0 461.0 Vehicle 1
718.0 89.0 709.0 89.0 709.0 73.0 718.0 73.0 Vehicle 1
