961.0 42.0 952.0 77.0 939.0 74.0 947.0 39.0 Vehicle 1
942.0 130.0 927.0 152.0 917.0 145.0 932.0 123.0 Vehicle 1
920.0 152.0 918.0 158.0 903.0 153.0 905.0 146.0 Vehicle 1
907.0 168.0 879.0 188.0 873.0 179.0 900.0 159.0 Vehicle 1
896.0 151.0 895.0 161.0 867.0 156.0 868.0 147.0 Vehicle 1
856.0 145.0 846.0 154.0 840.0 148.0 850.0 139.0 Vehicle 1
696.0 172.0 691.0 188.0 681.0 184.0 686.0 169.0 Vehicle 1
738.0 163.0 736.0 172.0 712.0 166.0 714.0 157.0 Vehicle 1
635.0 145.0 632.0 157.0 596.0 149.0 599.0 137.0 Vehicle 1
850.0 585.0 848.0 592.0 832.0 586.0 834.0 580.0 Vehicle 1
826.0 579.0 824.0 585.0 806.0 580.0 808.0 574.0 Vehicle 1
791.0 535.0 788.0 543.0 766.0 536.0 769.0 527.0 Vehicle 1
438.0 322.0 432.0 338.0 425.0 336.0 431.0 319.0 Vehicle 1
721.0 279.0 713.0 297.0 706.0 294.0 713.0 276.0 Vehicle 1
696.0 270.0 688.0 291.0 680.0 288.0 687.0 267.0 Vehicle 1
668.0 270.0 664.0 287.0 658.0 285.0 661.0 268.0 Vehicle 1
654.0 267.0 649.0 285.0 640.0 283.0 646.0 265.0 Vehicle 1
630.0 288.0 626.0 304.0 618.0 304.0 622.0 287.0 Vehicle 1
640.0 294.0 636.0 313.0 628.0 311.0 632.0 292.0 Vehicle 1
660.0 300.0 659.0 315.0 652.0 315.0 653.0 300.0 Vehicle 1
620.0 271.0 613.0 287.0 605.0 284.0 611.0 268.0 Vehicle 1
643.0 196.0 642.0 216.0 634.0 214.0 635.0 196.0 Vehicle 1
678.0 204.0 667.0 225.0 658.0 220.0 669.0 199.0 Vehicle 1
690.0 208.0 682.0 226.0 675.0 223.0 682.0 205.0 Vehicle 1
707.0 211.0 704.0 216.0 693.0 210.0 696.0 205.0 Vehicle 1
657.0 197.0 652.0 219.0 644.0 217.0 649.0 195.0 Vehicle 1
774.0 246.0 772.0 254.0 750.0 249.0 752.0 241.0 Vehicle 1
770.0 255.0 768.0 263.0 747.0 258.0 749.0 250.0 Vehicle 1
515.0 70.0 508.0 86.0 501.0 83.0 508.0 66.0 Vehicle 1
521.0 48.0 516.0 64.0 510.0 62.0 514.0 45.0 Vehicle 1
487.0 67.0 465.0 73.0 463.0 65.0 485.0 59.0 Vehicle 1
495.0 50.0 472.0 54.0 471.0 45.0 494.0 42.0 Vehicle 1
220.0 45.0 217.0 51.0 204.0 45.0 208.0 38.0 Vehicle 1
750.0 945.0 748.0 952.0 728.0 945.0 730.0 938.0 Vehicle 1
770.0 904.0 768.0 910.0 753.0 905.0 754.0 900.0 Vehicle 1
713.0 899.0 711.0 905.0 694.0 900.0 697.0 893.0 Vehicle 1
607.0 912.0 605.0 920.0 585.0 916.0 587.0 907.0 Vehicle 1
598.0 898.0 595.0 905.0 579.0 899.0 582.0 890.0 Vehicle 1
575.0 880.0 572.0 889.0 556.0 884.0 559.0 875.0 Vehicle 1
588.0 875.0 586.0 881.0 568.0 875.0 570.0 869.0 Vehicle 1
586.0 850.0 584.0 858.0 570.0 854.0 572.0 846.0 Vehicle 1
561.0 855.0 559.0 862.0 546.0 858.0 548.0 851.0 Vehicle 1
505.0 885.0 502.0 892.0 486.0 886.0 488.0 879.0 Vehicle 1
507.0 849.0 506.0 856.0 487.0 853.0 488.0 845.0 Vehicle 1
501.0 838.0 499.0 846.0 477.0 839.0 479.0 832.0 Vehicle 1
456.0 826.0 454.0 833.0 436.0 828.0 438.0 821.0 Vehicle 1
438.0 830.0 435.0 839.0 414.0 831.0 417.0 823.0 Vehicle 1
410.0 851.0 408.0 859.0 390.0 854.0 392.0 846.0 Vehicle 1
407.0 811.0 405.0 819.0 388.0 814.0 391.0 806.0 Vehicle 1
428.0 810.0 426.0 817.0 410.0 811.0 412.0 805.0 Vehicle 1
498.0 788.0 496.0 796.0 476.0 792.0 477.0 784.0 Vehicle 1
510.0 751.0 508.0 759.0 491.0 754.0 493.0 747.0 Vehicle 1
518.0 734.0 516.0 741.0 496.0 735.0 498.0 728.0 Vehicle 1
457.0 772.0 455.0 779.0 436.0 774.0 438.0 766.0 Vehicle 1
356.0 803.0 355.0 810.0 339.0 808.0 340.0 801.0 Vehicle 1
313.0 786.0 312.0 795.0 288.0 791.0 289.0 783.0 Vehicle 1
276.0 792.0 274.0 798.0 258.0 791.0 260.0 785.0 Vehicle 1
251.0 779.0 249.0 786.0 232.0 781.0 234.0 774.0 Vehicle 1
212.0 769.0 210.0 777.0 187.0 770.0 189.0 763.0 Vehicle 1
193.0 750.0 191.0 758.0 168.0 751.0 170.0 743.0 Vehicle 1
147.0 749.0 144.0 756.0 127.0 750.0 129.0 743.0 Vehicle 1
69.0 758.0 64.0 766.0 48.0 758.0 53.0 749.0 Vehicle 1
53.0 766.0 49.0 775.0 33.0 768.0 37.0 759.0 Vehicle 1
56.0 720.0 54.0 728.0 36.0 721.0 38.0 714.0 Vehicle 1
482.0 675.0 475.0 691.0 467.0 687.0 474.0 672.0 Vehicle 1
491.0 652.0 485.0 671.0 477.0 668.0 483.0 650.0 Vehicle 1
511.0 659.0 506.0 676.0 499.0 672.0 504.0 657.0 Vehicle 1
523.0 663.0 517.0 680.0 510.0 677.0 516.0 661.0 Vehicle 1
543.0 667.0 538.0 686.0 530.0 684.0 535.0 665.0 Vehicle 1
553.0 672.0 546.0 689.0 539.0 687.0 546.0 670.0 Vehicle 1
576.0 676.0 570.0 694.0 563.0 691.0 569.0 674.0 Vehicle 1
735.0 750.0 727.0 750.0 727.0 733.0 734.0 733.0 Vehicle 1
97.0 826.0 92.0 843.0 85.0 841.0 90.0 824.0 Vehicle 1
108.0 839.0 102.0 856.0 95.0 855.0 100.0 837.0 Vehicle 1
134.0 839.0 129.0 855.0 121.0 852.0 126.0 836.0 Vehicle 1
127.0 858.0 122.0 871.0 115.0 870.0 120.0 855.0 Vehicle 1
118.0 875.0 113.0 895.0 105.0 893.0 110.0 874.0 Vehicle 1
112.0 897.0 105.0 916.0 98.0 913.0 104.0 895.0 Vehicle 1
103.0 917.0 97.0 933.0 91.0 931.0 97.0 915.0 Vehicle 1
90.0 845.0 85.0 862.0 76.0 860.0 82.0 843.0 Vehicle 1
81.0 870.0 75.0 886.0 68.0 883.0 74.0 867.0 Vehicle 1
73.0 886.0 69.0 901.0 63.0 899.0 67.0 884.0 Vehicle 1
49.0 959.0 42.0 978.0 34.0 975.0 40.0 956.0 Vehicle 1
158.0 899.0 152.0 920.0 145.0 917.0 151.0 897.0 Vehicle 1
151.0 989.0 149.0 998.0 127.0 993.0 130.0 983.0 Vehicle 1
203.0 278.0 201.0 284.0 184.0 278.0 186.0 272.0 Vehicle 1
255.0 273.0 247.0 279.0 234.0 261.0 242.0 255.0 Vehicle 1
277.0 212.0 269.0 218.0 256.0 201.0 264.0 195.0 Vehicle 1
229.0 208.0 226.0 217.0 209.0 211.0 212.0 202.0 Vehicle 1
31.0 195.0 21.0 196.0 16.0 171.0 26.0 169.0 Vehicle 1
135.0 124.0 128.0 126.0 124.0 108.0 131.0 105.0 Vehicle 1
165.0 69.0 148.0 80.0 144.0 74.0 161.0 63.0 Vehicle 1
937.0 607.0 935.0 612.0 915.0 607.0 917.0 601.0 Vehicle 1
