56.0 757.0 36.0 757.0 36.0 748.0 56.0 749.0 Vehicle 1
53.0 746.0 32.0 746.0 32.0 739.0 53.0 739.0 Vehicle 1
902.0 255.0 901.0 264.0 872.0 259.0 873.0 250.0 Vehicle 1
788.0 241.0 786.0 251.0 762.0 247.0 763.0 237.0 Vehicle 1
708.0 245.0 680.0 243.0 680.0 233.0 708.0 235.0 Vehicle 1
777.0 223.0 773.0 230.0 757.0 220.0 761.0 214.0 Vehicle 1
727.0 205.0 724.0 211.0 706.0 204.0 708.0 198.0 Vehicle 1
670.0 257.0 669.0 263.0 651.0 262.0 651.0 256.0 Vehicle 1
641.0 273.0 617.0 273.0 618.0 265.0 641.0 266.0 Vehicle 1
873.0 365.0 850.0 365.0 850.0 356.0 873.0 356.0 Vehicle 1
770.0 360.0 747.0 360.0 747.0 350.0 770.0 350.0 Vehicle 1
539.0 375.0 520.0 376.0 520.0 368.0 539.0 367.0 Vehicle 1
496.0 367.0 477.0 368.0 477.0 360.0 496.0 359.0 Vehicle 1
799.0 416.0 765.0 425.0 761.0 412.0 795.0 403.0 Vehicle 1
859.0 426.0 838.0 429.0 837.0 421.0 858.0 419.0 Vehicle 1
857.0 435.0 839.0 435.0 838.0 429.0 857.0 428.0 Vehicle 1
851.0 453.0 844.0 453.0 844.0 436.0 851.0 436.0 Vehicle 1
800.0 467.0 798.0 485.0 791.0 484.0 792.0 466.0 Vehicle 1
761.0 456.0 745.0 457.0 745.0 451.0 761.0 450.0 Vehicle 1
804.0 519.0 796.0 521.0 792.0 505.0 799.0 503.0 Vehicle 1
875.0 520.0 859.0 530.0 856.0 525.0 872.0 515.0 Vehicle 1
837.0 546.0 821.0 574.0 813.0 569.0 829.0 541.0 Vehicle 1
993.0 594.0 983.0 608.0 977.0 604.0 986.0 590.0 Vehicle 1
946.0 678.0 945.0 694.0 938.0 693.0 938.0 677.0 Vehicle 1
726.0 767.0 713.0 767.0 713.0 761.0 726.0 761.0 Vehicle 1
488.0 849.0 479.0 849.0 478.0 833.0 487.0 832.0 Vehicle 1
469.0 756.0 451.0 756.0 451.0 749.0 469.0 748.0 Vehicle 1
490.0 879.0 482.0 879.0 481.0 861.0 489.0 860.0 Vehicle 1
489.0 901.0 482.0 901.0 481.0 885.0 488.0 885.0 Vehicle 1
496.0 955.0 495.0 969.0 487.0 969.0 489.0 954.0 Vehicle 1
268.0 757.0 248.0 757.0 248.0 748.0 268.0 748.0 Vehicle 1
282.0 712.0 272.0 718.0 257.0 695.0 266.0 688.0 Vehicle 1
92.0 658.0 88.0 663.0 76.0 651.0 81.0 646.0 Vehicle 1
52.0 652.0 44.0 659.0 28.0 641.0 36.0 635.0 Vehicle 1
57.0 639.0 52.0 644.0 41.0 634.0 47.0 628.0 Vehicle 1
38.0 661.0 30.0 665.0 21.0 648.0 28.0 644.0 Vehicle 1
110.0 590.0 105.0 597.0 86.0 582.0 91.0 575.0 Vehicle 1
55.0 558.0 52.0 563.0 38.0 553.0 41.0 549.0 Vehicle 1
