938.0 631.0 916.0 636.0 914.0 628.0 936.0 623.0 Vehicle 1
883.0 635.0 863.0 636.0 862.0 629.0 882.0 627.0 Vehicle 1
767.0 34.0 746.0 34.0 746.0 27.0 767.0 27.0 Vehicle 1
879.0 525.0 857.0 528.0 856.0 519.0 877.0 516.0 Vehicle 1
884.0 544.0 861.0 546.0 860.0 536.0 883.0 534.0 Vehicle 1
881.0 601.0 863.0 601.0 863.0 592.0 881.0 592.0 Vehicle 1
907.0 676.0 893.0 684.0 889.0 677.0 903.0 669.0 Vehicle 1
900.0 663.0 881.0 673.0 876.0 664.0 895.0 654.0 Vehicle 1
952.0 656.0 935.0 667.0 930.0 659.0 947.0 648.0 Vehicle 1
631.0 806.0 628.0 815.0 606.0 808.0 608.0 800.0 Vehicle 1
