502.0 97.0 501.0 108.0 475.0 105.0 476.0 95.0 Vehicle 1
428.0 492.0 427.0 501.0 406.0 500.0 406.0 491.0 Vehicle 1
429.0 512.0 407.0 511.0 407.0 502.0 429.0 503.0 Vehicle 1
432.0 452.0 409.0 455.0 408.0 448.0 431.0 445.0 Vehicle 1
554.0 266.0 552.0 271.0 536.0 265.0 537.0 260.0 Vehicle 1
514.0 252.0 506.0 255.0 502.0 241.0 509.0 238.0 Vehicle 1
524.0 64.0 515.0 64.0 514.0 41.0 523.0 40.0 Vehicle 1
505.0 237.0 498.0 241.0 490.0 224.0 497.0 221.0 Vehicle 1
154.0 140.0 147.0 142.0 141.0 127.0 149.0 124.0 Vehicle 1
168.0 178.0 160.0 182.0 151.0 163.0 159.0 159.0 Vehicle 1
154.0 216.0 135.0 221.0 133.0 214.0 151.0 208.0 Vehicle 1
192.0 227.0 185.0 231.0 176.0 216.0 183.0 212.0 Vehicle 1
190.0 281.0 171.0 292.0 167.0 285.0 186.0 274.0 Vehicle 1
98.0 67.0 97.0 75.0 71.0 74.0 72.0 66.0 Vehicle 1
44.0 78.0 20.0 78.0 20.0 70.0 44.0 70.0 Vehicle 1
68.0 125.0 61.0 128.0 53.0 110.0 61.0 107.0 Vehicle 1
382.0 544.0 378.0 562.0 370.0 561.0 374.0 542.0 Vehicle 1
527.0 20.0 524.0 42.0 511.0 40.0 513.0 18.0 Vehicle 1
465.0 164.0 463.0 171.0 443.0 164.0 445.0 157.0 Vehicle 1
364.0 254.0 355.0 261.0 342.0 244.0 351.0 237.0 Vehicle 1
