188.0 358.0 166.0 360.0 166.0 354.0 188.0 352.0 Vehicle 1
997.075256 420.178772 988.999939 400.999939 998.924622 396.821106 1006.999939 415.999939 Vehicle 1
985.0 296.0 973.0 299.0 967.0 280.0 979.0 277.0 Vehicle 1
715.0 180.0 687.0 183.0 686.0 174.0 714.0 171.0 Vehicle 1
765.0 173.0 749.0 179.0 746.0 170.0 762.0 165.0 Vehicle 1
768.0 185.0 747.0 186.0 747.0 177.0 768.0 177.0 Vehicle 1
811.0 387.0 795.0 390.0 794.0 383.0 809.0 380.0 Vehicle 1
817.0 397.0 793.0 402.0 791.0 393.0 816.0 388.0 Vehicle 1
821.0 405.0 794.0 410.0 792.0 401.0 819.0 396.0 Vehicle 1
814.0 415.0 801.0 415.0 801.0 407.0 814.0 407.0 Vehicle 1
821.0 422.0 799.0 426.0 798.0 418.0 820.0 415.0 Vehicle 1
822.0 434.0 804.0 436.0 803.0 428.0 821.0 426.0 Vehicle 1
725.0 264.0 709.0 265.0 709.0 258.0 724.0 256.0 Vehicle 1
597.0 286.0 581.0 290.0 579.0 281.0 595.0 278.0 Vehicle 1
27.0 66.0 18.0 71.0 8.0 50.0 17.0 46.0 Vehicle 1
429.000061 23.999989 422.000061 1.999992 433.474731 -1.651039 440.474731 20.348957 Vehicle 1
405.0 24.0 395.0 27.0 391.0 10.0 400.0 7.0 Vehicle 1
393.0 26.0 384.0 30.0 378.0 15.0 387.0 11.0 Vehicle 1
374.0 32.0 365.0 35.0 358.0 16.0 368.0 13.0 Vehicle 1
289.0 103.0 276.0 106.0 274.0 98.0 287.0 95.0 Vehicle 1
509.0 123.0 501.0 124.0 498.0 108.0 506.0 107.0 Vehicle 1
521.0 155.0 512.0 158.0 505.0 139.0 514.0 135.0 Vehicle 1
540.0 221.0 530.0 223.0 525.0 202.0 535.0 199.0 Vehicle 1
501.0 239.0 492.0 243.0 485.0 225.0 494.0 221.0 Vehicle 1
333.0 289.0 323.0 294.0 314.0 278.0 325.0 272.0 Vehicle 1
328.0 226.0 300.0 232.0 298.0 223.0 326.0 217.0 Vehicle 1
275.0 220.0 251.0 222.0 250.0 213.0 274.0 212.0 Vehicle 1
108.0 271.0 98.0 272.0 95.0 253.0 106.0 252.0 Vehicle 1
86.0 264.0 75.0 267.0 71.0 249.0 81.0 246.0 Vehicle 1
115.0 293.0 105.0 297.0 99.0 278.0 109.0 274.0 Vehicle 1
119.0 314.0 110.0 316.0 106.0 298.0 115.0 296.0 Vehicle 1
323.0 398.0 313.0 400.0 310.0 381.0 319.0 379.0 Vehicle 1
334.0 395.0 325.0 396.0 323.0 380.0 332.0 379.0 Vehicle 1
440.0 504.0 413.0 506.0 413.0 500.0 440.0 498.0 Vehicle 1
786.0 541.0 771.0 546.0 768.0 536.0 783.0 531.0 Vehicle 1
785.0 550.0 774.0 565.0 767.0 560.0 778.0 545.0 Vehicle 1
770.0 553.0 759.0 569.0 752.0 564.0 763.0 548.0 Vehicle 1
755.0 560.0 742.0 572.0 736.0 565.0 749.0 553.0 Vehicle 1
694.0 569.0 676.0 586.0 667.0 576.0 685.0 560.0 Vehicle 1
659.0 571.0 648.0 590.0 639.0 585.0 649.0 566.0 Vehicle 1
644.0 576.0 631.0 590.0 622.0 581.0 636.0 568.0 Vehicle 1
224.0 683.0 216.0 684.0 213.0 673.0 222.0 672.0 Vehicle 1
412.0 731.0 387.0 734.0 386.0 725.0 411.0 721.0 Vehicle 1
492.0 664.0 473.0 666.0 472.0 657.0 491.0 655.0 Vehicle 1
362.0 712.0 354.0 714.0 351.0 702.0 358.0 700.0 Vehicle 1
354.0 716.0 345.0 718.0 342.0 703.0 351.0 701.0 Vehicle 1
87.0 444.0 73.0 449.0 66.0 427.0 80.0 423.0 Vehicle 1
157.0 445.0 148.0 448.0 143.0 432.0 152.0 429.0 Vehicle 1
186.0 554.0 178.0 556.0 172.0 537.0 181.0 534.0 Vehicle 1
193.0 572.0 184.0 575.0 179.0 555.0 187.0 553.0 Vehicle 1
817.0 832.0 806.0 835.0 802.0 819.0 813.0 816.0 Vehicle 1
265.0 936.0 253.0 939.0 247.0 913.0 258.0 910.0 Vehicle 1
277.0 991.0 266.0 992.0 264.0 974.0 275.0 973.0 Vehicle 1
477.0 879.0 469.0 880.0 467.0 868.0 474.0 867.0 Vehicle 1
499.0 889.0 482.0 891.0 481.0 884.0 499.0 882.0 Vehicle 1
436.0 891.0 413.0 895.0 412.0 887.0 434.0 883.0 Vehicle 1
437.0 901.0 416.0 903.0 415.0 894.0 437.0 892.0 Vehicle 1
439.0 908.0 418.0 911.0 417.0 904.0 437.0 900.0 Vehicle 1
447.0 917.0 424.0 921.0 423.0 911.0 446.0 908.0 Vehicle 1
517.0 968.0 491.0 970.0 490.0 961.0 516.0 959.0 Vehicle 1
463.724335 1003.052551 462.000031 994.000061 483.275726 989.947571 485.000031 999.000061 Vehicle 1
649.0 870.0 639.0 873.0 634.0 853.0 644.0 851.0 Vehicle 1
662.0 919.0 650.0 922.0 643.0 898.0 655.0 894.0 Vehicle 1
733.0 970.0 724.0 975.0 715.0 962.0 724.0 956.0 Vehicle 1
927.0 875.0 904.0 877.0 903.0 867.0 927.0 865.0 Vehicle 1
711.0 194.0 688.0 197.0 687.0 189.0 709.0 185.0 Vehicle 1
