27.0 231.0 14.0 239.0 10.0 233.0 22.0 224.0 Vehicle 1
886.0 16.0 881.0 21.0 869.0 10.0 874.0 5.0 Vehicle 1
943.0 63.0 939.0 69.0 923.0 57.0 927.0 51.0 Vehicle 1
266.000031 995.0 259.636383 1000.0 247.000031 1000.0 261.176697 988.861206 Vehicle 1
426.999939 1003.0 422.4729 996.662109 436.4729 986.662109 440.999939 993.0 Vehicle 1
402.0 957.0 390.0 967.0 385.0 962.0 398.0 952.0 Vehicle 1
429.0 985.0 415.0 995.0 411.0 989.0 425.0 979.0 Vehicle 1
464.0 978.0 449.0 989.0 444.0 983.0 459.0 971.0 Vehicle 1
460.0 963.0 448.0 971.0 444.0 966.0 456.0 957.0 Vehicle 1
483.0 964.0 471.0 974.0 467.0 969.0 478.0 959.0 Vehicle 1
493.0 941.0 478.0 952.0 474.0 946.0 488.0 936.0 Vehicle 1
509.0 947.0 497.0 955.0 493.0 949.0 505.0 941.0 Vehicle 1
512.0 928.0 502.0 934.0 498.0 928.0 509.0 922.0 Vehicle 1
541.0 926.0 525.0 937.0 520.0 931.0 537.0 920.0 Vehicle 1
553.0 899.0 541.0 908.0 537.0 903.0 548.0 894.0 Vehicle 1
504.0 861.0 492.0 872.0 487.0 866.0 499.0 855.0 Vehicle 1
537.0 856.0 526.0 866.0 521.0 861.0 532.0 850.0 Vehicle 1
624.0 855.0 608.0 867.0 604.0 860.0 619.0 849.0 Vehicle 1
660.0 844.0 644.0 855.0 639.0 848.0 655.0 836.0 Vehicle 1
648.0 826.0 636.0 836.0 631.0 830.0 643.0 820.0 Vehicle 1
804.0 747.0 792.0 757.0 787.0 752.0 799.0 741.0 Vehicle 1
842.0 704.0 826.0 716.0 821.0 710.0 836.0 697.0 Vehicle 1
833.0 686.0 819.0 697.0 814.0 691.0 828.0 680.0 Vehicle 1
765.0 655.0 754.0 665.0 749.0 659.0 760.0 649.0 Vehicle 1
827.0 624.0 816.0 635.0 810.0 629.0 821.0 618.0 Vehicle 1
841.0 598.0 827.0 609.0 822.0 603.0 836.0 592.0 Vehicle 1
907.0 662.0 891.0 673.0 886.0 667.0 902.0 656.0 Vehicle 1
877.0 700.0 864.0 710.0 859.0 705.0 872.0 694.0 Vehicle 1
924.0 667.0 911.0 678.0 906.0 671.0 920.0 661.0 Vehicle 1
945.0 637.0 930.0 648.0 925.0 642.0 940.0 631.0 Vehicle 1
975.0 632.0 962.0 642.0 957.0 636.0 970.0 626.0 Vehicle 1
972.0 618.0 957.0 628.0 953.0 622.0 968.0 612.0 Vehicle 1
1000.0 599.0 987.0 609.0 983.0 603.0 996.0 594.0 Vehicle 1
990.0 560.0 985.0 554.0 997.0 544.0 1002.0 550.0 Vehicle 1
916.0 540.0 904.0 551.0 899.0 545.0 912.0 535.0 Vehicle 1
962.0 504.0 949.0 516.0 944.0 510.0 957.0 498.0 Vehicle 1
