106.0 366.0 87.0 369.0 86.0 362.0 105.0 359.0 Vehicle 1
124.0 363.0 108.0 365.0 108.0 359.0 124.0 357.0 Vehicle 1
143.0 362.0 126.0 364.0 125.0 357.0 141.0 356.0 Vehicle 1
195.0 359.0 176.0 360.0 175.0 353.0 194.0 352.0 Vehicle 1
299.0 349.0 281.0 350.0 280.0 343.0 299.0 341.0 Vehicle 1
321.0 347.0 302.0 348.0 302.0 341.0 321.0 340.0 Vehicle 1
384.0 341.0 366.0 342.0 365.0 335.0 384.0 334.0 Vehicle 1
427.0 337.0 409.0 338.0 409.0 331.0 427.0 330.0 Vehicle 1
455.0 335.0 433.0 336.0 432.0 329.0 455.0 328.0 Vehicle 1
483.0 334.0 462.0 334.0 462.0 327.0 483.0 326.0 Vehicle 1
537.0 327.0 517.0 329.0 517.0 322.0 536.0 320.0 Vehicle 1
577.0 357.0 557.0 358.0 557.0 351.0 577.0 351.0 Vehicle 1
537.0 361.0 514.0 362.0 513.0 354.0 537.0 353.0 Vehicle 1
502.0 365.0 484.0 366.0 484.0 359.0 502.0 358.0 Vehicle 1
465.0 367.0 450.0 367.0 450.0 361.0 465.0 361.0 Vehicle 1
397.0 374.0 380.0 375.0 380.0 369.0 397.0 368.0 Vehicle 1
306.0 381.0 288.0 383.0 287.0 377.0 306.0 375.0 Vehicle 1
259.0 385.0 241.0 386.0 241.0 380.0 259.0 378.0 Vehicle 1
238.0 388.0 215.0 389.0 215.0 382.0 238.0 381.0 Vehicle 1
210.0 391.0 190.0 392.0 190.0 385.0 210.0 384.0 Vehicle 1
146.0 397.0 128.0 397.0 128.0 391.0 146.0 391.0 Vehicle 1
71.0 404.0 53.0 404.0 53.0 397.0 71.0 397.0 Vehicle 1
50.0 405.0 30.0 406.0 29.0 399.0 49.0 398.0 Vehicle 1
74.0 208.0 73.0 214.0 56.0 213.0 57.0 206.0 Vehicle 1
76.0 348.0 69.0 348.0 69.0 334.0 76.0 334.0 Vehicle 1
123.0 172.0 116.0 172.0 115.0 156.0 122.0 155.0 Vehicle 1
131.0 173.0 124.0 173.0 124.0 158.0 131.0 158.0 Vehicle 1
158.0 179.0 151.0 179.0 150.0 165.0 156.0 165.0 Vehicle 1
212.0 158.0 204.0 158.0 203.0 142.0 211.0 142.0 Vehicle 1
249.0 166.0 241.0 166.0 241.0 148.0 248.0 148.0 Vehicle 1
311.0 165.0 307.0 170.0 294.0 162.0 297.0 156.0 Vehicle 1
279.0 213.0 276.0 229.0 270.0 228.0 271.0 212.0 Vehicle 1
348.0 210.0 347.0 227.0 340.0 227.0 341.0 209.0 Vehicle 1
381.0 210.0 380.0 217.0 360.0 216.0 361.0 209.0 Vehicle 1
382.0 236.0 364.0 235.0 364.0 228.0 382.0 228.0 Vehicle 1
440.0 181.0 420.0 184.0 419.0 177.0 439.0 174.0 Vehicle 1
441.0 190.0 421.0 193.0 420.0 186.0 440.0 184.0 Vehicle 1
441.0 201.0 421.0 202.0 421.0 195.0 441.0 194.0 Vehicle 1
397.0 191.0 389.0 192.0 389.0 175.0 397.0 175.0 Vehicle 1
276.0 293.0 275.0 308.0 268.0 308.0 268.0 292.0 Vehicle 1
498.0 293.0 491.0 292.0 491.0 278.0 498.0 278.0 Vehicle 1
486.0 177.0 478.0 178.0 477.0 163.0 485.0 162.0 Vehicle 1
496.0 176.0 489.0 176.0 489.0 161.0 496.0 161.0 Vehicle 1
506.0 160.0 505.0 175.0 498.0 175.0 499.0 160.0 Vehicle 1
535.0 198.0 516.0 200.0 516.0 194.0 535.0 191.0 Vehicle 1
554.0 180.0 547.0 180.0 547.0 163.0 554.0 163.0 Vehicle 1
540.0 153.0 512.0 152.0 512.0 142.0 540.0 144.0 Vehicle 1
566.0 191.0 559.0 191.0 558.0 174.0 565.0 174.0 Vehicle 1
566.0 155.0 565.0 170.0 558.0 170.0 559.0 155.0 Vehicle 1
607.0 181.0 592.0 180.0 592.0 173.0 607.0 174.0 Vehicle 1
607.0 194.0 592.0 192.0 594.0 185.0 607.0 187.0 Vehicle 1
617.0 177.0 616.0 195.0 609.0 194.0 610.0 177.0 Vehicle 1
619.0 200.0 618.0 206.0 600.0 201.0 601.0 195.0 Vehicle 1
55.0 533.0 36.0 533.0 36.0 526.0 55.0 526.0 Vehicle 1
53.0 541.0 35.0 541.0 35.0 535.0 53.0 535.0 Vehicle 1
62.0 546.0 46.0 559.0 41.0 553.0 57.0 540.0 Vehicle 1
75.0 559.0 68.0 559.0 66.0 545.0 74.0 545.0 Vehicle 1
86.0 558.0 79.0 559.0 78.0 543.0 85.0 543.0 Vehicle 1
96.0 557.0 89.0 557.0 89.0 543.0 96.0 543.0 Vehicle 1
72.0 584.0 51.0 583.0 51.0 576.0 72.0 577.0 Vehicle 1
156.0 580.0 150.0 580.0 149.0 563.0 156.0 563.0 Vehicle 1
241.0 571.0 234.0 571.0 234.0 557.0 241.0 557.0 Vehicle 1
255.0 483.0 233.0 483.0 233.0 476.0 255.0 475.0 Vehicle 1
281.0 468.0 280.0 485.0 272.0 484.0 273.0 468.0 Vehicle 1
171.0 424.0 163.0 424.0 164.0 409.0 171.0 409.0 Vehicle 1
269.0 414.0 261.0 415.0 260.0 396.0 268.0 396.0 Vehicle 1
319.0 405.0 318.0 421.0 310.0 420.0 311.0 405.0 Vehicle 1
367.0 420.0 360.0 420.0 359.0 402.0 367.0 402.0 Vehicle 1
397.0 394.0 380.0 396.0 380.0 388.0 397.0 386.0 Vehicle 1
415.0 422.0 406.0 422.0 406.0 405.0 415.0 405.0 Vehicle 1
322.0 572.0 320.0 577.0 310.0 570.0 313.0 565.0 Vehicle 1
366.0 562.0 359.0 562.0 359.0 546.0 366.0 546.0 Vehicle 1
402.0 552.0 396.0 552.0 396.0 542.0 402.0 542.0 Vehicle 1
453.0 515.0 442.0 515.0 444.0 495.0 453.0 495.0 Vehicle 1
551.0 482.0 542.0 483.0 541.0 466.0 550.0 465.0 Vehicle 1
561.0 483.0 553.0 483.0 553.0 463.0 561.0 463.0 Vehicle 1
559.0 461.0 553.0 461.0 553.0 447.0 559.0 447.0 Vehicle 1
571.0 481.0 564.0 481.0 564.0 466.0 571.0 466.0 Vehicle 1
572.0 463.0 565.0 463.0 565.0 448.0 572.0 448.0 Vehicle 1
532.0 506.0 514.0 507.0 514.0 501.0 532.0 501.0 Vehicle 1
479.0 557.0 470.0 557.0 470.0 540.0 478.0 540.0 Vehicle 1
489.0 555.0 481.0 555.0 481.0 538.0 489.0 538.0 Vehicle 1
502.0 555.0 496.0 555.0 496.0 540.0 502.0 540.0 Vehicle 1
514.0 556.0 507.0 556.0 507.0 542.0 514.0 542.0 Vehicle 1
491.0 556.0 489.0 577.0 482.0 576.0 484.0 555.0 Vehicle 1
542.0 546.0 541.0 552.0 523.0 551.0 523.0 545.0 Vehicle 1
540.0 570.0 521.0 570.0 521.0 564.0 540.0 564.0 Vehicle 1
581.0 546.0 573.0 546.0 573.0 531.0 580.0 531.0 Vehicle 1
591.0 546.0 584.0 547.0 583.0 531.0 590.0 530.0 Vehicle 1
601.0 546.0 594.0 547.0 594.0 530.0 601.0 530.0 Vehicle 1
621.0 544.0 614.0 544.0 614.0 527.0 621.0 528.0 Vehicle 1
531.0 96.0 513.0 97.0 513.0 90.0 531.0 90.0 Vehicle 1
567.0 4.0 566.0 19.0 559.0 19.0 559.0 4.0 Vehicle 1
566.0 43.0 559.0 43.0 559.0 28.0 565.0 28.0 Vehicle 1
568.0 97.0 559.0 97.0 559.0 77.0 568.0 77.0 Vehicle 1
632.0 99.0 613.0 99.0 613.0 93.0 632.0 93.0 Vehicle 1
633.0 108.0 614.0 108.0 614.0 100.0 633.0 100.0 Vehicle 1
630.0 115.0 613.0 115.0 613.0 109.0 630.0 109.0 Vehicle 1
654.0 14.0 647.0 14.0 647.0 0.0 654.0 0.0 Vehicle 1
654.0 32.0 647.0 32.0 646.0 16.0 652.0 15.0 Vehicle 1
652.0 49.0 645.0 49.0 646.0 34.0 652.0 34.0 Vehicle 1
654.0 72.0 645.0 72.0 645.0 54.0 654.0 54.0 Vehicle 1
682.0 38.0 674.0 38.0 674.0 23.0 682.0 23.0 Vehicle 1
682.0 60.0 675.0 60.0 675.0 43.0 682.0 43.0 Vehicle 1
682.0 133.0 675.0 133.0 675.0 117.0 682.0 117.0 Vehicle 1
652.0 173.0 646.0 173.0 646.0 156.0 652.0 156.0 Vehicle 1
684.0 194.0 674.0 194.0 673.0 174.0 682.0 174.0 Vehicle 1
652.0 198.0 645.0 198.0 645.0 181.0 652.0 181.0 Vehicle 1
652.0 253.0 646.0 253.0 646.0 237.0 652.0 237.0 Vehicle 1
682.0 268.0 674.0 268.0 674.0 252.0 682.0 252.0 Vehicle 1
655.0 414.0 647.0 414.0 646.0 398.0 655.0 398.0 Vehicle 1
682.0 431.0 674.0 430.0 675.0 412.0 682.0 413.0 Vehicle 1
655.0 478.0 647.0 478.0 646.0 458.0 654.0 458.0 Vehicle 1
682.0 484.0 672.0 484.0 672.0 463.0 682.0 463.0 Vehicle 1
681.0 507.0 674.0 507.0 674.0 488.0 681.0 488.0 Vehicle 1
682.0 547.0 675.0 548.0 674.0 533.0 682.0 532.0 Vehicle 1
655.0 574.0 654.0 591.0 647.0 590.0 647.0 574.0 Vehicle 1
682.0 600.0 674.0 600.0 674.0 583.0 682.0 583.0 Vehicle 1
745.0 342.0 726.0 343.0 726.0 337.0 745.0 336.0 Vehicle 1
800.0 336.0 782.0 336.0 782.0 330.0 800.0 330.0 Vehicle 1
740.0 79.0 724.0 79.0 724.0 73.0 740.0 73.0 Vehicle 1
744.0 98.0 725.0 97.0 725.0 90.0 744.0 91.0 Vehicle 1
760.0 159.0 742.0 159.0 741.0 152.0 760.0 151.0 Vehicle 1
759.0 168.0 739.0 169.0 738.0 163.0 757.0 163.0 Vehicle 1
707.0 430.0 706.0 445.0 700.0 445.0 701.0 429.0 Vehicle 1
729.0 460.0 727.0 467.0 710.0 463.0 711.0 457.0 Vehicle 1
730.0 473.0 727.0 479.0 709.0 472.0 712.0 465.0 Vehicle 1
764.0 476.0 763.0 489.0 756.0 489.0 757.0 475.0 Vehicle 1
772.0 493.0 766.0 493.0 766.0 474.0 772.0 474.0 Vehicle 1
751.0 570.0 734.0 569.0 734.0 563.0 751.0 563.0 Vehicle 1
753.0 572.0 752.0 579.0 734.0 578.0 735.0 570.0 Vehicle 1
725.0 571.0 724.0 576.0 705.0 576.0 706.0 570.0 Vehicle 1
276.0 326.0 268.0 327.0 267.0 313.0 276.0 312.0 Vehicle 1
