1000.0 989.826111 989.999939 992.000061 988.50177 985.108337 1000.0 982.608704 Vehicle 1
985.0 992.0 965.0 996.0 963.0 989.0 983.0 985.0 Vehicle 1
915.0 968.0 909.0 971.0 902.0 957.0 908.0 954.0 Vehicle 1
913.0 544.0 893.0 547.0 892.0 541.0 912.0 538.0 Vehicle 1
915.0 551.0 897.0 556.0 895.0 550.0 914.0 544.0 Vehicle 1
918.0 573.0 895.0 575.0 895.0 567.0 918.0 565.0 Vehicle 1
925.0 590.0 902.0 592.0 901.0 586.0 924.0 583.0 Vehicle 1
849.0 575.0 832.0 581.0 830.0 575.0 847.0 569.0 Vehicle 1
862.0 592.0 840.0 597.0 838.0 590.0 860.0 586.0 Vehicle 1
865.0 599.0 844.0 605.0 843.0 599.0 863.0 593.0 Vehicle 1
857.0 651.0 837.0 656.0 835.0 651.0 856.0 645.0 Vehicle 1
949.0 627.0 930.0 632.0 929.0 626.0 948.0 622.0 Vehicle 1
973.0 626.0 953.0 629.0 952.0 622.0 972.0 620.0 Vehicle 1
1000.0 623.0 981.0 624.0 980.0 618.0 999.0 617.0 Vehicle 1
995.0 666.0 988.0 666.0 986.0 650.0 993.0 649.0 Vehicle 1
997.0 770.0 973.0 771.0 973.0 765.0 997.0 763.0 Vehicle 1
995.0 760.0 972.0 762.0 971.0 755.0 994.0 753.0 Vehicle 1
903.0 745.0 883.0 750.0 882.0 744.0 902.0 739.0 Vehicle 1
899.0 737.0 880.0 743.0 878.0 737.0 897.0 732.0 Vehicle 1
866.0 808.0 848.0 814.0 846.0 807.0 864.0 801.0 Vehicle 1
776.0 803.0 770.0 806.0 763.0 792.0 768.0 789.0 Vehicle 1
789.0 797.0 783.0 801.0 774.0 788.0 780.0 784.0 Vehicle 1
793.0 668.0 773.0 673.0 771.0 666.0 791.0 660.0 Vehicle 1
722.0 687.0 705.0 691.0 703.0 685.0 720.0 681.0 Vehicle 1
787.0 617.0 784.0 622.0 769.0 613.0 772.0 608.0 Vehicle 1
852.0 515.0 846.0 518.0 839.0 502.0 846.0 499.0 Vehicle 1
776.0 428.0 770.0 431.0 762.0 416.0 768.0 412.0 Vehicle 1
874.0 446.0 854.0 451.0 852.0 442.0 872.0 438.0 Vehicle 1
951.0 396.0 944.0 399.0 940.0 385.0 946.0 382.0 Vehicle 1
967.0 365.0 960.0 366.0 958.0 352.0 965.0 351.0 Vehicle 1
955.0 369.0 946.0 371.0 944.0 355.0 953.0 354.0 Vehicle 1
937.0 218.0 924.0 224.0 920.0 217.0 934.0 211.0 Vehicle 1
803.0 230.0 797.0 233.0 791.0 217.0 797.0 214.0 Vehicle 1
897.0 217.0 890.0 219.0 888.0 202.0 894.0 201.0 Vehicle 1
910.0 217.0 902.0 218.0 900.0 201.0 907.0 200.0 Vehicle 1
902.0 131.0 895.0 133.0 891.0 119.0 898.0 116.0 Vehicle 1
850.0 299.0 833.0 305.0 831.0 299.0 848.0 293.0 Vehicle 1
750.0 517.0 743.0 521.0 735.0 507.0 742.0 503.0 Vehicle 1
666.0 527.0 659.0 530.0 652.0 516.0 660.0 512.0 Vehicle 1
629.0 348.0 611.0 354.0 608.0 347.0 627.0 341.0 Vehicle 1
638.0 408.0 631.0 412.0 624.0 399.0 630.0 396.0 Vehicle 1
625.0 370.0 624.0 378.0 601.0 377.0 602.0 368.0 Vehicle 1
776.0 156.0 770.0 159.0 764.0 145.0 771.0 142.0 Vehicle 1
769.0 141.0 763.0 143.0 759.0 130.0 765.0 128.0 Vehicle 1
702.0 222.0 684.0 229.0 681.0 222.0 699.0 215.0 Vehicle 1
472.0 92.0 465.0 92.0 464.0 76.0 470.0 75.0 Vehicle 1
495.0 61.0 481.0 63.0 480.0 58.0 495.0 56.0 Vehicle 1
440.0 69.0 421.0 72.0 420.0 65.0 439.0 62.0 Vehicle 1
204.0 54.0 198.0 55.0 197.0 39.0 203.0 39.0 Vehicle 1
157.0 56.0 150.0 57.0 148.0 39.0 155.0 39.0 Vehicle 1
48.0 70.0 41.0 71.0 39.0 55.0 45.0 54.0 Vehicle 1
80.0 108.0 64.0 109.0 63.0 102.0 80.0 101.0 Vehicle 1
110.0 106.0 93.0 107.0 93.0 100.0 110.0 99.0 Vehicle 1
52.0 129.0 45.0 142.0 39.0 138.0 46.0 125.0 Vehicle 1
68.0 125.0 63.0 142.0 56.0 140.0 61.0 123.0 Vehicle 1
42.0 173.0 36.0 177.0 28.0 164.0 34.0 160.0 Vehicle 1
79.0 232.0 60.0 237.0 58.0 230.0 77.0 225.0 Vehicle 1
129.0 229.0 123.0 231.0 117.0 217.0 124.0 214.0 Vehicle 1
119.0 234.0 112.0 237.0 104.0 219.0 111.0 216.0 Vehicle 1
140.0 226.0 133.0 230.0 125.0 215.0 133.0 212.0 Vehicle 1
187.0 213.0 179.0 218.0 173.0 207.0 181.0 203.0 Vehicle 1
217.0 221.0 210.0 224.0 202.0 209.0 209.0 206.0 Vehicle 1
329.0 158.0 306.0 161.0 305.0 154.0 328.0 152.0 Vehicle 1
332.0 173.0 321.0 176.0 319.0 170.0 331.0 168.0 Vehicle 1
361.0 220.0 349.0 226.0 346.0 220.0 359.0 214.0 Vehicle 1
459.0 317.0 452.0 319.0 448.0 308.0 454.0 305.0 Vehicle 1
114.0 267.0 107.0 270.0 100.0 255.0 107.0 252.0 Vehicle 1
197.0 254.0 190.0 256.0 184.0 242.0 191.0 239.0 Vehicle 1
171.0 259.0 164.0 261.0 159.0 245.0 166.0 243.0 Vehicle 1
153.0 275.0 144.0 278.0 138.0 262.0 147.0 259.0 Vehicle 1
158.0 292.0 151.0 295.0 145.0 280.0 151.0 277.0 Vehicle 1
176.0 290.0 170.0 292.0 167.0 281.0 173.0 279.0 Vehicle 1
187.0 311.0 180.0 314.0 173.0 297.0 180.0 294.0 Vehicle 1
282.0 309.0 264.0 313.0 263.0 306.0 281.0 302.0 Vehicle 1
228.0 322.0 205.0 328.0 203.0 322.0 226.0 315.0 Vehicle 1
176.0 356.0 158.0 361.0 157.0 355.0 174.0 350.0 Vehicle 1
216.0 398.0 209.0 401.0 202.0 387.0 209.0 384.0 Vehicle 1
251.0 420.0 229.0 426.0 227.0 418.0 248.0 412.0 Vehicle 1
251.0 405.0 233.0 412.0 231.0 407.0 249.0 401.0 Vehicle 1
338.0 397.0 326.0 400.0 324.0 395.0 337.0 392.0 Vehicle 1
315.0 493.0 295.0 498.0 293.0 491.0 313.0 486.0 Vehicle 1
328.0 507.0 308.0 509.0 307.0 503.0 328.0 501.0 Vehicle 1
408.0 509.0 400.0 513.0 394.0 499.0 402.0 495.0 Vehicle 1
437.0 504.0 430.0 506.0 424.0 491.0 431.0 488.0 Vehicle 1
409.0 565.0 391.0 570.0 389.0 564.0 407.0 559.0 Vehicle 1
465.0 579.0 459.0 582.0 453.0 569.0 459.0 566.0 Vehicle 1
449.0 602.0 442.0 605.0 435.0 591.0 442.0 588.0 Vehicle 1
601.0 608.0 595.0 611.0 588.0 597.0 595.0 594.0 Vehicle 1
531.0 719.0 526.0 721.0 519.0 706.0 525.0 704.0 Vehicle 1
637.0 682.0 632.0 685.0 624.0 671.0 629.0 668.0 Vehicle 1
601.0 874.0 595.0 878.0 586.0 864.0 592.0 860.0 Vehicle 1
632.0 865.0 626.0 869.0 618.0 853.0 625.0 850.0 Vehicle 1
643.0 863.0 636.0 866.0 630.0 851.0 636.0 848.0 Vehicle 1
655.0 859.0 649.0 862.0 641.0 849.0 647.0 846.0 Vehicle 1
595.0 943.0 589.0 946.0 580.0 930.0 586.0 927.0 Vehicle 1
652.0 931.0 646.0 934.0 637.0 920.0 642.0 916.0 Vehicle 1
698.0 875.0 691.0 878.0 683.0 863.0 690.0 860.0 Vehicle 1
718.0 912.0 712.0 916.0 704.0 903.0 710.0 900.0 Vehicle 1
742.0 965.0 734.0 969.0 726.0 952.0 734.0 948.0 Vehicle 1
781.0 965.0 774.0 967.0 769.0 956.0 775.0 953.0 Vehicle 1
753.0 991.0 744.0 994.0 739.0 977.0 748.0 974.0 Vehicle 1
49.0 278.0 42.0 282.0 34.0 268.0 41.0 264.0 Vehicle 1
68.0 317.0 61.0 321.0 54.0 307.0 61.0 303.0 Vehicle 1
125.0 430.0 118.0 434.0 111.0 420.0 118.0 416.0 Vehicle 1
13.0 493.0 4.0 493.0 4.0 478.0 13.0 478.0 Vehicle 1
207.0 509.0 188.0 515.0 186.0 508.0 205.0 502.0 Vehicle 1
194.0 565.0 187.0 568.0 180.0 552.0 187.0 549.0 Vehicle 1
111.0 660.0 103.0 660.0 104.0 652.0 111.0 652.0 Vehicle 1
277.0 652.0 262.0 656.0 260.0 650.0 275.0 647.0 Vehicle 1
285.0 661.0 265.0 668.0 263.0 661.0 282.0 654.0 Vehicle 1
237.0 707.0 232.0 711.0 221.0 694.0 227.0 690.0 Vehicle 1
432.0 805.0 427.0 807.0 424.0 798.0 429.0 796.0 Vehicle 1
369.0 670.0 350.0 676.0 348.0 669.0 368.0 664.0 Vehicle 1
405.0 678.0 399.0 682.0 389.0 668.0 395.0 663.0 Vehicle 1
413.0 694.0 406.0 698.0 399.0 684.0 406.0 680.0 Vehicle 1
395.0 718.0 376.0 722.0 375.0 716.0 393.0 711.0 Vehicle 1
401.0 724.0 382.0 731.0 380.0 724.0 399.0 718.0 Vehicle 1
408.0 742.0 390.0 747.0 389.0 741.0 406.0 736.0 Vehicle 1
451.0 754.0 432.0 759.0 430.0 754.0 450.0 748.0 Vehicle 1
421.0 761.0 401.0 766.0 399.0 760.0 420.0 755.0 Vehicle 1
395.0 768.0 377.0 774.0 374.0 767.0 392.0 761.0 Vehicle 1
395.0 781.0 372.0 785.0 370.0 776.0 394.0 772.0 Vehicle 1
373.0 773.0 354.0 780.0 352.0 774.0 371.0 767.0 Vehicle 1
285.0 814.0 266.0 813.0 266.0 807.0 285.0 807.0 Vehicle 1
165.0 748.0 147.0 754.0 146.0 749.0 163.0 743.0 Vehicle 1
142.0 721.0 140.0 737.0 132.0 736.0 134.0 719.0 Vehicle 1
106.0 732.0 102.0 737.0 87.0 726.0 91.0 720.0 Vehicle 1
76.0 818.0 56.0 819.0 56.0 813.0 76.0 812.0 Vehicle 1
49.0 820.0 32.0 821.0 31.0 815.0 48.0 814.0 Vehicle 1
60.0 893.0 54.0 894.0 53.0 883.0 58.0 882.0 Vehicle 1
316.0 902.0 299.0 908.0 297.0 903.0 314.0 897.0 Vehicle 1
347.0 846.0 340.0 850.0 330.0 837.0 337.0 832.0 Vehicle 1
361.0 875.0 353.0 878.0 346.0 862.0 354.0 859.0 Vehicle 1
409.0 872.0 404.0 887.0 397.0 885.0 402.0 870.0 Vehicle 1
443.0 873.0 438.0 883.0 431.0 880.0 436.0 870.0 Vehicle 1
470.0 920.0 454.0 926.0 452.0 921.0 469.0 915.0 Vehicle 1
463.0 974.0 443.0 979.0 441.0 973.0 461.0 967.0 Vehicle 1
481.0 967.0 463.0 974.0 461.0 967.0 479.0 961.0 Vehicle 1
391.0 927.0 384.0 930.0 377.0 916.0 384.0 913.0 Vehicle 1
416.0 972.0 409.0 975.0 401.0 961.0 408.0 957.0 Vehicle 1
353.0 991.0 334.0 992.0 333.0 986.0 353.0 986.0 Vehicle 1
274.0 997.0 259.0 999.0 259.0 994.0 274.0 991.0 Vehicle 1
832.0 146.0 827.0 148.0 819.0 135.0 825.0 132.0 Vehicle 1
160.0 739.0 145.0 745.0 143.0 739.0 157.0 733.0 Vehicle 1
