977.0 573.0 956.0 572.0 956.0 566.0 977.0 567.0 Vehicle 1
940.0 713.0 934.0 717.0 924.0 701.0 930.0 697.0 Vehicle 1
857.0 15.0 852.0 20.0 839.0 7.0 844.0 1.0 Vehicle 1
948.0 10.0 933.0 20.0 929.0 13.0 944.0 3.0 Vehicle 1
954.0 63.0 947.0 67.0 940.0 53.0 947.0 50.0 Vehicle 1
928.0 104.0 909.0 108.0 907.0 103.0 926.0 99.0 Vehicle 1
986.0 112.0 979.0 118.0 964.0 100.0 971.0 94.0 Vehicle 1
954.0 193.0 948.0 197.0 936.0 183.0 942.0 178.0 Vehicle 1
722.0 146.0 704.0 155.0 700.0 148.0 718.0 139.0 Vehicle 1
727.0 176.0 708.0 187.0 705.0 182.0 724.0 171.0 Vehicle 1
697.0 235.0 690.0 240.0 680.0 227.0 686.0 222.0 Vehicle 1
692.0 245.0 687.0 249.0 673.0 232.0 678.0 227.0 Vehicle 1
596.0 231.0 566.0 249.0 561.0 240.0 591.0 222.0 Vehicle 1
535.0 245.0 515.0 255.0 511.0 247.0 530.0 237.0 Vehicle 1
486.0 268.0 460.0 282.0 456.0 274.0 481.0 260.0 Vehicle 1
468.0 428.0 459.0 432.0 448.0 407.0 457.0 403.0 Vehicle 1
433.0 448.0 425.0 449.0 423.0 430.0 431.0 430.0 Vehicle 1
446.0 512.0 440.0 513.0 436.0 497.0 443.0 496.0 Vehicle 1
328.0 298.0 323.0 303.0 312.0 290.0 317.0 285.0 Vehicle 1
307.0 273.0 301.0 277.0 288.0 261.0 294.0 256.0 Vehicle 1
332.0 248.0 327.0 253.0 314.0 240.0 319.0 235.0 Vehicle 1
305.0 220.0 300.0 225.0 287.0 211.0 293.0 206.0 Vehicle 1
254.0 249.0 239.0 258.0 234.0 252.0 250.0 242.0 Vehicle 1
245.0 266.0 226.0 276.0 222.0 268.0 241.0 258.0 Vehicle 1
233.0 261.0 220.0 269.0 217.0 263.0 230.0 255.0 Vehicle 1
154.0 100.0 148.0 105.0 137.0 93.0 143.0 88.0 Vehicle 1
290.0 161.0 286.0 164.0 277.0 154.0 281.0 151.0 Vehicle 1
845.0 944.0 838.0 948.0 830.0 932.0 837.0 929.0 Vehicle 1
835.0 924.0 826.0 929.0 817.0 914.0 826.0 909.0 Vehicle 1
766.0 889.0 759.0 894.0 749.0 878.0 757.0 874.0 Vehicle 1
605.0 833.0 600.0 838.0 585.0 824.0 590.0 819.0 Vehicle 1
528.0 881.0 495.0 887.0 493.0 878.0 526.0 872.0 Vehicle 1
650.0 706.0 644.0 710.0 635.0 699.0 641.0 694.0 Vehicle 1
667.0 666.0 663.0 672.0 648.0 662.0 652.0 656.0 Vehicle 1
612.0 702.0 594.0 713.0 590.0 706.0 608.0 696.0 Vehicle 1
684.0 627.0 669.0 637.0 665.0 632.0 680.0 621.0 Vehicle 1
695.0 263.0 678.0 272.0 674.0 265.0 690.0 255.0 Vehicle 1
463.0 614.0 443.0 625.0 440.0 620.0 459.0 608.0 Vehicle 1
348.0 821.0 344.0 828.0 322.0 816.0 326.0 808.0 Vehicle 1
364.0 832.0 360.0 839.0 344.0 828.0 349.0 821.0 Vehicle 1
330.0 771.0 322.0 784.0 314.0 778.0 322.0 766.0 Vehicle 1
251.0 731.0 240.0 744.0 235.0 739.0 246.0 726.0 Vehicle 1
260.0 739.0 249.0 751.0 242.0 745.0 253.0 733.0 Vehicle 1
181.0 693.0 168.0 708.0 162.0 702.0 175.0 688.0 Vehicle 1
171.0 721.0 167.0 728.0 148.0 718.0 152.0 711.0 Vehicle 1
132.0 701.0 128.0 707.0 115.0 698.0 119.0 692.0 Vehicle 1
102.0 688.0 97.0 692.0 90.0 685.0 94.0 680.0 Vehicle 1
83.0 715.0 79.0 721.0 63.0 710.0 67.0 705.0 Vehicle 1
111.0 645.0 100.0 659.0 93.0 654.0 104.0 640.0 Vehicle 1
97.0 637.0 88.0 650.0 80.0 645.0 90.0 632.0 Vehicle 1
191.0 502.0 185.0 506.0 177.0 495.0 182.0 491.0 Vehicle 1
104.0 529.0 101.0 535.0 85.0 528.0 87.0 522.0 Vehicle 1
423.0 477.0 422.0 485.0 402.0 484.0 402.0 476.0 Vehicle 1
