795.0 583.0 788.0 587.0 781.0 572.0 788.0 569.0 Vehicle 1
785.0 587.0 778.0 591.0 770.0 576.0 776.0 573.0 Vehicle 1
773.0 590.0 766.0 594.0 759.0 580.0 766.0 577.0 Vehicle 1
762.0 595.0 756.0 598.0 747.0 582.0 753.0 578.0 Vehicle 1
799.0 231.0 793.0 235.0 784.0 223.0 790.0 219.0 Vehicle 1
785.0 235.0 778.0 239.0 771.0 226.0 778.0 223.0 Vehicle 1
773.0 239.0 767.0 242.0 758.0 228.0 764.0 225.0 Vehicle 1
761.0 245.0 754.0 248.0 748.0 234.0 755.0 231.0 Vehicle 1
798.0 180.0 791.0 184.0 783.0 172.0 790.0 167.0 Vehicle 1
778.0 190.0 772.0 193.0 763.0 177.0 768.0 174.0 Vehicle 1
766.0 193.0 760.0 196.0 752.0 182.0 758.0 178.0 Vehicle 1
754.0 195.0 748.0 198.0 741.0 185.0 747.0 182.0 Vehicle 1
743.0 201.0 737.0 204.0 730.0 190.0 736.0 187.0 Vehicle 1
723.0 205.0 717.0 209.0 710.0 196.0 716.0 193.0 Vehicle 1
540.0 81.0 513.0 83.0 513.0 73.0 540.0 72.0 Vehicle 1
666.0 373.0 661.0 386.0 654.0 384.0 659.0 371.0 Vehicle 1
311.0 517.0 299.0 529.0 295.0 524.0 307.0 513.0 Vehicle 1
