519.0 310.0 492.0 310.0 492.0 302.0 519.0 302.0 Vehicle 1
499.0 344.0 498.0 367.0 485.0 367.0 486.0 344.0 Vehicle 1
577.0 516.0 549.0 517.0 549.0 508.0 577.0 508.0 Vehicle 1
509.0 601.0 507.0 609.0 479.0 601.0 482.0 593.0 Vehicle 1
315.0 539.0 288.0 540.0 288.0 531.0 314.0 530.0 Vehicle 1
293.0 519.0 289.0 525.0 271.0 511.0 276.0 506.0 Vehicle 1
274.0 519.0 269.0 523.0 256.0 510.0 261.0 505.0 Vehicle 1
260.0 517.0 255.0 522.0 241.0 510.0 246.0 504.0 Vehicle 1
246.0 519.0 240.0 525.0 224.0 509.0 230.0 503.0 Vehicle 1
229.0 518.0 224.0 523.0 211.0 511.0 215.0 506.0 Vehicle 1
213.0 517.0 208.0 523.0 194.0 512.0 199.0 506.0 Vehicle 1
196.0 517.0 191.0 522.0 179.0 513.0 183.0 507.0 Vehicle 1
183.0 519.0 179.0 525.0 163.0 512.0 167.0 507.0 Vehicle 1
148.0 515.0 144.0 521.0 130.0 510.0 134.0 505.0 Vehicle 1
134.0 518.0 129.0 523.0 115.0 510.0 119.0 505.0 Vehicle 1
117.0 517.0 112.0 522.0 99.0 509.0 104.0 504.0 Vehicle 1
102.0 517.0 97.0 523.0 82.0 511.0 87.0 505.0 Vehicle 1
86.0 518.0 82.0 524.0 66.0 513.0 70.0 507.0 Vehicle 1
73.0 548.0 72.0 559.0 45.0 558.0 45.0 547.0 Vehicle 1
