495.0 587.0 492.0 594.0 473.0 586.0 477.0 579.0 Vehicle 1
572.0 589.0 569.0 595.0 550.0 586.0 553.0 579.0 Vehicle 1
408.0 552.0 404.0 559.0 383.0 550.0 387.0 542.0 Vehicle 1
385.0 542.0 381.0 549.0 361.0 538.0 365.0 531.0 Vehicle 1
358.0 529.0 356.0 535.0 338.0 529.0 341.0 522.0 Vehicle 1
335.0 520.0 332.0 528.0 313.0 519.0 316.0 512.0 Vehicle 1
309.0 509.0 306.0 516.0 288.0 508.0 291.0 501.0 Vehicle 1
289.0 500.0 285.0 507.0 269.0 500.0 273.0 493.0 Vehicle 1
263.0 490.0 260.0 496.0 242.0 488.0 245.0 482.0 Vehicle 1
234.0 477.0 231.0 484.0 211.0 475.0 214.0 468.0 Vehicle 1
207.0 466.0 204.0 473.0 187.0 466.0 190.0 459.0 Vehicle 1
187.0 458.0 184.0 464.0 167.0 456.0 169.0 450.0 Vehicle 1
265.0 457.0 261.0 466.0 237.0 457.0 241.0 447.0 Vehicle 1
238.0 448.0 235.0 456.0 212.0 447.0 215.0 439.0 Vehicle 1
214.0 449.0 211.0 455.0 191.0 447.0 194.0 441.0 Vehicle 1
165.0 450.0 162.0 456.0 143.0 447.0 146.0 441.0 Vehicle 1
140.0 438.0 137.0 444.0 118.0 436.0 121.0 430.0 Vehicle 1
116.0 425.0 112.0 434.0 92.0 424.0 96.0 416.0 Vehicle 1
87.0 417.0 84.0 422.0 70.0 415.0 73.0 410.0 Vehicle 1
66.0 406.0 64.0 412.0 47.0 407.0 49.0 401.0 Vehicle 1
47.0 398.0 44.0 405.0 26.0 398.0 28.0 391.0 Vehicle 1
25.0 390.0 23.0 397.0 4.0 389.0 6.0 382.0 Vehicle 1
75.0 379.0 70.0 389.0 33.0 373.0 37.0 363.0 Vehicle 1
21.0 355.0 18.0 364.0 0.0 356.0 0.0 346.0 Vehicle 1
776.0 366.0 773.0 372.0 761.0 368.0 764.0 361.0 Vehicle 1
732.0 373.0 729.0 380.0 713.0 374.0 716.0 367.0 Vehicle 1
761.0 359.0 757.0 367.0 740.0 359.0 744.0 352.0 Vehicle 1
685.0 352.0 682.0 360.0 659.0 350.0 662.0 343.0 Vehicle 1
741.0 351.0 738.0 357.0 719.0 349.0 722.0 343.0 Vehicle 1
719.0 342.0 717.0 348.0 699.0 340.0 702.0 334.0 Vehicle 1
563.0 276.0 560.0 282.0 544.0 275.0 548.0 268.0 Vehicle 1
543.0 267.0 540.0 273.0 525.0 266.0 528.0 260.0 Vehicle 1
527.0 285.0 524.0 294.0 507.0 288.0 511.0 279.0 Vehicle 1
488.0 262.0 484.0 268.0 467.0 257.0 472.0 251.0 Vehicle 1
457.0 248.0 455.0 255.0 439.0 252.0 441.0 245.0 Vehicle 1
438.0 249.0 435.0 256.0 415.0 248.0 419.0 241.0 Vehicle 1
414.0 241.0 411.0 247.0 395.0 239.0 397.0 233.0 Vehicle 1
425.0 218.0 422.0 224.0 407.0 216.0 411.0 210.0 Vehicle 1
346.0 184.0 344.0 190.0 330.0 183.0 333.0 178.0 Vehicle 1
354.0 214.0 351.0 221.0 342.0 217.0 346.0 210.0 Vehicle 1
343.0 210.0 339.0 216.0 323.0 208.0 327.0 202.0 Vehicle 1
324.0 202.0 321.0 208.0 304.0 200.0 307.0 194.0 Vehicle 1
303.0 193.0 301.0 199.0 282.0 191.0 285.0 185.0 Vehicle 1
258.0 173.0 256.0 180.0 236.0 173.0 238.0 166.0 Vehicle 1
235.0 165.0 232.0 172.0 214.0 164.0 217.0 157.0 Vehicle 1
209.0 153.0 206.0 160.0 193.0 154.0 196.0 148.0 Vehicle 1
207.0 125.0 203.0 132.0 187.0 125.0 190.0 118.0 Vehicle 1
162.0 106.0 158.0 113.0 142.0 104.0 145.0 98.0 Vehicle 1
141.0 97.0 138.0 104.0 120.0 97.0 123.0 90.0 Vehicle 1
99.0 107.0 96.0 114.0 71.0 103.0 75.0 96.0 Vehicle 1
88.0 76.0 85.0 82.0 70.0 74.0 73.0 68.0 Vehicle 1
716.0 84.0 712.0 90.0 696.0 81.0 700.0 75.0 Vehicle 1
697.0 46.0 693.0 53.0 674.0 43.0 677.0 36.0 Vehicle 1
656.0 27.0 652.0 35.0 630.0 25.0 634.0 16.0 Vehicle 1
28.0 28.0 18.0 42.0 11.0 36.0 21.0 22.0 Vehicle 1
34.0 0.0 25.0 12.0 17.0 7.0 21.0 0.0 Vehicle 1
