250.0 966.0 234.0 980.0 228.0 972.0 244.0 959.0 Vehicle 1
438.0 534.0 426.0 544.0 422.0 539.0 434.0 530.0 Vehicle 1
430.0 395.0 414.0 407.0 410.0 401.0 425.0 389.0 Vehicle 1
430.0 363.0 412.0 375.0 407.0 369.0 425.0 356.0 Vehicle 1
223.0 447.0 217.0 452.0 206.0 441.0 212.0 435.0 Vehicle 1
78.0 411.0 72.0 417.0 60.0 404.0 66.0 398.0 Vehicle 1
155.0 357.0 149.0 363.0 137.0 350.0 143.0 344.0 Vehicle 1
165.0 315.0 150.0 327.0 146.0 321.0 161.0 309.0 Vehicle 1
418.0 236.0 411.0 242.0 399.0 227.0 406.0 222.0 Vehicle 1
386.0 200.0 378.0 206.0 367.0 193.0 375.0 187.0 Vehicle 1
64.0 285.0 55.0 293.0 42.0 277.0 51.0 269.0 Vehicle 1
1.000009 296.000031 -3.679978 289.76004 8.320021 280.76004 13.000009 287.000031 Vehicle 1
35.0 273.0 17.0 286.0 11.0 279.0 30.0 265.0 Vehicle 1
132.0 207.0 117.0 218.0 112.0 212.0 127.0 201.0 Vehicle 1
150.0 151.0 132.0 163.0 128.0 156.0 146.0 144.0 Vehicle 1
187.0 128.0 169.0 140.0 164.0 133.0 182.0 120.0 Vehicle 1
59.0 82.0 43.0 93.0 38.0 86.0 54.0 75.0 Vehicle 1
30.0 21.0 23.0 26.0 13.0 14.0 20.0 9.0 Vehicle 1
41.188507 16.287537 28.0 1.999999 34.811493 -4.287539 48.0 9.999999 Vehicle 1
38.0 15.0 31.0 22.0 18.0 8.0 26.0 1.0 Vehicle 1
777.0 897.0 774.0 911.0 709.0 895.0 712.0 881.0 Vehicle 1
130.0 27.0 115.0 38.0 111.0 32.0 126.0 21.0 Vehicle 1
50.0 75.0 36.0 85.0 32.0 79.0 46.0 69.0 Vehicle 1
98.0 186.0 83.0 197.0 79.0 192.0 94.0 181.0 Vehicle 1
115.0 175.0 103.0 183.0 99.0 178.0 111.0 169.0 Vehicle 1
202.0 116.0 189.0 126.0 184.0 121.0 197.0 110.0 Vehicle 1
355.0 13.0 338.0 26.0 332.0 19.0 350.0 5.0 Vehicle 1
229.0 340.0 223.0 345.0 212.0 332.0 218.0 327.0 Vehicle 1
331.0 428.0 315.0 441.0 311.0 435.0 326.0 422.0 Vehicle 1
406.0 219.0 399.0 227.0 382.0 210.0 389.0 202.0 Vehicle 1
552.0 79.0 538.0 89.0 533.0 82.0 547.0 72.0 Vehicle 1
778.0 699.0 767.0 706.0 752.0 684.0 763.0 677.0 Vehicle 1
