346.0 928.0 324.0 927.0 324.0 919.0 346.0 920.0 Vehicle 1
482.0 873.0 473.0 873.0 473.0 857.0 482.0 858.0 Vehicle 1
407.0 826.0 386.0 825.0 386.0 817.0 407.0 817.0 Vehicle 1
430.0 780.0 409.0 780.0 409.0 774.0 430.0 774.0 Vehicle 1
22.0 759.0 0.0 759.0 0.0 749.0 22.0 749.0 Vehicle 1
100.0 677.0 91.0 677.0 90.0 661.0 100.0 661.0 Vehicle 1
409.0 656.0 388.0 656.0 388.0 648.0 409.0 648.0 Vehicle 1
198.0 576.0 177.0 576.0 177.0 569.0 198.0 568.0 Vehicle 1
88.0 550.0 65.0 550.0 65.0 542.0 88.0 542.0 Vehicle 1
64.0 210.0 55.0 210.0 55.0 192.0 64.0 192.0 Vehicle 1
239.0 204.0 231.0 203.0 231.0 187.0 239.0 187.0 Vehicle 1
156.0 31.0 147.0 32.0 146.0 15.0 156.0 14.0 Vehicle 1
427.0 51.0 402.0 52.0 402.0 44.0 427.0 43.0 Vehicle 1
621.0 169.0 612.0 169.0 613.0 153.0 621.0 153.0 Vehicle 1
687.0 501.0 686.0 520.0 675.0 520.0 677.0 500.0 Vehicle 1
673.0 509.0 672.0 526.0 663.0 526.0 664.0 509.0 Vehicle 1
674.0 508.0 665.0 508.0 665.0 490.0 674.0 491.0 Vehicle 1
633.0 568.0 610.0 569.0 610.0 560.0 633.0 560.0 Vehicle 1
964.0 570.0 941.0 570.0 940.0 563.0 964.0 563.0 Vehicle 1
16.0 991.0 0.0 991.0 0.0 981.0 16.0 981.0 Vehicle 1
