583.0 50.0 573.0 49.0 573.0 34.0 583.0 34.0 Vehicle 1
596.0 34.0 595.0 49.0 587.0 49.0 587.0 33.0 Vehicle 1
554.0 51.0 532.0 50.0 532.0 42.0 554.0 42.0 Vehicle 1
89.0 16.0 68.0 15.0 68.0 7.0 89.0 8.0 Vehicle 1
414.0 752.0 396.0 753.0 395.0 744.0 414.0 742.0 Vehicle 1
535.0 751.0 516.0 753.0 515.0 745.0 534.0 743.0 Vehicle 1
176.0 441.0 157.0 440.0 157.0 433.0 176.0 434.0 Vehicle 1
177.0 431.0 156.0 430.0 156.0 423.0 177.0 424.0 Vehicle 1
254.0 331.0 232.0 331.0 232.0 322.0 254.0 322.0 Vehicle 1
220.0 277.0 201.0 286.0 196.0 275.0 214.0 266.0 Vehicle 1
