154.0 496.0 153.0 514.0 142.0 513.0 143.0 496.0 Vehicle 1
154.0 488.0 143.0 488.0 142.0 469.0 153.0 469.0 Vehicle 1
135.0 445.0 125.0 445.0 125.0 428.0 135.0 428.0 Vehicle 1
353.0 571.0 352.0 580.0 328.0 578.0 329.0 569.0 Vehicle 1
598.0 206.0 587.0 209.0 582.0 190.0 592.0 187.0 Vehicle 1
659.0 362.0 650.0 365.0 644.0 343.0 654.0 341.0 Vehicle 1
693.0 544.0 684.0 547.0 678.0 529.0 688.0 526.0 Vehicle 1
520.0 209.0 512.0 212.0 506.0 195.0 515.0 192.0 Vehicle 1
557.0 356.0 548.0 358.0 545.0 339.0 554.0 337.0 Vehicle 1
601.0 508.0 593.0 509.0 589.0 489.0 597.0 488.0 Vehicle 1
