885.0 228.0 864.0 228.0 864.0 219.0 885.0 219.0 Vehicle 1
408.0 942.0 395.0 952.0 391.0 946.0 404.0 936.0 Vehicle 1
436.0 961.0 418.0 972.0 414.0 965.0 431.0 954.0 Vehicle 1
487.0 942.0 472.0 954.0 468.0 948.0 483.0 936.0 Vehicle 1
465.0 923.0 453.0 933.0 448.0 927.0 460.0 917.0 Vehicle 1
283.0 932.0 257.0 946.0 252.0 936.0 278.0 922.0 Vehicle 1
244.0 950.0 223.0 964.0 217.0 956.0 238.0 942.0 Vehicle 1
217.0 965.0 195.0 978.0 191.0 970.0 213.0 958.0 Vehicle 1
188.0 980.0 169.0 991.0 164.0 984.0 183.0 972.0 Vehicle 1
98.0 984.0 92.0 990.0 78.0 975.0 84.0 969.0 Vehicle 1
70.0 1000.0 55.0 986.0 62.0 979.0 77.0 993.0 Vehicle 1
79.0 937.0 73.0 943.0 60.0 929.0 65.0 923.0 Vehicle 1
70.0 942.0 64.0 947.0 50.0 935.0 57.0 929.0 Vehicle 1
61.0 948.0 55.0 954.0 42.0 941.0 49.0 934.0 Vehicle 1
49.0 952.0 43.0 960.0 27.0 945.0 34.0 938.0 Vehicle 1
300.0 885.0 282.0 897.0 277.0 889.0 296.0 878.0 Vehicle 1
290.0 878.0 272.0 891.0 267.0 884.0 285.0 872.0 Vehicle 1
279.0 874.0 265.0 883.0 260.0 876.0 275.0 867.0 Vehicle 1
273.0 866.0 259.0 876.0 253.0 869.0 267.0 859.0 Vehicle 1
259.0 855.0 245.0 862.0 241.0 855.0 255.0 848.0 Vehicle 1
252.0 847.0 235.0 858.0 230.0 851.0 248.0 839.0 Vehicle 1
237.0 835.0 223.0 846.0 217.0 839.0 230.0 827.0 Vehicle 1
138.0 818.0 132.0 824.0 117.0 810.0 123.0 804.0 Vehicle 1
148.0 813.0 143.0 818.0 131.0 805.0 136.0 800.0 Vehicle 1
209.0 699.0 205.0 706.0 185.0 695.0 189.0 689.0 Vehicle 1
175.0 683.0 172.0 690.0 151.0 680.0 154.0 674.0 Vehicle 1
223.0 670.0 220.0 676.0 199.0 666.0 202.0 660.0 Vehicle 1
168.0 643.0 164.0 649.0 146.0 640.0 149.0 633.0 Vehicle 1
147.0 633.0 144.0 639.0 125.0 629.0 130.0 622.0 Vehicle 1
82.0 595.0 77.0 602.0 57.0 589.0 61.0 582.0 Vehicle 1
47.0 576.0 41.0 583.0 31.0 575.0 38.0 567.0 Vehicle 1
29.0 539.0 16.0 551.0 10.0 545.0 24.0 533.0 Vehicle 1
19.0 531.0 10.0 541.0 4.0 536.0 14.0 526.0 Vehicle 1
564.0 208.0 540.0 209.0 540.0 201.0 564.0 200.0 Vehicle 1
633.0 400.0 632.0 416.0 622.0 416.0 623.0 399.0 Vehicle 1
632.0 325.0 622.0 325.0 622.0 310.0 632.0 310.0 Vehicle 1
632.0 286.0 631.0 304.0 622.0 303.0 623.0 285.0 Vehicle 1
632.0 251.0 622.0 251.0 622.0 238.0 632.0 238.0 Vehicle 1
632.0 231.0 620.0 232.0 620.0 212.0 631.0 212.0 Vehicle 1
601.0 190.0 592.0 190.0 592.0 174.0 601.0 174.0 Vehicle 1
601.0 171.0 592.0 170.0 592.0 155.0 601.0 155.0 Vehicle 1
601.0 132.0 592.0 132.0 592.0 116.0 601.0 116.0 Vehicle 1
631.0 173.0 620.0 174.0 619.0 157.0 630.0 156.0 Vehicle 1
629.0 133.0 620.0 133.0 620.0 116.0 629.0 116.0 Vehicle 1
629.0 54.0 620.0 54.0 620.0 37.0 629.0 36.0 Vehicle 1
630.0 73.0 619.0 74.0 618.0 61.0 629.0 61.0 Vehicle 1
629.0 8.0 628.0 26.0 618.0 25.0 619.0 8.0 Vehicle 1
706.0 614.0 701.0 623.0 679.0 608.0 684.0 600.0 Vehicle 1
682.0 572.0 673.0 581.0 655.0 562.0 663.0 554.0 Vehicle 1
537.0 519.0 533.0 526.0 515.0 515.0 519.0 508.0 Vehicle 1
355.0 447.0 343.0 458.0 338.0 452.0 349.0 441.0 Vehicle 1
345.0 386.0 341.0 393.0 328.0 385.0 332.0 378.0 Vehicle 1
290.0 414.0 275.0 428.0 269.0 420.0 284.0 407.0 Vehicle 1
408.0 421.0 404.0 429.0 388.0 419.0 392.0 411.0 Vehicle 1
359.0 418.0 355.0 426.0 335.0 414.0 340.0 407.0 Vehicle 1
53.0 446.0 38.0 458.0 33.0 451.0 48.0 440.0 Vehicle 1
43.0 441.0 29.0 452.0 24.0 446.0 38.0 435.0 Vehicle 1
24.0 429.0 10.0 441.0 4.0 435.0 19.0 423.0 Vehicle 1
200.0 304.0 195.0 311.0 178.0 301.0 182.0 294.0 Vehicle 1
218.0 13.0 217.0 27.0 207.0 27.0 207.0 12.0 Vehicle 1
218.0 117.0 217.0 132.0 207.0 132.0 208.0 117.0 Vehicle 1
190.0 156.0 164.0 173.0 158.0 164.0 184.0 147.0 Vehicle 1
12.0 260.0 0.0 268.0 0.0 260.0 8.0 254.0 Vehicle 1
986.0 819.0 985.0 826.0 962.0 822.0 963.0 815.0 Vehicle 1
984.0 839.0 981.0 847.0 957.0 840.0 960.0 832.0 Vehicle 1
996.0 741.0 990.0 741.0 990.0 734.0 996.0 734.0 Vehicle 1
819.0 875.0 812.0 889.0 805.0 885.0 811.0 872.0 Vehicle 1
875.0 925.0 873.0 933.0 854.0 928.0 856.0 920.0 Vehicle 1
663.0 864.0 660.0 873.0 632.0 863.0 635.0 854.0 Vehicle 1
717.0 848.0 710.0 866.0 700.0 862.0 708.0 844.0 Vehicle 1
379.0 623.0 363.0 637.0 357.0 630.0 373.0 616.0 Vehicle 1
383.0 554.0 370.0 569.0 363.0 562.0 376.0 547.0 Vehicle 1
104.0 783.0 97.0 790.0 80.0 774.0 87.0 767.0 Vehicle 1
244.0 840.0 230.0 847.0 227.0 841.0 242.0 834.0 Vehicle 1
946.0 572.0 942.0 578.0 925.0 567.0 930.0 560.0 Vehicle 1
315.0 716.0 311.0 726.0 289.0 716.0 293.0 707.0 Vehicle 1
559.0 104.0 533.0 105.0 532.0 96.0 559.0 94.0 Vehicle 1
564.0 165.0 563.0 175.0 542.0 173.0 543.0 164.0 Vehicle 1
904.0 461.0 880.0 461.0 880.0 455.0 904.0 455.0 Vehicle 1
837.0 399.0 828.0 399.0 828.0 382.0 837.0 382.0 Vehicle 1
878.0 321.0 876.0 327.0 863.0 326.0 864.0 319.0 Vehicle 1
865.0 44.0 843.0 45.0 843.0 35.0 864.0 33.0 Vehicle 1
