600.0 480.0 589.0 480.0 589.0 473.0 600.0 473.0 Vehicle 1
487.0 441.0 471.0 441.0 471.0 435.0 487.0 435.0 Vehicle 1
481.0 480.0 462.0 480.0 462.0 473.0 481.0 474.0 Vehicle 1
479.0 471.0 461.0 469.0 461.0 463.0 479.0 465.0 Vehicle 1
356.0 395.0 355.0 411.0 347.0 411.0 348.0 395.0 Vehicle 1
238.0 458.0 237.0 473.0 228.0 472.0 230.0 457.0 Vehicle 1
251.0 458.0 250.0 474.0 241.0 474.0 242.0 458.0 Vehicle 1
265.0 459.0 264.0 474.0 255.0 474.0 256.0 458.0 Vehicle 1
276.0 478.0 267.0 478.0 268.0 459.0 276.0 459.0 Vehicle 1
302.0 461.0 300.0 481.0 291.0 481.0 292.0 460.0 Vehicle 1
304.0 517.0 303.0 533.0 295.0 532.0 295.0 516.0 Vehicle 1
289.0 531.0 281.0 530.0 282.0 515.0 289.0 516.0 Vehicle 1
277.0 531.0 269.0 531.0 269.0 515.0 277.0 515.0 Vehicle 1
264.0 530.0 257.0 530.0 256.0 516.0 263.0 515.0 Vehicle 1
253.0 529.0 245.0 529.0 245.0 514.0 253.0 514.0 Vehicle 1
240.0 512.0 239.0 528.0 231.0 528.0 232.0 512.0 Vehicle 1
214.0 527.0 206.0 527.0 206.0 513.0 213.0 512.0 Vehicle 1
189.0 510.0 188.0 526.0 180.0 526.0 181.0 510.0 Vehicle 1
181.0 530.0 180.0 543.0 173.0 543.0 173.0 530.0 Vehicle 1
194.0 543.0 187.0 543.0 186.0 529.0 194.0 529.0 Vehicle 1
222.0 531.0 220.0 545.0 213.0 544.0 214.0 530.0 Vehicle 1
237.0 546.0 229.0 546.0 229.0 532.0 237.0 532.0 Vehicle 1
249.0 531.0 248.0 545.0 241.0 544.0 242.0 531.0 Vehicle 1
260.0 549.0 252.0 549.0 253.0 535.0 260.0 535.0 Vehicle 1
271.0 535.0 269.0 549.0 262.0 548.0 263.0 534.0 Vehicle 1
284.0 549.0 276.0 549.0 276.0 535.0 283.0 535.0 Vehicle 1
336.0 554.0 328.0 554.0 328.0 536.0 336.0 536.0 Vehicle 1
219.0 577.0 218.0 591.0 211.0 591.0 211.0 577.0 Vehicle 1
254.0 608.0 247.0 608.0 247.0 594.0 254.0 594.0 Vehicle 1
294.0 598.0 293.0 612.0 285.0 611.0 286.0 597.0 Vehicle 1
307.0 599.0 306.0 613.0 298.0 612.0 299.0 599.0 Vehicle 1
331.0 615.0 324.0 615.0 324.0 600.0 331.0 600.0 Vehicle 1
346.0 588.0 345.0 613.0 334.0 612.0 336.0 588.0 Vehicle 1
350.0 641.0 349.0 660.0 342.0 659.0 342.0 641.0 Vehicle 1
336.0 657.0 327.0 657.0 327.0 641.0 336.0 641.0 Vehicle 1
321.0 657.0 313.0 657.0 313.0 641.0 321.0 641.0 Vehicle 1
309.0 655.0 301.0 654.0 301.0 641.0 309.0 641.0 Vehicle 1
296.0 641.0 295.0 654.0 288.0 653.0 289.0 640.0 Vehicle 1
283.0 640.0 282.0 655.0 274.0 655.0 276.0 640.0 Vehicle 1
270.0 635.0 268.0 648.0 261.0 648.0 262.0 634.0 Vehicle 1
258.0 649.0 250.0 649.0 250.0 634.0 258.0 634.0 Vehicle 1
231.0 648.0 223.0 648.0 223.0 635.0 231.0 635.0 Vehicle 1
251.0 711.0 228.0 710.0 229.0 703.0 251.0 704.0 Vehicle 1
366.0 689.0 364.0 703.0 358.0 702.0 359.0 688.0 Vehicle 1
436.0 714.0 415.0 713.0 416.0 707.0 436.0 708.0 Vehicle 1
433.0 734.0 413.0 733.0 414.0 727.0 433.0 728.0 Vehicle 1
430.0 744.0 413.0 743.0 413.0 736.0 430.0 737.0 Vehicle 1
487.0 759.0 466.0 760.0 466.0 753.0 487.0 752.0 Vehicle 1
485.0 738.0 467.0 738.0 467.0 731.0 485.0 731.0 Vehicle 1
484.0 711.0 468.0 711.0 468.0 704.0 484.0 705.0 Vehicle 1
459.0 648.0 458.0 662.0 451.0 662.0 452.0 647.0 Vehicle 1
449.0 644.0 448.0 663.0 439.0 662.0 441.0 644.0 Vehicle 1
422.0 658.0 414.0 659.0 414.0 644.0 421.0 644.0 Vehicle 1
410.0 647.0 409.0 663.0 401.0 663.0 402.0 647.0 Vehicle 1
410.0 638.0 403.0 639.0 403.0 627.0 410.0 627.0 Vehicle 1
420.0 641.0 413.0 641.0 413.0 627.0 420.0 627.0 Vehicle 1
432.0 641.0 425.0 641.0 425.0 626.0 432.0 626.0 Vehicle 1
445.0 642.0 437.0 642.0 437.0 625.0 445.0 625.0 Vehicle 1
436.0 604.0 430.0 605.0 428.0 591.0 435.0 590.0 Vehicle 1
497.0 593.0 496.0 611.0 488.0 610.0 488.0 593.0 Vehicle 1
595.0 661.0 591.0 667.0 579.0 658.0 583.0 652.0 Vehicle 1
578.0 660.0 574.0 666.0 561.0 656.0 565.0 650.0 Vehicle 1
566.0 664.0 560.0 670.0 547.0 656.0 552.0 651.0 Vehicle 1
544.0 659.0 539.0 664.0 527.0 653.0 532.0 648.0 Vehicle 1
530.0 660.0 524.0 666.0 510.0 654.0 515.0 647.0 Vehicle 1
538.0 633.0 537.0 648.0 530.0 648.0 530.0 633.0 Vehicle 1
550.0 649.0 542.0 649.0 542.0 633.0 550.0 633.0 Vehicle 1
570.0 648.0 563.0 649.0 562.0 634.0 569.0 634.0 Vehicle 1
583.0 634.0 582.0 648.0 574.0 647.0 575.0 634.0 Vehicle 1
599.0 652.0 592.0 652.0 592.0 636.0 599.0 636.0 Vehicle 1
599.0 612.0 591.0 612.0 590.0 598.0 598.0 598.0 Vehicle 1
588.0 612.0 580.0 612.0 579.0 598.0 587.0 597.0 Vehicle 1
575.0 612.0 567.0 612.0 567.0 598.0 575.0 598.0 Vehicle 1
564.0 611.0 556.0 612.0 556.0 596.0 564.0 595.0 Vehicle 1
552.0 610.0 544.0 610.0 545.0 596.0 552.0 596.0 Vehicle 1
540.0 596.0 539.0 610.0 531.0 609.0 532.0 595.0 Vehicle 1
545.0 589.0 528.0 587.0 528.0 581.0 545.0 583.0 Vehicle 1
592.0 540.0 591.0 556.0 583.0 556.0 584.0 539.0 Vehicle 1
486.0 110.0 469.0 111.0 468.0 104.0 485.0 104.0 Vehicle 1
470.0 169.0 450.0 168.0 451.0 162.0 470.0 163.0 Vehicle 1
448.0 244.0 432.0 248.0 431.0 241.0 447.0 237.0 Vehicle 1
394.0 213.0 378.0 213.0 378.0 207.0 393.0 207.0 Vehicle 1
396.0 203.0 379.0 203.0 379.0 197.0 396.0 197.0 Vehicle 1
352.0 339.0 351.0 346.0 334.0 345.0 335.0 337.0 Vehicle 1
395.0 321.0 389.0 321.0 389.0 309.0 395.0 309.0 Vehicle 1
304.0 207.0 287.0 209.0 286.0 201.0 304.0 200.0 Vehicle 1
295.0 130.0 273.0 131.0 273.0 124.0 294.0 123.0 Vehicle 1
255.0 34.0 254.0 40.0 235.0 39.0 236.0 32.0 Vehicle 1
404.0 17.0 403.0 23.0 386.0 21.0 387.0 15.0 Vehicle 1
30.0 136.0 29.0 152.0 21.0 152.0 22.0 136.0 Vehicle 1
17.0 150.0 10.0 150.0 10.0 137.0 17.0 137.0 Vehicle 1
600.0 392.0 588.0 391.0 589.0 386.0 600.0 386.0 Vehicle 1
593.0 365.0 576.0 364.0 577.0 358.0 593.0 359.0 Vehicle 1
504.0 380.0 503.0 385.0 483.0 384.0 483.0 378.0 Vehicle 1
503.0 357.0 482.0 356.0 482.0 350.0 503.0 351.0 Vehicle 1
451.0 346.0 450.0 353.0 433.0 352.0 433.0 345.0 Vehicle 1
333.0 367.0 332.0 372.0 315.0 371.0 315.0 366.0 Vehicle 1
294.0 340.0 276.0 338.0 277.0 332.0 294.0 334.0 Vehicle 1
263.0 368.0 245.0 368.0 245.0 363.0 263.0 363.0 Vehicle 1
208.0 359.0 207.0 365.0 189.0 363.0 190.0 357.0 Vehicle 1
26.0 722.0 25.0 738.0 18.0 738.0 18.0 722.0 Vehicle 1
32.0 645.0 25.0 645.0 25.0 633.0 32.0 633.0 Vehicle 1
44.0 512.0 43.0 528.0 36.0 528.0 37.0 512.0 Vehicle 1
48.0 469.0 39.0 469.0 40.0 454.0 48.0 454.0 Vehicle 1
52.0 430.0 51.0 450.0 41.0 450.0 42.0 430.0 Vehicle 1
56.0 390.0 48.0 390.0 48.0 375.0 56.0 375.0 Vehicle 1
94.0 388.0 93.0 401.0 86.0 401.0 86.0 388.0 Vehicle 1
72.0 233.0 70.0 251.0 62.0 250.0 64.0 233.0 Vehicle 1
72.0 227.0 65.0 227.0 65.0 212.0 72.0 212.0 Vehicle 1
108.0 228.0 107.0 241.0 99.0 240.0 100.0 228.0 Vehicle 1
113.0 176.0 112.0 192.0 104.0 191.0 105.0 176.0 Vehicle 1
98.0 59.0 97.0 80.0 87.0 80.0 88.0 58.0 Vehicle 1
29.0 685.0 28.0 699.0 20.0 698.0 21.0 685.0 Vehicle 1
