130.0 43.0 128.0 61.0 117.0 60.0 120.0 42.0 Vehicle 1
27.0 55.0 26.0 72.0 17.0 72.0 17.0 54.0 Vehicle 1
144.0 71.0 134.0 71.0 134.0 54.0 144.0 54.0 Vehicle 1
255.0 49.0 249.0 72.0 238.0 69.0 243.0 46.0 Vehicle 1
85.0 107.0 75.0 107.0 75.0 90.0 85.0 90.0 Vehicle 1
194.0 148.0 182.0 148.0 182.0 129.0 194.0 129.0 Vehicle 1
251.0 274.0 239.0 274.0 238.0 253.0 250.0 253.0 Vehicle 1
308.0 281.0 298.0 281.0 297.0 262.0 307.0 261.0 Vehicle 1
476.0 292.0 475.0 309.0 466.0 309.0 467.0 292.0 Vehicle 1
25.0 393.0 16.0 393.0 16.0 378.0 25.0 378.0 Vehicle 1
40.0 377.0 39.0 393.0 29.0 393.0 29.0 377.0 Vehicle 1
474.0 418.0 464.0 418.0 464.0 402.0 474.0 402.0 Vehicle 1
299.0 454.0 297.0 475.0 286.0 473.0 288.0 453.0 Vehicle 1
414.0 454.0 411.0 474.0 401.0 472.0 405.0 453.0 Vehicle 1
385.0 543.0 375.0 544.0 372.0 524.0 381.0 523.0 Vehicle 1
363.0 560.0 353.0 561.0 352.0 542.0 362.0 541.0 Vehicle 1
312.0 574.0 311.0 591.0 300.0 590.0 301.0 573.0 Vehicle 1
81.0 648.0 71.0 649.0 69.0 631.0 79.0 630.0 Vehicle 1
81.0 730.0 71.0 730.0 70.0 712.0 80.0 712.0 Vehicle 1
289.0 805.0 258.0 805.0 258.0 796.0 289.0 796.0 Vehicle 1
249.0 803.0 248.0 822.0 237.0 821.0 238.0 803.0 Vehicle 1
379.0 838.0 378.0 857.0 366.0 856.0 368.0 837.0 Vehicle 1
417.0 934.0 406.0 935.0 405.0 914.0 417.0 914.0 Vehicle 1
418.0 953.0 409.0 954.0 408.0 935.0 417.0 935.0 Vehicle 1
196.0 961.0 186.0 961.0 186.0 941.0 196.0 941.0 Vehicle 1
40.0 941.0 16.0 941.0 17.0 932.0 40.0 933.0 Vehicle 1
366.0 940.0 355.0 941.0 354.0 923.0 364.0 922.0 Vehicle 1
253.0 970.0 242.0 971.0 241.0 953.0 251.0 952.0 Vehicle 1
476.0 963.0 475.0 982.0 465.0 982.0 466.0 963.0 Vehicle 1
530.0 944.0 529.0 961.0 521.0 961.0 521.0 944.0 Vehicle 1
461.0 820.0 452.0 820.0 452.0 801.0 461.0 801.0 Vehicle 1
533.0 752.0 523.0 752.0 524.0 736.0 533.0 736.0 Vehicle 1
589.0 778.0 579.0 778.0 579.0 766.0 588.0 765.0 Vehicle 1
644.0 750.0 634.0 750.0 633.0 733.0 642.0 732.0 Vehicle 1
519.0 531.0 518.0 548.0 509.0 547.0 510.0 531.0 Vehicle 1
592.0 589.0 591.0 608.0 581.0 608.0 582.0 588.0 Vehicle 1
642.0 599.0 641.0 620.0 630.0 619.0 631.0 598.0 Vehicle 1
590.0 648.0 578.0 647.0 579.0 628.0 590.0 628.0 Vehicle 1
532.0 413.0 521.0 413.0 520.0 395.0 530.0 395.0 Vehicle 1
642.0 404.0 633.0 405.0 632.0 388.0 641.0 387.0 Vehicle 1
643.0 426.0 634.0 427.0 633.0 408.0 642.0 408.0 Vehicle 1
530.0 302.0 520.0 302.0 519.0 282.0 529.0 282.0 Vehicle 1
586.0 347.0 573.0 347.0 573.0 336.0 586.0 336.0 Vehicle 1
623.0 139.0 622.0 156.0 612.0 155.0 612.0 138.0 Vehicle 1
674.0 142.0 662.0 155.0 655.0 149.0 666.0 136.0 Vehicle 1
688.0 137.0 686.0 151.0 675.0 150.0 677.0 136.0 Vehicle 1
673.0 30.0 653.0 30.0 654.0 20.0 673.0 21.0 Vehicle 1
760.0 67.0 751.0 67.0 749.0 49.0 759.0 49.0 Vehicle 1
759.0 83.0 749.0 83.0 749.0 67.0 759.0 67.0 Vehicle 1
760.0 107.0 750.0 107.0 749.0 88.0 759.0 87.0 Vehicle 1
754.0 136.0 744.0 136.0 744.0 118.0 754.0 118.0 Vehicle 1
868.0 115.0 858.0 116.0 857.0 99.0 866.0 98.0 Vehicle 1
869.0 129.0 861.0 134.0 850.0 116.0 858.0 112.0 Vehicle 1
812.0 279.0 801.0 279.0 801.0 262.0 812.0 262.0 Vehicle 1
812.0 289.0 811.0 309.0 799.0 308.0 800.0 289.0 Vehicle 1
847.0 358.0 826.0 359.0 826.0 350.0 847.0 349.0 Vehicle 1
810.0 402.0 809.0 420.0 798.0 420.0 799.0 401.0 Vehicle 1
867.0 405.0 857.0 407.0 853.0 387.0 863.0 386.0 Vehicle 1
866.0 419.0 856.0 420.0 855.0 405.0 865.0 405.0 Vehicle 1
799.0 550.0 788.0 551.0 787.0 532.0 798.0 531.0 Vehicle 1
849.0 556.0 838.0 557.0 837.0 538.0 848.0 537.0 Vehicle 1
856.0 577.0 845.0 578.0 842.0 558.0 853.0 557.0 Vehicle 1
748.0 784.0 743.0 801.0 733.0 798.0 738.0 781.0 Vehicle 1
866.0 772.0 857.0 772.0 856.0 754.0 866.0 753.0 Vehicle 1
809.0 791.0 808.0 806.0 798.0 806.0 799.0 791.0 Vehicle 1
920.0 830.0 911.0 830.0 911.0 815.0 920.0 814.0 Vehicle 1
644.0 964.0 633.0 964.0 633.0 945.0 644.0 945.0 Vehicle 1
702.0 934.0 688.0 933.0 689.0 909.0 702.0 909.0 Vehicle 1
812.0 959.0 811.0 976.0 800.0 976.0 801.0 959.0 Vehicle 1
919.0 934.0 910.0 934.0 910.0 913.0 919.0 913.0 Vehicle 1
923.0 943.0 922.0 963.0 913.0 963.0 913.0 943.0 Vehicle 1
978.0 983.0 968.0 984.0 968.0 965.0 978.0 965.0 Vehicle 1
972.0 463.0 971.0 479.0 960.0 478.0 961.0 462.0 Vehicle 1
980.0 398.0 979.0 415.0 968.0 414.0 970.0 397.0 Vehicle 1
980.0 301.0 970.0 302.0 969.0 284.0 979.0 284.0 Vehicle 1
251.0 293.0 241.0 293.0 240.0 276.0 250.0 275.0 Vehicle 1
