782.0 582.0 772.0 594.0 767.0 590.0 777.0 577.0 Vehicle 1
235.0 574.0 231.0 580.0 214.0 569.0 219.0 563.0 Vehicle 1
54.0 560.0 50.0 567.0 33.0 556.0 37.0 549.0 Vehicle 1
723.0 15.0 719.0 21.0 703.0 12.0 707.0 5.0 Vehicle 1
786.0 477.0 777.0 487.0 772.0 483.0 781.0 472.0 Vehicle 1
739.0 447.0 726.0 459.0 721.0 454.0 734.0 442.0 Vehicle 1
678.0 373.0 674.0 379.0 659.0 371.0 663.0 364.0 Vehicle 1
639.0 389.0 628.0 401.0 623.0 396.0 634.0 384.0 Vehicle 1
656.0 400.0 645.0 411.0 640.0 406.0 651.0 395.0 Vehicle 1
652.0 357.0 647.0 365.0 628.0 351.0 633.0 344.0 Vehicle 1
618.0 337.0 613.0 344.0 594.0 331.0 600.0 323.0 Vehicle 1
568.0 339.0 557.0 351.0 552.0 347.0 563.0 335.0 Vehicle 1
542.0 324.0 531.0 333.0 527.0 329.0 537.0 319.0 Vehicle 1
423.0 189.0 412.0 200.0 407.0 195.0 418.0 184.0 Vehicle 1
376.0 219.0 364.0 232.0 358.0 226.0 370.0 214.0 Vehicle 1
299.0 169.0 286.0 182.0 280.0 177.0 293.0 164.0 Vehicle 1
309.0 117.0 298.0 127.0 293.0 123.0 304.0 112.0 Vehicle 1
274.0 95.0 264.0 106.0 259.0 102.0 269.0 91.0 Vehicle 1
188.0 40.0 175.0 54.0 170.0 49.0 182.0 35.0 Vehicle 1
278.0 468.0 264.0 482.0 259.0 477.0 273.0 463.0 Vehicle 1
302.0 248.0 293.0 257.0 288.0 252.0 297.0 243.0 Vehicle 1
280.0 226.0 269.0 240.0 262.0 234.0 274.0 221.0 Vehicle 1
269.0 222.0 260.0 233.0 255.0 228.0 264.0 217.0 Vehicle 1
253.0 212.0 240.0 227.0 234.0 221.0 247.0 207.0 Vehicle 1
245.0 204.0 233.0 218.0 227.0 213.0 239.0 199.0 Vehicle 1
236.0 200.0 228.0 211.0 222.0 207.0 230.0 196.0 Vehicle 1
225.0 196.0 217.0 206.0 212.0 202.0 220.0 192.0 Vehicle 1
217.0 191.0 207.0 203.0 201.0 199.0 211.0 186.0 Vehicle 1
203.0 177.0 189.0 192.0 184.0 187.0 197.0 172.0 Vehicle 1
193.0 173.0 176.0 190.0 170.0 185.0 187.0 167.0 Vehicle 1
166.0 157.0 156.0 169.0 150.0 165.0 160.0 153.0 Vehicle 1
142.0 143.0 130.0 155.0 125.0 149.0 137.0 138.0 Vehicle 1
118.0 129.0 107.0 141.0 100.0 136.0 112.0 123.0 Vehicle 1
103.0 114.0 88.0 131.0 81.0 126.0 97.0 109.0 Vehicle 1
86.0 105.0 70.0 123.0 64.0 117.0 80.0 99.0 Vehicle 1
60.0 90.0 47.0 103.0 42.0 98.0 54.0 85.0 Vehicle 1
50.0 84.0 40.0 97.0 34.0 92.0 44.0 79.0 Vehicle 1
33.0 77.0 21.0 89.0 15.0 83.0 27.0 71.0 Vehicle 1
36.0 157.0 27.0 169.0 21.0 164.0 30.0 152.0 Vehicle 1
68.0 153.0 59.0 164.0 53.0 158.0 62.0 147.0 Vehicle 1
96.0 168.0 84.0 179.0 79.0 175.0 91.0 163.0 Vehicle 1
117.0 184.0 105.0 196.0 100.0 190.0 112.0 179.0 Vehicle 1
136.0 194.0 124.0 205.0 120.0 200.0 131.0 189.0 Vehicle 1
151.0 205.0 138.0 219.0 132.0 213.0 144.0 199.0 Vehicle 1
166.0 215.0 156.0 226.0 151.0 221.0 161.0 210.0 Vehicle 1
184.0 226.0 172.0 237.0 168.0 232.0 180.0 221.0 Vehicle 1
218.0 245.0 204.0 261.0 197.0 254.0 211.0 238.0 Vehicle 1
231.0 257.0 221.0 268.0 215.0 262.0 225.0 252.0 Vehicle 1
249.0 267.0 237.0 279.0 232.0 273.0 243.0 261.0 Vehicle 1
241.0 286.0 231.0 297.0 226.0 292.0 236.0 281.0 Vehicle 1
226.0 275.0 215.0 287.0 210.0 282.0 221.0 270.0 Vehicle 1
185.0 248.0 177.0 258.0 172.0 254.0 180.0 244.0 Vehicle 1
171.0 238.0 158.0 252.0 151.0 246.0 165.0 232.0 Vehicle 1
152.0 229.0 142.0 240.0 137.0 235.0 147.0 224.0 Vehicle 1
137.0 219.0 124.0 234.0 117.0 228.0 130.0 213.0 Vehicle 1
121.0 208.0 106.0 222.0 101.0 217.0 115.0 202.0 Vehicle 1
111.0 204.0 101.0 213.0 96.0 209.0 106.0 199.0 Vehicle 1
89.0 187.0 76.0 200.0 70.0 195.0 83.0 182.0 Vehicle 1
21.0 199.0 9.0 214.0 2.0 208.0 14.0 194.0 Vehicle 1
45.0 215.0 33.0 229.0 26.0 223.0 39.0 209.0 Vehicle 1
52.0 221.0 41.0 232.0 36.0 227.0 47.0 216.0 Vehicle 1
72.0 231.0 58.0 245.0 52.0 239.0 65.0 225.0 Vehicle 1
94.0 245.0 82.0 258.0 77.0 253.0 89.0 240.0 Vehicle 1
102.0 252.0 90.0 264.0 85.0 258.0 97.0 247.0 Vehicle 1
145.0 277.0 130.0 292.0 124.0 286.0 139.0 271.0 Vehicle 1
157.0 290.0 147.0 301.0 141.0 296.0 152.0 285.0 Vehicle 1
176.0 324.0 164.0 337.0 157.0 331.0 169.0 318.0 Vehicle 1
161.0 312.0 146.0 327.0 140.0 321.0 155.0 306.0 Vehicle 1
120.0 287.0 108.0 301.0 102.0 295.0 114.0 281.0 Vehicle 1
105.0 275.0 91.0 289.0 85.0 284.0 99.0 269.0 Vehicle 1
70.0 256.0 59.0 269.0 53.0 264.0 64.0 251.0 Vehicle 1
47.0 240.0 35.0 254.0 29.0 248.0 41.0 235.0 Vehicle 1
20.0 226.0 9.0 237.0 4.0 232.0 15.0 221.0 Vehicle 1
125.0 346.0 112.0 360.0 106.0 354.0 118.0 341.0 Vehicle 1
23.0 497.0 19.0 502.0 5.0 493.0 9.0 487.0 Vehicle 1
