588.0 710.0 584.0 721.0 542.0 707.0 546.0 696.0 Vehicle 1
85.0 773.0 80.0 779.0 64.0 765.0 69.0 759.0 Vehicle 1
27.0 753.0 19.0 765.0 12.0 761.0 20.0 748.0 Vehicle 1
81.0 787.0 72.0 795.0 68.0 790.0 76.0 782.0 Vehicle 1
31.0 997.0 22.0 997.0 21.0 982.0 29.0 981.0 Vehicle 1
45.0 979.0 44.0 998.0 33.0 997.0 34.0 979.0 Vehicle 1
63.0 981.0 62.0 998.0 52.0 998.0 53.0 981.0 Vehicle 1
85.0 998.0 77.0 999.0 75.0 985.0 83.0 984.0 Vehicle 1
127.0 892.0 111.0 892.0 111.0 885.0 127.0 884.0 Vehicle 1
125.0 912.0 124.0 921.0 110.0 920.0 111.0 911.0 Vehicle 1
123.0 927.0 111.0 929.0 110.0 923.0 122.0 922.0 Vehicle 1
126.0 955.0 105.0 957.0 105.0 950.0 125.0 948.0 Vehicle 1
121.0 976.0 101.0 976.0 101.0 968.0 121.0 968.0 Vehicle 1
122.0 985.0 108.0 986.0 108.0 978.0 122.0 978.0 Vehicle 1
390.0 684.0 387.0 707.0 374.0 705.0 377.0 682.0 Vehicle 1
880.0 775.0 847.0 782.0 845.0 770.0 878.0 764.0 Vehicle 1
708.0 506.0 680.0 506.0 680.0 491.0 708.0 492.0 Vehicle 1
864.0 557.0 836.0 571.0 830.0 558.0 857.0 544.0 Vehicle 1
63.0 115.0 41.0 146.0 28.0 137.0 50.0 106.0 Vehicle 1
719.0 341.0 665.0 352.0 662.0 338.0 716.0 327.0 Vehicle 1
673.0 51.0 633.0 49.0 633.0 36.0 673.0 37.0 Vehicle 1
339.0 203.0 314.0 207.0 312.0 196.0 337.0 192.0 Vehicle 1
219.0 372.0 205.0 378.0 196.0 358.0 210.0 352.0 Vehicle 1
425.0 393.0 409.0 398.0 406.0 389.0 422.0 384.0 Vehicle 1
556.0 558.0 549.0 568.0 530.0 554.0 537.0 545.0 Vehicle 1
957.0 564.0 905.0 569.0 904.0 555.0 955.0 550.0 Vehicle 1
575.0 560.0 567.0 569.0 549.0 552.0 557.0 543.0 Vehicle 1
214.0 539.0 200.0 575.0 185.0 569.0 199.0 533.0 Vehicle 1
5.999973 450.000031 -5.901901 441.856659 7.098085 422.856659 18.99996 431.000031 Vehicle 1
361.0 116.0 328.0 136.0 319.0 121.0 352.0 101.0 Vehicle 1
9.083021 742.844238 0.999976 758.0 0.0 757.466675 0.0 738.0 Vehicle 1
30.0 705.0 22.0 722.0 12.0 717.0 20.0 700.0 Vehicle 1
61.0 707.0 49.0 717.0 15.0 674.0 27.0 664.0 Vehicle 1
