397.0 575.0 374.0 575.0 375.0 568.0 397.0 569.0 Vehicle 1
252.0 526.0 251.0 535.0 231.0 533.0 231.0 525.0 Vehicle 1
163.0 748.0 144.0 748.0 144.0 741.0 163.0 742.0 Vehicle 1
169.0 758.0 147.0 758.0 147.0 750.0 169.0 751.0 Vehicle 1
169.0 728.0 146.0 729.0 146.0 721.0 169.0 721.0 Vehicle 1
166.0 702.0 146.0 703.0 146.0 695.0 166.0 695.0 Vehicle 1
111.0 729.0 91.0 729.0 91.0 722.0 111.0 722.0 Vehicle 1
72.0 684.0 47.0 684.0 47.0 676.0 72.0 675.0 Vehicle 1
117.0 561.0 109.0 562.0 108.0 546.0 116.0 546.0 Vehicle 1
42.0 475.0 33.0 475.0 33.0 458.0 42.0 458.0 Vehicle 1
99.0 417.0 75.0 417.0 75.0 409.0 99.0 409.0 Vehicle 1
128.0 408.0 107.0 408.0 107.0 400.0 127.0 400.0 Vehicle 1
201.0 410.0 181.0 409.0 182.0 401.0 201.0 401.0 Vehicle 1
301.0 466.0 299.0 480.0 290.0 479.0 292.0 464.0 Vehicle 1
332.0 481.0 324.0 481.0 325.0 464.0 332.0 465.0 Vehicle 1
344.0 465.0 343.0 481.0 334.0 480.0 334.0 464.0 Vehicle 1
431.0 494.0 411.0 494.0 411.0 487.0 431.0 487.0 Vehicle 1
433.0 485.0 412.0 484.0 412.0 478.0 433.0 478.0 Vehicle 1
495.0 503.0 494.0 509.0 473.0 506.0 474.0 500.0 Vehicle 1
532.0 484.0 513.0 492.0 511.0 485.0 529.0 477.0 Vehicle 1
535.0 502.0 515.0 509.0 512.0 500.0 532.0 493.0 Vehicle 1
151.0 193.0 130.0 195.0 130.0 188.0 150.0 186.0 Vehicle 1
