791.0 407.0 785.0 424.0 776.0 421.0 781.0 404.0 Vehicle 1
808.0 415.0 801.0 430.0 792.0 425.0 800.0 411.0 Vehicle 1
852.0 427.0 847.0 443.0 839.0 440.0 844.0 424.0 Vehicle 1
819.0 489.0 814.0 502.0 807.0 499.0 813.0 486.0 Vehicle 1
660.0 590.0 654.0 606.0 646.0 603.0 652.0 587.0 Vehicle 1
676.0 581.0 671.0 594.0 664.0 591.0 669.0 578.0 Vehicle 1
670.0 572.0 663.0 590.0 655.0 586.0 662.0 569.0 Vehicle 1
659.0 570.0 653.0 587.0 644.0 584.0 651.0 566.0 Vehicle 1
618.0 559.0 612.0 575.0 602.0 571.0 609.0 555.0 Vehicle 1
619.0 579.0 613.0 596.0 604.0 592.0 611.0 575.0 Vehicle 1
590.0 568.0 582.0 587.0 573.0 583.0 582.0 564.0 Vehicle 1
569.0 562.0 560.0 577.0 554.0 574.0 563.0 559.0 Vehicle 1
588.0 546.0 580.0 564.0 572.0 561.0 581.0 542.0 Vehicle 1
545.0 555.0 536.0 572.0 527.0 567.0 536.0 551.0 Vehicle 1
535.0 551.0 528.0 567.0 519.0 563.0 526.0 547.0 Vehicle 1
493.0 538.0 486.0 552.0 478.0 548.0 485.0 534.0 Vehicle 1
512.0 580.0 510.0 587.0 486.0 580.0 488.0 573.0 Vehicle 1
639.0 585.0 632.0 602.0 624.0 598.0 631.0 582.0 Vehicle 1
585.0 614.0 579.0 629.0 571.0 626.0 577.0 611.0 Vehicle 1
596.0 616.0 592.0 631.0 585.0 629.0 589.0 614.0 Vehicle 1
637.0 631.0 633.0 647.0 625.0 644.0 630.0 629.0 Vehicle 1
629.0 626.0 621.0 643.0 614.0 640.0 622.0 623.0 Vehicle 1
585.0 638.0 580.0 654.0 571.0 651.0 576.0 635.0 Vehicle 1
501.0 657.0 490.0 663.0 487.0 657.0 498.0 652.0 Vehicle 1
539.0 619.0 533.0 633.0 523.0 629.0 529.0 615.0 Vehicle 1
351.0 607.0 333.0 614.0 331.0 608.0 349.0 601.0 Vehicle 1
907.0 768.0 904.0 775.0 886.0 768.0 889.0 760.0 Vehicle 1
657.0 769.0 651.0 771.0 646.0 753.0 653.0 751.0 Vehicle 1
649.0 770.0 643.0 777.0 628.0 765.0 634.0 758.0 Vehicle 1
478.590179 1003.491821 465.508209 992.59021 471.000031 986.0 484.082001 996.901611 Vehicle 1
228.0 749.0 223.0 754.0 211.0 739.0 216.0 735.0 Vehicle 1
205.0 770.0 198.0 776.0 185.0 761.0 191.0 755.0 Vehicle 1
10.0 452.0 4.0 456.0 0.0 449.0 5.0 446.0 Vehicle 1
43.0 494.0 35.0 499.0 25.0 483.0 32.0 478.0 Vehicle 1
439.0 352.0 433.0 371.0 425.0 368.0 432.0 349.0 Vehicle 1
391.0 308.0 387.0 322.0 380.0 320.0 383.0 306.0 Vehicle 1
372.0 300.0 367.0 316.0 358.0 313.0 363.0 297.0 Vehicle 1
376.0 370.0 367.0 390.0 358.0 387.0 367.0 366.0 Vehicle 1
374.0 349.0 367.0 366.0 358.0 363.0 365.0 345.0 Vehicle 1
334.0 356.0 326.0 372.0 318.0 368.0 325.0 352.0 Vehicle 1
343.0 360.0 335.0 376.0 327.0 372.0 335.0 356.0 Vehicle 1
363.0 367.0 356.0 384.0 348.0 381.0 355.0 363.0 Vehicle 1
244.0 416.0 237.0 420.0 229.0 407.0 235.0 403.0 Vehicle 1
352.0 413.0 346.0 430.0 337.0 426.0 343.0 410.0 Vehicle 1
341.0 410.0 335.0 426.0 326.0 422.0 332.0 407.0 Vehicle 1
312.0 400.0 304.0 417.0 296.0 413.0 304.0 397.0 Vehicle 1
323.0 405.0 316.0 420.0 308.0 416.0 316.0 401.0 Vehicle 1
282.0 388.0 268.0 397.0 264.0 391.0 278.0 381.0 Vehicle 1
276.0 382.0 261.0 390.0 257.0 383.0 272.0 374.0 Vehicle 1
271.0 373.0 255.0 381.0 251.0 374.0 268.0 366.0 Vehicle 1
266.0 365.0 249.0 374.0 246.0 367.0 263.0 359.0 Vehicle 1
263.0 357.0 245.0 367.0 241.0 359.0 258.0 350.0 Vehicle 1
254.0 352.0 240.0 359.0 237.0 352.0 250.0 345.0 Vehicle 1
234.0 321.0 222.0 325.0 219.0 318.0 231.0 314.0 Vehicle 1
256.0 261.000031 247.000015 279.000031 239.000015 275.000031 248.000015 257.000031 Vehicle 1
218.0 274.0 215.0 283.0 193.0 275.0 197.0 266.0 Vehicle 1
196.0 278.0 193.0 284.0 178.0 279.0 180.0 272.0 Vehicle 1
51.0 76.0 45.0 81.0 34.0 65.0 41.0 61.0 Vehicle 1
86.0 92.0 84.0 100.0 65.0 97.0 67.0 89.0 Vehicle 1
305.0 151.0 302.0 161.0 276.0 154.0 279.0 143.0 Vehicle 1
417.0 189.0 415.0 196.0 393.0 189.0 395.0 182.0 Vehicle 1
537.0 228.0 534.0 236.0 519.0 232.0 522.0 224.0 Vehicle 1
667.0 306.0 666.0 315.0 645.0 311.0 646.0 303.0 Vehicle 1
717.0 271.0 715.0 282.0 688.0 276.0 690.0 265.0 Vehicle 1
834.0 291.0 814.0 292.0 813.0 284.0 834.0 283.0 Vehicle 1
887.0 342.0 865.0 342.0 865.0 335.0 887.0 335.0 Vehicle 1
815.0 235.0 808.0 235.0 809.0 220.0 815.0 220.0 Vehicle 1
838.0 218.0 836.0 235.0 827.0 233.0 830.0 217.0 Vehicle 1
849.0 238.0 840.0 238.0 839.0 221.0 848.0 221.0 Vehicle 1
882.0 222.0 880.0 237.0 872.0 237.0 873.0 221.0 Vehicle 1
894.0 225.0 892.0 242.0 882.0 241.0 884.0 224.0 Vehicle 1
903.0 227.0 902.0 242.0 893.0 242.0 894.0 226.0 Vehicle 1
798.0 204.0 797.0 212.0 777.0 208.0 779.0 201.0 Vehicle 1
801.0 196.0 800.0 203.0 780.0 200.0 781.0 192.0 Vehicle 1
804.0 187.0 803.0 195.0 785.0 192.0 786.0 184.0 Vehicle 1
806.0 178.0 805.0 186.0 785.0 183.0 786.0 175.0 Vehicle 1
811.0 169.0 810.0 176.0 790.0 173.0 791.0 165.0 Vehicle 1
820.0 154.0 819.0 161.0 794.0 158.0 795.0 150.0 Vehicle 1
817.0 145.0 816.0 153.0 796.0 150.0 798.0 142.0 Vehicle 1
822.0 138.0 820.0 145.0 800.0 141.0 802.0 133.0 Vehicle 1
824.0 129.0 822.0 136.0 801.0 131.0 803.0 124.0 Vehicle 1
860.0 184.0 859.0 192.0 839.0 187.0 840.0 180.0 Vehicle 1
867.0 167.0 865.0 175.0 845.0 170.0 847.0 162.0 Vehicle 1
870.0 159.0 869.0 167.0 850.0 161.0 852.0 154.0 Vehicle 1
872.0 150.0 870.0 157.0 850.0 152.0 852.0 144.0 Vehicle 1
869.0 140.0 868.0 147.0 853.0 144.0 855.0 137.0 Vehicle 1
874.0 132.0 873.0 138.0 858.0 136.0 859.0 129.0 Vehicle 1
873.0 123.0 872.0 130.0 860.0 128.0 861.0 121.0 Vehicle 1
883.0 106.0 882.0 113.0 864.0 111.0 865.0 104.0 Vehicle 1
909.0 113.0 908.0 120.0 889.0 117.0 890.0 110.0 Vehicle 1
899.0 137.0 898.0 145.0 880.0 143.0 881.0 135.0 Vehicle 1
897.0 156.0 896.0 163.0 879.0 158.0 880.0 151.0 Vehicle 1
888.0 181.0 887.0 187.0 870.0 185.0 871.0 179.0 Vehicle 1
889.0 177.0 874.0 177.0 875.0 169.0 889.0 170.0 Vehicle 1
942.0 178.0 940.0 185.0 922.0 181.0 924.0 174.0 Vehicle 1
947.0 170.0 946.0 177.0 924.0 173.0 925.0 166.0 Vehicle 1
949.0 161.0 948.0 169.0 928.0 166.0 929.0 158.0 Vehicle 1
952.0 153.0 950.0 161.0 930.0 156.0 932.0 149.0 Vehicle 1
954.0 144.0 952.0 152.0 933.0 148.0 934.0 140.0 Vehicle 1
956.0 135.0 955.0 142.0 938.0 139.0 939.0 132.0 Vehicle 1
958.0 128.0 956.0 135.0 937.0 130.0 939.0 123.0 Vehicle 1
965.0 120.0 964.0 127.0 944.0 123.0 946.0 116.0 Vehicle 1
963.0 110.0 962.0 118.0 945.0 115.0 947.0 106.0 Vehicle 1
960.0 107.0 948.0 106.0 949.0 100.0 960.0 101.0 Vehicle 1
970.0 94.0 969.0 101.0 948.0 98.0 950.0 90.0 Vehicle 1
974.0 168.0 973.0 175.0 953.0 171.0 954.0 165.0 Vehicle 1
975.0 160.0 974.0 167.0 956.0 164.0 957.0 157.0 Vehicle 1
984.0 134.0 983.0 140.0 969.0 138.0 969.0 132.0 Vehicle 1
995.0 100.0 994.0 107.0 974.0 104.0 975.0 96.0 Vehicle 1
989.0 117.0 988.0 125.0 969.0 124.0 970.0 115.0 Vehicle 1
999.000061 90.000092 978.615417 85.92308 980.000061 79.0 1000.384705 83.077011 Vehicle 1
1000.0 245.0 993.0 245.0 993.0 229.0 1000.0 229.0 Vehicle 1
993.0 242.0 985.0 242.0 984.0 228.0 992.0 227.0 Vehicle 1
981.0 244.0 973.0 244.0 972.0 227.0 981.0 227.0 Vehicle 1
969.0 244.0 962.0 245.0 962.0 230.0 968.0 230.0 Vehicle 1
960.0 227.0 959.0 244.0 949.0 244.0 950.0 226.0 Vehicle 1
826.0 120.0 825.0 127.0 807.0 124.0 808.0 117.0 Vehicle 1
829.0 102.0 827.0 109.0 810.0 106.0 812.0 99.0 Vehicle 1
837.0 95.0 835.0 103.0 814.0 97.0 816.0 89.0 Vehicle 1
843.0 79.0 842.0 86.0 821.0 82.0 823.0 75.0 Vehicle 1
846.0 70.0 844.0 78.0 824.0 73.0 826.0 66.0 Vehicle 1
873.0 55.0 870.0 69.0 862.0 67.0 865.0 53.0 Vehicle 1
883.0 58.0 879.0 74.0 871.0 72.0 875.0 56.0 Vehicle 1
895.0 60.0 890.0 77.0 881.0 75.0 886.0 58.0 Vehicle 1
905.0 62.0 902.0 79.0 893.0 77.0 896.0 60.0 Vehicle 1
915.0 65.0 910.0 81.0 902.0 79.0 907.0 63.0 Vehicle 1
928.0 67.0 921.0 84.0 913.0 81.0 919.0 64.0 Vehicle 1
938.0 70.0 935.0 85.0 924.0 83.0 928.0 67.0 Vehicle 1
947.0 72.0 943.0 86.0 935.0 84.0 939.0 70.0 Vehicle 1
804.0 52.0 800.0 66.0 793.0 64.0 797.0 50.0 Vehicle 1
247.0 333.0 231.0 341.0 227.0 333.0 243.0 326.0 Vehicle 1
337.0 470.0 320.0 476.0 317.0 468.0 335.0 462.0 Vehicle 1
315.0 847.0 307.0 852.0 301.0 841.0 309.0 836.0 Vehicle 1
