787.0 288.0 778.0 288.0 776.0 266.0 785.0 266.0 Vehicle 1
250.0 117.0 237.0 118.0 236.0 111.0 249.0 111.0 Vehicle 1
252.0 108.0 237.0 109.0 236.0 104.0 252.0 102.0 Vehicle 1
730.0 578.0 722.0 579.0 719.0 564.0 727.0 563.0 Vehicle 1
67.0 594.0 60.0 595.0 58.0 581.0 65.0 580.0 Vehicle 1
80.0 552.0 73.0 556.0 64.0 541.0 71.0 537.0 Vehicle 1
38.0 502.0 37.0 517.0 30.0 517.0 30.0 502.0 Vehicle 1
573.0 69.0 548.0 74.0 546.0 64.0 571.0 60.0 Vehicle 1
570.0 55.0 545.0 60.0 543.0 51.0 569.0 46.0 Vehicle 1
572.0 40.0 541.0 46.0 539.0 37.0 570.0 31.0 Vehicle 1
561.0 19.0 552.0 19.0 549.0 1.0 559.0 0.0 Vehicle 1
421.0 17.0 388.0 24.0 386.0 14.0 419.0 8.0 Vehicle 1
328.0 85.0 308.0 87.0 307.0 79.0 327.0 77.0 Vehicle 1
329.0 74.0 310.0 77.0 309.0 70.0 328.0 67.0 Vehicle 1
328.0 64.0 308.0 68.0 307.0 61.0 326.0 57.0 Vehicle 1
327.0 55.0 305.0 60.0 303.0 52.0 325.0 48.0 Vehicle 1
325.0 46.0 300.0 49.0 299.0 42.0 323.0 37.0 Vehicle 1
326.0 32.0 304.0 34.0 303.0 28.0 325.0 25.0 Vehicle 1
366.0 27.0 337.0 32.0 335.0 22.0 365.0 17.0 Vehicle 1
267.0 54.0 248.0 57.0 247.0 49.0 266.0 46.0 Vehicle 1
243.0 58.0 222.0 60.0 222.0 53.0 242.0 51.0 Vehicle 1
231.0 94.0 223.0 97.0 217.0 74.0 225.0 72.0 Vehicle 1
208.0 128.0 185.0 128.0 185.0 121.0 208.0 121.0 Vehicle 1
147.0 105.0 140.0 107.0 134.0 88.0 142.0 86.0 Vehicle 1
77.0 61.0 60.0 64.0 58.0 57.0 75.0 53.0 Vehicle 1
39.0 67.0 18.0 70.0 16.0 63.0 38.0 60.0 Vehicle 1
464.0 285.0 456.0 286.0 453.0 268.0 461.0 266.0 Vehicle 1
406.0 291.0 398.0 293.0 393.0 275.0 401.0 273.0 Vehicle 1
395.0 293.0 385.0 295.0 382.0 278.0 392.0 277.0 Vehicle 1
451.0 286.0 441.0 287.0 440.0 272.0 450.0 271.0 Vehicle 1
