168.0 405.0 146.0 407.0 146.0 400.0 167.0 399.0 Vehicle 1
595.0 43.0 589.0 46.0 580.0 30.0 586.0 27.0 Vehicle 1
652.0 31.0 646.0 34.0 637.0 20.0 642.0 16.0 Vehicle 1
742.0 65.0 734.0 69.0 726.0 52.0 734.0 48.0 Vehicle 1
781.0 65.0 774.0 67.0 769.0 56.0 775.0 53.0 Vehicle 1
753.0 91.0 744.0 94.0 739.0 77.0 748.0 74.0 Vehicle 1
772.0 123.0 762.0 127.0 752.0 105.0 763.0 101.0 Vehicle 1
470.0 20.0 454.0 26.0 452.0 21.0 469.0 15.0 Vehicle 1
463.0 74.0 443.0 79.0 441.0 73.0 461.0 67.0 Vehicle 1
481.0 67.0 463.0 74.0 461.0 67.0 479.0 61.0 Vehicle 1
666.0 192.0 644.0 200.0 641.0 194.0 663.0 185.0 Vehicle 1
627.0 191.0 608.0 198.0 606.0 192.0 625.0 185.0 Vehicle 1
602.0 200.0 584.0 205.0 582.0 200.0 600.0 194.0 Vehicle 1
391.0 27.0 384.0 30.0 377.0 16.0 384.0 13.0 Vehicle 1
416.0 72.0 409.0 75.0 401.0 61.0 408.0 57.0 Vehicle 1
477.0 181.0 471.0 185.0 464.0 174.0 470.0 170.0 Vehicle 1
488.0 199.0 481.0 203.0 473.0 188.0 480.0 185.0 Vehicle 1
467.0 211.0 461.0 215.0 453.0 202.0 459.0 198.0 Vehicle 1
544.0 301.0 536.0 304.0 530.0 287.0 537.0 284.0 Vehicle 1
353.0 91.0 334.0 92.0 333.0 86.0 353.0 86.0 Vehicle 1
274.0 97.0 259.0 99.0 259.0 94.0 274.0 91.0 Vehicle 1
289.0 137.0 281.0 138.0 280.0 124.0 288.0 123.0 Vehicle 1
300.0 138.0 293.0 139.0 291.0 123.0 298.0 122.0 Vehicle 1
377.0 162.0 372.0 167.0 357.0 155.0 362.0 150.0 Vehicle 1
171.0 107.0 149.0 108.0 149.0 101.0 171.0 100.0 Vehicle 1
148.0 108.0 126.0 110.0 125.0 103.0 147.0 101.0 Vehicle 1
111.0 112.0 88.0 113.0 88.0 106.0 110.0 105.0 Vehicle 1
10.0 119.0 0.0 120.0 0.0 114.0 9.0 113.0 Vehicle 1
39.0 164.0 32.0 165.0 29.0 150.0 36.0 149.0 Vehicle 1
91.0 160.0 83.0 160.0 82.0 144.0 90.0 144.0 Vehicle 1
95.0 178.0 87.0 180.0 84.0 164.0 92.0 163.0 Vehicle 1
135.0 237.0 128.0 237.0 128.0 224.0 135.0 224.0 Vehicle 1
123.0 243.0 114.0 244.0 113.0 226.0 122.0 225.0 Vehicle 1
111.0 265.0 99.0 266.0 99.0 259.0 110.0 259.0 Vehicle 1
516.0 276.0 510.0 279.0 502.0 264.0 509.0 261.0 Vehicle 1
535.0 281.0 528.0 285.0 520.0 272.0 527.0 268.0 Vehicle 1
506.0 297.0 501.0 299.0 495.0 285.0 501.0 282.0 Vehicle 1
517.0 315.0 512.0 318.0 503.0 304.0 509.0 300.0 Vehicle 1
603.0 296.0 583.0 302.0 581.0 297.0 601.0 290.0 Vehicle 1
574.0 352.0 566.0 356.0 558.0 342.0 566.0 338.0 Vehicle 1
582.0 368.0 575.0 371.0 569.0 359.0 576.0 355.0 Vehicle 1
795.0 353.0 775.0 360.0 773.0 353.0 792.0 347.0 Vehicle 1
766.0 363.0 749.0 370.0 746.0 363.0 763.0 356.0 Vehicle 1
666.0 356.0 656.0 359.0 652.0 345.0 662.0 342.0 Vehicle 1
724.0 375.0 707.0 381.0 705.0 376.0 722.0 370.0 Vehicle 1
676.0 391.0 657.0 398.0 655.0 391.0 673.0 384.0 Vehicle 1
645.0 400.0 632.0 406.0 629.0 399.0 642.0 393.0 Vehicle 1
613.0 396.0 594.0 403.0 592.0 396.0 611.0 389.0 Vehicle 1
555.0 378.0 546.0 383.0 538.0 368.0 547.0 363.0 Vehicle 1
493.0 332.0 471.0 338.0 469.0 331.0 491.0 325.0 Vehicle 1
474.0 346.0 454.0 351.0 453.0 346.0 473.0 340.0 Vehicle 1
480.0 353.0 460.0 358.0 459.0 352.0 478.0 347.0 Vehicle 1
421.0 255.0 402.0 264.0 399.0 258.0 418.0 249.0 Vehicle 1
397.0 264.0 377.0 272.0 374.0 265.0 395.0 258.0 Vehicle 1
374.0 272.0 354.0 278.0 352.0 271.0 371.0 265.0 Vehicle 1
342.0 281.0 322.0 288.0 320.0 280.0 339.0 274.0 Vehicle 1
249.0 268.0 241.0 271.0 235.0 256.0 243.0 252.0 Vehicle 1
256.0 287.0 248.0 289.0 243.0 275.0 252.0 273.0 Vehicle 1
315.0 290.0 301.0 296.0 298.0 290.0 313.0 284.0 Vehicle 1
290.0 299.0 274.0 305.0 271.0 298.0 288.0 292.0 Vehicle 1
224.0 316.0 203.0 317.0 203.0 310.0 224.0 309.0 Vehicle 1
195.0 319.0 174.0 318.0 174.0 311.0 195.0 311.0 Vehicle 1
147.0 329.0 126.0 331.0 125.0 325.0 147.0 324.0 Vehicle 1
110.0 322.0 89.0 322.0 89.0 315.0 110.0 315.0 Vehicle 1
83.0 323.0 64.0 323.0 64.0 317.0 83.0 317.0 Vehicle 1
35.0 325.0 14.0 326.0 14.0 320.0 34.0 319.0 Vehicle 1
155.0 398.0 137.0 401.0 136.0 395.0 154.0 392.0 Vehicle 1
115.0 410.0 94.0 411.0 94.0 405.0 115.0 404.0 Vehicle 1
114.0 401.0 92.0 404.0 91.0 396.0 113.0 394.0 Vehicle 1
22.0 423.0 17.0 428.0 6.0 418.0 11.0 413.0 Vehicle 1
37.0 425.0 32.0 430.0 18.0 417.0 23.0 412.0 Vehicle 1
31.0 452.0 24.0 453.0 22.0 439.0 29.0 438.0 Vehicle 1
40.0 476.0 30.0 478.0 28.0 458.0 37.0 457.0 Vehicle 1
43.0 493.0 36.0 494.0 34.0 480.0 41.0 479.0 Vehicle 1
390.0 410.0 381.0 413.0 373.0 392.0 383.0 388.0 Vehicle 1
513.0 443.0 494.0 448.0 493.0 442.0 511.0 437.0 Vehicle 1
538.0 433.0 519.0 441.0 516.0 435.0 535.0 427.0 Vehicle 1
639.0 532.0 634.0 535.0 626.0 521.0 630.0 518.0 Vehicle 1
621.0 500.0 615.0 504.0 605.0 488.0 612.0 484.0 Vehicle 1
604.0 467.0 596.0 472.0 587.0 457.0 595.0 453.0 Vehicle 1
577.0 478.0 573.0 483.0 558.0 470.0 563.0 465.0 Vehicle 1
481.0 503.0 474.0 507.0 467.0 493.0 474.0 490.0 Vehicle 1
516.0 535.0 509.0 537.0 505.0 523.0 513.0 522.0 Vehicle 1
527.0 537.0 520.0 539.0 516.0 524.0 524.0 522.0 Vehicle 1
593.0 588.0 573.0 591.0 572.0 584.0 592.0 581.0 Vehicle 1
215.0 384.0 207.0 386.0 204.0 372.0 212.0 370.0 Vehicle 1
244.0 397.0 219.0 402.0 217.0 394.0 242.0 389.0 Vehicle 1
273.0 400.0 252.0 402.0 252.0 396.0 272.0 394.0 Vehicle 1
385.0 380.0 378.0 381.0 374.0 363.0 381.0 361.0 Vehicle 1
398.0 377.0 391.0 379.0 385.0 361.0 393.0 358.0 Vehicle 1
462.0 441.0 427.0 451.0 425.0 441.0 459.0 431.0 Vehicle 1
400.0 404.0 392.0 406.0 389.0 391.0 397.0 390.0 Vehicle 1
405.0 428.0 397.0 429.0 395.0 414.0 403.0 413.0 Vehicle 1
417.0 426.0 411.0 428.0 406.0 414.0 412.0 411.0 Vehicle 1
393.0 437.0 385.0 438.0 382.0 422.0 390.0 421.0 Vehicle 1
421.0 467.0 397.0 470.0 396.0 463.0 420.0 461.0 Vehicle 1
183.0 500.0 162.0 502.0 162.0 497.0 183.0 495.0 Vehicle 1
138.0 506.0 118.0 510.0 117.0 503.0 137.0 500.0 Vehicle 1
83.0 513.0 64.0 516.0 63.0 510.0 83.0 507.0 Vehicle 1
334.0 597.0 324.0 598.0 322.0 582.0 331.0 581.0 Vehicle 1
194.0 547.0 172.0 551.0 171.0 545.0 193.0 541.0 Vehicle 1
217.0 572.0 193.0 574.0 192.0 568.0 217.0 565.0 Vehicle 1
273.0 391.0 252.0 393.0 251.0 387.0 272.0 385.0 Vehicle 1
