763.0 993.0 755.0 993.0 755.0 973.0 763.0 973.0 Vehicle 1
764.0 955.0 763.0 971.0 756.0 971.0 756.0 955.0 Vehicle 1
763.0 944.0 756.0 944.0 756.0 928.0 763.0 928.0 Vehicle 1
765.0 922.0 757.0 922.0 758.0 904.0 765.0 904.0 Vehicle 1
764.0 896.0 757.0 896.0 757.0 879.0 764.0 879.0 Vehicle 1
764.0 874.0 758.0 874.0 758.0 858.0 764.0 858.0 Vehicle 1
763.0 828.0 756.0 828.0 756.0 812.0 763.0 812.0 Vehicle 1
766.0 730.0 765.0 745.0 758.0 745.0 758.0 730.0 Vehicle 1
765.0 749.0 764.0 763.0 757.0 763.0 757.0 749.0 Vehicle 1
749.0 668.0 748.0 689.0 738.0 689.0 739.0 668.0 Vehicle 1
751.0 497.0 744.0 497.0 743.0 480.0 750.0 480.0 Vehicle 1
819.0 394.0 808.0 409.0 803.0 405.0 814.0 390.0 Vehicle 1
850.0 354.0 841.0 367.0 835.0 363.0 844.0 350.0 Vehicle 1
842.0 281.0 840.0 288.0 826.0 285.0 828.0 278.0 Vehicle 1
840.0 271.0 838.0 278.0 823.0 274.0 824.0 267.0 Vehicle 1
866.0 255.0 863.0 261.0 848.0 255.0 850.0 249.0 Vehicle 1
870.0 236.0 868.0 243.0 849.0 236.0 851.0 229.0 Vehicle 1
770.0 213.0 762.0 213.0 763.0 197.0 770.0 197.0 Vehicle 1
797.0 183.0 780.0 189.0 777.0 180.0 794.0 174.0 Vehicle 1
870.0 147.0 866.0 154.0 851.0 147.0 855.0 140.0 Vehicle 1
842.0 84.0 839.0 91.0 826.0 86.0 829.0 79.0 Vehicle 1
741.0 36.0 734.0 36.0 734.0 17.0 741.0 17.0 Vehicle 1
412.0 190.0 411.0 208.0 403.0 207.0 404.0 190.0 Vehicle 1
448.0 206.0 441.0 206.0 440.0 192.0 447.0 192.0 Vehicle 1
418.0 45.0 411.0 46.0 410.0 33.0 417.0 32.0 Vehicle 1
28.0 113.0 20.0 113.0 19.0 95.0 27.0 95.0 Vehicle 1
210.0 34.0 205.0 39.0 194.0 26.0 199.0 21.0 Vehicle 1
