647.0 303.0 632.0 305.0 631.0 298.0 646.0 296.0 Vehicle 1
842.0 288.0 827.0 290.0 826.0 283.0 841.0 281.0 Vehicle 1
975.0 403.0 967.0 404.0 965.0 386.0 973.0 385.0 Vehicle 1
922.0 416.0 904.0 419.0 903.0 412.0 921.0 409.0 Vehicle 1
986.0 462.0 977.0 465.0 971.0 451.0 979.0 447.0 Vehicle 1
997.0 511.0 991.0 512.0 988.0 497.0 995.0 496.0 Vehicle 1
986.0 570.0 979.0 572.0 975.0 555.0 983.0 554.0 Vehicle 1
796.0 659.0 779.0 661.0 778.0 652.0 795.0 650.0 Vehicle 1
831.0 676.0 811.0 679.0 810.0 670.0 830.0 668.0 Vehicle 1
745.0 670.0 717.0 673.0 716.0 664.0 744.0 661.0 Vehicle 1
717.0 698.0 687.0 703.0 685.0 693.0 715.0 688.0 Vehicle 1
854.0 716.0 847.0 716.0 846.0 703.0 853.0 702.0 Vehicle 1
982.0 718.0 963.0 720.0 963.0 714.0 981.0 712.0 Vehicle 1
697.0 843.0 688.0 846.0 683.0 829.0 692.0 826.0 Vehicle 1
599.0 527.0 591.0 529.0 588.0 513.0 596.0 512.0 Vehicle 1
553.0 34.0 541.0 37.0 539.0 30.0 552.0 27.0 Vehicle 1
551.0 26.0 538.0 28.0 537.0 22.0 550.0 19.0 Vehicle 1
552.0 17.0 537.0 19.0 536.0 13.0 551.0 11.0 Vehicle 1
490.0 37.0 483.0 38.0 481.0 24.0 488.0 23.0 Vehicle 1
496.0 62.0 490.0 63.0 487.0 47.0 493.0 46.0 Vehicle 1
504.0 94.0 497.0 95.0 494.0 82.0 502.0 81.0 Vehicle 1
508.0 112.0 500.0 113.0 497.0 97.0 505.0 95.0 Vehicle 1
571.0 147.0 563.0 151.0 555.0 135.0 562.0 131.0 Vehicle 1
520.0 170.0 511.0 172.0 508.0 155.0 517.0 153.0 Vehicle 1
526.0 196.0 519.0 197.0 516.0 182.0 523.0 181.0 Vehicle 1
553.0 200.0 544.0 201.0 541.0 183.0 550.0 182.0 Vehicle 1
532.0 218.0 524.0 219.0 521.0 201.0 528.0 199.0 Vehicle 1
537.0 240.0 529.0 242.0 525.0 222.0 533.0 221.0 Vehicle 1
542.0 265.0 535.0 266.0 532.0 248.0 539.0 247.0 Vehicle 1
470.0 246.0 461.0 247.0 459.0 232.0 468.0 231.0 Vehicle 1
482.0 220.0 475.0 222.0 473.0 209.0 480.0 208.0 Vehicle 1
467.0 227.0 458.0 229.0 456.0 214.0 465.0 213.0 Vehicle 1
453.0 229.0 444.0 230.0 442.0 216.0 451.0 215.0 Vehicle 1
439.0 231.0 431.0 232.0 429.0 217.0 437.0 216.0 Vehicle 1
427.0 232.0 419.0 233.0 415.0 218.0 423.0 216.0 Vehicle 1
521.0 348.0 503.0 350.0 503.0 342.0 520.0 340.0 Vehicle 1
461.0 341.0 438.0 346.0 436.0 337.0 459.0 332.0 Vehicle 1
344.0 362.0 327.0 366.0 325.0 359.0 343.0 355.0 Vehicle 1
289.0 380.0 267.0 384.0 266.0 377.0 287.0 372.0 Vehicle 1
67.0 422.0 51.0 425.0 49.0 417.0 65.0 414.0 Vehicle 1
754.0 492.0 739.0 495.0 738.0 489.0 752.0 486.0 Vehicle 1
732.0 495.0 715.0 498.0 714.0 492.0 731.0 490.0 Vehicle 1
