341.0 267.0 320.0 271.0 320.0 265.0 340.0 261.0 Vehicle 1
324.0 243.0 305.0 248.0 303.0 242.0 322.0 237.0 Vehicle 1
319.0 236.0 300.0 240.0 299.0 233.0 317.0 229.0 Vehicle 1
298.0 162.0 283.0 165.0 282.0 159.0 297.0 156.0 Vehicle 1
224.0 166.0 215.0 168.0 213.0 149.0 221.0 147.0 Vehicle 1
555.0 529.0 545.0 531.0 544.0 514.0 553.0 513.0 Vehicle 1
594.0 731.0 588.0 731.0 586.0 712.0 593.0 711.0 Vehicle 1
582.0 729.0 574.0 729.0 574.0 712.0 582.0 712.0 Vehicle 1
548.0 728.0 539.0 729.0 539.0 710.0 547.0 710.0 Vehicle 1
536.0 729.0 529.0 730.0 527.0 713.0 534.0 712.0 Vehicle 1
525.0 729.0 518.0 732.0 512.0 717.0 519.0 714.0 Vehicle 1
514.0 735.0 508.0 737.0 500.0 719.0 507.0 717.0 Vehicle 1
