580.0 828.0 572.0 827.0 573.0 816.0 580.0 816.0 Vehicle 1
475.0 822.0 474.0 837.0 467.0 837.0 468.0 822.0 Vehicle 1
978.0 499.0 958.0 499.0 958.0 492.0 978.0 492.0 Vehicle 1
830.0 545.0 812.0 547.0 811.0 541.0 829.0 539.0 Vehicle 1
807.0 546.0 790.0 549.0 790.0 543.0 806.0 541.0 Vehicle 1
871.0 708.0 864.0 709.0 862.0 692.0 869.0 691.0 Vehicle 1
617.0 785.0 599.0 785.0 599.0 779.0 617.0 780.0 Vehicle 1
538.0 802.0 519.0 802.0 519.0 795.0 538.0 795.0 Vehicle 1
458.0 784.0 441.0 784.0 441.0 777.0 458.0 778.0 Vehicle 1
562.0 719.0 554.0 719.0 555.0 703.0 562.0 703.0 Vehicle 1
286.0 651.0 262.0 652.0 261.0 644.0 286.0 644.0 Vehicle 1
284.0 672.0 266.0 673.0 266.0 667.0 284.0 666.0 Vehicle 1
285.0 662.0 265.0 664.0 265.0 657.0 284.0 655.0 Vehicle 1
200.0 674.0 182.0 673.0 183.0 667.0 200.0 668.0 Vehicle 1
389.0 340.0 370.0 340.0 370.0 333.0 389.0 333.0 Vehicle 1
420.0 388.0 413.0 389.0 412.0 373.0 419.0 373.0 Vehicle 1
393.0 389.0 386.0 389.0 385.0 373.0 392.0 373.0 Vehicle 1
379.0 389.0 372.0 390.0 371.0 375.0 378.0 374.0 Vehicle 1
345.0 374.0 344.0 387.0 338.0 387.0 338.0 374.0 Vehicle 1
329.0 398.0 318.0 398.0 318.0 375.0 329.0 375.0 Vehicle 1
836.0 229.0 829.0 230.0 828.0 216.0 835.0 216.0 Vehicle 1
693.0 68.0 674.0 68.0 675.0 61.0 693.0 61.0 Vehicle 1
663.0 68.0 644.0 68.0 644.0 62.0 663.0 62.0 Vehicle 1
630.0 69.0 612.0 69.0 613.0 62.0 630.0 63.0 Vehicle 1
574.0 69.0 558.0 69.0 558.0 64.0 574.0 63.0 Vehicle 1
