532.0 111.0 529.0 126.0 523.0 125.0 526.0 110.0 Vehicle 1
522.0 107.0 518.0 123.0 512.0 122.0 516.0 105.0 Vehicle 1
472.0 155.0 469.0 162.0 453.0 156.0 456.0 149.0 Vehicle 1
538.0 171.0 524.0 180.0 520.0 175.0 535.0 165.0 Vehicle 1
541.0 193.0 528.0 203.0 524.0 197.0 537.0 188.0 Vehicle 1
566.0 253.0 553.0 262.0 549.0 257.0 563.0 247.0 Vehicle 1
557.0 191.0 545.0 202.0 540.0 197.0 552.0 186.0 Vehicle 1
511.0 251.0 509.0 255.0 493.0 249.0 496.0 244.0 Vehicle 1
438.0 347.0 424.0 358.0 419.0 351.0 434.0 341.0 Vehicle 1
590.0 424.0 576.0 436.0 571.0 431.0 585.0 420.0 Vehicle 1
588.0 394.0 574.0 404.0 570.0 398.0 584.0 389.0 Vehicle 1
622.0 576.0 606.0 577.0 606.0 571.0 622.0 569.0 Vehicle 1
577.0 567.0 570.0 568.0 569.0 556.0 576.0 555.0 Vehicle 1
571.0 484.0 561.0 485.0 558.0 458.0 568.0 458.0 Vehicle 1
