400.0 580.0 396.0 596.0 386.0 594.0 390.0 578.0 Vehicle 1
512.0 621.0 508.0 636.0 496.0 633.0 501.0 618.0 Vehicle 1
524.0 630.0 515.0 645.0 506.0 640.0 516.0 624.0 Vehicle 1
736.0 675.0 726.0 677.0 723.0 661.0 732.0 659.0 Vehicle 1
785.0 664.0 773.0 667.0 768.0 649.0 780.0 646.0 Vehicle 1
777.0 716.0 768.0 720.0 761.0 702.0 770.0 699.0 Vehicle 1
740.0 723.0 731.0 725.0 727.0 707.0 736.0 706.0 Vehicle 1
719.0 727.0 708.0 730.0 703.0 712.0 713.0 709.0 Vehicle 1
646.0 690.0 636.0 694.0 630.0 674.0 641.0 671.0 Vehicle 1
622.0 694.0 611.0 696.0 607.0 678.0 618.0 676.0 Vehicle 1
596.0 770.0 595.0 780.0 573.0 779.0 573.0 769.0 Vehicle 1
584.0 802.0 583.0 809.0 565.0 808.0 565.0 800.0 Vehicle 1
560.0 833.0 557.0 841.0 537.0 833.0 540.0 825.0 Vehicle 1
531.0 859.0 527.0 868.0 508.0 858.0 512.0 849.0 Vehicle 1
522.0 866.0 518.0 874.0 500.0 865.0 504.0 857.0 Vehicle 1
512.0 875.0 509.0 882.0 492.0 873.0 495.0 866.0 Vehicle 1
490.0 889.0 485.0 896.0 466.0 884.0 471.0 876.0 Vehicle 1
58.0 817.0 35.0 823.0 33.0 813.0 56.0 807.0 Vehicle 1
147.0 763.0 118.0 767.0 116.0 757.0 145.0 753.0 Vehicle 1
154.0 679.0 152.0 687.0 129.0 683.0 130.0 675.0 Vehicle 1
106.0 514.0 91.0 526.0 84.0 518.0 100.0 505.0 Vehicle 1
97.0 507.0 83.0 519.0 77.0 512.0 91.0 500.0 Vehicle 1
72.0 550.0 55.0 564.0 48.0 556.0 65.0 542.0 Vehicle 1
38.0 530.0 21.0 544.0 15.0 536.0 32.0 523.0 Vehicle 1
