335.0 172.0 327.0 174.0 321.0 151.0 330.0 149.0 Vehicle 1
329.0 148.0 322.0 149.0 319.0 133.0 326.0 132.0 Vehicle 1
317.0 89.0 310.0 89.0 306.0 74.0 313.0 73.0 Vehicle 1
313.0 70.0 306.0 72.0 302.0 55.0 309.0 54.0 Vehicle 1
307.0 46.0 300.0 47.0 297.0 31.0 303.0 30.0 Vehicle 1
303.0 25.0 295.0 28.0 291.0 8.0 299.0 6.0 Vehicle 1
320.0 107.0 313.0 108.0 310.0 91.0 317.0 89.0 Vehicle 1
272.0 66.0 266.0 67.0 263.0 54.0 270.0 52.0 Vehicle 1
278.0 89.0 271.0 89.0 269.0 72.0 276.0 72.0 Vehicle 1
282.0 111.0 275.0 111.0 273.0 96.0 280.0 95.0 Vehicle 1
296.0 178.0 289.0 179.0 287.0 163.0 294.0 162.0 Vehicle 1
300.0 194.0 293.0 194.0 292.0 179.0 299.0 179.0 Vehicle 1
349.0 80.0 341.0 83.0 335.0 66.0 342.0 63.0 Vehicle 1
362.0 74.0 354.0 77.0 349.0 55.0 357.0 54.0 Vehicle 1
412.0 134.0 405.0 140.0 391.0 124.0 398.0 118.0 Vehicle 1
396.0 136.0 390.0 142.0 377.0 129.0 384.0 123.0 Vehicle 1
619.0 196.0 599.0 200.0 598.0 192.0 618.0 189.0 Vehicle 1
769.0 171.0 751.0 174.0 750.0 167.0 768.0 164.0 Vehicle 1
812.0 141.0 792.0 143.0 791.0 136.0 811.0 134.0 Vehicle 1
766.0 148.0 747.0 149.0 746.0 141.0 764.0 138.0 Vehicle 1
959.0 141.0 937.0 143.0 936.0 134.0 958.0 133.0 Vehicle 1
408.0 511.0 400.0 513.0 398.0 494.0 405.0 492.0 Vehicle 1
415.0 538.0 407.0 539.0 404.0 515.0 412.0 514.0 Vehicle 1
461.0 736.0 452.0 737.0 449.0 720.0 458.0 719.0 Vehicle 1
393.0 599.0 382.0 601.0 377.0 571.0 388.0 569.0 Vehicle 1
404.0 653.0 396.0 654.0 394.0 639.0 402.0 637.0 Vehicle 1
408.0 671.0 400.0 674.0 397.0 654.0 405.0 653.0 Vehicle 1
413.0 697.0 404.0 699.0 401.0 676.0 410.0 675.0 Vehicle 1
419.0 723.0 409.0 724.0 406.0 698.0 416.0 697.0 Vehicle 1
426.0 752.0 417.0 754.0 413.0 733.0 422.0 731.0 Vehicle 1
535.0 761.0 523.0 784.0 513.0 779.0 524.0 757.0 Vehicle 1
499.0 569.0 478.0 571.0 477.0 561.0 498.0 559.0 Vehicle 1
523.0 565.0 503.0 568.0 501.0 559.0 522.0 556.0 Vehicle 1
548.0 559.0 530.0 562.0 528.0 556.0 547.0 553.0 Vehicle 1
567.0 581.0 549.0 583.0 548.0 573.0 566.0 572.0 Vehicle 1
693.0 536.0 672.0 539.0 671.0 532.0 692.0 529.0 Vehicle 1
637.0 568.0 621.0 570.0 620.0 561.0 636.0 559.0 Vehicle 1
662.0 566.0 643.0 567.0 642.0 559.0 661.0 558.0 Vehicle 1
793.0 483.0 792.0 506.0 782.0 506.0 783.0 483.0 Vehicle 1
726.0 960.0 710.0 962.0 709.0 954.0 724.0 951.0 Vehicle 1
949.0 918.0 926.0 921.0 925.0 911.0 948.0 907.0 Vehicle 1
496.0 592.0 481.0 595.0 480.0 587.0 495.0 585.0 Vehicle 1
