981.0 17.0 979.0 23.0 958.0 15.0 960.0 9.0 Vehicle 1
981.0 26.0 979.0 33.0 957.0 26.0 959.0 19.0 Vehicle 1
988.0 58.0 985.0 66.0 956.0 56.0 959.0 48.0 Vehicle 1
984.0 89.0 982.0 97.0 961.0 90.0 964.0 82.0 Vehicle 1
980.0 129.0 977.0 136.0 954.0 127.0 957.0 120.0 Vehicle 1
984.0 159.0 981.0 166.0 961.0 159.0 964.0 152.0 Vehicle 1
984.0 170.0 980.0 179.0 955.0 169.0 959.0 160.0 Vehicle 1
984.0 200.0 981.0 208.0 960.0 200.0 962.0 192.0 Vehicle 1
986.0 211.0 983.0 218.0 961.0 210.0 964.0 202.0 Vehicle 1
986.0 222.0 983.0 229.0 962.0 220.0 965.0 213.0 Vehicle 1
987.0 232.0 985.0 239.0 963.0 231.0 965.0 225.0 Vehicle 1
983.0 240.0 980.0 248.0 957.0 240.0 960.0 232.0 Vehicle 1
901.0 250.0 895.0 257.0 881.0 243.0 887.0 237.0 Vehicle 1
872.0 250.0 865.0 257.0 850.0 242.0 857.0 235.0 Vehicle 1
840.0 248.0 833.0 254.0 822.0 241.0 828.0 235.0 Vehicle 1
801.0 254.0 794.0 261.0 781.0 247.0 787.0 241.0 Vehicle 1
774.0 274.0 753.0 273.0 753.0 265.0 774.0 266.0 Vehicle 1
866.0 282.0 853.0 295.0 847.0 289.0 859.0 276.0 Vehicle 1
809.0 324.0 788.0 323.0 789.0 316.0 809.0 316.0 Vehicle 1
780.0 325.0 755.0 324.0 756.0 318.0 780.0 318.0 Vehicle 1
597.0 334.0 586.0 334.0 586.0 318.0 597.0 319.0 Vehicle 1
657.0 410.0 647.0 410.0 646.0 391.0 656.0 391.0 Vehicle 1
670.0 410.0 660.0 410.0 660.0 392.0 670.0 392.0 Vehicle 1
710.0 392.0 709.0 410.0 700.0 409.0 700.0 392.0 Vehicle 1
737.0 406.0 729.0 406.0 730.0 396.0 737.0 396.0 Vehicle 1
567.0 403.0 557.0 403.0 557.0 386.0 567.0 386.0 Vehicle 1
776.0 467.0 766.0 467.0 765.0 449.0 775.0 448.0 Vehicle 1
713.0 470.0 704.0 470.0 703.0 453.0 712.0 453.0 Vehicle 1
700.0 467.0 690.0 468.0 689.0 449.0 699.0 449.0 Vehicle 1
686.0 469.0 677.0 470.0 675.0 450.0 685.0 450.0 Vehicle 1
670.0 469.0 661.0 469.0 660.0 451.0 669.0 451.0 Vehicle 1
641.0 468.0 634.0 469.0 633.0 453.0 640.0 453.0 Vehicle 1
629.0 470.0 619.0 470.0 619.0 451.0 628.0 451.0 Vehicle 1
600.0 525.0 591.0 526.0 589.0 510.0 598.0 509.0 Vehicle 1
624.0 511.0 623.0 525.0 614.0 525.0 615.0 511.0 Vehicle 1
653.0 525.0 642.0 525.0 642.0 507.0 653.0 507.0 Vehicle 1
667.0 509.0 666.0 525.0 656.0 524.0 656.0 509.0 Vehicle 1
678.0 509.0 677.0 525.0 667.0 525.0 668.0 509.0 Vehicle 1
571.0 473.0 557.0 473.0 557.0 450.0 571.0 450.0 Vehicle 1
523.0 596.0 513.0 596.0 513.0 578.0 523.0 578.0 Vehicle 1
525.0 622.0 515.0 622.0 514.0 602.0 524.0 602.0 Vehicle 1
525.0 662.0 515.0 662.0 515.0 646.0 525.0 646.0 Vehicle 1
619.0 661.0 597.0 660.0 597.0 654.0 619.0 654.0 Vehicle 1
368.0 387.0 367.0 404.0 358.0 404.0 358.0 387.0 Vehicle 1
377.0 386.0 376.0 404.0 368.0 404.0 368.0 386.0 Vehicle 1
385.0 402.0 376.0 402.0 376.0 387.0 384.0 387.0 Vehicle 1
398.0 385.0 397.0 401.0 388.0 401.0 388.0 385.0 Vehicle 1
450.0 385.0 449.0 403.0 440.0 403.0 441.0 385.0 Vehicle 1
469.0 404.0 460.0 404.0 460.0 387.0 469.0 387.0 Vehicle 1
691.0 78.0 667.0 79.0 667.0 72.0 691.0 70.0 Vehicle 1
694.0 118.0 661.0 117.0 662.0 109.0 694.0 110.0 Vehicle 1
696.0 134.0 695.0 143.0 668.0 141.0 668.0 132.0 Vehicle 1
81.0 781.0 53.0 782.0 52.0 771.0 81.0 770.0 Vehicle 1
569.0 898.0 568.0 913.0 559.0 912.0 560.0 897.0 Vehicle 1
898.0 659.0 878.0 660.0 878.0 653.0 898.0 653.0 Vehicle 1
901.0 641.0 877.0 641.0 877.0 632.0 901.0 633.0 Vehicle 1
900.0 632.0 874.0 633.0 873.0 625.0 900.0 625.0 Vehicle 1
897.0 598.0 896.0 606.0 874.0 605.0 874.0 597.0 Vehicle 1
895.0 594.0 876.0 594.0 876.0 587.0 895.0 588.0 Vehicle 1
913.0 571.0 908.0 579.0 891.0 568.0 897.0 560.0 Vehicle 1
923.0 566.0 919.0 572.0 901.0 559.0 906.0 552.0 Vehicle 1
929.0 558.0 924.0 565.0 911.0 554.0 916.0 548.0 Vehicle 1
975.0 556.0 951.0 558.0 951.0 549.0 974.0 547.0 Vehicle 1
977.0 529.0 971.0 536.0 954.0 524.0 960.0 516.0 Vehicle 1
985.0 588.0 964.0 594.0 962.0 585.0 983.0 580.0 Vehicle 1
991.0 604.0 965.0 603.0 966.0 595.0 991.0 596.0 Vehicle 1
963.0 604.0 939.0 605.0 939.0 598.0 963.0 598.0 Vehicle 1
964.0 651.0 940.0 651.0 940.0 644.0 964.0 644.0 Vehicle 1
90.0 339.0 80.0 339.0 80.0 321.0 90.0 321.0 Vehicle 1
52.0 782.0 17.0 782.0 17.0 770.0 52.0 769.0 Vehicle 1
