379.0 435.0 352.0 437.0 352.0 430.0 379.0 427.0 Vehicle 1
35.0 572.0 11.0 575.0 10.0 566.0 34.0 564.0 Vehicle 1
342.0 403.0 317.0 407.0 316.0 398.0 340.0 393.0 Vehicle 1
349.0 411.0 324.0 417.0 322.0 409.0 347.0 403.0 Vehicle 1
578.0 35.0 577.0 52.0 569.0 52.0 569.0 35.0 Vehicle 1
450.0 73.0 441.0 76.0 436.0 60.0 444.0 57.0 Vehicle 1
424.0 44.0 400.0 50.0 398.0 43.0 423.0 37.0 Vehicle 1
423.0 36.0 399.0 40.0 397.0 32.0 421.0 28.0 Vehicle 1
364.0 54.0 342.0 58.0 340.0 50.0 363.0 46.0 Vehicle 1
364.0 45.0 338.0 48.0 337.0 40.0 363.0 36.0 Vehicle 1
242.0 9.0 221.0 12.0 220.0 6.0 241.0 4.0 Vehicle 1
218.0 115.0 209.0 116.0 206.0 102.0 216.0 101.0 Vehicle 1
213.0 96.0 204.0 97.0 201.0 80.0 210.0 79.0 Vehicle 1
262.0 201.0 243.0 205.0 242.0 199.0 261.0 195.0 Vehicle 1
237.0 178.0 236.0 196.0 227.0 196.0 228.0 178.0 Vehicle 1
82.0 66.0 74.0 67.0 73.0 49.0 80.0 49.0 Vehicle 1
86.0 123.0 75.0 124.0 74.0 108.0 84.0 107.0 Vehicle 1
182.0 226.0 159.0 230.0 158.0 222.0 181.0 219.0 Vehicle 1
116.0 258.0 108.0 260.0 105.0 243.0 113.0 242.0 Vehicle 1
146.0 319.0 136.0 321.0 133.0 305.0 143.0 303.0 Vehicle 1
170.0 307.0 161.0 310.0 155.0 292.0 163.0 289.0 Vehicle 1
433.0 339.0 409.0 339.0 409.0 332.0 433.0 331.0 Vehicle 1
460.0 334.0 442.0 336.0 441.0 329.0 459.0 327.0 Vehicle 1
472.0 307.0 449.0 311.0 448.0 304.0 471.0 301.0 Vehicle 1
506.0 304.0 485.0 306.0 485.0 298.0 505.0 296.0 Vehicle 1
584.0 293.0 556.0 296.0 555.0 288.0 583.0 286.0 Vehicle 1
597.0 317.0 574.0 319.0 574.0 313.0 596.0 310.0 Vehicle 1
569.0 584.0 551.0 585.0 550.0 579.0 569.0 577.0 Vehicle 1
392.0 529.0 371.0 533.0 370.0 526.0 391.0 522.0 Vehicle 1
385.0 523.0 369.0 528.0 366.0 520.0 383.0 515.0 Vehicle 1
240.0 574.0 231.0 576.0 228.0 560.0 237.0 558.0 Vehicle 1
383.0 477.0 361.0 481.0 359.0 473.0 381.0 469.0 Vehicle 1
373.0 426.0 352.0 428.0 351.0 420.0 372.0 417.0 Vehicle 1
318.0 417.0 297.0 421.0 296.0 413.0 316.0 409.0 Vehicle 1
279.0 421.0 257.0 423.0 256.0 416.0 278.0 413.0 Vehicle 1
239.0 438.0 216.0 442.0 215.0 435.0 238.0 431.0 Vehicle 1
228.0 528.0 218.0 529.0 216.0 512.0 225.0 510.0 Vehicle 1
12.0 448.0 3.0 449.0 1.0 433.0 10.0 432.0 Vehicle 1
32.0 485.0 22.0 486.0 21.0 470.0 30.0 470.0 Vehicle 1
49.0 600.0 40.0 601.0 38.0 585.0 47.0 584.0 Vehicle 1
75.0 597.0 66.0 599.0 62.0 584.0 71.0 582.0 Vehicle 1
64.0 598.0 55.0 600.0 51.0 584.0 60.0 582.0 Vehicle 1
600.0 710.0 579.0 713.0 578.0 705.0 600.0 702.0 Vehicle 1
579.0 730.0 556.0 732.0 555.0 725.0 578.0 723.0 Vehicle 1
378.0 612.0 370.0 614.0 366.0 597.0 375.0 596.0 Vehicle 1
407.0 630.0 381.0 633.0 380.0 623.0 406.0 620.0 Vehicle 1
434.0 604.0 410.0 605.0 410.0 597.0 433.0 596.0 Vehicle 1
437.0 629.0 417.0 638.0 414.0 630.0 433.0 622.0 Vehicle 1
459.0 694.0 450.0 698.0 442.0 681.0 451.0 676.0 Vehicle 1
410.0 740.0 385.0 743.0 383.0 735.0 408.0 731.0 Vehicle 1
143.0 794.0 129.0 796.0 128.0 791.0 142.0 789.0 Vehicle 1
167.0 763.0 145.0 766.0 144.0 757.0 166.0 754.0 Vehicle 1
132.0 766.0 111.0 769.0 110.0 761.0 131.0 759.0 Vehicle 1
438.0 207.0 428.0 208.0 426.0 191.0 436.0 190.0 Vehicle 1
