522.0 513.0 513.0 514.0 511.0 495.0 520.0 495.0 Vehicle 1
519.0 464.0 511.0 464.0 511.0 449.0 518.0 449.0 Vehicle 1
519.0 427.0 509.0 428.0 507.0 411.0 517.0 411.0 Vehicle 1
513.0 366.0 505.0 366.0 506.0 350.0 513.0 350.0 Vehicle 1
516.0 342.0 504.0 342.0 503.0 307.0 515.0 307.0 Vehicle 1
511.0 301.0 505.0 301.0 504.0 287.0 511.0 287.0 Vehicle 1
511.0 283.0 504.0 284.0 503.0 269.0 510.0 269.0 Vehicle 1
509.0 263.0 502.0 263.0 502.0 249.0 509.0 249.0 Vehicle 1
509.0 246.0 501.0 247.0 499.0 227.0 507.0 227.0 Vehicle 1
509.0 224.0 499.0 225.0 498.0 202.0 508.0 202.0 Vehicle 1
506.0 199.0 498.0 199.0 498.0 183.0 506.0 183.0 Vehicle 1
505.0 180.0 496.0 180.0 496.0 163.0 505.0 163.0 Vehicle 1
504.0 159.0 496.0 159.0 496.0 141.0 504.0 141.0 Vehicle 1
504.0 135.0 495.0 135.0 494.0 117.0 503.0 117.0 Vehicle 1
501.0 95.0 493.0 95.0 493.0 80.0 500.0 80.0 Vehicle 1
600.0 299.0 593.0 299.0 592.0 283.0 600.0 283.0 Vehicle 1
599.0 281.0 591.0 281.0 592.0 266.0 599.0 266.0 Vehicle 1
599.0 244.0 598.0 257.0 592.0 257.0 592.0 244.0 Vehicle 1
598.0 236.0 592.0 236.0 592.0 221.0 598.0 221.0 Vehicle 1
597.0 218.0 590.0 218.0 590.0 202.0 597.0 202.0 Vehicle 1
595.0 178.0 589.0 178.0 588.0 165.0 594.0 165.0 Vehicle 1
594.0 160.0 586.0 160.0 586.0 143.0 594.0 143.0 Vehicle 1
593.0 120.0 592.0 137.0 585.0 137.0 585.0 120.0 Vehicle 1
589.0 77.0 582.0 77.0 582.0 62.0 589.0 62.0 Vehicle 1
588.0 59.0 579.0 59.0 579.0 42.0 586.0 42.0 Vehicle 1
586.0 37.0 579.0 37.0 579.0 21.0 586.0 21.0 Vehicle 1
106.0 677.0 98.0 691.0 91.0 687.0 100.0 674.0 Vehicle 1
125.0 723.0 118.0 739.0 111.0 736.0 117.0 720.0 Vehicle 1
106.0 761.0 100.0 777.0 91.0 774.0 99.0 758.0 Vehicle 1
80.0 769.0 69.0 791.0 60.0 787.0 71.0 764.0 Vehicle 1
