22.0 854.0 16.0 854.0 16.0 838.0 22.0 838.0 Vehicle 1
23.0 835.0 15.0 835.0 15.0 819.0 23.0 819.0 Vehicle 1
131.0 872.0 124.0 874.0 120.0 860.0 127.0 858.0 Vehicle 1
290.0 559.0 273.0 559.0 273.0 552.0 290.0 553.0 Vehicle 1
268.0 558.0 252.0 558.0 252.0 550.0 268.0 550.0 Vehicle 1
31.0 557.0 14.0 557.0 14.0 548.0 31.0 548.0 Vehicle 1
164.0 337.0 147.0 338.0 146.0 332.0 163.0 331.0 Vehicle 1
321.0 342.0 313.0 354.0 306.0 350.0 315.0 338.0 Vehicle 1
317.0 394.0 309.0 394.0 309.0 374.0 317.0 374.0 Vehicle 1
160.0 36.0 159.0 44.0 142.0 44.0 142.0 36.0 Vehicle 1
220.0 45.0 195.0 44.0 196.0 36.0 220.0 37.0 Vehicle 1
651.0 47.0 636.0 47.0 636.0 41.0 651.0 41.0 Vehicle 1
692.0 588.0 674.0 587.0 675.0 580.0 692.0 581.0 Vehicle 1
700.0 563.0 684.0 563.0 685.0 556.0 700.0 557.0 Vehicle 1
766.0 606.0 749.0 607.0 749.0 601.0 766.0 600.0 Vehicle 1
767.0 592.0 766.0 598.0 751.0 598.0 751.0 592.0 Vehicle 1
673.0 978.0 658.0 985.0 656.0 979.0 671.0 973.0 Vehicle 1
644.0 974.0 636.0 975.0 634.0 959.0 642.0 958.0 Vehicle 1
634.0 976.0 627.0 978.0 623.0 962.0 631.0 961.0 Vehicle 1
622.0 977.0 616.0 978.0 613.0 964.0 620.0 963.0 Vehicle 1
954.0 207.0 953.0 217.0 936.0 217.0 936.0 207.0 Vehicle 1
868.0 165.0 867.0 181.0 860.0 181.0 860.0 165.0 Vehicle 1
837.0 228.0 836.0 245.0 827.0 245.0 827.0 227.0 Vehicle 1
