389.0 456.0 383.0 460.0 374.0 448.0 381.0 443.0 Vehicle 1
233.0 896.0 230.0 913.0 221.0 911.0 225.0 894.0 Vehicle 1
214.0 886.0 202.0 900.0 196.0 895.0 207.0 881.0 Vehicle 1
549.0 974.0 547.0 982.0 521.0 976.0 523.0 968.0 Vehicle 1
503.0 963.0 499.0 971.0 483.0 963.0 487.0 955.0 Vehicle 1
603.0 951.0 597.0 965.0 589.0 961.0 595.0 947.0 Vehicle 1
643.0 666.0 627.0 681.0 620.0 674.0 636.0 660.0 Vehicle 1
610.0 698.0 599.0 709.0 593.0 704.0 604.0 692.0 Vehicle 1
573.0 647.0 568.0 654.0 551.0 640.0 556.0 633.0 Vehicle 1
517.0 707.0 514.0 712.0 500.0 704.0 503.0 699.0 Vehicle 1
802.0 640.0 795.0 647.0 774.0 628.0 781.0 620.0 Vehicle 1
823.0 658.0 818.0 664.0 801.0 648.0 807.0 642.0 Vehicle 1
871.0 762.0 862.0 774.0 855.0 769.0 864.0 757.0 Vehicle 1
2.999989 274.999969 -1.08741 268.051361 15.999996 257.999969 20.087395 264.948578 Vehicle 1
40.0 254.0 21.0 265.0 16.0 258.0 36.0 247.0 Vehicle 1
56.0 243.0 40.0 254.0 36.0 248.0 53.0 238.0 Vehicle 1
111.0 247.0 105.0 252.0 95.0 240.0 101.0 235.0 Vehicle 1
256.0 567.0 248.0 570.0 242.0 554.0 249.0 551.0 Vehicle 1
261.0 427.0 254.0 432.0 244.0 420.0 251.0 414.0 Vehicle 1
575.0 315.0 560.0 325.0 556.0 318.0 570.0 308.0 Vehicle 1
527.0 303.0 511.0 318.0 505.0 311.0 520.0 296.0 Vehicle 1
622.0 325.0 615.0 332.0 603.0 320.0 610.0 312.0 Vehicle 1
674.0 302.0 667.0 308.0 651.0 289.0 657.0 283.0 Vehicle 1
635.0 219.0 629.0 225.0 615.0 209.0 621.0 204.0 Vehicle 1
646.0 212.0 638.0 219.0 624.0 202.0 632.0 196.0 Vehicle 1
626.0 164.0 619.0 171.0 605.0 157.0 613.0 150.0 Vehicle 1
640.0 185.0 634.0 191.0 623.0 178.0 629.0 173.0 Vehicle 1
880.0 532.0 873.0 536.0 864.0 521.0 871.0 516.0 Vehicle 1
889.0 528.0 881.0 532.0 871.0 515.0 879.0 510.0 Vehicle 1
966.0 400.0 958.0 401.0 957.0 386.0 965.0 385.0 Vehicle 1
957.0 57.0 935.0 56.0 935.0 48.0 957.0 48.0 Vehicle 1
958.0 13.0 940.0 14.0 940.0 6.0 958.0 6.0 Vehicle 1
396.0 90.0 388.0 93.0 379.0 73.0 388.0 69.0 Vehicle 1
141.0 13.0 135.0 20.0 123.0 9.0 129.0 2.0 Vehicle 1
95.0 159.0 86.0 166.0 72.0 148.0 81.0 140.0 Vehicle 1
18.000031 796.0 10.000031 814.0 1.000031 810.0 9.000031 792.0 Vehicle 1
547.0 777.0 537.0 793.0 530.0 789.0 540.0 773.0 Vehicle 1
826.0 880.0 815.0 895.0 808.0 890.0 819.0 875.0 Vehicle 1
