70.0 109.0 68.0 125.0 59.0 124.0 61.0 108.0 Vehicle 1
61.0 166.0 60.0 174.0 36.0 171.0 36.0 163.0 Vehicle 1
61.0 157.0 60.0 165.0 37.0 162.0 39.0 154.0 Vehicle 1
18.0 270.0 16.0 288.0 6.0 286.0 8.0 269.0 Vehicle 1
31.0 269.0 28.0 289.0 18.0 287.0 20.0 268.0 Vehicle 1
98.0 261.0 97.0 269.0 78.0 267.0 79.0 259.0 Vehicle 1
83.0 106.0 80.0 124.0 71.0 122.0 74.0 105.0 Vehicle 1
58.0 104.0 55.0 121.0 46.0 119.0 49.0 103.0 Vehicle 1
14.0 98.0 10.0 114.0 1.0 112.0 4.0 96.0 Vehicle 1
116.0 161.0 115.0 169.0 94.0 166.0 96.0 158.0 Vehicle 1
