638.0 362.0 637.0 379.0 628.0 378.0 629.0 362.0 Vehicle 1
623.0 377.0 621.0 392.0 613.0 391.0 615.0 376.0 Vehicle 1
311.0 1000.0 302.0 1000.0 303.0 980.0 311.0 981.0 Vehicle 1
298.0 1000.0 290.0 1000.0 290.0 983.0 298.0 984.0 Vehicle 1
273.0 984.0 272.0 1001.0 264.0 1000.0 264.0 984.0 Vehicle 1
383.0 986.0 375.0 988.0 372.0 974.0 379.0 972.0 Vehicle 1
420.0 981.0 413.0 983.0 408.0 968.0 415.0 966.0 Vehicle 1
433.0 979.0 425.0 982.0 419.0 966.0 427.0 963.0 Vehicle 1
443.0 980.0 435.0 982.0 432.0 966.0 440.0 964.0 Vehicle 1
548.0 764.0 538.0 767.0 532.0 750.0 543.0 747.0 Vehicle 1
534.0 765.0 527.0 768.0 522.0 753.0 529.0 750.0 Vehicle 1
512.0 770.0 504.0 774.0 496.0 756.0 504.0 752.0 Vehicle 1
522.0 788.0 514.0 792.0 505.0 775.0 513.0 771.0 Vehicle 1
509.0 788.0 502.0 793.0 490.0 776.0 497.0 771.0 Vehicle 1
489.0 797.0 481.0 802.0 471.0 786.0 480.0 781.0 Vehicle 1
466.0 803.0 459.0 807.0 450.0 794.0 457.0 789.0 Vehicle 1
451.0 809.0 444.0 813.0 436.0 797.0 443.0 793.0 Vehicle 1
441.0 812.0 433.0 817.0 424.0 801.0 432.0 796.0 Vehicle 1
468.0 842.0 452.0 851.0 449.0 844.0 465.0 836.0 Vehicle 1
609.0 838.0 600.0 843.0 591.0 827.0 600.0 822.0 Vehicle 1
554.0 894.0 552.0 901.0 536.0 896.0 538.0 889.0 Vehicle 1
445.0 935.0 435.0 939.0 427.0 922.0 437.0 917.0 Vehicle 1
596.0 981.0 579.0 986.0 578.0 981.0 595.0 976.0 Vehicle 1
253.0 373.0 252.0 379.0 231.0 376.0 232.0 370.0 Vehicle 1
280.0 378.0 279.0 384.0 258.0 381.0 259.0 374.0 Vehicle 1
361.0 417.0 358.0 430.0 350.0 429.0 354.0 415.0 Vehicle 1
444.0 451.0 437.0 451.0 438.0 433.0 444.0 434.0 Vehicle 1
525.0 432.0 506.0 430.0 507.0 424.0 525.0 425.0 Vehicle 1
656.0 570.0 650.0 585.0 643.0 582.0 648.0 567.0 Vehicle 1
640.0 569.0 637.0 580.0 629.0 578.0 633.0 566.0 Vehicle 1
643.0 590.0 641.0 597.0 619.0 590.0 621.0 583.0 Vehicle 1
799.0 352.0 795.0 369.0 787.0 367.0 792.0 350.0 Vehicle 1
828.0 616.0 826.0 624.0 806.0 620.0 808.0 612.0 Vehicle 1
823.0 625.0 822.0 631.0 802.0 628.0 803.0 622.0 Vehicle 1
887.0 641.0 885.0 648.0 866.0 642.0 869.0 634.0 Vehicle 1
858.0 651.0 854.0 666.0 846.0 664.0 850.0 649.0 Vehicle 1
371.0 853.0 363.0 854.0 361.0 838.0 369.0 837.0 Vehicle 1
279.0 868.0 271.0 868.0 271.0 852.0 278.0 852.0 Vehicle 1
267.0 861.0 258.0 862.0 256.0 847.0 265.0 846.0 Vehicle 1
254.0 861.0 246.0 863.0 243.0 848.0 251.0 846.0 Vehicle 1
227.0 866.0 219.0 868.0 216.0 854.0 224.0 853.0 Vehicle 1
25.0 983.0 4.0 983.0 4.0 975.0 25.0 975.0 Vehicle 1
107.0 846.0 106.0 859.0 98.0 858.0 99.0 845.0 Vehicle 1
66.0 342.0 65.0 348.0 48.0 345.0 49.0 339.0 Vehicle 1
946.0 276.0 945.0 282.0 926.0 280.0 927.0 274.0 Vehicle 1
954.0 258.0 953.0 267.0 928.0 263.0 929.0 254.0 Vehicle 1
942.0 272.0 926.0 272.0 926.0 266.0 942.0 266.0 Vehicle 1
954.0 249.0 953.0 256.0 935.0 252.0 936.0 245.0 Vehicle 1
962.0 240.0 961.0 249.0 938.0 245.0 940.0 237.0 Vehicle 1
965.0 232.0 964.0 240.0 939.0 236.0 940.0 229.0 Vehicle 1
972.0 204.0 971.0 212.0 948.0 208.0 950.0 200.0 Vehicle 1
979.0 189.0 977.0 196.0 959.0 191.0 960.0 185.0 Vehicle 1
981.0 179.0 980.0 186.0 961.0 184.0 962.0 177.0 Vehicle 1
985.0 171.0 984.0 177.0 963.0 174.0 964.0 167.0 Vehicle 1
990.0 162.0 989.0 168.0 968.0 166.0 969.0 159.0 Vehicle 1
994.0 131.0 993.0 139.0 947.0 129.0 949.0 121.0 Vehicle 1
975.0 197.0 973.0 204.0 952.0 200.0 954.0 193.0 Vehicle 1
953.0 305.0 947.0 326.0 937.0 323.0 944.0 302.0 Vehicle 1
