40.0 819.0 21.0 819.0 21.0 810.0 40.0 810.0 Vehicle 1
414.0 231.0 394.0 232.0 393.0 224.0 414.0 223.0 Vehicle 1
12.0 433.0 11.0 450.0 0.0 449.0 1.0 432.0 Vehicle 1
793.0 707.0 770.0 707.0 770.0 698.0 793.0 698.0 Vehicle 1
999.0 995.0 988.0 996.0 986.0 976.0 997.0 975.0 Vehicle 1
1000.0 869.0 990.0 869.0 990.0 854.0 1000.0 853.0 Vehicle 1
1000.0 805.0 990.0 805.0 989.0 788.0 998.0 787.0 Vehicle 1
326.0 0.0 326.0 16.0 312.0 15.0 313.0 0.0 Vehicle 1
355.0 40.0 346.0 40.0 346.0 22.0 355.0 22.0 Vehicle 1
321.0 39.0 311.0 39.0 311.0 21.0 320.0 21.0 Vehicle 1
322.0 58.0 310.0 60.0 309.0 43.0 320.0 41.0 Vehicle 1
321.0 82.0 313.0 82.0 313.0 67.0 321.0 67.0 Vehicle 1
321.0 105.0 309.0 106.0 307.0 86.0 320.0 85.0 Vehicle 1
322.0 433.0 312.0 433.0 312.0 417.0 322.0 417.0 Vehicle 1
321.0 555.0 311.0 556.0 307.0 536.0 318.0 535.0 Vehicle 1
355.0 558.0 345.0 558.0 345.0 541.0 355.0 541.0 Vehicle 1
322.0 582.0 313.0 582.0 312.0 568.0 321.0 567.0 Vehicle 1
321.0 628.0 312.0 628.0 310.0 611.0 320.0 610.0 Vehicle 1
322.0 657.0 312.0 657.0 312.0 640.0 321.0 640.0 Vehicle 1
59.0 671.0 37.0 671.0 37.0 664.0 59.0 664.0 Vehicle 1
51.0 697.0 50.0 708.0 31.0 706.0 32.0 695.0 Vehicle 1
72.0 700.0 71.0 708.0 53.0 707.0 53.0 699.0 Vehicle 1
61.0 740.0 40.0 741.0 40.0 734.0 60.0 733.0 Vehicle 1
83.0 743.0 61.0 742.0 62.0 734.0 83.0 735.0 Vehicle 1
106.0 742.0 86.0 741.0 86.0 733.0 106.0 733.0 Vehicle 1
184.0 707.0 161.0 708.0 161.0 698.0 184.0 697.0 Vehicle 1
281.0 707.0 258.0 707.0 258.0 695.0 281.0 695.0 Vehicle 1
229.0 740.0 207.0 742.0 206.0 733.0 228.0 730.0 Vehicle 1
284.0 741.0 264.0 741.0 264.0 733.0 284.0 733.0 Vehicle 1
354.0 799.0 343.0 799.0 344.0 783.0 354.0 783.0 Vehicle 1
321.0 771.0 320.0 787.0 312.0 787.0 313.0 771.0 Vehicle 1
321.0 788.0 320.0 804.0 311.0 804.0 311.0 788.0 Vehicle 1
321.0 851.0 311.0 851.0 312.0 832.0 321.0 832.0 Vehicle 1
323.0 859.0 322.0 877.0 311.0 876.0 312.0 859.0 Vehicle 1
355.0 858.0 354.0 878.0 345.0 877.0 346.0 858.0 Vehicle 1
321.0 949.0 313.0 949.0 312.0 933.0 320.0 932.0 Vehicle 1
298.0 954.0 297.0 963.0 276.0 961.0 277.0 952.0 Vehicle 1
356.0 979.0 355.0 998.0 345.0 997.0 346.0 979.0 Vehicle 1
658.0 138.0 648.0 139.0 646.0 121.0 657.0 120.0 Vehicle 1
691.0 141.0 680.0 143.0 677.0 124.0 688.0 122.0 Vehicle 1
691.0 257.0 681.0 257.0 680.0 240.0 690.0 239.0 Vehicle 1
656.0 217.0 655.0 237.0 644.0 237.0 644.0 217.0 Vehicle 1
689.0 301.0 677.0 301.0 677.0 283.0 688.0 283.0 Vehicle 1
691.0 398.0 681.0 398.0 680.0 379.0 690.0 378.0 Vehicle 1
656.0 390.0 646.0 390.0 647.0 373.0 656.0 373.0 Vehicle 1
657.0 391.0 655.0 410.0 644.0 409.0 645.0 390.0 Vehicle 1
654.0 427.0 644.0 427.0 644.0 410.0 654.0 410.0 Vehicle 1
689.0 445.0 681.0 445.0 681.0 429.0 689.0 429.0 Vehicle 1
690.0 512.0 681.0 513.0 680.0 496.0 689.0 496.0 Vehicle 1
657.0 521.0 648.0 521.0 648.0 504.0 657.0 504.0 Vehicle 1
689.0 590.0 680.0 590.0 680.0 574.0 689.0 574.0 Vehicle 1
636.0 603.0 614.0 604.0 614.0 596.0 636.0 596.0 Vehicle 1
614.0 610.0 597.0 610.0 597.0 604.0 614.0 603.0 Vehicle 1
619.0 612.0 618.0 619.0 599.0 619.0 599.0 612.0 Vehicle 1
422.0 707.0 398.0 707.0 398.0 695.0 422.0 695.0 Vehicle 1
561.0 707.0 540.0 707.0 540.0 699.0 561.0 699.0 Vehicle 1
612.0 706.0 590.0 706.0 591.0 697.0 612.0 697.0 Vehicle 1
591.0 731.0 590.0 742.0 568.0 741.0 569.0 731.0 Vehicle 1
616.0 741.0 592.0 741.0 592.0 731.0 616.0 731.0 Vehicle 1
742.0 740.0 719.0 741.0 719.0 733.0 741.0 732.0 Vehicle 1
814.0 741.0 791.0 741.0 791.0 733.0 814.0 733.0 Vehicle 1
768.0 706.0 746.0 707.0 746.0 699.0 768.0 698.0 Vehicle 1
657.0 801.0 646.0 803.0 643.0 784.0 654.0 782.0 Vehicle 1
658.0 821.0 646.0 824.0 642.0 805.0 654.0 802.0 Vehicle 1
635.0 837.0 615.0 837.0 615.0 831.0 634.0 830.0 Vehicle 1
633.0 845.0 613.0 845.0 613.0 837.0 633.0 837.0 Vehicle 1
689.0 996.0 680.0 996.0 680.0 979.0 689.0 979.0 Vehicle 1
916.0 720.0 886.0 720.0 886.0 710.0 916.0 710.0 Vehicle 1
493.0 11.0 471.0 5.0 473.0 -2.0 495.0 4.0 Vehicle 1
572.0 52.0 560.0 64.0 554.0 58.0 567.0 46.0 Vehicle 1
97.0 535.0 77.0 535.0 77.0 527.0 97.0 527.0 Vehicle 1
68.0 537.0 43.0 536.0 43.0 526.0 68.0 527.0 Vehicle 1
86.0 605.0 66.0 604.0 66.0 597.0 86.0 597.0 Vehicle 1
