369.0 557.0 358.0 569.0 352.0 562.0 363.0 552.0 Vehicle 1
548.0 325.0 532.0 329.0 530.0 322.0 546.0 317.0 Vehicle 1
469.0 308.0 464.0 316.0 448.0 306.0 453.0 298.0 Vehicle 1
596.0 230.0 583.0 239.0 577.0 232.0 591.0 222.0 Vehicle 1
247.0 30.0 238.0 31.0 236.0 10.0 245.0 10.0 Vehicle 1
261.0 27.0 252.0 29.0 249.0 10.0 257.0 10.0 Vehicle 1
271.0 100.0 263.0 102.0 261.0 84.0 269.0 83.0 Vehicle 1
340.0 233.0 334.0 235.0 329.0 220.0 335.0 218.0 Vehicle 1
474.0 190.0 473.0 205.0 467.0 204.0 468.0 190.0 Vehicle 1
242.0 355.0 233.0 357.0 229.0 337.0 238.0 335.0 Vehicle 1
29.0 509.0 24.0 515.0 12.0 506.0 17.0 500.0 Vehicle 1
554.0 734.0 541.0 746.0 536.0 741.0 549.0 729.0 Vehicle 1
