92.0 466.0 77.0 467.0 77.0 461.0 92.0 460.0 Vehicle 1
148.0 541.0 147.0 548.0 126.0 547.0 127.0 539.0 Vehicle 1
147.0 565.0 126.0 564.0 127.0 558.0 147.0 559.0 Vehicle 1
145.0 572.0 125.0 574.0 125.0 568.0 145.0 566.0 Vehicle 1
147.0 582.0 124.0 582.0 124.0 576.0 147.0 575.0 Vehicle 1
577.0 344.0 563.0 355.0 559.0 350.0 573.0 339.0 Vehicle 1
599.0 425.0 584.0 437.0 581.0 433.0 595.0 421.0 Vehicle 1
588.0 420.0 575.0 432.0 570.0 426.0 583.0 414.0 Vehicle 1
583.0 413.0 568.0 427.0 563.0 422.0 578.0 408.0 Vehicle 1
568.0 401.0 552.0 413.0 547.0 407.0 563.0 394.0 Vehicle 1
558.0 397.0 546.0 407.0 541.0 402.0 553.0 391.0 Vehicle 1
551.0 389.0 536.0 401.0 530.0 394.0 546.0 382.0 Vehicle 1
533.0 377.0 519.0 389.0 514.0 384.0 529.0 372.0 Vehicle 1
524.0 369.0 517.0 377.0 513.0 373.0 520.0 366.0 Vehicle 1
516.0 362.0 507.0 372.0 502.0 367.0 512.0 358.0 Vehicle 1
466.0 343.0 463.0 361.0 453.0 360.0 456.0 342.0 Vehicle 1
434.0 339.0 429.0 356.0 420.0 353.0 424.0 336.0 Vehicle 1
421.0 339.0 417.0 355.0 409.0 353.0 413.0 337.0 Vehicle 1
413.0 332.0 407.0 351.0 397.0 348.0 404.0 329.0 Vehicle 1
226.0 457.0 201.0 455.0 201.0 447.0 226.0 449.0 Vehicle 1
230.0 432.0 209.0 431.0 209.0 424.0 230.0 425.0 Vehicle 1
231.0 371.0 230.0 380.0 212.0 378.0 213.0 369.0 Vehicle 1
377.0 331.0 373.0 347.0 363.0 344.0 367.0 328.0 Vehicle 1
365.0 329.0 361.0 345.0 353.0 342.0 358.0 327.0 Vehicle 1
322.0 322.0 319.0 333.0 310.0 330.0 314.0 319.0 Vehicle 1
274.0 312.0 273.0 328.0 265.0 328.0 266.0 312.0 Vehicle 1
268.0 310.0 263.0 329.0 253.0 326.0 259.0 307.0 Vehicle 1
254.0 310.0 252.0 327.0 243.0 326.0 245.0 309.0 Vehicle 1
242.0 306.0 240.0 324.0 230.0 323.0 232.0 305.0 Vehicle 1
484.0 302.0 481.0 319.0 472.0 317.0 475.0 300.0 Vehicle 1
451.0 300.0 445.0 317.0 437.0 315.0 443.0 297.0 Vehicle 1
440.0 298.0 434.0 313.0 427.0 311.0 432.0 295.0 Vehicle 1
429.0 298.0 425.0 313.0 416.0 310.0 420.0 295.0 Vehicle 1
303.0 273.0 300.0 291.0 291.0 289.0 294.0 272.0 Vehicle 1
271.0 268.0 268.0 287.0 258.0 285.0 262.0 266.0 Vehicle 1
261.0 266.0 257.0 281.0 248.0 279.0 251.0 264.0 Vehicle 1
244.0 249.0 229.0 250.0 228.0 242.0 243.0 240.0 Vehicle 1
251.0 238.0 231.0 241.0 230.0 234.0 250.0 231.0 Vehicle 1
246.0 214.0 224.0 215.0 224.0 208.0 245.0 206.0 Vehicle 1
241.0 196.0 219.0 198.0 219.0 191.0 240.0 189.0 Vehicle 1
238.0 180.0 214.0 181.0 214.0 173.0 238.0 172.0 Vehicle 1
218.0 117.0 205.0 118.0 204.0 112.0 218.0 111.0 Vehicle 1
214.0 72.0 194.0 73.0 194.0 68.0 214.0 66.0 Vehicle 1
214.0 64.0 196.0 65.0 196.0 58.0 213.0 57.0 Vehicle 1
216.0 56.0 191.0 57.0 191.0 50.0 216.0 48.0 Vehicle 1
206.0 12.0 184.0 15.0 183.0 8.0 205.0 5.0 Vehicle 1
349.0 794.0 324.0 794.0 324.0 786.0 349.0 787.0 Vehicle 1
369.0 774.0 340.0 775.0 339.0 767.0 368.0 767.0 Vehicle 1
337.0 766.0 318.0 766.0 318.0 756.0 337.0 757.0 Vehicle 1
223.0 755.0 222.0 764.0 202.0 761.0 203.0 753.0 Vehicle 1
130.0 775.0 101.0 775.0 101.0 767.0 130.0 767.0 Vehicle 1
