148.0 770.0 114.0 778.0 112.0 766.0 146.0 758.0 Vehicle 1
70.0 752.0 60.0 755.0 55.0 738.0 64.0 735.0 Vehicle 1
60.0 760.0 50.0 765.0 41.0 745.0 52.0 741.0 Vehicle 1
28.0 631.0 18.0 635.0 12.0 618.0 21.0 614.0 Vehicle 1
81.0 685.0 71.0 690.0 63.0 670.0 73.0 665.0 Vehicle 1
117.0 675.0 108.0 679.0 102.0 663.0 111.0 660.0 Vehicle 1
97.0 579.0 77.0 586.0 74.0 577.0 94.0 570.0 Vehicle 1
70.0 575.0 61.0 579.0 54.0 560.0 63.0 557.0 Vehicle 1
59.0 577.0 50.0 581.0 44.0 565.0 53.0 562.0 Vehicle 1
47.0 581.0 39.0 585.0 32.0 568.0 41.0 565.0 Vehicle 1
33.0 583.0 23.0 586.0 18.0 569.0 28.0 566.0 Vehicle 1
23.0 587.0 14.0 590.0 8.0 574.0 17.0 570.0 Vehicle 1
164.0 341.0 158.0 348.0 145.0 335.0 152.0 328.0 Vehicle 1
116.0 364.0 109.0 369.0 99.0 353.0 106.0 349.0 Vehicle 1
446.0 59.0 425.0 63.0 424.0 55.0 445.0 51.0 Vehicle 1
431.0 24.0 410.0 29.0 409.0 21.0 429.0 17.0 Vehicle 1
583.0 10.0 556.0 16.0 554.0 5.0 581.0 0.0 Vehicle 1
519.0 21.0 497.0 27.0 494.0 16.0 516.0 10.0 Vehicle 1
149.0 347.0 141.0 353.0 129.0 336.0 137.0 331.0 Vehicle 1
141.0 354.0 134.0 360.0 122.0 344.0 129.0 338.0 Vehicle 1
95.0 374.0 87.0 379.0 77.0 363.0 85.0 358.0 Vehicle 1
101.0 588.0 83.0 593.0 81.0 585.0 99.0 580.0 Vehicle 1
113.0 616.0 97.0 620.0 96.0 613.0 111.0 609.0 Vehicle 1
131.0 652.0 111.0 659.0 108.0 650.0 129.0 644.0 Vehicle 1
45.0 694.0 35.0 698.0 28.0 680.0 38.0 676.0 Vehicle 1
107.0 369.0 99.0 374.0 88.0 358.0 96.0 353.0 Vehicle 1
127.0 746.0 105.0 769.0 97.0 761.0 118.0 738.0 Vehicle 1
88.0 753.0 77.0 758.0 68.0 739.0 78.0 734.0 Vehicle 1
92.0 683.0 81.0 687.0 74.0 666.0 85.0 662.0 Vehicle 1
106.0 596.0 91.0 601.0 89.0 595.0 104.0 590.0 Vehicle 1
55.0 630.0 46.0 634.0 38.0 617.0 48.0 613.0 Vehicle 1
47.0 645.0 38.0 649.0 31.0 634.0 41.0 630.0 Vehicle 1
60.0 643.0 52.0 646.0 48.0 635.0 56.0 632.0 Vehicle 1
36.0 649.0 26.0 652.0 20.0 636.0 30.0 632.0 Vehicle 1
35.0 700.0 28.0 704.0 19.0 686.0 27.0 682.0 Vehicle 1
21.0 699.0 14.0 702.0 8.0 691.0 15.0 688.0 Vehicle 1
133.0 360.0 126.0 366.0 113.0 350.0 120.0 345.0 Vehicle 1
494.0 20.0 473.0 26.0 471.0 17.0 492.0 12.0 Vehicle 1
488.0 12.0 466.0 16.0 465.0 8.0 486.0 4.0 Vehicle 1
32.0 800.0 17.0 800.0 13.0 791.0 27.0 786.0 Vehicle 1
