429.0 782.0 412.0 791.0 409.0 785.0 425.0 775.0 Vehicle 1
428.0 771.0 411.0 780.0 407.0 773.0 424.0 764.0 Vehicle 1
419.0 764.0 403.0 773.0 399.0 767.0 416.0 757.0 Vehicle 1
397.0 743.0 379.0 751.0 376.0 743.0 394.0 736.0 Vehicle 1
384.0 724.0 367.0 735.0 363.0 728.0 379.0 717.0 Vehicle 1
461.0 721.0 442.0 730.0 439.0 723.0 458.0 714.0 Vehicle 1
52.0 702.0 51.0 721.0 43.0 721.0 44.0 702.0 Vehicle 1
332.0 484.0 331.0 501.0 322.0 500.0 323.0 484.0 Vehicle 1
358.0 490.0 351.0 493.0 346.0 479.0 353.0 476.0 Vehicle 1
372.0 487.0 364.0 490.0 357.0 475.0 364.0 471.0 Vehicle 1
393.0 478.0 386.0 482.0 375.0 466.0 382.0 462.0 Vehicle 1
414.0 464.0 407.0 468.0 397.0 455.0 404.0 450.0 Vehicle 1
365.0 418.0 364.0 435.0 355.0 434.0 356.0 417.0 Vehicle 1
378.0 395.0 377.0 413.0 367.0 412.0 369.0 394.0 Vehicle 1
392.0 396.0 390.0 414.0 381.0 413.0 384.0 395.0 Vehicle 1
312.0 397.0 311.0 412.0 303.0 411.0 304.0 396.0 Vehicle 1
441.0 353.0 440.0 372.0 432.0 371.0 433.0 352.0 Vehicle 1
509.0 372.0 508.0 389.0 500.0 389.0 501.0 372.0 Vehicle 1
525.0 374.0 522.0 389.0 513.0 388.0 516.0 372.0 Vehicle 1
510.0 445.0 503.0 450.0 493.0 437.0 499.0 432.0 Vehicle 1
531.0 433.0 525.0 439.0 514.0 427.0 520.0 421.0 Vehicle 1
544.0 428.0 538.0 433.0 526.0 421.0 533.0 415.0 Vehicle 1
561.0 419.0 555.0 425.0 543.0 411.0 550.0 406.0 Vehicle 1
578.0 411.0 571.0 415.0 562.0 401.0 569.0 397.0 Vehicle 1
588.0 262.0 566.0 261.0 567.0 252.0 588.0 253.0 Vehicle 1
528.0 254.0 509.0 254.0 509.0 247.0 528.0 248.0 Vehicle 1
472.0 215.0 471.0 222.0 452.0 220.0 453.0 213.0 Vehicle 1
392.0 273.0 384.0 273.0 385.0 258.0 392.0 258.0 Vehicle 1
175.0 320.0 161.0 319.0 161.0 312.0 175.0 313.0 Vehicle 1
64.0 181.0 63.0 188.0 43.0 185.0 44.0 179.0 Vehicle 1
43.0 178.0 42.0 186.0 20.0 184.0 21.0 176.0 Vehicle 1
144.0 34.0 136.0 34.0 136.0 15.0 144.0 15.0 Vehicle 1
253.0 231.0 234.0 230.0 235.0 223.0 253.0 224.0 Vehicle 1
280.0 226.0 279.0 234.0 258.0 234.0 258.0 225.0 Vehicle 1
318.0 116.0 297.0 115.0 297.0 109.0 318.0 109.0 Vehicle 1
329.0 103.0 327.0 110.0 308.0 106.0 310.0 99.0 Vehicle 1
356.0 63.0 335.0 62.0 336.0 55.0 356.0 57.0 Vehicle 1
556.0 131.0 554.0 147.0 545.0 145.0 547.0 130.0 Vehicle 1
593.0 97.0 590.0 113.0 582.0 111.0 585.0 95.0 Vehicle 1
