877.0 35.0 868.0 50.0 860.0 45.0 868.0 31.0 Vehicle 1
889.0 13.0 878.0 32.0 868.0 26.0 878.0 7.0 Vehicle 1
843.0 971.0 827.0 971.0 827.0 965.0 843.0 965.0 Vehicle 1
841.0 980.0 825.0 979.0 825.0 973.0 841.0 974.0 Vehicle 1
842.0 988.0 825.0 989.0 825.0 983.0 842.0 982.0 Vehicle 1
844.0 997.0 830.0 998.0 830.0 992.0 844.0 991.0 Vehicle 1
776.0 1000.0 775.0 995.0 792.0 993.0 792.0 998.0 Vehicle 1
790.0 990.0 772.0 991.0 772.0 984.0 790.0 984.0 Vehicle 1
791.0 980.0 772.0 982.0 772.0 976.0 790.0 975.0 Vehicle 1
788.0 972.0 771.0 973.0 771.0 966.0 788.0 966.0 Vehicle 1
790.0 962.0 772.0 963.0 772.0 957.0 788.0 956.0 Vehicle 1
787.0 951.0 772.0 952.0 772.0 945.0 787.0 945.0 Vehicle 1
787.0 944.0 772.0 944.0 772.0 938.0 786.0 938.0 Vehicle 1
930.0 708.0 923.0 720.0 917.0 717.0 923.0 704.0 Vehicle 1
631.0 856.0 620.0 857.0 620.0 851.0 631.0 850.0 Vehicle 1
641.0 700.0 640.0 707.0 622.0 706.0 622.0 699.0 Vehicle 1
648.0 342.0 630.0 344.0 629.0 337.0 647.0 335.0 Vehicle 1
247.0 210.0 241.0 212.0 236.0 197.0 243.0 194.0 Vehicle 1
238.0 187.0 232.0 191.0 223.0 179.0 229.0 175.0 Vehicle 1
108.0 183.0 97.0 194.0 92.0 190.0 104.0 178.0 Vehicle 1
184.0 132.0 180.0 137.0 167.0 127.0 172.0 122.0 Vehicle 1
166.0 119.0 162.0 124.0 149.0 111.0 154.0 106.0 Vehicle 1
138.0 94.0 133.0 100.0 121.0 89.0 125.0 83.0 Vehicle 1
76.0 46.0 72.0 52.0 57.0 43.0 61.0 37.0 Vehicle 1
39.0 25.0 36.0 31.0 21.0 22.0 25.0 16.0 Vehicle 1
906.0 172.0 901.0 177.0 891.0 165.0 897.0 161.0 Vehicle 1
891.0 157.0 885.0 161.0 876.0 148.0 882.0 144.0 Vehicle 1
931.0 177.0 926.0 183.0 912.0 172.0 917.0 166.0 Vehicle 1
929.0 191.0 923.0 197.0 912.0 184.0 917.0 179.0 Vehicle 1
948.0 191.0 944.0 197.0 931.0 186.0 935.0 181.0 Vehicle 1
708.0 570.0 701.0 571.0 700.0 557.0 707.0 556.0 Vehicle 1
692.0 577.0 686.0 581.0 678.0 567.0 684.0 564.0 Vehicle 1
697.0 602.0 690.0 602.0 690.0 589.0 697.0 589.0 Vehicle 1
703.0 637.0 695.0 637.0 694.0 623.0 702.0 622.0 Vehicle 1
704.0 675.0 697.0 675.0 696.0 660.0 704.0 660.0 Vehicle 1
720.0 683.0 712.0 683.0 711.0 666.0 719.0 666.0 Vehicle 1
710.0 724.0 702.0 724.0 701.0 708.0 709.0 708.0 Vehicle 1
724.0 763.0 718.0 764.0 718.0 751.0 724.0 751.0 Vehicle 1
722.0 849.0 713.0 849.0 713.0 834.0 721.0 834.0 Vehicle 1
697.0 890.0 689.0 890.0 688.0 873.0 697.0 873.0 Vehicle 1
150.0 909.0 136.0 919.0 132.0 914.0 145.0 903.0 Vehicle 1
276.0 816.0 262.0 827.0 258.0 821.0 271.0 810.0 Vehicle 1
469.0 683.0 455.0 696.0 448.0 689.0 463.0 676.0 Vehicle 1
514.0 643.0 501.0 654.0 495.0 648.0 509.0 637.0 Vehicle 1
511.0 610.0 493.0 623.0 487.0 617.0 505.0 603.0 Vehicle 1
569.0 599.0 555.0 610.0 551.0 604.0 564.0 594.0 Vehicle 1
590.0 580.0 576.0 592.0 571.0 587.0 586.0 574.0 Vehicle 1
624.0 568.0 610.0 580.0 605.0 574.0 620.0 562.0 Vehicle 1
615.0 562.0 600.0 573.0 596.0 568.0 610.0 557.0 Vehicle 1
582.0 559.0 569.0 565.0 566.0 559.0 579.0 553.0 Vehicle 1
715.0 466.0 701.0 477.0 696.0 471.0 710.0 460.0 Vehicle 1
747.0 438.0 733.0 450.0 727.0 445.0 742.0 433.0 Vehicle 1
772.0 404.0 764.0 412.0 758.0 406.0 768.0 398.0 Vehicle 1
826.0 389.0 810.0 402.0 805.0 396.0 821.0 383.0 Vehicle 1
837.0 349.0 824.0 358.0 818.0 352.0 832.0 343.0 Vehicle 1
854.0 366.0 839.0 379.0 833.0 373.0 848.0 360.0 Vehicle 1
917.0 330.0 908.0 338.0 904.0 333.0 913.0 325.0 Vehicle 1
901.0 327.0 890.0 338.0 886.0 333.0 897.0 322.0 Vehicle 1
883.0 315.0 870.0 326.0 866.0 321.0 878.0 310.0 Vehicle 1
904.0 311.0 891.0 321.0 887.0 315.0 900.0 305.0 Vehicle 1
916.0 286.0 904.0 296.0 900.0 291.0 912.0 281.0 Vehicle 1
925.0 295.0 911.0 307.0 906.0 301.0 919.0 289.0 Vehicle 1
922.0 310.0 908.0 320.0 905.0 315.0 917.0 305.0 Vehicle 1
942.0 309.0 930.0 318.0 926.0 313.0 938.0 304.0 Vehicle 1
968.0 289.0 953.0 302.0 948.0 296.0 962.0 283.0 Vehicle 1
953.0 287.0 938.0 301.0 933.0 295.0 948.0 281.0 Vehicle 1
946.0 278.0 932.0 291.0 927.0 286.0 941.0 273.0 Vehicle 1
955.0 263.0 940.0 271.0 936.0 265.0 951.0 257.0 Vehicle 1
947.0 253.0 934.0 258.0 932.0 253.0 945.0 247.0 Vehicle 1
