479.0 514.0 463.0 523.0 459.0 515.0 475.0 506.0 Vehicle 1
92.0 571.0 85.0 574.0 80.0 560.0 87.0 557.0 Vehicle 1
104.0 564.0 98.0 568.0 90.0 555.0 96.0 551.0 Vehicle 1
82.0 538.0 76.0 542.0 69.0 531.0 74.0 527.0 Vehicle 1
127.0 541.0 121.0 545.0 111.0 530.0 118.0 526.0 Vehicle 1
129.0 463.0 128.0 480.0 121.0 480.0 121.0 463.0 Vehicle 1
141.0 471.0 134.0 472.0 131.0 457.0 139.0 456.0 Vehicle 1
131.0 455.0 123.0 455.0 123.0 438.0 131.0 438.0 Vehicle 1
708.0 334.0 692.0 342.0 689.0 336.0 705.0 328.0 Vehicle 1
646.0 366.0 633.0 376.0 629.0 370.0 642.0 360.0 Vehicle 1
562.0 248.0 534.0 258.0 531.0 250.0 559.0 240.0 Vehicle 1
615.0 126.0 611.0 134.0 592.0 123.0 597.0 115.0 Vehicle 1
435.0 165.0 417.0 174.0 414.0 168.0 432.0 158.0 Vehicle 1
322.0 61.0 306.0 73.0 302.0 67.0 317.0 55.0 Vehicle 1
156.0 219.0 142.0 230.0 138.0 225.0 152.0 214.0 Vehicle 1
