33.0 577.0 23.0 577.0 23.0 561.0 32.0 561.0 Vehicle 1
76.0 406.0 57.0 406.0 56.0 398.0 76.0 397.0 Vehicle 1
106.0 410.0 81.0 410.0 81.0 400.0 105.0 400.0 Vehicle 1
326.0 56.0 325.0 65.0 303.0 64.0 303.0 55.0 Vehicle 1
742.0 108.0 718.0 109.0 718.0 99.0 742.0 98.0 Vehicle 1
778.0 185.0 765.0 186.0 764.0 167.0 776.0 166.0 Vehicle 1
796.0 205.0 795.0 225.0 783.0 225.0 784.0 204.0 Vehicle 1
786.0 286.0 783.0 302.0 772.0 300.0 775.0 284.0 Vehicle 1
442.0 243.0 441.0 251.0 422.0 251.0 422.0 242.0 Vehicle 1
499.0 351.0 478.0 351.0 478.0 343.0 499.0 343.0 Vehicle 1
345.0 342.0 320.0 342.0 320.0 332.0 345.0 332.0 Vehicle 1
528.0 351.0 505.0 351.0 505.0 344.0 528.0 343.0 Vehicle 1
740.0 307.0 710.0 308.0 709.0 300.0 739.0 299.0 Vehicle 1
768.0 360.0 767.0 376.0 758.0 376.0 758.0 359.0 Vehicle 1
618.0 457.0 596.0 462.0 594.0 455.0 616.0 450.0 Vehicle 1
618.0 501.0 606.0 502.0 603.0 481.0 615.0 479.0 Vehicle 1
740.0 409.0 739.0 425.0 731.0 425.0 732.0 409.0 Vehicle 1
630.0 499.0 619.0 501.0 616.0 483.0 627.0 481.0 Vehicle 1
644.0 497.0 636.0 498.0 634.0 482.0 643.0 481.0 Vehicle 1
658.0 499.0 650.0 499.0 649.0 482.0 658.0 482.0 Vehicle 1
679.0 496.0 667.0 496.0 666.0 479.0 678.0 479.0 Vehicle 1
797.0 502.0 785.0 519.0 775.0 513.0 787.0 496.0 Vehicle 1
371.0 592.0 359.0 593.0 357.0 574.0 369.0 573.0 Vehicle 1
400.0 537.0 389.0 537.0 389.0 516.0 400.0 516.0 Vehicle 1
342.0 555.0 317.0 553.0 318.0 544.0 342.0 546.0 Vehicle 1
