422.0 835.0 419.0 841.0 405.0 836.0 408.0 829.0 Vehicle 1
269.0 958.0 260.0 958.0 260.0 945.0 269.0 945.0 Vehicle 1
981.0 936.0 956.0 936.0 956.0 927.0 980.0 926.0 Vehicle 1
970.0 864.0 969.0 872.0 945.0 871.0 946.0 863.0 Vehicle 1
970.0 820.0 947.0 820.0 947.0 812.0 970.0 812.0 Vehicle 1
479.0 835.0 470.0 836.0 468.0 821.0 477.0 820.0 Vehicle 1
532.0 705.0 523.0 706.0 521.0 687.0 529.0 686.0 Vehicle 1
116.0 726.0 108.0 727.0 108.0 713.0 115.0 713.0 Vehicle 1
163.0 569.0 155.0 575.0 145.0 560.0 153.0 555.0 Vehicle 1
998.0 233.0 997.0 255.0 986.0 254.0 987.0 232.0 Vehicle 1
726.0 282.0 722.0 289.0 701.0 279.0 704.0 272.0 Vehicle 1
615.0 274.0 614.0 295.0 603.0 295.0 604.0 274.0 Vehicle 1
543.0 347.0 533.0 347.0 532.0 331.0 543.0 331.0 Vehicle 1
543.0 327.0 532.0 328.0 531.0 310.0 542.0 309.0 Vehicle 1
542.0 283.0 541.0 300.0 528.0 300.0 529.0 282.0 Vehicle 1
364.0 327.0 352.0 327.0 352.0 307.0 364.0 307.0 Vehicle 1
244.0 368.0 233.0 371.0 228.0 354.0 239.0 351.0 Vehicle 1
103.0 329.0 102.0 351.0 89.0 350.0 89.0 329.0 Vehicle 1
15.0 302.0 3.0 302.0 3.0 286.0 14.0 286.0 Vehicle 1
608.0 28.0 598.0 28.0 597.0 10.0 607.0 9.0 Vehicle 1
621.0 27.0 611.0 28.0 609.0 11.0 619.0 10.0 Vehicle 1
607.0 68.0 595.0 69.0 594.0 50.0 606.0 50.0 Vehicle 1
583.0 26.0 573.0 27.0 572.0 9.0 582.0 8.0 Vehicle 1
596.0 27.0 586.0 27.0 586.0 10.0 596.0 10.0 Vehicle 1
573.0 50.0 572.0 69.0 560.0 69.0 561.0 49.0 Vehicle 1
571.0 26.0 560.0 27.0 559.0 9.0 570.0 8.0 Vehicle 1
412.0 1.0 411.0 9.0 389.0 9.0 389.0 0.0 Vehicle 1
338.0 64.0 336.0 77.0 290.0 68.0 292.0 56.0 Vehicle 1
334.0 48.0 286.0 49.0 286.0 37.0 334.0 36.0 Vehicle 1
333.0 26.0 307.0 26.0 307.0 17.0 333.0 17.0 Vehicle 1
311.0 8.0 285.0 8.0 285.0 0.0 311.0 0.0 Vehicle 1
306.0 16.0 286.0 15.0 286.0 7.0 306.0 8.0 Vehicle 1
460.0 86.0 450.0 86.0 450.0 66.0 460.0 66.0 Vehicle 1
474.0 69.0 473.0 86.0 463.0 85.0 464.0 68.0 Vehicle 1
522.0 14.0 505.0 25.0 500.0 18.0 517.0 6.0 Vehicle 1
503.999939 12.999981 499.999939 5.999985 516.369202 -3.353821 520.369202 3.646175 Vehicle 1
722.0 7.0 704.0 7.0 704.0 0.0 722.0 0.0 Vehicle 1
924.0 27.0 913.0 27.0 914.0 9.0 924.0 9.0 Vehicle 1
949.0 64.0 947.0 81.0 936.0 80.0 937.0 63.0 Vehicle 1
919.0 82.0 907.0 82.0 907.0 61.0 919.0 61.0 Vehicle 1
932.0 80.0 921.0 80.0 920.0 61.0 932.0 61.0 Vehicle 1
970.0 82.0 956.0 83.0 956.0 64.0 970.0 63.0 Vehicle 1
998.0 82.0 985.0 82.0 985.0 61.0 997.0 60.0 Vehicle 1
983.0 84.0 971.0 84.0 972.0 63.0 983.0 63.0 Vehicle 1
840.0 943.0 839.0 961.0 827.0 960.0 828.0 943.0 Vehicle 1
696.0 931.0 685.0 931.0 684.0 912.0 696.0 912.0 Vehicle 1
639.0 760.0 621.0 760.0 621.0 752.0 639.0 752.0 Vehicle 1
505.0 752.0 504.0 761.0 484.0 760.0 484.0 752.0 Vehicle 1
376.0 956.0 363.0 967.0 357.0 960.0 370.0 949.0 Vehicle 1
233.0 73.0 216.0 73.0 216.0 15.0 233.0 15.0 Vehicle 1
