989.0 724.0 985.0 732.0 963.0 719.0 967.0 712.0 Vehicle 1
556.0 484.0 554.0 491.0 533.0 486.0 535.0 478.0 Vehicle 1
502.0 490.0 501.0 496.0 480.0 494.0 481.0 488.0 Vehicle 1
341.0 456.0 340.0 467.0 334.0 466.0 335.0 456.0 Vehicle 1
356.0 469.0 340.0 467.0 341.0 460.0 356.0 462.0 Vehicle 1
368.0 488.0 334.0 490.0 334.0 480.0 367.0 478.0 Vehicle 1
812.0 617.0 807.0 625.0 794.0 616.0 799.0 608.0 Vehicle 1
799.0 170.0 791.0 176.0 780.0 162.0 787.0 156.0 Vehicle 1
726.0 125.0 716.0 133.0 697.0 111.0 707.0 102.0 Vehicle 1
738.0 140.0 730.0 148.0 717.0 134.0 726.0 127.0 Vehicle 1
783.0 193.0 778.0 198.0 764.0 185.0 769.0 179.0 Vehicle 1
841.0 217.0 833.0 224.0 818.0 207.0 826.0 200.0 Vehicle 1
899.0 286.0 891.0 293.0 884.0 285.0 892.0 278.0 Vehicle 1
988.0 427.0 982.0 434.0 969.0 423.0 975.0 416.0 Vehicle 1
858.0 634.0 853.0 641.0 837.0 630.0 841.0 623.0 Vehicle 1
889.0 647.0 886.0 655.0 868.0 648.0 871.0 639.0 Vehicle 1
663.0 92.0 647.0 101.0 642.0 93.0 658.0 84.0 Vehicle 1
