985.960693 843.02771 981.0 836.0 998.039307 823.97229 1003.0 831.0 Vehicle 1
692.0 967.0 683.0 967.0 683.0 949.0 691.0 948.0 Vehicle 1
257.0 877.0 249.0 877.0 248.0 860.0 256.0 860.0 Vehicle 1
377.0 881.0 369.0 881.0 368.0 866.0 376.0 866.0 Vehicle 1
448.0 862.0 440.0 863.0 438.0 848.0 446.0 847.0 Vehicle 1
464.0 870.0 456.0 871.0 455.0 855.0 462.0 854.0 Vehicle 1
632.0 874.0 609.0 874.0 610.0 866.0 632.0 866.0 Vehicle 1
673.0 830.0 664.0 830.0 664.0 813.0 673.0 813.0 Vehicle 1
703.0 834.0 695.0 834.0 694.0 816.0 703.0 816.0 Vehicle 1
820.0 863.0 785.0 862.0 785.0 852.0 820.0 853.0 Vehicle 1
829.0 798.0 807.0 797.0 808.0 791.0 829.0 792.0 Vehicle 1
842.0 788.0 821.0 787.0 821.0 781.0 842.0 782.0 Vehicle 1
771.0 788.0 744.0 787.0 744.0 780.0 771.0 780.0 Vehicle 1
843.0 353.0 832.0 353.0 831.0 333.0 841.0 333.0 Vehicle 1
236.0 681.0 229.0 681.0 229.0 667.0 236.0 667.0 Vehicle 1
31.0 864.0 30.0 870.0 9.0 870.0 9.0 863.0 Vehicle 1
335.0 110.0 326.0 111.0 324.0 95.0 333.0 94.0 Vehicle 1
373.0 104.0 365.0 104.0 365.0 88.0 373.0 88.0 Vehicle 1
372.0 126.0 363.0 126.0 362.0 108.0 371.0 108.0 Vehicle 1
688.0 117.0 678.0 117.0 678.0 101.0 688.0 101.0 Vehicle 1
794.0 187.0 785.0 187.0 785.0 170.0 794.0 169.0 Vehicle 1
873.0 146.0 864.0 146.0 864.0 130.0 873.0 130.0 Vehicle 1
885.0 145.0 875.0 145.0 875.0 130.0 885.0 130.0 Vehicle 1
769.0 346.0 746.0 345.0 746.0 338.0 769.0 339.0 Vehicle 1
692.0 398.0 682.0 398.0 682.0 380.0 691.0 380.0 Vehicle 1
834.0 436.0 812.0 436.0 812.0 429.0 834.0 429.0 Vehicle 1
823.0 471.0 813.0 471.0 813.0 454.0 823.0 454.0 Vehicle 1
916.0 487.0 915.0 495.0 890.0 493.0 890.0 485.0 Vehicle 1
904.0 529.0 882.0 528.0 882.0 521.0 904.0 522.0 Vehicle 1
442.0 510.0 432.0 510.0 432.0 494.0 441.0 494.0 Vehicle 1
279.0 474.0 271.0 474.0 270.0 457.0 278.0 457.0 Vehicle 1
182.0 330.0 181.0 348.0 171.0 347.0 172.0 330.0 Vehicle 1
