457.0 790.0 451.0 791.0 451.0 775.0 457.0 775.0 Vehicle 1
487.0 715.0 463.0 714.0 463.0 708.0 487.0 709.0 Vehicle 1
276.0 716.0 256.0 717.0 255.0 710.0 276.0 709.0 Vehicle 1
71.0 699.0 63.0 699.0 62.0 684.0 70.0 684.0 Vehicle 1
132.0 671.0 125.0 670.0 125.0 652.0 132.0 652.0 Vehicle 1
142.0 673.0 134.0 672.0 134.0 660.0 142.0 660.0 Vehicle 1
360.0 640.0 359.0 658.0 351.0 658.0 351.0 640.0 Vehicle 1
501.0 674.0 493.0 674.0 493.0 657.0 501.0 657.0 Vehicle 1
600.0 654.0 599.0 671.0 590.0 671.0 591.0 654.0 Vehicle 1
599.0 692.0 590.0 692.0 590.0 675.0 599.0 675.0 Vehicle 1
454.0 556.0 453.0 575.0 443.0 575.0 444.0 555.0 Vehicle 1
410.0 607.0 400.0 607.0 399.0 589.0 409.0 589.0 Vehicle 1
409.0 571.0 408.0 586.0 399.0 586.0 399.0 571.0 Vehicle 1
246.0 606.0 237.0 606.0 236.0 590.0 246.0 590.0 Vehicle 1
193.0 602.0 183.0 602.0 182.0 584.0 192.0 584.0 Vehicle 1
134.0 543.0 109.0 543.0 109.0 536.0 134.0 536.0 Vehicle 1
161.0 487.0 152.0 487.0 152.0 473.0 161.0 473.0 Vehicle 1
148.0 489.0 140.0 489.0 140.0 472.0 148.0 472.0 Vehicle 1
220.0 331.0 210.0 331.0 210.0 315.0 220.0 315.0 Vehicle 1
489.0 324.0 479.0 324.0 479.0 304.0 488.0 304.0 Vehicle 1
543.0 324.0 533.0 324.0 533.0 304.0 543.0 304.0 Vehicle 1
541.0 304.0 533.0 304.0 533.0 287.0 541.0 287.0 Vehicle 1
361.0 268.0 337.0 268.0 337.0 261.0 361.0 261.0 Vehicle 1
45.0 157.0 44.0 163.0 22.0 162.0 22.0 156.0 Vehicle 1
45.0 155.0 23.0 155.0 23.0 148.0 45.0 149.0 Vehicle 1
442.0 211.0 433.0 212.0 432.0 195.0 441.0 195.0 Vehicle 1
600.0 230.0 582.0 213.0 588.0 206.0 600.0 217.0 Vehicle 1
600.0 210.0 587.0 202.0 590.0 195.0 600.0 201.0 Vehicle 1
488.0 108.0 480.0 108.0 480.0 92.0 487.0 92.0 Vehicle 1
240.0 18.0 239.0 34.0 229.0 34.0 230.0 18.0 Vehicle 1
