787.0 11.0 764.0 11.0 764.0 5.0 787.0 4.0 Vehicle 1
809.0 9.0 789.0 10.0 789.0 4.0 809.0 3.0 Vehicle 1
788.0 20.0 767.0 20.0 767.0 12.0 788.0 13.0 Vehicle 1
813.0 28.0 792.0 28.0 792.0 20.0 813.0 20.0 Vehicle 1
812.0 46.0 791.0 46.0 791.0 39.0 812.0 39.0 Vehicle 1
787.0 47.0 767.0 46.0 767.0 39.0 787.0 40.0 Vehicle 1
787.0 63.0 768.0 63.0 768.0 57.0 787.0 57.0 Vehicle 1
810.0 63.0 792.0 63.0 792.0 56.0 810.0 56.0 Vehicle 1
814.0 73.0 792.0 72.0 793.0 65.0 814.0 66.0 Vehicle 1
810.0 82.0 793.0 82.0 793.0 75.0 810.0 75.0 Vehicle 1
811.0 90.0 790.0 91.0 790.0 83.0 810.0 83.0 Vehicle 1
732.0 11.0 709.0 12.0 709.0 6.0 731.0 5.0 Vehicle 1
707.0 39.0 687.0 39.0 687.0 32.0 707.0 32.0 Vehicle 1
706.0 29.0 686.0 30.0 686.0 24.0 705.0 23.0 Vehicle 1
731.0 37.0 711.0 38.0 711.0 33.0 731.0 32.0 Vehicle 1
732.0 48.0 710.0 48.0 710.0 41.0 732.0 41.0 Vehicle 1
706.0 66.0 688.0 66.0 688.0 59.0 706.0 59.0 Vehicle 1
870.0 7.0 850.0 8.0 850.0 1.0 870.0 1.0 Vehicle 1
868.0 26.0 849.0 26.0 849.0 19.0 868.0 20.0 Vehicle 1
870.0 35.0 850.0 35.0 850.0 28.0 870.0 28.0 Vehicle 1
875.0 80.0 851.0 80.0 851.0 73.0 875.0 72.0 Vehicle 1
610.0 11.0 588.0 12.0 588.0 5.0 610.0 4.0 Vehicle 1
648.0 20.0 628.0 21.0 628.0 14.0 648.0 13.0 Vehicle 1
613.0 30.0 592.0 30.0 592.0 22.0 613.0 22.0 Vehicle 1
646.0 28.0 626.0 29.0 626.0 22.0 646.0 21.0 Vehicle 1
648.0 47.0 627.0 47.0 627.0 40.0 648.0 39.0 Vehicle 1
526.0 6.0 504.0 6.0 504.0 0.0 526.0 0.0 Vehicle 1
527.0 31.0 503.0 32.0 503.0 25.0 527.0 24.0 Vehicle 1
555.0 49.0 532.0 49.0 532.0 42.0 555.0 42.0 Vehicle 1
557.0 68.0 532.0 68.0 532.0 60.0 557.0 60.0 Vehicle 1
528.0 77.0 507.0 77.0 507.0 69.0 528.0 69.0 Vehicle 1
471.0 16.0 450.0 16.0 450.0 9.0 471.0 9.0 Vehicle 1
446.0 17.0 424.0 18.0 424.0 11.0 446.0 10.0 Vehicle 1
447.0 26.0 423.0 27.0 423.0 20.0 447.0 19.0 Vehicle 1
471.0 34.0 450.0 35.0 450.0 28.0 470.0 27.0 Vehicle 1
448.0 44.0 428.0 44.0 429.0 37.0 448.0 37.0 Vehicle 1
472.0 43.0 450.0 44.0 450.0 37.0 472.0 37.0 Vehicle 1
472.0 53.0 452.0 53.0 451.0 46.0 472.0 45.0 Vehicle 1
446.0 62.0 424.0 62.0 424.0 55.0 446.0 55.0 Vehicle 1
470.0 71.0 450.0 71.0 450.0 64.0 470.0 64.0 Vehicle 1
38.0 83.0 29.0 97.0 23.0 94.0 32.0 80.0 Vehicle 1
71.0 93.0 63.0 109.0 55.0 105.0 64.0 89.0 Vehicle 1
36.0 150.0 30.0 166.0 22.0 162.0 29.0 147.0 Vehicle 1
48.0 155.0 41.0 171.0 34.0 167.0 41.0 151.0 Vehicle 1
60.0 159.0 54.0 173.0 46.0 169.0 52.0 155.0 Vehicle 1
72.0 162.0 65.0 176.0 57.0 173.0 63.0 158.0 Vehicle 1
93.0 168.0 88.0 184.0 80.0 181.0 85.0 166.0 Vehicle 1
236.0 133.0 233.0 149.0 225.0 148.0 228.0 132.0 Vehicle 1
250.0 134.0 247.0 152.0 238.0 150.0 240.0 133.0 Vehicle 1
260.0 135.0 257.0 152.0 250.0 151.0 252.0 134.0 Vehicle 1
269.0 151.0 261.0 151.0 261.0 138.0 269.0 137.0 Vehicle 1
296.0 156.0 287.0 156.0 286.0 140.0 295.0 139.0 Vehicle 1
319.0 138.0 318.0 153.0 310.0 153.0 311.0 138.0 Vehicle 1
376.0 139.0 375.0 154.0 367.0 154.0 368.0 138.0 Vehicle 1
389.0 155.0 379.0 155.0 378.0 139.0 388.0 138.0 Vehicle 1
400.0 154.0 390.0 154.0 389.0 136.0 399.0 136.0 Vehicle 1
436.0 154.0 428.0 155.0 426.0 138.0 434.0 137.0 Vehicle 1
514.0 152.0 504.0 152.0 504.0 134.0 514.0 134.0 Vehicle 1
551.0 151.0 542.0 152.0 542.0 135.0 550.0 135.0 Vehicle 1
596.0 148.0 587.0 148.0 587.0 132.0 596.0 132.0 Vehicle 1
607.0 151.0 601.0 151.0 600.0 137.0 607.0 137.0 Vehicle 1
573.0 152.0 564.0 152.0 564.0 135.0 573.0 135.0 Vehicle 1
724.0 146.0 715.0 146.0 715.0 129.0 724.0 129.0 Vehicle 1
771.0 149.0 764.0 149.0 763.0 134.0 771.0 133.0 Vehicle 1
759.0 148.0 750.0 148.0 749.0 132.0 758.0 132.0 Vehicle 1
827.0 144.0 820.0 144.0 820.0 131.0 827.0 131.0 Vehicle 1
839.0 144.0 831.0 145.0 830.0 129.0 837.0 129.0 Vehicle 1
866.0 116.0 847.0 116.0 847.0 109.0 866.0 109.0 Vehicle 1
867.0 106.0 849.0 106.0 849.0 100.0 867.0 100.0 Vehicle 1
869.0 96.0 849.0 96.0 849.0 90.0 869.0 89.0 Vehicle 1
54.0 10.0 33.0 11.0 32.0 4.0 54.0 3.0 Vehicle 1
142.0 56.0 123.0 57.0 123.0 51.0 142.0 50.0 Vehicle 1
145.0 36.0 124.0 37.0 123.0 31.0 145.0 30.0 Vehicle 1
120.0 10.0 119.0 3.0 137.0 -2.0 139.0 5.0 Vehicle 1
201.0 17.0 180.0 19.0 179.0 13.0 200.0 10.0 Vehicle 1
222.0 15.0 202.0 16.0 202.0 9.0 222.0 8.0 Vehicle 1
226.0 64.0 225.0 70.0 207.0 69.0 207.0 63.0 Vehicle 1
227.0 32.0 206.0 34.0 205.0 27.0 227.0 26.0 Vehicle 1
203.0 56.0 202.0 61.0 182.0 61.0 183.0 55.0 Vehicle 1
275.0 94.0 254.0 93.0 255.0 87.0 275.0 88.0 Vehicle 1
304.0 86.0 279.0 85.0 279.0 78.0 304.0 79.0 Vehicle 1
282.0 76.0 261.0 75.0 261.0 69.0 282.0 70.0 Vehicle 1
307.0 76.0 285.0 76.0 285.0 70.0 307.0 70.0 Vehicle 1
282.0 68.0 261.0 67.0 261.0 62.0 282.0 62.0 Vehicle 1
307.0 57.0 286.0 58.0 286.0 51.0 306.0 50.0 Vehicle 1
306.0 48.0 288.0 48.0 288.0 43.0 306.0 43.0 Vehicle 1
305.0 31.0 286.0 31.0 285.0 24.0 305.0 24.0 Vehicle 1
305.0 21.0 286.0 22.0 286.0 16.0 304.0 15.0 Vehicle 1
388.0 73.0 368.0 74.0 368.0 67.0 388.0 67.0 Vehicle 1
363.0 73.0 344.0 72.0 344.0 67.0 363.0 67.0 Vehicle 1
366.0 47.0 344.0 47.0 344.0 40.0 366.0 40.0 Vehicle 1
366.0 19.0 343.0 20.0 343.0 14.0 365.0 13.0 Vehicle 1
365.0 29.0 342.0 30.0 342.0 23.0 365.0 23.0 Vehicle 1
445.0 79.0 424.0 78.0 424.0 71.0 445.0 71.0 Vehicle 1
