747.0 173.0 738.0 197.0 726.0 193.0 736.0 169.0 Vehicle 1
749.0 220.0 740.0 222.0 738.0 203.0 746.0 202.0 Vehicle 1
54.0 516.0 34.0 516.0 34.0 510.0 54.0 510.0 Vehicle 1
53.0 505.0 37.0 506.0 37.0 499.0 53.0 498.0 Vehicle 1
385.0 424.0 360.0 429.0 359.0 421.0 383.0 416.0 Vehicle 1
557.0 408.0 535.0 408.0 535.0 400.0 557.0 400.0 Vehicle 1
564.0 367.0 556.0 383.0 550.0 380.0 557.0 364.0 Vehicle 1
493.0 288.0 485.0 288.0 484.0 270.0 493.0 270.0 Vehicle 1
577.0 292.0 576.0 307.0 569.0 306.0 570.0 291.0 Vehicle 1
578.0 289.0 570.0 289.0 571.0 274.0 578.0 275.0 Vehicle 1
580.0 271.0 572.0 271.0 573.0 256.0 580.0 257.0 Vehicle 1
582.0 252.0 575.0 252.0 575.0 236.0 582.0 236.0 Vehicle 1
581.0 233.0 574.0 233.0 574.0 219.0 581.0 218.0 Vehicle 1
581.0 208.0 574.0 208.0 574.0 193.0 581.0 193.0 Vehicle 1
580.0 189.0 573.0 190.0 570.0 175.0 577.0 173.0 Vehicle 1
576.0 172.0 567.0 173.0 566.0 158.0 574.0 157.0 Vehicle 1
571.0 151.0 565.0 152.0 561.0 135.0 568.0 134.0 Vehicle 1
568.0 130.0 560.0 132.0 556.0 114.0 564.0 112.0 Vehicle 1
556.0 82.0 550.0 84.0 546.0 69.0 552.0 67.0 Vehicle 1
553.0 65.0 545.0 66.0 543.0 51.0 551.0 50.0 Vehicle 1
548.0 22.0 540.0 23.0 538.0 8.0 546.0 7.0 Vehicle 1
326.0 47.0 319.0 47.0 319.0 32.0 326.0 32.0 Vehicle 1
109.0 261.0 100.0 261.0 100.0 243.0 108.0 243.0 Vehicle 1
106.0 203.0 99.0 203.0 99.0 189.0 106.0 189.0 Vehicle 1
107.0 176.0 100.0 177.0 98.0 161.0 105.0 161.0 Vehicle 1
