33.0 952.0 26.0 952.0 25.0 935.0 33.0 935.0 Vehicle 1
118.0 969.0 116.0 985.0 107.0 984.0 109.0 968.0 Vehicle 1
113.0 967.0 103.0 969.0 100.0 953.0 110.0 951.0 Vehicle 1
111.0 949.0 102.0 949.0 101.0 934.0 110.0 933.0 Vehicle 1
100.0 949.0 90.0 949.0 89.0 930.0 99.0 930.0 Vehicle 1
103.0 898.0 97.0 917.0 88.0 914.0 94.0 895.0 Vehicle 1
157.0 831.0 130.0 831.0 130.0 824.0 157.0 824.0 Vehicle 1
363.0 449.0 352.0 449.0 352.0 421.0 363.0 421.0 Vehicle 1
376.0 448.0 365.0 448.0 365.0 419.0 376.0 419.0 Vehicle 1
397.0 416.0 395.0 450.0 380.0 449.0 383.0 415.0 Vehicle 1
464.0 408.0 463.0 424.0 453.0 423.0 454.0 407.0 Vehicle 1
463.0 433.0 462.0 449.0 452.0 449.0 453.0 433.0 Vehicle 1
578.0 450.0 568.0 449.0 569.0 435.0 578.0 435.0 Vehicle 1
531.0 405.0 530.0 422.0 520.0 421.0 521.0 404.0 Vehicle 1
611.0 387.0 610.0 402.0 599.0 401.0 600.0 386.0 Vehicle 1
624.0 402.0 614.0 402.0 614.0 383.0 624.0 383.0 Vehicle 1
419.0 328.0 398.0 327.0 398.0 318.0 419.0 318.0 Vehicle 1
507.0 70.0 474.0 70.0 474.0 60.0 507.0 60.0 Vehicle 1
552.0 36.0 551.0 45.0 521.0 45.0 521.0 36.0 Vehicle 1
629.0 310.0 620.0 311.0 619.0 283.0 629.0 282.0 Vehicle 1
691.0 276.0 690.0 286.0 659.0 283.0 660.0 274.0 Vehicle 1
625.0 146.0 614.0 146.0 614.0 114.0 625.0 114.0 Vehicle 1
710.0 21.0 709.0 31.0 669.0 29.0 669.0 19.0 Vehicle 1
790.0 23.0 778.0 23.0 777.0 7.0 790.0 6.0 Vehicle 1
608.0 45.0 573.0 46.0 573.0 37.0 608.0 36.0 Vehicle 1
714.0 483.0 688.0 482.0 688.0 475.0 714.0 475.0 Vehicle 1
780.0 765.0 778.0 781.0 766.0 779.0 768.0 764.0 Vehicle 1
544.0 812.0 526.0 812.0 526.0 805.0 544.0 804.0 Vehicle 1
578.0 811.0 558.0 811.0 558.0 805.0 578.0 806.0 Vehicle 1
22.0 929.0 0.0 930.0 0.0 922.0 22.0 921.0 Vehicle 1
19.0 939.0 1.0 939.0 1.0 933.0 19.0 933.0 Vehicle 1
18.0 947.0 0.0 947.0 0.0 941.0 18.0 942.0 Vehicle 1
18.0 956.0 0.0 956.0 0.0 950.0 18.0 951.0 Vehicle 1
19.0 965.0 0.0 966.0 0.0 959.0 18.0 959.0 Vehicle 1
21.0 969.0 20.0 975.0 0.0 974.0 0.0 968.0 Vehicle 1
870.0 908.0 859.0 908.0 856.0 870.0 867.0 869.0 Vehicle 1
880.0 814.0 871.0 814.0 870.0 799.0 879.0 799.0 Vehicle 1
859.0 800.0 848.0 801.0 847.0 786.0 858.0 785.0 Vehicle 1
849.0 611.0 841.0 612.0 839.0 596.0 848.0 596.0 Vehicle 1
843.0 475.0 842.0 494.0 827.0 494.0 828.0 475.0 Vehicle 1
843.0 159.0 833.0 159.0 833.0 142.0 843.0 142.0 Vehicle 1
790.0 97.0 779.0 97.0 778.0 82.0 789.0 82.0 Vehicle 1
867.0 77.0 856.0 77.0 856.0 59.0 866.0 59.0 Vehicle 1
960.0 220.0 947.0 220.0 945.0 183.0 959.0 183.0 Vehicle 1
961.0 377.0 953.0 378.0 953.0 361.0 961.0 361.0 Vehicle 1
966.0 467.0 957.0 467.0 957.0 451.0 966.0 451.0 Vehicle 1
512.0 420.0 503.0 420.0 503.0 404.0 512.0 404.0 Vehicle 1
648.0 1004.0 639.0 998.0 662.0 953.0 672.0 959.0 Vehicle 1
651.0 82.0 640.0 83.0 638.0 60.0 649.0 59.0 Vehicle 1
