245.0 24.0 235.0 26.0 231.0 7.0 240.0 5.0 Vehicle 1
402.0 7.0 383.0 10.0 382.0 3.0 401.0 1.0 Vehicle 1
408.0 25.0 385.0 30.0 383.0 22.0 406.0 17.0 Vehicle 1
412.0 35.0 388.0 39.0 386.0 30.0 411.0 26.0 Vehicle 1
413.0 54.0 390.0 58.0 389.0 49.0 411.0 46.0 Vehicle 1
359.0 80.0 335.0 82.0 334.0 75.0 358.0 72.0 Vehicle 1
345.0 24.0 323.0 28.0 322.0 21.0 344.0 17.0 Vehicle 1
344.0 16.0 318.0 20.0 317.0 12.0 342.0 8.0 Vehicle 1
340.0 7.0 323.0 9.0 322.0 2.0 340.0 0.0 Vehicle 1
794.0 91.0 784.0 93.0 782.0 75.0 792.0 74.0 Vehicle 1
757.0 96.0 748.0 97.0 746.0 82.0 755.0 81.0 Vehicle 1
745.0 98.0 737.0 100.0 733.0 82.0 742.0 81.0 Vehicle 1
121.0 192.0 99.0 194.0 98.0 185.0 120.0 182.0 Vehicle 1
282.0 255.0 274.0 257.0 270.0 240.0 279.0 239.0 Vehicle 1
298.0 325.0 289.0 327.0 287.0 312.0 296.0 311.0 Vehicle 1
328.0 417.0 320.0 418.0 317.0 400.0 326.0 399.0 Vehicle 1
353.0 454.0 344.0 455.0 343.0 438.0 352.0 437.0 Vehicle 1
357.0 535.0 349.0 536.0 346.0 518.0 355.0 517.0 Vehicle 1
478.0 192.0 457.0 196.0 456.0 190.0 477.0 186.0 Vehicle 1
479.0 202.0 457.0 202.0 457.0 195.0 479.0 195.0 Vehicle 1
504.0 291.0 482.0 293.0 481.0 287.0 504.0 284.0 Vehicle 1
505.0 301.0 482.0 304.0 481.0 297.0 505.0 295.0 Vehicle 1
506.0 315.0 487.0 316.0 486.0 308.0 505.0 307.0 Vehicle 1
515.0 338.0 494.0 341.0 493.0 331.0 514.0 329.0 Vehicle 1
504.0 355.0 483.0 359.0 482.0 352.0 503.0 349.0 Vehicle 1
564.0 398.0 542.0 400.0 541.0 393.0 563.0 391.0 Vehicle 1
510.0 382.0 491.0 385.0 490.0 378.0 508.0 375.0 Vehicle 1
521.0 418.0 497.0 422.0 495.0 413.0 519.0 408.0 Vehicle 1
524.0 444.0 502.0 450.0 501.0 443.0 522.0 438.0 Vehicle 1
504.0 534.0 482.0 537.0 481.0 529.0 503.0 526.0 Vehicle 1
533.0 530.0 511.0 534.0 510.0 527.0 532.0 524.0 Vehicle 1
561.0 526.0 541.0 530.0 540.0 523.0 560.0 519.0 Vehicle 1
594.0 533.0 573.0 536.0 572.0 529.0 593.0 526.0 Vehicle 1
630.0 518.0 609.0 522.0 607.0 515.0 629.0 511.0 Vehicle 1
679.0 534.0 657.0 537.0 656.0 529.0 678.0 526.0 Vehicle 1
660.0 515.0 638.0 518.0 637.0 511.0 659.0 507.0 Vehicle 1
691.0 511.0 669.0 514.0 667.0 507.0 690.0 504.0 Vehicle 1
732.0 454.0 723.0 456.0 720.0 439.0 729.0 437.0 Vehicle 1
763.0 433.0 754.0 435.0 750.0 418.0 760.0 416.0 Vehicle 1
723.0 422.0 714.0 424.0 712.0 407.0 721.0 406.0 Vehicle 1
753.0 390.0 743.0 392.0 740.0 375.0 750.0 373.0 Vehicle 1
748.0 372.0 739.0 373.0 737.0 355.0 746.0 353.0 Vehicle 1
721.0 406.0 711.0 407.0 708.0 389.0 718.0 387.0 Vehicle 1
714.0 372.0 704.0 374.0 700.0 355.0 710.0 354.0 Vehicle 1
709.0 354.0 699.0 355.0 697.0 337.0 706.0 336.0 Vehicle 1
701.0 319.0 693.0 320.0 690.0 304.0 699.0 303.0 Vehicle 1
698.0 303.0 689.0 305.0 685.0 287.0 695.0 285.0 Vehicle 1
690.0 266.0 682.0 267.0 679.0 251.0 687.0 250.0 Vehicle 1
670.0 281.0 647.0 283.0 646.0 276.0 669.0 274.0 Vehicle 1
680.0 213.0 671.0 216.0 666.0 199.0 675.0 197.0 Vehicle 1
675.0 199.0 664.0 200.0 662.0 183.0 673.0 182.0 Vehicle 1
702.0 165.0 692.0 166.0 689.0 150.0 699.0 148.0 Vehicle 1
631.0 180.0 608.0 182.0 608.0 173.0 630.0 172.0 Vehicle 1
604.0 183.0 580.0 186.0 579.0 178.0 603.0 175.0 Vehicle 1
610.0 171.0 581.0 175.0 580.0 167.0 609.0 163.0 Vehicle 1
714.0 383.0 697.0 383.0 697.0 376.0 714.0 376.0 Vehicle 1
789.0 163.0 765.0 167.0 764.0 157.0 787.0 154.0 Vehicle 1
760.0 564.0 750.0 568.0 744.0 553.0 753.0 549.0 Vehicle 1
795.0 580.0 787.0 582.0 783.0 568.0 791.0 566.0 Vehicle 1
544.0 349.0 534.0 352.0 530.0 336.0 540.0 333.0 Vehicle 1
514.0 325.0 494.0 327.0 493.0 319.0 513.0 317.0 Vehicle 1
762.0 180.0 743.0 182.0 742.0 176.0 762.0 174.0 Vehicle 1
