763.0 589.0 755.0 589.0 755.0 569.0 763.0 569.0 Vehicle 1
764.0 551.0 763.0 567.0 756.0 567.0 756.0 551.0 Vehicle 1
763.0 540.0 756.0 540.0 756.0 524.0 763.0 524.0 Vehicle 1
765.0 518.0 757.0 518.0 758.0 500.0 765.0 500.0 Vehicle 1
764.0 492.0 757.0 492.0 757.0 475.0 764.0 475.0 Vehicle 1
764.0 470.0 758.0 470.0 758.0 454.0 764.0 454.0 Vehicle 1
763.0 424.0 756.0 424.0 756.0 408.0 763.0 408.0 Vehicle 1
766.0 326.0 765.0 341.0 758.0 341.0 758.0 326.0 Vehicle 1
765.0 345.0 764.0 359.0 757.0 359.0 757.0 345.0 Vehicle 1
749.0 264.0 748.0 285.0 738.0 285.0 739.0 264.0 Vehicle 1
751.0 93.0 744.0 93.0 743.0 76.0 750.0 76.0 Vehicle 1
