791.0 412.0 782.0 413.0 781.0 399.0 790.0 399.0 Vehicle 1
804.0 442.0 795.0 443.0 794.0 429.0 803.0 429.0 Vehicle 1
460.0 407.0 451.0 407.0 451.0 394.0 460.0 394.0 Vehicle 1
512.0 243.0 511.0 258.0 503.0 258.0 504.0 242.0 Vehicle 1
505.0 68.0 494.0 69.0 494.0 52.0 504.0 52.0 Vehicle 1
511.0 102.0 504.0 103.0 501.0 87.0 509.0 86.0 Vehicle 1
13.0 70.0 3.0 70.0 3.0 54.0 13.0 55.0 Vehicle 1
227.0 78.0 215.0 79.0 215.0 57.0 226.0 57.0 Vehicle 1
889.0 208.0 878.0 208.0 877.0 189.0 889.0 188.0 Vehicle 1
881.0 244.0 872.0 244.0 872.0 230.0 881.0 230.0 Vehicle 1
283.0 49.0 275.0 49.0 274.0 32.0 282.0 32.0 Vehicle 1
298.0 48.0 288.0 49.0 287.0 36.0 297.0 35.0 Vehicle 1
724.0 84.0 723.0 99.0 717.0 99.0 717.0 84.0 Vehicle 1
867.0 108.0 866.0 124.0 857.0 124.0 858.0 107.0 Vehicle 1
950.0 301.0 923.0 300.0 923.0 293.0 950.0 293.0 Vehicle 1
724.0 238.0 717.0 238.0 716.0 224.0 724.0 224.0 Vehicle 1
804.0 464.0 794.0 463.0 794.0 445.0 804.0 445.0 Vehicle 1
821.0 462.0 811.0 462.0 811.0 445.0 821.0 445.0 Vehicle 1
807.0 426.0 794.0 426.0 794.0 402.0 807.0 402.0 Vehicle 1
675.0 425.0 666.0 425.0 666.0 410.0 675.0 410.0 Vehicle 1
612.0 254.0 604.0 254.0 604.0 239.0 612.0 239.0 Vehicle 1
542.0 253.0 534.0 253.0 533.0 240.0 541.0 239.0 Vehicle 1
361.0 247.0 351.0 247.0 351.0 233.0 361.0 233.0 Vehicle 1
364.0 415.0 355.0 415.0 355.0 400.0 363.0 400.0 Vehicle 1
397.0 517.0 369.0 518.0 369.0 510.0 397.0 510.0 Vehicle 1
367.0 519.0 341.0 519.0 341.0 509.0 367.0 509.0 Vehicle 1
334.0 516.0 311.0 516.0 311.0 510.0 334.0 510.0 Vehicle 1
427.0 519.0 403.0 519.0 403.0 512.0 427.0 512.0 Vehicle 1
456.0 518.0 436.0 518.0 436.0 511.0 456.0 512.0 Vehicle 1
488.0 519.0 467.0 517.0 468.0 511.0 488.0 512.0 Vehicle 1
513.0 518.0 495.0 517.0 495.0 510.0 513.0 510.0 Vehicle 1
653.0 462.0 642.0 462.0 643.0 445.0 653.0 445.0 Vehicle 1
535.0 520.0 519.0 520.0 519.0 513.0 535.0 514.0 Vehicle 1
561.0 519.0 541.0 520.0 541.0 513.0 561.0 513.0 Vehicle 1
588.0 520.0 568.0 520.0 568.0 513.0 588.0 513.0 Vehicle 1
620.0 520.0 590.0 520.0 590.0 512.0 620.0 513.0 Vehicle 1
643.0 521.0 624.0 521.0 624.0 515.0 643.0 515.0 Vehicle 1
673.0 522.0 651.0 522.0 651.0 514.0 673.0 515.0 Vehicle 1
700.0 521.0 678.0 521.0 678.0 514.0 700.0 514.0 Vehicle 1
725.0 522.0 704.0 522.0 704.0 516.0 725.0 516.0 Vehicle 1
751.0 523.0 729.0 522.0 729.0 516.0 751.0 516.0 Vehicle 1
779.0 523.0 756.0 523.0 756.0 516.0 779.0 516.0 Vehicle 1
808.0 523.0 789.0 523.0 789.0 517.0 808.0 517.0 Vehicle 1
837.0 524.0 817.0 524.0 817.0 519.0 837.0 518.0 Vehicle 1
974.0 510.0 956.0 512.0 955.0 506.0 974.0 505.0 Vehicle 1
238.0 639.0 225.0 649.0 220.0 644.0 234.0 633.0 Vehicle 1
342.0 683.0 341.0 689.0 322.0 688.0 322.0 682.0 Vehicle 1
274.0 726.0 257.0 736.0 253.0 729.0 270.0 720.0 Vehicle 1
302.0 751.0 287.0 763.0 282.0 756.0 296.0 745.0 Vehicle 1
311.0 757.0 294.0 768.0 289.0 761.0 306.0 750.0 Vehicle 1
318.0 766.0 301.0 778.0 296.0 770.0 313.0 758.0 Vehicle 1
383.0 752.0 362.0 757.0 360.0 751.0 382.0 745.0 Vehicle 1
403.0 765.0 381.0 772.0 379.0 765.0 401.0 758.0 Vehicle 1
64.0 513.0 37.0 513.0 37.0 506.0 64.0 506.0 Vehicle 1
105.0 514.0 83.0 513.0 83.0 507.0 105.0 508.0 Vehicle 1
131.0 515.0 109.0 514.0 109.0 508.0 131.0 509.0 Vehicle 1
158.0 515.0 138.0 515.0 139.0 508.0 158.0 508.0 Vehicle 1
187.0 517.0 166.0 518.0 166.0 510.0 187.0 510.0 Vehicle 1
976.0 316.0 951.0 316.0 951.0 306.0 976.0 307.0 Vehicle 1
228.0 630.0 218.0 638.0 214.0 632.0 224.0 625.0 Vehicle 1
294.0 743.0 279.0 755.0 273.0 748.0 288.0 736.0 Vehicle 1
