114.0 121.0 87.0 130.0 84.0 121.0 111.0 112.0 Vehicle 1
180.0 133.0 174.0 138.0 160.0 125.0 165.0 119.0 Vehicle 1
162.0 117.0 156.0 122.0 144.0 108.0 150.0 103.0 Vehicle 1
146.0 101.0 141.0 106.0 125.0 90.0 131.0 84.0 Vehicle 1
127.0 77.0 120.0 84.0 107.0 70.0 115.0 64.0 Vehicle 1
108.0 57.0 102.0 64.0 88.0 52.0 94.0 44.0 Vehicle 1
182.0 43.0 162.0 52.0 159.0 44.0 179.0 36.0 Vehicle 1
244.0 131.0 227.0 139.0 223.0 131.0 240.0 123.0 Vehicle 1
299.0 162.0 282.0 171.0 277.0 163.0 295.0 154.0 Vehicle 1
435.0 77.0 428.0 83.0 419.0 73.0 425.0 67.0 Vehicle 1
111.0 335.0 101.0 342.0 90.0 327.0 100.0 320.0 Vehicle 1
294.0 305.0 273.0 315.0 267.0 304.0 289.0 294.0 Vehicle 1
306.0 401.0 301.0 406.0 287.0 395.0 292.0 389.0 Vehicle 1
323.0 400.0 318.0 406.0 302.0 391.0 308.0 386.0 Vehicle 1
419.0 414.0 399.0 425.0 395.0 417.0 415.0 407.0 Vehicle 1
432.0 427.0 414.0 438.0 409.0 429.0 427.0 418.0 Vehicle 1
494.0 497.0 476.0 506.0 472.0 499.0 490.0 489.0 Vehicle 1
512.0 544.0 493.0 554.0 490.0 547.0 509.0 537.0 Vehicle 1
542.0 539.0 539.0 556.0 528.0 554.0 531.0 536.0 Vehicle 1
42.0 537.0 23.0 551.0 17.0 543.0 36.0 529.0 Vehicle 1
62.0 526.0 45.0 537.0 40.0 529.0 57.0 518.0 Vehicle 1
106.0 518.0 76.0 536.0 69.0 526.0 99.0 507.0 Vehicle 1
306.0 266.0 299.0 273.0 285.0 258.0 292.0 251.0 Vehicle 1
324.0 355.0 304.0 365.0 299.0 356.0 320.0 345.0 Vehicle 1
193.0 649.0 172.0 659.0 169.0 651.0 189.0 642.0 Vehicle 1
191.0 660.0 179.0 666.0 176.0 660.0 187.0 654.0 Vehicle 1
177.0 732.0 161.0 740.0 157.0 733.0 173.0 724.0 Vehicle 1
391.0 725.0 373.0 735.0 369.0 729.0 388.0 718.0 Vehicle 1
558.0 742.0 548.0 749.0 535.0 731.0 545.0 724.0 Vehicle 1
361.0 180.0 355.0 185.0 342.0 170.0 348.0 165.0 Vehicle 1
592.0 104.0 585.0 109.0 572.0 94.0 579.0 88.0 Vehicle 1
490.0 360.0 473.0 371.0 468.0 364.0 485.0 352.0 Vehicle 1
482.0 377.0 461.0 384.0 459.0 375.0 480.0 368.0 Vehicle 1
536.0 410.0 518.0 421.0 514.0 414.0 531.0 403.0 Vehicle 1
530.0 422.0 509.0 435.0 504.0 427.0 525.0 414.0 Vehicle 1
532.0 460.0 526.0 467.0 511.0 452.0 517.0 446.0 Vehicle 1
561.0 461.0 541.0 471.0 538.0 464.0 558.0 454.0 Vehicle 1
581.0 451.0 563.0 461.0 560.0 455.0 577.0 445.0 Vehicle 1
542.0 506.0 535.0 513.0 520.0 497.0 527.0 490.0 Vehicle 1
576.0 543.0 569.0 550.0 553.0 533.0 560.0 526.0 Vehicle 1
544.0 413.0 531.0 421.0 528.0 417.0 541.0 408.0 Vehicle 1
428.0 627.0 410.0 634.0 407.0 624.0 424.0 618.0 Vehicle 1
