226.0 251.0 217.0 253.0 214.0 231.0 224.0 230.0 Vehicle 1
424.0 324.0 423.0 341.0 415.0 341.0 415.0 324.0 Vehicle 1
415.0 360.0 407.0 360.0 405.0 343.0 413.0 342.0 Vehicle 1
428.0 360.0 420.0 360.0 420.0 344.0 428.0 343.0 Vehicle 1
541.0 222.0 540.0 240.0 530.0 239.0 531.0 221.0 Vehicle 1
362.0 435.0 341.0 434.0 341.0 426.0 362.0 427.0 Vehicle 1
576.0 430.0 575.0 447.0 567.0 447.0 567.0 430.0 Vehicle 1
472.0 406.0 451.0 405.0 452.0 397.0 472.0 398.0 Vehicle 1
514.0 398.0 513.0 406.0 490.0 405.0 490.0 397.0 Vehicle 1
479.0 643.0 470.0 643.0 469.0 624.0 479.0 624.0 Vehicle 1
502.0 633.0 495.0 638.0 482.0 622.0 489.0 616.0 Vehicle 1
371.0 719.0 363.0 722.0 357.0 706.0 365.0 703.0 Vehicle 1
500.0 679.0 488.0 692.0 481.0 686.0 494.0 673.0 Vehicle 1
570.0 691.0 561.0 691.0 561.0 674.0 570.0 674.0 Vehicle 1
569.0 693.0 568.0 709.0 560.0 709.0 561.0 693.0 Vehicle 1
593.0 745.0 571.0 745.0 571.0 736.0 593.0 737.0 Vehicle 1
153.0 456.0 132.0 461.0 130.0 454.0 151.0 448.0 Vehicle 1
157.0 474.0 137.0 478.0 136.0 471.0 156.0 467.0 Vehicle 1
160.0 483.0 139.0 488.0 137.0 481.0 158.0 476.0 Vehicle 1
241.0 375.0 235.0 381.0 222.0 366.0 228.0 360.0 Vehicle 1
204.0 333.0 197.0 336.0 193.0 320.0 200.0 318.0 Vehicle 1
194.0 299.0 187.0 302.0 181.0 286.0 188.0 284.0 Vehicle 1
183.0 269.0 176.0 272.0 171.0 257.0 178.0 255.0 Vehicle 1
176.0 245.0 165.0 248.0 160.0 231.0 170.0 228.0 Vehicle 1
163.0 217.0 156.0 220.0 151.0 204.0 158.0 201.0 Vehicle 1
211.0 196.0 193.0 201.0 191.0 194.0 210.0 189.0 Vehicle 1
195.0 160.0 176.0 165.0 174.0 156.0 193.0 151.0 Vehicle 1
165.0 178.0 157.0 181.0 150.0 164.0 158.0 161.0 Vehicle 1
149.0 184.0 143.0 186.0 136.0 170.0 142.0 167.0 Vehicle 1
149.0 141.0 142.0 144.0 136.0 127.0 143.0 125.0 Vehicle 1
199.0 83.0 178.0 84.0 178.0 76.0 199.0 75.0 Vehicle 1
121.0 104.0 111.0 107.0 105.0 88.0 115.0 85.0 Vehicle 1
57.0 35.0 48.0 39.0 41.0 20.0 51.0 17.0 Vehicle 1
42.0 33.0 35.0 35.0 29.0 17.0 36.0 15.0 Vehicle 1
324.0 785.0 305.0 785.0 305.0 779.0 324.0 779.0 Vehicle 1
345.0 775.0 337.0 778.0 331.0 762.0 339.0 759.0 Vehicle 1
37.0 765.0 16.0 764.0 16.0 758.0 37.0 759.0 Vehicle 1
161.0 736.0 153.0 739.0 141.0 715.0 148.0 711.0 Vehicle 1
165.0 720.0 154.0 720.0 154.0 703.0 164.0 703.0 Vehicle 1
111.0 551.0 87.0 556.0 85.0 548.0 109.0 543.0 Vehicle 1
61.0 438.0 37.0 443.0 35.0 435.0 60.0 431.0 Vehicle 1
18.0 437.0 8.0 439.0 2.0 418.0 12.0 416.0 Vehicle 1
39.0 326.0 4.0 328.0 3.0 317.0 38.0 315.0 Vehicle 1
38.0 305.0 15.0 305.0 15.0 295.0 38.0 296.0 Vehicle 1
39.0 286.0 20.0 286.0 20.0 278.0 39.0 278.0 Vehicle 1
62.0 261.0 55.0 264.0 46.0 247.0 53.0 243.0 Vehicle 1
254.0 14.0 239.0 27.0 233.0 20.0 248.0 7.0 Vehicle 1
