43.0 785.0 38.0 799.0 28.0 795.0 32.0 781.0 Vehicle 1
62.0 798.0 54.0 798.0 54.0 782.0 62.0 782.0 Vehicle 1
412.0 753.0 411.0 769.0 402.0 768.0 402.0 753.0 Vehicle 1
31.0 594.0 9.0 593.0 9.0 587.0 31.0 587.0 Vehicle 1
95.0 596.0 72.0 596.0 72.0 587.0 95.0 587.0 Vehicle 1
295.0 626.0 291.0 633.0 273.0 622.0 277.0 615.0 Vehicle 1
438.0 523.0 407.0 535.0 402.0 524.0 435.0 511.0 Vehicle 1
437.0 496.0 420.0 504.0 417.0 497.0 434.0 488.0 Vehicle 1
505.0 481.0 483.0 482.0 483.0 473.0 505.0 473.0 Vehicle 1
528.0 469.0 506.0 469.0 506.0 461.0 528.0 462.0 Vehicle 1
438.0 397.0 414.0 398.0 414.0 389.0 438.0 389.0 Vehicle 1
448.0 378.0 438.0 378.0 438.0 363.0 448.0 363.0 Vehicle 1
451.0 362.0 440.0 363.0 438.0 341.0 450.0 341.0 Vehicle 1
488.0 349.0 479.0 350.0 478.0 333.0 488.0 333.0 Vehicle 1
453.0 337.0 446.0 338.0 444.0 324.0 452.0 323.0 Vehicle 1
380.0 291.0 357.0 291.0 358.0 282.0 380.0 283.0 Vehicle 1
324.0 290.0 301.0 290.0 301.0 282.0 324.0 282.0 Vehicle 1
255.0 347.0 245.0 347.0 245.0 330.0 255.0 330.0 Vehicle 1
170.0 321.0 146.0 321.0 146.0 313.0 170.0 312.0 Vehicle 1
573.0 375.0 561.0 375.0 561.0 355.0 572.0 354.0 Vehicle 1
194.0 283.0 185.0 283.0 185.0 267.0 194.0 267.0 Vehicle 1
195.0 265.0 186.0 265.0 185.0 247.0 194.0 247.0 Vehicle 1
423.0 221.0 416.0 222.0 414.0 206.0 421.0 205.0 Vehicle 1
127.0 73.0 103.0 74.0 103.0 66.0 127.0 65.0 Vehicle 1
235.0 47.0 217.0 53.0 214.0 46.0 233.0 39.0 Vehicle 1
158.0 18.0 148.0 19.0 147.0 4.0 157.0 4.0 Vehicle 1
70.0 543.0 47.0 541.0 49.0 534.0 70.0 535.0 Vehicle 1
474.0 423.0 466.0 423.0 465.0 408.0 473.0 408.0 Vehicle 1
