239.0 188.0 233.0 189.0 231.0 176.0 237.0 175.0 Vehicle 1
90.0 301.0 74.0 304.0 73.0 295.0 89.0 293.0 Vehicle 1
175.0 472.0 154.0 472.0 155.0 466.0 175.0 466.0 Vehicle 1
891.0 52.0 874.0 59.0 871.0 53.0 888.0 45.0 Vehicle 1
902.0 27.0 898.0 33.0 882.0 23.0 886.0 17.0 Vehicle 1
763.0 129.0 759.0 144.0 751.0 141.0 756.0 127.0 Vehicle 1
495.0 491.0 492.0 508.0 484.0 507.0 486.0 490.0 Vehicle 1
454.0 548.0 445.0 548.0 445.0 531.0 454.0 531.0 Vehicle 1
444.0 546.0 434.0 545.0 435.0 530.0 444.0 530.0 Vehicle 1
583.0 553.0 575.0 552.0 575.0 536.0 583.0 536.0 Vehicle 1
565.0 634.0 556.0 634.0 555.0 618.0 564.0 617.0 Vehicle 1
552.0 626.0 542.0 626.0 543.0 611.0 552.0 611.0 Vehicle 1
589.0 687.0 588.0 695.0 566.0 695.0 566.0 687.0 Vehicle 1
628.0 721.0 607.0 722.0 607.0 715.0 627.0 714.0 Vehicle 1
994.000244 516.000061 984.977295 512.052551 992.000244 496.000061 1001.023193 499.947571 Vehicle 1
969.0 573.0 962.0 591.0 953.0 587.0 960.0 569.0 Vehicle 1
971.0 699.0 951.0 699.0 951.0 692.0 971.0 692.0 Vehicle 1
876.0 807.0 867.0 828.0 855.0 823.0 864.0 802.0 Vehicle 1
818.0 938.0 811.0 957.0 802.0 954.0 809.0 935.0 Vehicle 1
959.0 992.0 937.0 996.0 936.0 989.0 959.0 986.0 Vehicle 1
