873.0 231.0 848.0 233.0 847.0 223.0 872.0 221.0 Vehicle 1
826.0 232.0 816.0 234.0 811.0 210.0 821.0 207.0 Vehicle 1
507.0 42.0 494.0 56.0 487.0 49.0 500.0 35.0 Vehicle 1
588.0 175.0 580.0 180.0 571.0 162.0 579.0 157.0 Vehicle 1
603.0 170.0 597.0 176.0 581.0 160.0 588.0 154.0 Vehicle 1
841.0 511.0 831.0 517.0 821.0 501.0 831.0 495.0 Vehicle 1
782.0 403.0 773.0 407.0 763.0 390.0 772.0 385.0 Vehicle 1
871.0 353.0 860.0 355.0 857.0 337.0 868.0 335.0 Vehicle 1
880.0 245.0 850.0 246.0 849.0 234.0 880.0 233.0 Vehicle 1
818.0 187.0 806.0 187.0 807.0 168.0 818.0 168.0 Vehicle 1
816.0 165.0 805.0 165.0 806.0 147.0 816.0 147.0 Vehicle 1
849.0 113.0 839.0 118.0 831.0 101.0 840.0 96.0 Vehicle 1
863.0 118.0 853.0 118.0 853.0 101.0 862.0 101.0 Vehicle 1
878.0 115.0 867.0 117.0 865.0 101.0 876.0 100.0 Vehicle 1
877.0 96.0 868.0 98.0 864.0 82.0 873.0 80.0 Vehicle 1
861.0 98.0 851.0 100.0 849.0 82.0 859.0 80.0 Vehicle 1
817.0 97.0 806.0 98.0 803.0 81.0 814.0 79.0 Vehicle 1
741.0 117.0 726.0 119.0 724.0 98.0 738.0 96.0 Vehicle 1
757.0 46.0 736.0 45.0 736.0 37.0 757.0 37.0 Vehicle 1
767.0 58.0 742.0 60.0 742.0 51.0 766.0 49.0 Vehicle 1
878.0 975.0 871.0 980.0 863.0 964.0 870.0 960.0 Vehicle 1
872.0 984.0 863.0 991.0 853.0 976.0 862.0 970.0 Vehicle 1
856.0 988.0 847.0 993.0 836.0 972.0 844.0 967.0 Vehicle 1
844.0 989.0 835.0 996.0 822.0 979.0 830.0 972.0 Vehicle 1
827.0 949.0 820.0 955.0 808.0 938.0 816.0 933.0 Vehicle 1
318.0 57.0 314.0 64.0 292.0 52.0 296.0 45.0 Vehicle 1
308.0 107.0 305.0 114.0 283.0 105.0 286.0 97.0 Vehicle 1
285.0 139.0 281.0 147.0 261.0 137.0 265.0 129.0 Vehicle 1
314.0 170.0 303.0 185.0 297.0 180.0 307.0 165.0 Vehicle 1
309.0 149.0 298.0 166.0 289.0 160.0 301.0 143.0 Vehicle 1
138.0 294.0 135.0 301.0 118.0 294.0 121.0 287.0 Vehicle 1
102.0 350.0 98.0 358.0 77.0 348.0 81.0 340.0 Vehicle 1
204.0 444.0 202.0 451.0 182.0 443.0 184.0 436.0 Vehicle 1
195.0 452.0 193.0 458.0 172.0 451.0 174.0 444.0 Vehicle 1
63.0 546.0 59.0 553.0 40.0 542.0 45.0 535.0 Vehicle 1
31.0 413.0 24.0 420.0 11.0 406.0 17.0 399.0 Vehicle 1
