591.0 43.0 582.0 44.0 581.0 28.0 590.0 27.0 Vehicle 1
610.0 82.0 601.0 83.0 600.0 63.0 610.0 62.0 Vehicle 1
576.0 87.0 568.0 87.0 568.0 71.0 576.0 71.0 Vehicle 1
593.0 81.0 585.0 81.0 585.0 63.0 593.0 63.0 Vehicle 1
611.0 107.0 600.0 108.0 600.0 90.0 610.0 90.0 Vehicle 1
594.0 103.0 585.0 103.0 585.0 86.0 594.0 86.0 Vehicle 1
578.0 119.0 569.0 119.0 569.0 102.0 577.0 102.0 Vehicle 1
595.0 128.0 585.0 128.0 585.0 110.0 595.0 110.0 Vehicle 1
611.0 142.0 601.0 142.0 601.0 123.0 611.0 123.0 Vehicle 1
628.0 125.0 619.0 125.0 618.0 108.0 627.0 108.0 Vehicle 1
578.0 162.0 568.0 162.0 568.0 144.0 577.0 143.0 Vehicle 1
595.0 190.0 577.0 190.0 578.0 156.0 595.0 157.0 Vehicle 1
576.0 190.0 567.0 190.0 567.0 174.0 575.0 174.0 Vehicle 1
610.0 189.0 599.0 189.0 598.0 166.0 609.0 166.0 Vehicle 1
627.0 196.0 618.0 196.0 618.0 175.0 627.0 175.0 Vehicle 1
627.0 164.0 618.0 165.0 617.0 147.0 626.0 146.0 Vehicle 1
640.0 234.0 632.0 238.0 624.0 222.0 631.0 218.0 Vehicle 1
612.0 249.0 600.0 249.0 600.0 225.0 611.0 225.0 Vehicle 1
595.0 242.0 585.0 242.0 584.0 221.0 594.0 221.0 Vehicle 1
575.0 225.0 565.0 225.0 565.0 205.0 574.0 205.0 Vehicle 1
736.0 234.0 735.0 241.0 715.0 237.0 716.0 230.0 Vehicle 1
751.0 256.0 731.0 255.0 732.0 248.0 751.0 249.0 Vehicle 1
657.0 302.0 656.0 341.0 641.0 340.0 641.0 302.0 Vehicle 1
673.0 305.0 672.0 322.0 663.0 322.0 663.0 305.0 Vehicle 1
688.0 324.0 677.0 323.0 678.0 304.0 688.0 304.0 Vehicle 1
672.0 334.0 671.0 351.0 661.0 351.0 662.0 334.0 Vehicle 1
670.0 374.0 660.0 374.0 660.0 358.0 670.0 358.0 Vehicle 1
670.0 408.0 661.0 408.0 661.0 391.0 670.0 391.0 Vehicle 1
831.0 178.0 812.0 179.0 812.0 173.0 831.0 172.0 Vehicle 1
166.0 466.0 156.0 466.0 156.0 449.0 166.0 449.0 Vehicle 1
174.0 494.0 165.0 496.0 161.0 476.0 171.0 474.0 Vehicle 1
380.0 359.0 356.0 359.0 356.0 351.0 380.0 351.0 Vehicle 1
377.0 386.0 357.0 386.0 357.0 379.0 377.0 379.0 Vehicle 1
376.0 396.0 357.0 396.0 357.0 388.0 376.0 388.0 Vehicle 1
379.0 406.0 357.0 406.0 357.0 399.0 379.0 398.0 Vehicle 1
766.0 304.0 765.0 321.0 757.0 320.0 758.0 304.0 Vehicle 1
778.0 319.0 769.0 319.0 769.0 303.0 778.0 303.0 Vehicle 1
792.0 320.0 782.0 320.0 782.0 303.0 792.0 303.0 Vehicle 1
804.0 319.0 795.0 319.0 794.0 301.0 804.0 301.0 Vehicle 1
816.0 320.0 806.0 321.0 806.0 302.0 815.0 302.0 Vehicle 1
828.0 321.0 819.0 321.0 818.0 303.0 828.0 303.0 Vehicle 1
852.0 320.0 844.0 320.0 844.0 303.0 852.0 303.0 Vehicle 1
865.0 318.0 856.0 318.0 856.0 301.0 865.0 301.0 Vehicle 1
890.0 321.0 880.0 321.0 880.0 304.0 890.0 304.0 Vehicle 1
878.0 322.0 868.0 322.0 868.0 305.0 878.0 305.0 Vehicle 1
752.0 333.0 731.0 334.0 731.0 325.0 752.0 325.0 Vehicle 1
752.0 352.0 731.0 352.0 731.0 345.0 752.0 345.0 Vehicle 1
751.0 360.0 728.0 361.0 728.0 353.0 751.0 353.0 Vehicle 1
756.0 370.0 726.0 370.0 726.0 361.0 756.0 362.0 Vehicle 1
753.0 379.0 726.0 379.0 727.0 371.0 753.0 372.0 Vehicle 1
750.0 388.0 733.0 388.0 732.0 381.0 750.0 381.0 Vehicle 1
753.0 396.0 733.0 396.0 733.0 390.0 753.0 390.0 Vehicle 1
755.0 406.0 735.0 406.0 735.0 398.0 755.0 398.0 Vehicle 1
753.0 415.0 733.0 416.0 733.0 408.0 753.0 408.0 Vehicle 1
751.0 435.0 728.0 435.0 728.0 427.0 751.0 427.0 Vehicle 1
793.0 419.0 784.0 421.0 781.0 405.0 790.0 403.0 Vehicle 1
798.0 445.0 789.0 445.0 787.0 429.0 797.0 428.0 Vehicle 1
797.0 470.0 787.0 470.0 787.0 454.0 797.0 454.0 Vehicle 1
818.0 357.0 809.0 358.0 807.0 340.0 816.0 339.0 Vehicle 1
829.0 357.0 821.0 357.0 819.0 339.0 828.0 339.0 Vehicle 1
844.0 356.0 834.0 357.0 833.0 336.0 843.0 336.0 Vehicle 1
863.0 362.0 855.0 365.0 848.0 348.0 857.0 345.0 Vehicle 1
886.0 358.0 878.0 359.0 877.0 346.0 885.0 345.0 Vehicle 1
837.0 393.0 827.0 393.0 827.0 375.0 837.0 375.0 Vehicle 1
853.0 394.0 842.0 395.0 840.0 373.0 851.0 372.0 Vehicle 1
868.0 393.0 860.0 394.0 858.0 378.0 867.0 377.0 Vehicle 1
890.0 394.0 880.0 395.0 880.0 377.0 890.0 377.0 Vehicle 1
902.0 395.0 893.0 395.0 892.0 380.0 902.0 380.0 Vehicle 1
914.0 394.0 905.0 395.0 904.0 379.0 913.0 378.0 Vehicle 1
939.0 333.0 932.0 348.0 925.0 345.0 931.0 329.0 Vehicle 1
992.0 310.0 982.0 311.0 981.0 293.0 991.0 293.0 Vehicle 1
145.0 622.0 108.0 622.0 108.0 612.0 145.0 612.0 Vehicle 1
5.0 954.0 0.0 954.0 0.0 937.0 5.0 937.0 Vehicle 1
17.0 954.0 8.0 954.0 8.0 938.0 17.0 938.0 Vehicle 1
29.0 954.0 21.0 954.0 20.0 937.0 29.0 937.0 Vehicle 1
23.0 996.0 16.0 996.0 15.0 981.0 23.0 980.0 Vehicle 1
37.0 994.0 28.0 994.0 27.0 978.0 36.0 978.0 Vehicle 1
50.0 994.0 40.0 994.0 40.0 979.0 49.0 978.0 Vehicle 1
73.0 995.0 65.0 995.0 65.0 981.0 73.0 981.0 Vehicle 1
60.0 938.0 37.0 938.0 37.0 931.0 60.0 931.0 Vehicle 1
58.0 928.0 38.0 928.0 38.0 920.0 58.0 920.0 Vehicle 1
60.0 920.0 39.0 920.0 39.0 913.0 60.0 913.0 Vehicle 1
57.0 911.0 36.0 911.0 36.0 904.0 57.0 903.0 Vehicle 1
58.0 900.0 38.0 900.0 38.0 894.0 58.0 894.0 Vehicle 1
56.0 890.0 38.0 890.0 38.0 885.0 56.0 885.0 Vehicle 1
93.0 881.0 84.0 881.0 84.0 865.0 93.0 865.0 Vehicle 1
116.0 865.0 115.0 881.0 107.0 881.0 107.0 865.0 Vehicle 1
105.0 926.0 95.0 927.0 94.0 911.0 104.0 910.0 Vehicle 1
127.0 925.0 118.0 925.0 117.0 910.0 126.0 910.0 Vehicle 1
152.0 927.0 142.0 927.0 142.0 908.0 152.0 908.0 Vehicle 1
166.0 927.0 156.0 927.0 155.0 911.0 165.0 910.0 Vehicle 1
117.0 952.0 107.0 952.0 107.0 936.0 117.0 936.0 Vehicle 1
154.0 954.0 143.0 955.0 143.0 934.0 154.0 933.0 Vehicle 1
154.0 980.0 153.0 997.0 143.0 997.0 144.0 980.0 Vehicle 1
139.0 995.0 129.0 995.0 128.0 979.0 138.0 978.0 Vehicle 1
267.0 947.0 258.0 947.0 257.0 931.0 266.0 930.0 Vehicle 1
244.0 994.0 234.0 994.0 234.0 974.0 243.0 974.0 Vehicle 1
364.0 912.0 358.0 930.0 348.0 927.0 354.0 908.0 Vehicle 1
387.0 927.0 378.0 927.0 377.0 910.0 386.0 909.0 Vehicle 1
265.0 800.0 264.0 816.0 255.0 816.0 256.0 800.0 Vehicle 1
287.0 816.0 279.0 816.0 279.0 800.0 287.0 800.0 Vehicle 1
301.0 799.0 300.0 816.0 291.0 815.0 292.0 798.0 Vehicle 1
313.0 815.0 304.0 815.0 304.0 800.0 313.0 800.0 Vehicle 1
326.0 817.0 316.0 817.0 315.0 797.0 326.0 796.0 Vehicle 1
363.0 818.0 353.0 819.0 351.0 797.0 362.0 796.0 Vehicle 1
374.0 801.0 373.0 816.0 365.0 816.0 365.0 801.0 Vehicle 1
388.0 817.0 378.0 817.0 378.0 799.0 388.0 799.0 Vehicle 1
398.0 815.0 390.0 816.0 389.0 799.0 398.0 799.0 Vehicle 1
424.0 803.0 423.0 819.0 413.0 819.0 414.0 803.0 Vehicle 1
436.0 817.0 427.0 817.0 426.0 800.0 435.0 800.0 Vehicle 1
448.0 800.0 447.0 814.0 438.0 814.0 439.0 799.0 Vehicle 1
487.0 819.0 476.0 819.0 476.0 800.0 487.0 800.0 Vehicle 1
402.0 779.0 376.0 779.0 376.0 771.0 402.0 771.0 Vehicle 1
266.0 864.0 257.0 864.0 257.0 846.0 266.0 846.0 Vehicle 1
266.0 880.0 258.0 880.0 257.0 864.0 265.0 864.0 Vehicle 1
303.0 880.0 294.0 880.0 294.0 865.0 303.0 865.0 Vehicle 1
314.0 860.0 305.0 860.0 305.0 844.0 314.0 844.0 Vehicle 1
339.0 881.0 329.0 881.0 329.0 864.0 338.0 864.0 Vehicle 1
350.0 878.0 341.0 878.0 340.0 862.0 350.0 862.0 Vehicle 1
437.0 860.0 427.0 861.0 427.0 844.0 437.0 843.0 Vehicle 1
483.0 925.0 474.0 925.0 474.0 908.0 482.0 908.0 Vehicle 1
687.0 528.0 686.0 549.0 675.0 548.0 675.0 528.0 Vehicle 1
651.0 592.0 641.0 592.0 640.0 575.0 650.0 575.0 Vehicle 1
668.0 599.0 658.0 599.0 658.0 582.0 668.0 582.0 Vehicle 1
685.0 603.0 676.0 603.0 675.0 586.0 684.0 586.0 Vehicle 1
647.0 657.0 640.0 657.0 640.0 642.0 647.0 642.0 Vehicle 1
648.0 738.0 639.0 738.0 639.0 721.0 648.0 721.0 Vehicle 1
782.0 597.0 762.0 598.0 762.0 591.0 782.0 591.0 Vehicle 1
805.0 597.0 786.0 597.0 786.0 591.0 805.0 590.0 Vehicle 1
751.0 453.0 729.0 453.0 729.0 446.0 751.0 446.0 Vehicle 1
755.0 463.0 731.0 462.0 732.0 455.0 755.0 455.0 Vehicle 1
755.0 474.0 734.0 474.0 734.0 466.0 755.0 467.0 Vehicle 1
754.0 490.0 734.0 490.0 734.0 482.0 754.0 482.0 Vehicle 1
925.0 596.0 904.0 596.0 903.0 588.0 925.0 588.0 Vehicle 1
945.0 596.0 925.0 596.0 926.0 588.0 945.0 588.0 Vehicle 1
976.0 591.0 974.0 600.0 953.0 597.0 954.0 588.0 Vehicle 1
650.0 790.0 641.0 790.0 640.0 773.0 649.0 773.0 Vehicle 1
667.0 836.0 657.0 836.0 658.0 819.0 667.0 819.0 Vehicle 1
668.0 887.0 659.0 886.0 659.0 869.0 668.0 869.0 Vehicle 1
682.0 930.0 671.0 930.0 671.0 910.0 682.0 910.0 Vehicle 1
648.0 931.0 647.0 948.0 638.0 947.0 638.0 931.0 Vehicle 1
665.0 950.0 664.0 967.0 655.0 967.0 655.0 950.0 Vehicle 1
572.0 879.0 561.0 879.0 561.0 862.0 571.0 862.0 Vehicle 1
590.0 903.0 589.0 920.0 579.0 920.0 579.0 903.0 Vehicle 1
571.0 928.0 570.0 946.0 561.0 946.0 561.0 928.0 Vehicle 1
586.0 973.0 577.0 973.0 577.0 953.0 586.0 953.0 Vehicle 1
567.0 970.0 558.0 970.0 559.0 952.0 567.0 952.0 Vehicle 1
685.0 789.0 676.0 790.0 676.0 774.0 684.0 774.0 Vehicle 1
683.0 724.0 674.0 724.0 674.0 705.0 683.0 705.0 Vehicle 1
924.0 757.0 914.0 757.0 914.0 739.0 924.0 739.0 Vehicle 1
937.0 758.0 927.0 758.0 926.0 741.0 937.0 740.0 Vehicle 1
950.0 760.0 940.0 760.0 940.0 740.0 950.0 740.0 Vehicle 1
963.0 759.0 954.0 759.0 953.0 742.0 962.0 741.0 Vehicle 1
986.0 756.0 977.0 756.0 977.0 741.0 986.0 741.0 Vehicle 1
968.0 837.0 947.0 837.0 947.0 829.0 968.0 829.0 Vehicle 1
965.0 800.0 944.0 800.0 944.0 793.0 965.0 793.0 Vehicle 1
945.0 818.0 923.0 817.0 923.0 811.0 945.0 811.0 Vehicle 1
944.0 827.0 922.0 827.0 922.0 819.0 944.0 820.0 Vehicle 1
884.0 767.0 863.0 767.0 863.0 759.0 884.0 759.0 Vehicle 1
887.0 785.0 865.0 785.0 865.0 778.0 886.0 777.0 Vehicle 1
884.0 793.0 864.0 794.0 864.0 787.0 884.0 786.0 Vehicle 1
885.0 812.0 864.0 812.0 864.0 805.0 884.0 804.0 Vehicle 1
884.0 839.0 863.0 839.0 863.0 831.0 884.0 831.0 Vehicle 1
765.0 852.0 744.0 851.0 744.0 844.0 765.0 844.0 Vehicle 1
764.0 860.0 744.0 860.0 744.0 854.0 764.0 854.0 Vehicle 1
763.0 878.0 742.0 878.0 742.0 871.0 763.0 872.0 Vehicle 1
765.0 888.0 744.0 888.0 744.0 881.0 765.0 881.0 Vehicle 1
762.0 898.0 744.0 898.0 744.0 890.0 762.0 890.0 Vehicle 1
762.0 907.0 744.0 907.0 744.0 900.0 762.0 901.0 Vehicle 1
764.0 916.0 743.0 915.0 743.0 908.0 764.0 909.0 Vehicle 1
763.0 925.0 743.0 925.0 743.0 918.0 763.0 919.0 Vehicle 1
768.0 934.0 743.0 934.0 744.0 926.0 768.0 927.0 Vehicle 1
765.0 944.0 745.0 944.0 745.0 937.0 765.0 938.0 Vehicle 1
837.0 891.0 828.0 891.0 828.0 873.0 836.0 873.0 Vehicle 1
874.0 892.0 866.0 892.0 866.0 875.0 874.0 875.0 Vehicle 1
822.0 891.0 796.0 890.0 797.0 882.0 822.0 882.0 Vehicle 1
820.0 899.0 800.0 900.0 800.0 893.0 820.0 892.0 Vehicle 1
819.0 919.0 798.0 919.0 798.0 912.0 819.0 912.0 Vehicle 1
840.0 927.0 832.0 927.0 832.0 911.0 839.0 911.0 Vehicle 1
852.0 929.0 842.0 929.0 842.0 911.0 852.0 911.0 Vehicle 1
864.0 928.0 856.0 928.0 855.0 912.0 863.0 911.0 Vehicle 1
924.0 890.0 915.0 891.0 914.0 873.0 923.0 873.0 Vehicle 1
972.0 890.0 963.0 891.0 962.0 875.0 971.0 875.0 Vehicle 1
1000.0 925.0 991.0 926.0 991.0 910.0 1000.0 910.0 Vehicle 1
912.0 972.0 902.0 972.0 902.0 956.0 912.0 956.0 Vehicle 1
1000.0 968.0 991.0 968.0 992.0 950.0 1000.0 950.0 Vehicle 1
