561.0 379.0 538.0 380.0 538.0 373.0 561.0 372.0 Vehicle 1
477.0 121.0 473.0 137.0 464.0 136.0 468.0 119.0 Vehicle 1
286.0 124.0 285.0 143.0 276.0 142.0 276.0 124.0 Vehicle 1
565.0 245.0 549.0 245.0 549.0 238.0 565.0 239.0 Vehicle 1
545.0 238.0 544.0 246.0 519.0 245.0 519.0 238.0 Vehicle 1
466.0 382.0 457.0 382.0 456.0 365.0 465.0 365.0 Vehicle 1
469.0 430.0 460.0 430.0 459.0 409.0 468.0 409.0 Vehicle 1
469.0 455.0 459.0 455.0 459.0 433.0 469.0 433.0 Vehicle 1
505.0 437.0 497.0 437.0 497.0 422.0 505.0 422.0 Vehicle 1
37.0 202.0 36.0 217.0 27.0 217.0 28.0 202.0 Vehicle 1
37.0 351.0 28.0 351.0 28.0 336.0 37.0 336.0 Vehicle 1
36.0 441.0 27.0 441.0 27.0 423.0 35.0 423.0 Vehicle 1
77.0 452.0 66.0 453.0 65.0 432.0 77.0 432.0 Vehicle 1
74.0 467.0 65.0 467.0 65.0 451.0 73.0 451.0 Vehicle 1
39.0 507.0 30.0 507.0 30.0 489.0 39.0 489.0 Vehicle 1
36.0 609.0 27.0 609.0 26.0 592.0 36.0 592.0 Vehicle 1
117.0 735.0 93.0 735.0 93.0 728.0 117.0 727.0 Vehicle 1
