542.0 316.0 533.0 334.0 525.0 330.0 535.0 312.0 Vehicle 1
203.0 778.0 191.0 792.0 185.0 787.0 197.0 773.0 Vehicle 1
400.0 643.0 389.0 659.0 382.0 655.0 393.0 638.0 Vehicle 1
427.0 634.0 416.0 651.0 409.0 647.0 419.0 630.0 Vehicle 1
471.0 532.0 461.0 548.0 454.0 544.0 464.0 527.0 Vehicle 1
515.0 463.0 504.0 480.0 496.0 474.0 507.0 458.0 Vehicle 1
545.0 440.0 535.0 456.0 528.0 452.0 538.0 436.0 Vehicle 1
562.0 382.0 549.0 404.0 540.0 399.0 553.0 377.0 Vehicle 1
598.0 359.0 588.0 377.0 581.0 373.0 591.0 355.0 Vehicle 1
282.0 171.0 256.0 170.0 257.0 161.0 282.0 163.0 Vehicle 1
114.0 148.0 95.0 147.0 95.0 140.0 114.0 141.0 Vehicle 1
155.0 189.0 154.0 207.0 146.0 207.0 147.0 189.0 Vehicle 1
160.0 148.0 151.0 148.0 151.0 130.0 160.0 130.0 Vehicle 1
164.0 84.0 163.0 104.0 154.0 103.0 155.0 84.0 Vehicle 1
169.0 42.0 167.0 61.0 159.0 61.0 161.0 42.0 Vehicle 1
47.0 454.0 20.0 452.0 21.0 444.0 47.0 446.0 Vehicle 1
124.0 16.0 110.0 16.0 110.0 11.0 124.0 11.0 Vehicle 1
