729.0 325.0 701.0 324.0 701.0 315.0 729.0 315.0 Vehicle 1
676.0 333.0 675.0 352.0 664.0 352.0 664.0 332.0 Vehicle 1
955.0 453.0 933.0 453.0 933.0 445.0 955.0 445.0 Vehicle 1
1000.0 307.958313 977.0 306.999969 977.376099 297.973969 1000.0 298.916626 Vehicle 1
658.0 488.0 638.0 487.0 638.0 480.0 658.0 480.0 Vehicle 1
661.0 488.0 660.0 497.0 639.0 496.0 639.0 488.0 Vehicle 1
662.0 516.0 640.0 516.0 640.0 507.0 662.0 508.0 Vehicle 1
667.0 527.0 641.0 528.0 641.0 520.0 667.0 519.0 Vehicle 1
664.0 551.0 641.0 551.0 641.0 542.0 664.0 541.0 Vehicle 1
666.0 580.0 643.0 581.0 643.0 572.0 666.0 571.0 Vehicle 1
667.0 591.0 640.0 591.0 640.0 583.0 667.0 583.0 Vehicle 1
666.0 607.0 640.0 608.0 640.0 600.0 666.0 600.0 Vehicle 1
666.0 615.0 641.0 616.0 641.0 609.0 666.0 608.0 Vehicle 1
666.0 624.0 643.0 624.0 643.0 616.0 666.0 616.0 Vehicle 1
664.0 656.0 637.0 656.0 637.0 648.0 664.0 647.0 Vehicle 1
668.0 673.0 639.0 672.0 639.0 664.0 668.0 665.0 Vehicle 1
669.0 682.0 639.0 681.0 639.0 673.0 669.0 674.0 Vehicle 1
666.0 687.0 665.0 695.0 636.0 694.0 637.0 686.0 Vehicle 1
675.0 775.0 674.0 785.0 641.0 784.0 641.0 774.0 Vehicle 1
600.0 546.0 576.0 545.0 576.0 536.0 600.0 536.0 Vehicle 1
599.0 563.0 578.0 564.0 578.0 556.0 599.0 556.0 Vehicle 1
602.0 433.0 601.0 441.0 579.0 438.0 580.0 430.0 Vehicle 1
439.0 509.0 438.0 532.0 426.0 532.0 427.0 509.0 Vehicle 1
326.0 527.0 317.0 528.0 316.0 512.0 325.0 512.0 Vehicle 1
300.0 526.0 291.0 526.0 291.0 509.0 300.0 509.0 Vehicle 1
344.0 482.0 334.0 482.0 334.0 466.0 344.0 466.0 Vehicle 1
356.0 464.0 355.0 480.0 346.0 479.0 347.0 464.0 Vehicle 1
405.0 456.0 396.0 456.0 396.0 442.0 405.0 442.0 Vehicle 1
269.0 455.0 260.0 455.0 260.0 439.0 269.0 439.0 Vehicle 1
433.0 260.0 425.0 261.0 424.0 243.0 433.0 243.0 Vehicle 1
333.0 262.0 323.0 262.0 323.0 243.0 333.0 243.0 Vehicle 1
295.0 260.0 285.0 260.0 285.0 241.0 295.0 241.0 Vehicle 1
309.0 214.0 298.0 214.0 297.0 194.0 308.0 194.0 Vehicle 1
321.0 214.0 310.0 214.0 310.0 196.0 321.0 196.0 Vehicle 1
48.0 375.0 25.0 375.0 25.0 365.0 48.0 365.0 Vehicle 1
46.0 386.0 24.0 387.0 24.0 377.0 46.0 377.0 Vehicle 1
46.0 403.0 27.0 403.0 27.0 393.0 46.0 394.0 Vehicle 1
46.0 468.0 27.0 467.0 27.0 458.0 46.0 458.0 Vehicle 1
55.0 677.0 26.0 678.0 26.0 668.0 54.0 667.0 Vehicle 1
48.0 689.0 25.0 688.0 25.0 678.0 48.0 679.0 Vehicle 1
789.0 627.0 788.0 648.0 774.0 648.0 775.0 627.0 Vehicle 1
802.0 593.0 782.0 592.0 782.0 586.0 802.0 586.0 Vehicle 1
705.0 936.0 699.0 936.0 699.0 919.0 704.0 919.0 Vehicle 1
