-35.0 21.0 176.0 112.0 193.0 73.0 -18.0 -19.0 Ship 1
588.0 27.0 502.0 210.0 534.0 225.0 620.0 42.0 Ship 1
1052.0 35.0 1016.0 166.0 1042.0 173.0 1078.0 43.0 Ship 1
1015.0 166.0 1006.0 196.0 1032.0 204.0 1041.0 174.0 Ship 1
979.0 237.0 912.0 476.0 959.0 488.0 1025.0 250.0 Ship 1
41.0 853.0 85.0 797.0 74.0 788.0 29.0 844.0 Ship 1
158.0 921.0 174.0 871.0 163.0 868.0 148.0 917.0 Ship 1
179.0 879.0 181.0 855.0 175.0 854.0 172.0 878.0 Ship 1
947.0 581.0 988.0 595.0 991.0 587.0 950.0 573.0 Ship 1
1136.0 582.0 1049.0 544.0 1042.0 559.0 1129.0 598.0 Ship 1
918.0 1222.0 942.0 1180.0 933.0 1174.0 908.0 1217.0 Ship 1
909.0 1216.0 928.0 1181.0 918.0 1176.0 899.0 1210.0 Ship 1
891.0 1250.0 905.0 1217.0 897.0 1214.0 883.0 1246.0 Ship 1
1044.0 1246.0 1088.0 1193.0 1076.0 1184.0 1033.0 1237.0 Ship 1
1067.0 1195.0 1049.0 1180.0 1041.0 1190.0 1059.0 1204.0 Ship 1
990.0 1220.0 1037.0 1159.0 1024.0 1149.0 977.0 1210.0 Ship 1
1116.0 1289.0 1064.0 1265.0 1059.0 1275.0 1111.0 1300.0 Ship 1
1117.0 1302.0 1060.0 1276.0 1055.0 1287.0 1111.0 1313.0 Ship 1
1146.0 1313.0 1161.0 1277.0 1148.0 1271.0 1133.0 1308.0 Ship 1
1166.0 1335.0 1189.0 1281.0 1164.0 1271.0 1142.0 1325.0 Ship 1
1277.0 1375.0 1293.0 1337.0 1283.0 1332.0 1267.0 1370.0 Ship 1
1359.0 1412.0 1377.0 1370.0 1367.0 1366.0 1349.0 1408.0 Ship 1
1368.0 1363.0 1295.0 1332.0 1274.0 1383.0 1347.0 1414.0 Ship 1
1387.0 1394.0 1403.0 1366.0 1393.0 1360.0 1377.0 1388.0 Ship 1
1405.0 1437.0 1446.0 1364.0 1423.0 1351.0 1382.0 1424.0 Ship 1
1397.0 1397.0 1412.0 1370.0 1404.0 1365.0 1388.0 1393.0 Ship 1
1445.0 1458.0 1477.0 1392.0 1440.0 1374.0 1408.0 1441.0 Ship 1
1477.0 1474.0 1505.0 1419.0 1478.0 1405.0 1450.0 1460.0 Ship 1
