43.0 383.0 5.0 372.0 2.0 384.0 39.0 395.0 Ship 1
226.0 560.0 180.0 541.0 173.0 558.0 219.0 577.0 Ship 1
286.0 594.0 228.0 561.0 222.0 572.0 280.0 605.0 Ship 1
300.0 493.0 283.0 605.0 312.0 609.0 329.0 497.0 Ship 1
324.0 586.0 334.0 552.0 324.0 549.0 314.0 583.0 Ship 1
342.0 569.0 355.0 536.0 346.0 532.0 332.0 565.0 Ship 1
386.0 595.0 400.0 560.0 389.0 555.0 375.0 591.0 Ship 1
458.0 708.0 479.0 680.0 472.0 675.0 451.0 703.0 Ship 1
488.0 643.0 525.0 598.0 516.0 591.0 479.0 636.0 Ship 1
493.0 659.0 546.0 595.0 535.0 585.0 481.0 649.0 Ship 1
523.0 667.0 497.0 699.0 512.0 711.0 538.0 679.0 Ship 1
561.0 709.0 603.0 725.0 609.0 712.0 566.0 696.0 Ship 1
820.0 773.0 882.0 802.0 887.0 790.0 825.0 761.0 Ship 1
818.0 785.0 875.0 810.0 880.0 800.0 822.0 775.0 Ship 1
882.0 866.0 906.0 814.0 895.0 809.0 871.0 861.0 Ship 1
873.0 859.0 891.0 821.0 882.0 817.0 864.0 855.0 Ship 1
917.0 874.0 938.0 830.0 928.0 825.0 907.0 870.0 Ship 1
947.0 901.0 998.0 923.0 1006.0 902.0 956.0 880.0 Ship 1
1056.0 863.0 1023.0 923.0 1053.0 939.0 1086.0 880.0 Ship 1
1363.0 1088.0 1489.0 1136.0 1499.0 1109.0 1374.0 1061.0 Ship 1
1324.0 192.0 1269.0 186.0 1266.0 214.0 1322.0 220.0 Ship 1
1311.0 180.0 1280.0 176.0 1279.0 187.0 1310.0 190.0 Ship 1
679.0 291.0 894.0 394.0 913.0 354.0 698.0 251.0 Ship 1
703.0 321.0 754.0 343.0 760.0 329.0 709.0 307.0 Ship 1
875.0 409.0 930.0 432.0 937.0 414.0 883.0 392.0 Ship 1
