987.0 958.0 835.0 920.0 830.0 942.0 981.0 980.0 Ship 1
1103.0 1038.0 851.0 977.0 842.0 1017.0 1093.0 1079.0 Ship 1
1184.0 909.0 1232.0 909.0 1232.0 899.0 1184.0 899.0 Ship 1
1276.0 908.0 1317.0 908.0 1317.0 900.0 1276.0 900.0 Ship 1
35.0 1126.0 3.0 1140.0 6.0 1146.0 38.0 1132.0 Ship 1
104.0 1188.0 32.0 1182.0 31.0 1194.0 103.0 1200.0 Ship 1
108.0 1202.0 31.0 1195.0 30.0 1205.0 107.0 1212.0 Ship 1
106.0 1213.0 29.0 1206.0 28.0 1217.0 105.0 1224.0 Ship 1
105.0 1224.0 28.0 1219.0 27.0 1229.0 105.0 1234.0 Ship 1
144.0 1250.0 30.0 1246.0 29.0 1262.0 143.0 1266.0 Ship 1
167.0 1219.0 116.0 1218.0 115.0 1232.0 167.0 1233.0 Ship 1
124.0 1377.0 91.0 1378.0 91.0 1385.0 124.0 1385.0 Ship 1
78.0 1491.0 23.0 1490.0 22.0 1500.0 77.0 1501.0 Ship 1
