930.0 38.0 900.0 24.0 895.0 33.0 925.0 48.0 Ship 1
864.0 13.0 892.0 26.0 895.0 20.0 867.0 7.0 Ship 1
869.0 15.0 822.0 -8.0 818.0 0.0 866.0 23.0 Ship 1
854.0 25.0 829.0 12.0 825.0 19.0 850.0 32.0 Ship 1
865.0 22.0 830.0 5.0 827.0 11.0 862.0 28.0 Ship 1
1493.0 477.0 1487.0 520.0 1495.0 521.0 1501.0 478.0 Ship 1
269.0 797.0 367.0 875.0 382.0 857.0 284.0 778.0 Ship 1
557.0 1022.0 705.0 1134.0 722.0 1111.0 574.0 999.0 Ship 1
1222.0 1433.0 1306.0 1494.0 1319.0 1475.0 1235.0 1414.0 Ship 1
1488.0 390.0 1476.0 415.0 1482.0 417.0 1494.0 393.0 Ship 1
