95.0 695.0 93.972763 711.435791 87.0 711.0 88.027237 694.564209 Dump_Truck 1
678.0 698.0 671.0 698.0 671.0 680.0 678.0 680.0 Dump_Truck 1
988.0 523.0 967.0 523.0 967.0 516.0 988.0 516.0 Dump_Truck 1
596.0 500.0 575.0 500.0 575.0 493.0 596.0 493.0 Dump_Truck 1
662.0 0.0 662.0 0.0 669.0 0.0 669.0 0.0 Dump_Truck 1
95.0 695.0 93.972763 711.435791 87.0 711.0 88.027237 694.564209 Dump_Truck 1
678.0 698.0 671.0 698.0 671.0 680.0 678.0 680.0 Dump_Truck 1
988.0 523.0 967.0 523.0 967.0 516.0 988.0 516.0 Dump_Truck 1
596.0 500.0 575.0 500.0 575.0 493.0 596.0 493.0 Dump_Truck 1
662.0 0.0 662.0 0.0 669.0 0.0 669.0 0.0 Dump_Truck 1
95.0 695.0 93.972763 711.435791 87.0 711.0 88.027237 694.564209 Dump_Truck 1
678.0 698.0 671.0 698.0 671.0 680.0 678.0 680.0 Dump_Truck 1
988.0 523.0 967.0 523.0 967.0 516.0 988.0 516.0 Dump_Truck 1
596.0 500.0 575.0 500.0 575.0 493.0 596.0 493.0 Dump_Truck 1
662.0 0.0 662.0 0.0 669.0 0.0 669.0 0.0 Dump_Truck 1
