923.500061 1000.0 908.666748 1000.0 902.000061 992.0 910.754211 984.704956 Dump_Truck 1
952.199524 909.213806 945.999939 915.000061 931.800354 899.786316 937.999939 894.000061 Dump_Truck 1
1000.000061 451.0 992.500183 443.500122 1000.000061 436.000244 1007.499939 443.500122 Dump_Truck 1
838.0 606.000061 837.0 627.000061 825.977417 626.475159 826.977417 605.475159 Dump_Truck 1
806.0 937.0 778.0 937.0 778.0 928.0 806.0 928.0 Dump_Truck 1
478.362946 567.983459 456.000031 568.999939 455.637115 561.016418 478.000031 559.999939 Dump_Truck 1
923.500061 1000.0 908.666748 1000.0 902.000061 992.0 910.754211 984.704956 Dump_Truck 1
952.199524 909.213806 945.999939 915.000061 931.800354 899.786316 937.999939 894.000061 Dump_Truck 1
1000.000061 451.0 992.500183 443.500122 1000.000061 436.000244 1007.499939 443.500122 Dump_Truck 1
838.0 606.000061 837.0 627.000061 825.977417 626.475159 826.977417 605.475159 Dump_Truck 1
806.0 937.0 778.0 937.0 778.0 928.0 806.0 928.0 Dump_Truck 1
478.362946 567.983459 456.000031 568.999939 455.637115 561.016418 478.000031 559.999939 Dump_Truck 1
