323.027252 673.564209 322.027252 689.564209 313.000031 689.0 314.000031 673.0 Dump_Truck 1
453.0 982.0 442.0 982.0 442.0 965.0 453.0 965.0 Dump_Truck 1
752.0 817.0 742.0 817.0 742.0 797.0 752.0 797.0 Dump_Truck 1
1000.0 848.0 982.0 848.0 982.0 840.0 1000.0 840.0 Dump_Truck 1
974.0 321.000061 952.752563 330.443359 948.752563 321.443359 970.0 312.000061 Dump_Truck 1
832.225708 535.007324 832.000122 542.0 800.774536 540.992676 801.000122 534.0 Dump_Truck 1
783.0 566.0 754.0 566.0 754.0 559.0 783.0 559.0 Dump_Truck 1
616.022461 375.448883 605.0 376.000031 604.0 356.000031 615.022461 355.448883 Dump_Truck 1
398.230408 379.008881 398.0 385.000031 371.769592 383.99118 372.0 378.000031 Dump_Truck 1
324.0 109.0 313.0 109.0 313.0 90.0 324.0 90.0 Dump_Truck 1
365.0 198.0 352.0 198.0 352.0 177.0 365.0 177.0 Dump_Truck 1
387.000031 256.999969 386.723297 265.024933 357.723297 264.024933 358.000031 255.999969 Dump_Truck 1
514.214233 249.005066 514.000061 257.999969 471.785858 256.994873 472.0 247.999969 Dump_Truck 1
622.000122 160.000015 617.990845 189.067703 603.000122 187.000015 607.009399 157.932327 Dump_Truck 1
759.0 231.0 717.0 231.0 717.0 220.0 759.0 220.0 Dump_Truck 1
