66.0 26.999998 61.999996 33.0 40.999996 18.999998 44.999996 12.999996 Dump_Truck 1
148.702972 303.029755 138.702972 304.029755 137.0 287.000031 147.0 286.000031 Dump_Truck 1
975.0 167.0 950.0 167.0 950.0 159.0 975.0 159.0 Dump_Truck 1
976.000122 189.000031 951.877075 192.015411 951.000122 185.000031 975.123169 181.98465 Dump_Truck 1
981.26886 198.989655 955.000061 200.0 954.731262 193.010345 981.000061 192.0 Dump_Truck 1
6.0 577.0 0.0 577.0 0.0 556.0 6.0 556.0 Dump_Truck 1
486.321075 747.0271 461.321075 748.0271 460.999969 740.0 485.999969 739.0 Dump_Truck 1
698.27948 641.98877 672.999939 643.0 672.720398 636.01123 697.999939 635.0 Dump_Truck 1
993.669373 828.06842 964.669373 834.06842 963.000061 826.000061 992.000061 820.000061 Dump_Truck 1
970.000122 624.000061 949.510132 631.17157 947.000122 624.000061 967.490112 616.828552 Dump_Truck 1
542.000061 852.000122 541.000061 872.000122 531.972595 871.548706 532.972595 851.548706 Dump_Truck 1
253.0 263.0 226.0 263.0 226.0 256.0 253.0 256.0 Dump_Truck 1
