229.0 960.0 220.0 960.0 220.0 940.0 229.0 940.0 Dump_Truck 1
231.0 961.000061 229.97757 981.448914 221.0 981.000061 222.02243 960.551208 Dump_Truck 1
304.0 865.0 294.0 865.0 294.0 846.0 304.0 846.0 Dump_Truck 1
948.0 220.0 939.022461 220.448883 938.0 200.0 946.977539 199.551117 Dump_Truck 1
676.0 549.0 650.0 549.0 650.0 540.0 676.0 540.0 Dump_Truck 1
588.332764 811.986084 564.0 813.0 563.667236 805.013916 588.0 804.0 Dump_Truck 1
683.0 922.0 673.0 922.0 673.0 899.0 683.0 899.0 Dump_Truck 1
956.0 400.0 948.0 400.0 948.0 381.0 956.0 381.0 Dump_Truck 1
923.0 405.0 914.0 405.0 914.0 387.0 923.0 387.0 Dump_Truck 1
881.0 440.0 872.0 440.0 872.0 424.0 881.0 424.0 Dump_Truck 1
871.0 440.0 862.0 440.0 862.0 425.0 871.0 425.0 Dump_Truck 1
