743.000061 308.0 739.000061 320.0 712.000061 311.0 716.000061 299.0 Dump_Truck 1
775.000122 318.0 772.311279 328.083008 742.311279 320.083008 745.000122 310.0 Dump_Truck 1
1000.0 150.0 985.000061 142.000031 988.792419 134.889313 1000.0 140.866684 Dump_Truck 1
873.072449 167.84967 860.000061 195.0 849.927673 190.15033 863.000061 163.0 Dump_Truck 1
857.000061 115.999985 854.358337 123.132675 827.000061 112.999985 829.641785 105.867294 Dump_Truck 1
875.517212 74.793106 872.0 83.0 851.0 74.0 854.517212 65.793106 Dump_Truck 1
424.0 484.000031 397.0 486.000031 396.478882 478.964569 423.478882 476.964569 Dump_Truck 1
192.999985 574.999939 188.75383 582.430725 165.815384 569.323059 170.061539 561.892273 Dump_Truck 1
59.368362 874.936462 30.000006 879.999939 28.631643 872.063416 58.0 866.999939 Dump_Truck 1
126.000015 890.000061 115.558838 896.264709 103.558838 876.264709 114.000015 870.000061 Dump_Truck 1
615.376953 741.515381 601.0 760.0 592.623047 753.484619 607.0 735.0 Dump_Truck 1
639.000061 714.000122 622.000061 733.000122 613.581604 725.467773 630.581604 706.467773 Dump_Truck 1
