404.0 513.000061 393.913208 532.164978 386.0 528.000061 396.086792 508.835144 Dump_Truck 1
449.246155 330.569183 441.0 344.999969 434.0 340.999969 442.246155 326.569183 Dump_Truck 1
382.000031 297.0 370.758575 314.373169 364.000031 310.0 375.241486 292.626831 Dump_Truck 1
353.0 309.0 342.101135 326.438232 334.101135 321.438232 345.0 304.0 Dump_Truck 1
342.691559 305.524414 332.691559 322.524414 325.000031 318.0 335.000031 301.0 Dump_Truck 1
316.087494 294.87265 304.999969 310.999969 297.912445 306.127289 308.999969 289.999969 Dump_Truck 1
307.509766 289.212219 296.0 307.0 289.490234 302.787781 301.0 285.0 Dump_Truck 1
630.000061 224.0 626.742126 230.877838 607.742126 221.877838 611.000061 215.0 Dump_Truck 1
558.27179 336.129395 555.000061 343.0 533.728333 332.870605 537.000061 326.0 Dump_Truck 1
548.0 351.0 545.100586 358.041443 528.0 351.0 530.899414 343.958557 Dump_Truck 1
835.084656 775.82312 824.000061 799.0 813.915466 794.17688 825.000061 771.0 Dump_Truck 1
743.999939 786.0 731.929382 800.082397 725.999939 795.0 738.070496 780.917603 Dump_Truck 1
713.0 788.0 703.0 802.0 696.0 797.0 706.0 783.0 Dump_Truck 1
702.178162 786.808289 689.000061 801.000061 683.82196 796.191833 697.000061 782.000061 Dump_Truck 1
687.000061 787.000061 675.000061 802.000061 670.000061 798.000061 682.000061 783.000061 Dump_Truck 1
672.000061 788.000061 659.000061 803.000061 652.03302 796.961975 665.03302 781.961975 Dump_Truck 1
656.999939 788.0 642.999939 803.0 637.299255 797.679321 651.299255 782.679321 Dump_Truck 1
643.0 788.999878 630.704956 803.754028 624.704956 798.754028 637.0 783.999878 Dump_Truck 1
613.000061 790.000061 602.000061 804.000061 595.861267 799.176697 606.861267 785.176697 Dump_Truck 1
601.000061 789.000122 587.000061 805.000122 580.061951 798.929321 594.061951 782.929321 Dump_Truck 1
570.23999 789.680054 558.0 806.0 551.76001 801.319946 564.0 785.0 Dump_Truck 1
554.999939 792.000061 543.423523 805.50592 536.423523 799.50592 547.999939 786.000061 Dump_Truck 1
541.423584 791.50592 529.423584 805.50592 523.0 800.000061 535.0 786.000061 Dump_Truck 1
533.0 787.000061 517.912476 804.099304 511.0 798.000061 526.087524 780.900818 Dump_Truck 1
498.0 793.000061 485.0 806.000061 479.0 800.000061 492.0 787.000061 Dump_Truck 1
467.17807 792.808289 453.999969 807.000061 448.821869 802.191833 461.999969 788.000061 Dump_Truck 1
425.000031 792.000122 414.000031 803.000122 409.000031 798.000122 420.000031 787.000122 Dump_Truck 1
545.000061 758.000061 539.000061 764.000061 526.000061 751.000061 532.000061 745.000061 Dump_Truck 1
650.750916 756.770081 645.000061 763.000061 632.000061 751.000061 637.750916 744.770081 Dump_Truck 1
719.000061 755.000061 714.000061 760.000061 701.000061 747.000061 706.000061 742.000061 Dump_Truck 1
738.000061 754.000061 733.000061 759.000061 719.000061 745.000061 724.000061 740.000061 Dump_Truck 1
776.000122 751.000061 771.320068 757.240051 755.320068 745.240051 760.000122 739.000061 Dump_Truck 1
799.431091 752.363037 792.999939 760.0 773.999939 744.0 780.431091 736.363037 Dump_Truck 1
825.0 469.0 820.239258 478.124817 797.0 466.0 801.760742 456.875183 Dump_Truck 1
848.000061 479.0 845.044739 486.018799 826.000061 478.0 828.955383 470.981201 Dump_Truck 1
840.087463 505.872681 828.999939 522.0 821.912415 517.127319 832.999939 501.0 Dump_Truck 1
849.000122 511.0 838.000122 526.0 831.540527 521.263062 842.540527 506.263062 Dump_Truck 1
852.461426 521.307739 841.692139 537.461548 834.999878 533.0 845.769165 516.846191 Dump_Truck 1
76.136658 696.071411 71.999954 704.000122 48.863258 691.928833 52.999962 684.000122 Dump_Truck 1
67.000015 703.0 63.402161 711.177002 38.000015 700.0 41.59787 691.822998 Dump_Truck 1
75.185364 860.068176 73.0 865.999939 53.814636 858.931702 56.0 852.999939 Dump_Truck 1
80.000015 849.000061 77.000015 857.000061 57.712341 849.767151 60.712341 841.767151 Dump_Truck 1
