637.0 669.0 625.0 669.0 625.0 646.0 637.0 646.0 Dump_Truck 1
860.0 418.0 851.0 418.0 851.0 398.0 860.0 398.0 Dump_Truck 1
454.0 441.0 427.0 441.0 427.0 432.0 454.0 432.0 Dump_Truck 1
367.000031 382.0 363.910858 401.56488 354.000031 400.0 357.089203 380.43512 Dump_Truck 1
571.0 193.0 546.0 193.0 546.0 183.0 571.0 183.0 Dump_Truck 1
962.0 86.0 952.0 86.0 952.0 69.0 962.0 69.0 Dump_Truck 1
711.0 127.0 710.0 147.0 698.977539 146.448883 699.977539 126.448883 Dump_Truck 1
17.359425 9.014376 17.000002 18.0 0.0 17.32 0.0 8.319999 Dump_Truck 1
176.0 342.0 165.0 342.0 165.0 321.0 176.0 321.0 Dump_Truck 1
216.0 416.0 207.0 416.0 207.0 399.0 216.0 399.0 Dump_Truck 1
