810.0 126.0 833.0 84.0 822.0 78.0 799.0 119.0 Ship 1
777.0 157.0 797.0 119.0 789.0 114.0 769.0 152.0 Ship 1
798.0 118.0 817.0 85.0 808.0 79.0 789.0 112.0 Ship 1
1006.0 189.0 955.0 167.0 949.0 179.0 1001.0 202.0 Ship 1
1004.0 205.0 952.0 180.0 946.0 194.0 998.0 219.0 Ship 1
1034.0 224.0 1051.0 179.0 1036.0 173.0 1020.0 219.0 Ship 1
1170.0 286.0 1186.0 241.0 1170.0 235.0 1154.0 281.0 Ship 1
932.0 150.0 977.0 95.0 967.0 86.0 921.0 142.0 Ship 1
878.0 123.0 926.0 66.0 913.0 55.0 865.0 113.0 Ship 1
1274.0 297.0 1289.0 273.0 1280.0 268.0 1265.0 291.0 Ship 1
1282.0 306.0 1300.0 278.0 1290.0 272.0 1273.0 300.0 Ship 1
1266.0 271.0 1190.0 239.0 1170.0 289.0 1246.0 321.0 Ship 1
1335.0 361.0 1364.0 294.0 1330.0 279.0 1301.0 346.0 Ship 1
1409.0 306.0 1373.0 372.0 1403.0 388.0 1439.0 322.0 Ship 1
1368.0 377.0 1393.0 321.0 1365.0 309.0 1341.0 365.0 Ship 1
1294.0 339.0 1334.0 270.0 1312.0 256.0 1271.0 326.0 Ship 1
1055.0 241.0 1080.0 184.0 1055.0 173.0 1031.0 231.0 Ship 1
774.0 143.0 801.0 88.0 779.0 77.0 752.0 132.0 Ship 1
921.0 143.0 954.0 100.0 931.0 82.0 898.0 124.0 Ship 1
