758.0 237.0 786.0 320.0 802.0 315.0 775.0 231.0 Ship 1
789.0 325.0 765.0 257.0 751.0 262.0 775.0 329.0 Ship 1
805.0 359.0 790.0 329.0 782.0 331.0 799.0 362.0 Ship 1
792.0 332.0 806.0 360.0 813.0 356.0 798.0 329.0 Ship 1
808.0 364.0 838.0 387.0 845.0 379.0 817.0 355.0 Ship 1
799.0 370.0 832.0 401.0 841.0 392.0 806.0 362.0 Ship 1
682.0 309.0 521.0 364.0 529.0 392.0 692.0 336.0 Ship 1
811.0 593.0 860.0 487.0 834.0 475.0 785.0 581.0 Ship 1
869.0 769.0 913.0 654.0 894.0 646.0 849.0 762.0 Ship 1
720.0 786.0 773.0 667.0 753.0 659.0 700.0 777.0 Ship 1
741.0 810.0 801.0 675.0 776.0 664.0 717.0 799.0 Ship 1
500.0 179.0 699.0 214.0 702.0 190.0 503.0 155.0 Ship 1
299.0 262.0 258.0 263.0 259.0 276.0 299.0 275.0 Ship 1
219.0 221.0 40.0 286.0 50.0 314.0 228.0 252.0 Ship 1
294.0 464.0 292.0 304.0 265.0 304.0 268.0 465.0 Ship 1
