16.0 572.0 74.0 553.0 67.0 534.0 9.0 553.0 Ship 1
154.0 503.0 76.0 527.0 82.0 548.0 161.0 524.0 Ship 1
162.0 524.0 82.0 549.0 90.0 573.0 170.0 547.0 Ship 1
468.0 421.0 217.0 477.0 223.0 504.0 473.0 447.0 Ship 1
223.0 506.0 232.0 542.0 472.0 482.0 463.0 445.0 Ship 1
530.0 481.0 602.0 478.0 601.0 457.0 529.0 460.0 Ship 1
605.0 479.0 767.0 474.0 766.0 441.0 604.0 446.0 Ship 1
615.0 509.0 742.0 504.0 740.0 475.0 614.0 479.0 Ship 1
664.0 515.0 688.0 514.0 688.0 506.0 664.0 506.0 Ship 1
826.0 397.0 753.0 403.0 754.0 415.0 827.0 409.0 Ship 1
824.0 410.0 761.0 414.0 762.0 424.0 824.0 421.0 Ship 1
822.0 420.0 770.0 424.0 771.0 434.0 823.0 430.0 Ship 1
825.0 400.0 871.0 401.0 871.0 389.0 825.0 388.0 Ship 1
958.0 406.0 899.0 405.0 899.0 416.0 958.0 417.0 Ship 1
782.0 953.0 653.0 984.0 660.0 1013.0 789.0 982.0 Ship 1
1001.0 758.0 945.0 729.0 937.0 745.0 993.0 774.0 Ship 1
999.0 742.0 952.0 721.0 948.0 731.0 995.0 752.0 Ship 1
