104.0 32.0 150.0 9.0 146.0 1.0 100.0 25.0 Ship 1
111.0 37.0 152.0 15.0 150.0 9.0 107.0 30.0 Ship 1
116.0 45.0 156.0 22.0 153.0 17.0 113.0 37.0 Ship 1
119.0 54.0 160.0 30.0 156.0 23.0 115.0 45.0 Ship 1
122.0 61.0 163.0 39.0 159.0 32.0 119.0 54.0 Ship 1
126.0 69.0 168.0 46.0 165.0 39.0 123.0 62.0 Ship 1
151.0 1.0 173.0 44.0 179.0 39.0 159.0 -3.0 Ship 1
159.0 -4.0 181.0 39.0 188.0 37.0 166.0 -6.0 Ship 1
168.0 -4.0 189.0 36.0 196.0 31.0 175.0 -7.0 Ship 1
207.0 25.0 229.0 69.0 238.0 64.0 217.0 20.0 Ship 1
200.0 29.0 221.0 73.0 229.0 70.0 207.0 25.0 Ship 1
221.0 76.0 201.0 34.0 195.0 37.0 214.0 79.0 Ship 1
215.0 84.0 194.0 37.0 185.0 40.0 206.0 87.0 Ship 1
170.0 57.0 193.0 101.0 200.0 97.0 175.0 54.0 Ship 1
161.0 62.0 183.0 104.0 191.0 100.0 169.0 60.0 Ship 1
154.0 67.0 176.0 110.0 183.0 105.0 160.0 63.0 Ship 1
139.0 88.0 176.0 120.0 182.0 113.0 145.0 81.0 Ship 1
238.0 131.0 217.0 90.0 208.0 94.0 230.0 136.0 Ship 1
174.0 130.0 216.0 107.0 211.0 101.0 171.0 123.0 Ship 1
175.0 138.0 218.0 115.0 215.0 110.0 172.0 132.0 Ship 1
176.0 148.0 221.0 126.0 218.0 119.0 173.0 142.0 Ship 1
177.0 157.0 223.0 135.0 219.0 128.0 175.0 151.0 Ship 1
179.0 165.0 225.0 143.0 221.0 136.0 175.0 160.0 Ship 1
284.0 179.0 258.0 130.0 250.0 136.0 275.0 184.0 Ship 1
276.0 188.0 247.0 131.0 236.0 137.0 267.0 194.0 Ship 1
214.0 159.0 234.0 198.0 241.0 195.0 221.0 155.0 Ship 1
221.0 156.0 242.0 195.0 249.0 192.0 227.0 153.0 Ship 1
206.0 163.0 226.0 202.0 233.0 198.0 214.0 160.0 Ship 1
369.0 519.0 408.0 493.0 403.0 486.0 364.0 511.0 Ship 1
374.0 523.0 413.0 500.0 408.0 494.0 370.0 518.0 Ship 1
379.0 530.0 418.0 506.0 413.0 500.0 375.0 523.0 Ship 1
400.0 561.0 439.0 537.0 434.0 530.0 396.0 554.0 Ship 1
394.0 554.0 432.0 530.0 428.0 523.0 390.0 546.0 Ship 1
386.0 547.0 428.0 523.0 425.0 515.0 382.0 539.0 Ship 1
475.0 655.0 503.0 629.0 498.0 623.0 470.0 651.0 Ship 1
474.0 645.0 496.0 623.0 492.0 620.0 471.0 643.0 Ship 1
478.0 662.0 504.0 639.0 500.0 635.0 474.0 655.0 Ship 1
481.0 665.0 505.0 646.0 502.0 643.0 478.0 662.0 Ship 1
502.0 628.0 529.0 663.0 535.0 660.0 508.0 623.0 Ship 1
514.0 630.0 534.0 657.0 539.0 654.0 518.0 627.0 Ship 1
520.0 629.0 532.0 646.0 536.0 644.0 524.0 627.0 Ship 1
495.0 675.0 519.0 659.0 516.0 654.0 492.0 670.0 Ship 1
498.0 679.0 522.0 662.0 519.0 659.0 495.0 675.0 Ship 1
498.0 686.0 527.0 665.0 525.0 662.0 495.0 680.0 Ship 1
507.0 685.0 522.0 676.0 520.0 671.0 505.0 680.0 Ship 1
661.0 740.0 700.0 785.0 707.0 779.0 670.0 734.0 Ship 1
672.0 736.0 708.0 779.0 716.0 772.0 678.0 729.0 Ship 1
676.0 727.0 714.0 770.0 722.0 762.0 683.0 720.0 Ship 1
685.0 720.0 719.0 759.0 725.0 753.0 693.0 714.0 Ship 1
799.0 872.0 779.0 851.0 774.0 855.0 793.0 878.0 Ship 1
