143.0 2118.0 82.0 2184.0 100.0 2200.0 159.0 2134.0 Ship 1
734.0 1803.0 602.0 1851.0 611.0 1875.0 744.0 1827.0 Ship 1
374.0 3319.0 260.0 3378.0 273.0 3400.0 385.0 3340.0 Ship 1
949.0 3738.0 818.0 3818.0 830.0 3840.0 963.0 3761.0 Ship 1
853.0 4155.0 843.0 4130.0 828.0 4137.0 840.0 4162.0 Ship 1
638.0 2635.0 547.0 2667.0 551.0 2682.0 644.0 2651.0 Ship 1
1575.0 2685.0 1472.0 2789.0 1493.0 2811.0 1597.0 2705.0 Ship 1
1726.0 4403.0 1616.0 4590.0 1651.0 4612.0 1761.0 4423.0 Ship 1
1925.0 3405.0 1821.0 3495.0 1839.0 3514.0 1943.0 3427.0 Ship 1
2448.0 2701.0 2325.0 2815.0 2346.0 2837.0 2468.0 2721.0 Ship 1
3036.0 4622.0 2841.0 4821.0 2871.0 4851.0 3067.0 4652.0 Ship 1
5330.0 2209.0 5345.0 2161.0 5328.0 2155.0 5315.0 2204.0 Ship 1
4726.0 978.0 4747.0 963.0 4741.0 954.0 4721.0 969.0 Ship 1
4510.0 744.0 4541.0 737.0 4538.0 725.0 4508.0 730.0 Ship 1
4000.0 1.0 3971.0 10.0 3973.0 19.0 4002.0 10.0 Ship 1
3955.0 71.0 3980.0 63.0 3978.0 57.0 3953.0 65.0 Ship 1
3867.0 69.0 3874.0 45.0 3869.0 45.0 3860.0 67.0 Ship 1
3809.0 62.0 3840.0 68.0 3842.0 61.0 3811.0 54.0 Ship 1
3786.0 54.0 3781.0 29.0 3775.0 29.0 3779.0 54.0 Ship 1
3778.0 53.0 3775.0 34.0 3771.0 35.0 3775.0 54.0 Ship 1
3749.0 23.0 3729.0 29.0 3730.0 34.0 3750.0 29.0 Ship 1
3744.0 5.0 3728.0 15.0 3731.0 20.0 3747.0 10.0 Ship 1
3718.0 32.0 3703.0 37.0 3705.0 43.0 3719.0 37.0 Ship 1
3718.0 29.0 3704.0 34.0 3705.0 37.0 3719.0 31.0 Ship 1
3715.0 26.0 3701.0 30.0 3702.0 34.0 3716.0 29.0 Ship 1
3714.0 21.0 3700.0 27.0 3700.0 29.0 3716.0 25.0 Ship 1
3711.0 19.0 3700.0 22.0 3700.0 26.0 3713.0 21.0 Ship 1
3710.0 13.0 3698.0 18.0 3700.0 21.0 3711.0 18.0 Ship 1
3711.0 9.0 3698.0 13.0 3699.0 18.0 3714.0 12.0 Ship 1
3708.0 6.0 3695.0 9.0 3696.0 13.0 3709.0 11.0 Ship 1
3706.0 -3.0 3691.0 2.0 3693.0 6.0 3707.0 1.0 Ship 1
3699.0 54.0 3713.0 59.0 3714.0 54.0 3700.0 50.0 Ship 1
3696.0 57.0 3707.0 63.0 3709.0 60.0 3698.0 54.0 Ship 1
3692.0 67.0 3702.0 72.0 3704.0 69.0 3694.0 62.0 Ship 1
3698.0 71.0 3684.0 68.0 3683.0 71.0 3697.0 76.0 Ship 1
3698.0 76.0 3686.0 73.0 3685.0 79.0 3697.0 80.0 Ship 1
3673.0 76.0 3664.0 82.0 3666.0 86.0 3675.0 79.0 Ship 1
3671.0 72.0 3663.0 79.0 3664.0 81.0 3673.0 75.0 Ship 1
3666.0 70.0 3658.0 78.0 3660.0 79.0 3668.0 71.0 Ship 1
3659.0 67.0 3652.0 77.0 3656.0 79.0 3663.0 69.0 Ship 1
3650.0 51.0 3641.0 63.0 3646.0 67.0 3653.0 54.0 Ship 1
3645.0 45.0 3633.0 53.0 3635.0 56.0 3648.0 50.0 Ship 1
3644.0 42.0 3630.0 48.0 3633.0 53.0 3646.0 45.0 Ship 1
3635.0 20.0 3623.0 37.0 3626.0 40.0 3640.0 22.0 Ship 1
3622.0 37.0 3630.0 25.0 3627.0 22.0 3619.0 35.0 Ship 1
3617.0 31.0 3628.0 20.0 3625.0 18.0 3614.0 28.0 Ship 1
3614.0 27.0 3625.0 17.0 3624.0 13.0 3610.0 23.0 Ship 1
3201.0 1619.0 3204.0 1588.0 3196.0 1587.0 3192.0 1618.0 Ship 1
3277.0 1471.0 3261.0 1505.0 3272.0 1511.0 3286.0 1477.0 Ship 1
2047.0 6017.0 2127.0 5878.0 2090.0 5858.0 2009.0 5998.0 Ship 1
