494.999939 611.0 462.430237 592.679565 469.0 581.0 501.569702 599.320435 Ship 1
493.0 587.0 491.0 592.0 470.0 579.0 473.0 575.0 Ship 1
508.333344 600.0 499.777802 600.0 489.999969 588.999939 494.779266 584.751648 Ship 1
531.0 578.0 519.0 600.0 472.0 573.0 484.0 551.0 Ship 1
535.0 560.0 527.0 575.0 485.0 551.0 494.0 537.0 Ship 1
555.0 546.0 546.0 565.0 497.0 537.0 507.0 519.0 Ship 1
567.0 526.0 555.0 545.0 507.0 519.0 519.0 498.0 Ship 1
609.0 532.0 601.0 545.0 559.0 521.0 568.0 509.0 Ship 1
626.0 520.0 619.0 536.0 569.0 507.0 577.0 493.0 Ship 1
614.0 462.0 602.0 482.0 540.0 446.0 550.0 428.0 Ship 1
600.0 436.0 592.0 450.0 551.0 428.0 559.0 413.0 Ship 1
611.0 415.0 600.0 435.0 559.0 411.0 570.0 392.0 Ship 1
716.0 357.0 707.0 372.0 668.0 350.0 675.0 336.0 Ship 1
736.0 388.0 728.0 403.0 688.0 379.0 696.0 367.0 Ship 1
741.0 381.0 738.0 387.0 711.0 372.0 716.0 367.0 Ship 1
745.0 356.0 736.0 370.0 683.0 340.0 692.0 327.0 Ship 1
645.0 343.0 638.0 354.0 602.0 335.0 609.0 322.0 Ship 1
676.0 337.0 669.0 352.0 626.0 328.0 634.0 313.0 Ship 1
694.0 321.0 683.0 337.0 616.0 300.0 625.0 282.0 Ship 1
729.0 339.0 726.0 345.0 699.0 329.0 701.0 323.0 Ship 1
734.0 319.0 725.0 335.0 679.0 309.0 689.0 293.0 Ship 1
667.0 285.0 658.0 298.0 625.0 280.0 633.0 265.0 Ship 1
632.0 312.0 625.0 327.0 606.0 317.0 615.0 302.0 Ship 1
688.0 295.0 679.0 311.0 658.0 298.0 667.0 284.0 Ship 1
682.0 281.0 678.0 288.0 636.0 265.0 641.0 259.0 Ship 1
695.0 367.0 685.0 382.0 645.0 360.0 653.0 344.0 Ship 1
685.0 387.0 677.0 401.0 635.0 377.0 644.0 362.0 Ship 1
702.0 263.0 691.0 284.0 646.0 257.0 656.0 237.0 Ship 1
735.0 286.0 730.0 294.0 696.0 273.0 700.0 265.0 Ship 1
747.0 262.0 734.0 281.0 651.0 235.0 663.0 214.0 Ship 1
735.0 232.0 726.0 248.0 672.0 218.0 679.0 202.0 Ship 1
795.0 279.0 784.0 294.0 726.0 253.0 736.0 237.0 Ship 1
800.0 280.21048 769.31958 262.448151 780.31958 243.448151 800.0 254.842072 Ship 1
790.0 210.0 784.0 220.0 740.0 197.0 745.0 187.0 Ship 1
798.608765 84.358963 759.0 60.999935 767.885864 45.932617 807.494629 69.291641 Ship 1
800.0 64.512238 767.445251 46.249817 776.000061 31.000038 800.0 44.463417 Ship 1
798.000183 42.000122 773.600159 29.800018 776.000183 25.000015 800.400208 37.200119 Ship 1
800.0 35.959999 778.0 21.0 780.343506 17.553612 800.0 30.920029 Ship 1
773.0 127.0 758.0 144.0 720.0 112.0 734.0 96.0 Ship 1
745.0 135.0 742.0 138.0 722.0 122.0 725.0 119.0 Ship 1
782.0 170.0 775.0 193.0 697.0 165.0 704.0 144.0 Ship 1
790.0 160.0 786.0 169.0 755.0 159.0 758.0 150.0 Ship 1
752.0 147.0 749.0 156.0 707.0 142.0 710.0 132.0 Ship 1
774.0 311.0 766.0 329.0 701.0 302.0 709.0 284.0 Ship 1
786.0 296.0 778.0 306.0 744.0 281.0 750.0 271.0 Ship 1
660.0 451.0 650.0 470.0 598.0 446.0 607.0 427.0 Ship 1
758.0 420.0 749.0 437.0 680.0 401.0 691.0 382.0 Ship 1
631.0 385.0 621.0 395.0 581.0 359.0 593.0 347.0 Ship 1
619.0 397.0 606.0 410.0 574.0 378.0 584.0 365.0 Ship 1
670.0 438.0 667.0 444.0 644.0 434.0 647.0 428.0 Ship 1
669.0 426.0 665.0 435.0 633.0 420.0 638.0 412.0 Ship 1
667.0 395.0 656.0 418.0 625.0 403.0 636.0 380.0 Ship 1
636.0 420.0 628.0 425.0 617.0 398.0 625.0 395.0 Ship 1
635.0 464.0 632.0 471.0 592.0 453.0 595.0 445.0 Ship 1
648.0 476.0 645.0 485.0 611.0 473.0 615.0 464.0 Ship 1
657.0 493.0 652.0 502.0 627.0 489.0 631.0 480.0 Ship 1
660.0 510.0 655.0 518.0 617.0 492.0 622.0 484.0 Ship 1
650.0 513.0 640.0 530.0 585.0 495.0 597.0 478.0 Ship 1
717.0 559.0 704.0 577.0 639.0 532.0 650.0 514.0 Ship 1
619.0 547.0 616.0 564.0 565.0 555.0 568.0 538.0 Ship 1
663.0 561.0 657.0 579.0 616.0 564.0 622.0 546.0 Ship 1
642.0 570.0 638.0 589.0 558.0 576.0 561.0 555.0 Ship 1
613.137817 602.026306 571.0 594.000061 573.862183 578.973816 616.0 587.000061 Ship 1
