270.0 320.0 149.0 361.0 154.0 379.0 275.0 337.0 Ship 1
299.0 331.0 129.0 387.0 142.0 419.0 307.0 362.0 Ship 1
713.0 279.0 600.0 254.0 598.0 270.0 708.0 294.0 Ship 1
850.0 317.0 724.0 293.0 720.0 314.0 847.0 338.0 Ship 1
596.0 288.0 700.0 310.0 701.0 295.0 599.0 275.0 Ship 1
700.0 463.0 825.0 419.0 819.0 401.0 694.0 445.0 Ship 1
909.0 468.0 933.0 480.0 939.0 477.0 915.0 462.0 Ship 1
942.0 486.0 910.0 469.0 905.0 477.0 935.0 494.0 Ship 1
931.0 495.0 902.0 476.0 900.0 480.0 927.0 502.0 Ship 1
924.0 502.0 894.0 476.0 888.0 481.0 918.0 510.0 Ship 1
775.0 636.0 906.0 511.0 889.0 489.0 757.0 614.0 Ship 1
808.0 937.0 890.0 776.0 864.0 762.0 782.0 925.0 Ship 1
809.0 868.0 853.0 775.0 840.0 768.0 796.0 861.0 Ship 1
78.0 436.0 34.0 447.0 38.0 456.0 81.0 445.0 Ship 1
76.0 423.0 32.0 436.0 35.0 445.0 79.0 434.0 Ship 1
