343.0 142.0 341.0 155.0 285.0 147.0 286.0 134.0 Ship 1
151.0 138.0 147.0 152.0 114.0 144.0 117.0 132.0 Ship 1
547.0 258.0 544.0 284.0 321.0 255.0 324.0 229.0 Ship 1
554.0 291.0 551.0 316.0 178.0 263.0 182.0 238.0 Ship 1
547.0 306.0 544.0 331.0 170.0 283.0 174.0 258.0 Ship 1
508.0 335.0 504.0 362.0 130.0 312.0 134.0 284.0 Ship 1
778.0 211.0 717.0 211.0 717.0 196.0 778.0 196.0 Ship 1
800.0 261.365662 560.407471 266.011505 560.0 245.000015 800.0 240.346283 Ship 1
800.0 283.54776 572.999939 289.999969 572.345154 266.961761 800.0 260.490967 Ship 1
800.0 313.343933 580.000061 318.000031 579.450012 292.011688 800.0 287.343964 Ship 1
800.0 401.340424 577.937256 372.992004 581.0 349.0 800.0 376.957428 Ship 1
