477.0 446.0 344.0 327.0 323.0 350.0 457.0 469.0 Ship 1
703.0 413.0 627.0 358.0 608.0 385.0 684.0 440.0 Ship 1
595.0 296.0 517.0 241.0 499.0 268.0 576.0 323.0 Ship 1
816.0 388.0 740.0 339.0 721.0 367.0 798.0 416.0 Ship 1
771.0 431.0 797.0 448.0 804.0 437.0 778.0 419.0 Ship 1
812.0 406.0 837.0 423.0 845.0 411.0 820.0 394.0 Ship 1
723.0 387.0 694.0 367.0 690.0 373.0 718.0 393.0 Ship 1
692.0 367.0 665.0 346.0 660.0 353.0 687.0 373.0 Ship 1
939.0 538.0 968.0 558.0 972.0 552.0 943.0 532.0 Ship 1
297.0 434.0 260.0 409.0 248.0 427.0 285.0 452.0 Ship 1
388.0 513.0 328.0 472.0 324.0 478.0 384.0 519.0 Ship 1
188.0 242.0 140.0 319.0 151.0 325.0 199.0 249.0 Ship 1
176.0 245.0 146.0 292.0 154.0 296.0 183.0 250.0 Ship 1
255.0 171.0 298.0 110.0 290.0 104.0 247.0 165.0 Ship 1
288.0 84.0 236.0 158.0 247.0 166.0 299.0 91.0 Ship 1
472.0 864.0 539.0 908.0 545.0 899.0 478.0 855.0 Ship 1
377.0 801.0 464.0 862.0 471.0 852.0 384.0 791.0 Ship 1
347.0 765.0 315.0 743.0 311.0 748.0 343.0 771.0 Ship 1
