417.0 515.0 411.0 525.0 346.0 481.0 351.0 472.0 Ship 1
565.0 425.0 503.0 515.0 480.0 499.0 542.0 409.0 Ship 1
746.0 429.0 738.0 440.0 719.0 425.0 728.0 413.0 Ship 1
723.0 156.0 711.0 163.0 696.0 143.0 707.0 134.0 Ship 1
709.0 122.0 700.0 136.0 621.0 79.0 630.0 65.0 Ship 1
557.0 325.0 548.0 338.0 459.0 275.0 467.0 263.0 Ship 1
448.0 250.0 438.0 265.0 334.0 193.0 344.0 179.0 Ship 1
313.0 154.0 303.0 172.0 213.0 111.0 225.0 95.0 Ship 1
234.0 77.0 225.0 90.0 134.0 29.0 144.0 13.0 Ship 1
238.0 63.0 230.0 74.0 144.0 15.0 151.0 4.0 Ship 1
186.0 65.0 176.0 81.0 138.0 54.0 148.0 40.0 Ship 1
604.999878 13.000004 601.182495 18.424774 574.999939 0.0 586.526184 0.0 Ship 1
