42.0 1779.0 73.0 1713.0 59.0 1706.0 28.0 1774.0 Ship 1
28.0 1774.0 59.0 1704.0 42.0 1697.0 11.0 1765.0 Ship 1
111.0 1575.0 75.0 1658.0 94.0 1665.0 130.0 1584.0 Ship 1
96.0 1824.0 121.0 1765.0 109.0 1761.0 82.0 1818.0 Ship 1
138.0 1770.0 182.0 1670.0 169.0 1663.0 123.0 1763.0 Ship 1
426.0 2000.0 444.0 1958.0 436.0 1954.0 417.0 1995.0 Ship 1
434.0 2002.0 453.0 1961.0 444.0 1958.0 426.0 1997.0 Ship 1
478.0 1884.0 501.0 1831.0 490.0 1827.0 467.0 1879.0 Ship 1
484.0 1890.0 507.0 1840.0 498.0 1838.0 476.0 1888.0 Ship 1
257.0 875.0 321.0 904.0 326.0 893.0 263.0 865.0 Ship 1
763.0 1124.0 982.0 1224.0 996.0 1193.0 778.0 1093.0 Ship 1
978.0 1222.0 917.0 1193.0 913.0 1202.0 973.0 1231.0 Ship 1
973.0 1231.0 911.0 1206.0 907.0 1218.0 969.0 1243.0 Ship 1
128.0 1579.0 205.0 1615.0 213.0 1597.0 136.0 1561.0 Ship 1
246.0 1631.0 315.0 1663.0 323.0 1649.0 253.0 1615.0 Ship 1
242.0 1695.0 307.0 1725.0 313.0 1711.0 248.0 1683.0 Ship 1
348.0 1945.0 265.0 1909.0 257.0 1929.0 340.0 1965.0 Ship 1
409.0 1965.0 353.0 1943.0 348.0 1956.0 403.0 1979.0 Ship 1
413.0 1984.0 346.0 1956.0 340.0 1968.0 409.0 1995.0 Ship 1
76.0 1325.0 146.0 1338.0 148.0 1322.0 80.0 1311.0 Ship 1
265.0 1543.0 211.0 1613.0 232.0 1627.0 284.0 1559.0 Ship 1
573.0 1854.0 607.0 1809.0 598.0 1802.0 563.0 1845.0 Ship 1
611.0 1808.0 667.0 1736.0 655.0 1725.0 598.0 1797.0 Ship 1
625.0 1843.0 688.0 1774.0 671.0 1759.0 609.0 1829.0 Ship 1
1692.0 1252.0 1755.0 1099.0 1730.0 1088.0 1665.0 1240.0 Ship 1
90.0 816.0 159.0 849.0 169.0 825.0 100.0 793.0 Ship 1
82.0 841.0 136.0 866.0 146.0 845.0 90.0 820.0 Ship 1
2003.0 1047.0 1878.0 993.0 1861.0 1029.0 1986.0 1084.0 Ship 1
