55.0 96.0 75.0 122.0 82.0 116.0 62.0 90.0 Ship 1
61.0 86.0 81.0 112.0 86.0 107.0 66.0 82.0 Ship 1
99.0 111.0 80.0 88.0 75.0 93.0 94.0 115.0 Ship 1
94.0 52.0 116.0 74.0 120.0 70.0 98.0 48.0 Ship 1
76.0 63.0 111.0 98.0 115.0 93.0 81.0 59.0 Ship 1
101.0 49.0 120.0 69.0 124.0 65.0 105.0 46.0 Ship 1
99.0 38.0 124.0 63.0 128.0 59.0 104.0 34.0 Ship 1
106.0 21.0 132.0 54.0 135.0 51.0 110.0 18.0 Ship 1
113.0 21.0 136.0 51.0 139.0 48.0 117.0 18.0 Ship 1
-9.0 267.0 17.0 296.0 23.0 290.0 -4.0 262.0 Ship 1
16.0 255.0 43.0 229.0 40.0 225.0 12.0 251.0 Ship 1
68.0 196.0 45.0 220.0 50.0 225.0 73.0 201.0 Ship 1
109.0 189.0 74.0 216.0 80.0 223.0 114.0 195.0 Ship 1
100.0 220.0 119.0 202.0 115.0 198.0 96.0 216.0 Ship 1
125.0 271.0 146.0 252.0 142.0 248.0 121.0 267.0 Ship 1
149.0 272.0 165.0 257.0 161.0 253.0 145.0 268.0 Ship 1
151.0 234.0 135.0 216.0 129.0 222.0 145.0 239.0 Ship 1
198.0 287.0 174.0 261.0 168.0 265.0 193.0 292.0 Ship 1
192.0 332.0 214.0 307.0 209.0 303.0 188.0 327.0 Ship 1
169.0 250.0 188.0 271.0 194.0 266.0 175.0 244.0 Ship 1
166.0 219.0 144.0 191.0 138.0 196.0 161.0 223.0 Ship 1
171.0 233.0 116.0 172.0 108.0 179.0 163.0 240.0 Ship 1
123.0 142.0 145.0 168.0 148.0 165.0 126.0 139.0 Ship 1
200.0 83.0 164.0 111.0 175.0 125.0 211.0 96.0 Ship 1
235.0 121.0 246.0 39.0 236.0 37.0 225.0 119.0 Ship 1
316.0 61.0 312.0 165.0 322.0 166.0 326.0 62.0 Ship 1
331.0 53.0 324.0 185.0 335.0 185.0 341.0 54.0 Ship 1
340.0 71.0 336.0 176.0 346.0 176.0 350.0 72.0 Ship 1
351.0 83.0 345.0 189.0 357.0 189.0 363.0 83.0 Ship 1
397.0 155.0 390.0 262.0 403.0 263.0 409.0 156.0 Ship 1
412.0 157.0 403.0 293.0 418.0 294.0 427.0 158.0 Ship 1
496.0 249.0 489.0 370.0 503.0 371.0 510.0 249.0 Ship 1
512.0 265.0 506.0 370.0 519.0 370.0 525.0 266.0 Ship 1
595.0 352.0 587.0 485.0 600.0 486.0 608.0 353.0 Ship 1
565.0 343.0 559.0 437.0 572.0 438.0 578.0 344.0 Ship 1
585.0 485.0 593.0 346.0 578.0 345.0 570.0 484.0 Ship 1
682.0 631.0 714.0 582.0 708.0 577.0 675.0 626.0 Ship 1
202.0 409.0 282.0 502.0 291.0 494.0 211.0 401.0 Ship 1
252.0 631.0 237.0 610.0 227.0 616.0 243.0 638.0 Ship 1
357.0 569.0 334.0 541.0 328.0 546.0 351.0 573.0 Ship 1
424.0 913.0 399.0 996.0 409.0 999.0 434.0 916.0 Ship 1
530.0 737.0 495.0 768.0 501.0 774.0 536.0 743.0 Ship 1
393.0 902.0 382.0 943.0 399.0 948.0 410.0 906.0 Ship 1
430.0 871.0 420.0 912.0 440.0 916.0 450.0 876.0 Ship 1
632.0 987.0 638.0 941.0 631.0 940.0 624.0 985.0 Ship 1
583.0 987.0 597.0 949.0 590.0 947.0 577.0 985.0 Ship 1
588.0 941.0 602.0 905.0 596.0 903.0 582.0 939.0 Ship 1
679.0 933.0 684.0 891.0 678.0 891.0 673.0 933.0 Ship 1
694.0 1007.0 697.0 964.0 691.0 963.0 687.0 1006.0 Ship 1
570.0 994.0 587.0 944.0 582.0 942.0 565.0 992.0 Ship 1
639.0 989.0 646.0 945.0 641.0 944.0 635.0 988.0 Ship 1
686.0 850.0 686.0 883.0 692.0 883.0 692.0 850.0 Ship 1
695.0 845.0 697.0 821.0 690.0 820.0 688.0 844.0 Ship 1
697.0 815.0 699.0 787.0 692.0 786.0 691.0 814.0 Ship 1
702.0 771.0 702.0 804.0 709.0 804.0 709.0 771.0 Ship 1
701.0 809.0 699.0 837.0 705.0 838.0 707.0 809.0 Ship 1
700.0 840.0 696.0 874.0 701.0 875.0 706.0 841.0 Ship 1
696.0 879.0 692.0 912.0 700.0 913.0 704.0 880.0 Ship 1
825.0 1002.0 854.0 990.0 851.0 983.0 822.0 994.0 Ship 1
819.0 871.0 789.0 877.0 790.0 883.0 820.0 878.0 Ship 1
789.0 868.0 816.0 865.0 816.0 859.0 788.0 862.0 Ship 1
841.0 969.0 836.0 936.0 829.0 937.0 834.0 971.0 Ship 1
813.0 886.0 823.0 920.0 828.0 918.0 818.0 885.0 Ship 1
1023.0 684.0 911.0 485.0 898.0 492.0 1010.0 692.0 Ship 1
