380.0 665.0 369.0 695.0 363.0 693.0 375.0 663.0 Ship 1
267.0 131.0 205.0 193.0 198.0 186.0 259.0 124.0 Ship 1
276.0 140.0 207.0 209.0 198.0 200.0 267.0 133.0 Ship 1
315.0 558.0 309.0 579.0 301.0 577.0 307.0 556.0 Ship 1
309.0 581.0 303.0 606.0 294.0 604.0 301.0 579.0 Ship 1
301.0 608.0 294.0 631.0 286.0 629.0 292.0 606.0 Ship 1
309.0 611.0 303.0 631.0 296.0 629.0 301.0 609.0 Ship 1
286.0 704.0 276.0 731.0 267.0 729.0 276.0 702.0 Ship 1
265.0 729.0 259.0 750.0 250.0 747.0 255.0 727.0 Ship 1
259.0 754.0 253.0 774.0 244.0 772.0 251.0 752.0 Ship 1
227.599991 801.200073 220.999985 799.000122 227.699997 778.900146 234.300003 781.100098 Ship 1
248.0 750.0 238.0 779.0 228.0 775.0 240.0 747.0 Ship 1
253.0 725.0 248.0 747.0 242.0 745.0 246.0 724.0 Ship 1
407.0 601.0 400.0 632.0 384.0 628.0 392.0 598.0 Ship 1
370.0 625.0 364.0 657.0 353.0 655.0 359.0 623.0 Ship 1
382.0 628.0 378.0 657.0 366.0 655.0 370.0 626.0 Ship 1
373.0 665.0 350.0 745.0 336.0 740.0 359.0 661.0 Ship 1
592.823486 636.705933 582.0 634.0 594.176514 585.294067 605.0 588.0 Ship 1
544.0 440.0 484.0 499.0 476.0 490.0 538.0 433.0 Ship 1
538.0 431.0 475.0 490.0 467.0 483.0 530.0 422.0 Ship 1
553.0 393.0 525.0 420.0 517.0 411.0 544.0 386.0 Ship 1
559.0 406.0 538.0 425.0 532.0 420.0 553.0 400.0 Ship 1
578.0 354.0 548.0 384.0 540.0 375.0 569.0 345.0 Ship 1
584.0 361.0 559.0 390.0 551.0 381.0 576.0 354.0 Ship 1
401.0 668.0 380.0 704.0 373.0 700.0 394.0 665.0 Ship 1
386.0 670.0 376.0 697.0 371.0 695.0 380.0 668.0 Ship 1
409.0 672.0 388.0 706.0 382.0 702.0 403.0 668.0 Ship 1
413.0 684.0 400.0 709.0 390.0 706.0 405.0 679.0 Ship 1
421.0 688.0 405.0 713.0 400.0 711.0 415.0 684.0 Ship 1
382.0 704.0 369.0 740.0 361.0 738.0 375.0 700.0 Ship 1
373.0 700.0 363.0 736.0 355.0 734.0 365.0 697.0 Ship 1
367.0 740.0 355.0 777.0 348.0 775.0 361.0 740.0 Ship 1
359.0 740.0 351.0 765.0 344.0 763.0 353.0 738.0 Ship 1
371.0 750.0 363.0 775.0 357.0 772.0 365.0 747.0 Ship 1
380.0 754.0 373.0 777.0 363.0 774.0 371.0 750.0 Ship 1
388.0 759.0 380.0 779.0 373.0 775.0 380.0 756.0 Ship 1
394.0 765.0 388.0 781.0 380.0 779.0 386.0 761.0 Ship 1
