1988.0 1882.0 1785.0 1845.0 1779.0 1879.0 1982.0 1917.0 Ship 1
645.0 1115.0 746.0 1175.0 761.0 1151.0 659.0 1090.0 Ship 1
467.0 1496.0 651.0 1570.0 667.0 1531.0 483.0 1457.0 Ship 1
1506.0 981.0 1482.0 616.0 1418.0 620.0 1442.0 986.0 Ship 1
1667.0 721.0 1914.0 826.0 1932.0 782.0 1686.0 677.0 Ship 1
687.0 199.0 847.0 270.0 861.0 240.0 700.0 169.0 Ship 1
454.0 571.0 502.0 590.0 506.0 580.0 458.0 561.0 Ship 1
452.0 583.0 515.0 609.0 519.0 597.0 457.0 571.0 Ship 1
400.0 545.0 397.0 607.0 409.0 607.0 413.0 546.0 Ship 1
413.0 545.0 408.0 611.0 421.0 612.0 425.0 546.0 Ship 1
423.0 553.0 420.0 611.0 435.0 611.0 438.0 554.0 Ship 1
183.0 400.0 163.0 637.0 215.0 641.0 235.0 404.0 Ship 1
613.0 275.0 620.0 153.0 599.0 152.0 592.0 274.0 Ship 1
1020.0 691.0 1038.0 917.0 1078.0 914.0 1059.0 687.0 Ship 1
579.0 324.0 568.0 580.0 613.0 582.0 624.0 326.0 Ship 1
207.0 164.0 -14.0 216.0 -4.0 259.0 217.0 207.0 Ship 1
189.0 168.0 183.0 128.0 169.0 130.0 174.0 170.0 Ship 1
994.0 371.0 1015.0 630.0 1056.0 626.0 1035.0 368.0 Ship 1
834.0 634.0 855.0 667.0 867.0 660.0 846.0 627.0 Ship 1
1018.0 926.0 1012.0 871.0 988.0 874.0 994.0 929.0 Ship 1
585.0 793.0 682.0 752.0 672.0 730.0 576.0 771.0 Ship 1
998.0 399.0 970.0 394.0 968.0 405.0 996.0 411.0 Ship 1
1097.0 1103.0 1074.0 1093.0 1069.0 1103.0 1093.0 1113.0 Ship 1
520.0 725.0 512.0 813.0 528.0 814.0 536.0 726.0 Ship 1
522.0 598.0 518.0 710.0 540.0 710.0 544.0 599.0 Ship 1
396.0 608.0 387.0 725.0 406.0 726.0 415.0 610.0 Ship 1
411.0 635.0 407.0 717.0 428.0 718.0 432.0 636.0 Ship 1
429.0 645.0 425.0 727.0 440.0 728.0 443.0 646.0 Ship 1
453.0 600.0 501.0 619.0 507.0 604.0 460.0 585.0 Ship 1
