394.0 96.0 369.0 52.0 359.0 58.0 384.0 102.0 Ship 1
606.0 151.0 583.0 118.0 576.0 123.0 599.0 156.0 Ship 1
562.0 90.0 551.0 77.0 546.0 81.0 558.0 94.0 Ship 1
864.0 555.0 779.0 417.0 758.0 430.0 843.0 568.0 Ship 1
979.0 742.0 891.0 602.0 873.0 614.0 961.0 754.0 Ship 1
960.0 754.0 873.0 614.0 854.0 626.0 942.0 765.0 Ship 1
1001.0 835.0 968.0 776.0 943.0 790.0 976.0 849.0 Ship 1
569.0 774.0 560.0 725.0 548.0 727.0 557.0 776.0 Ship 1
643.0 814.0 631.0 772.0 621.0 775.0 633.0 817.0 Ship 1
448.0 875.0 442.0 836.0 433.0 837.0 438.0 877.0 Ship 1
438.0 874.0 433.0 837.0 425.0 838.0 431.0 876.0 Ship 1
356.0 946.0 349.0 909.0 341.0 910.0 348.0 948.0 Ship 1
348.0 948.0 341.0 913.0 335.0 914.0 341.0 950.0 Ship 1
341.0 948.0 334.0 915.0 326.0 917.0 332.0 950.0 Ship 1
619.0 908.0 607.0 866.0 599.0 868.0 611.0 911.0 Ship 1
615.0 928.0 598.0 867.0 588.0 870.0 604.0 931.0 Ship 1
721.0 1012.0 700.0 959.0 690.0 962.0 711.0 1016.0 Ship 1
708.0 1008.0 691.0 963.0 681.0 967.0 699.0 1011.0 Ship 1
464.0 1011.0 446.0 955.0 432.0 959.0 451.0 1015.0 Ship 1
