184.0 18.0 179.0 18.0 179.0 0.0 184.0 0.0 Ship 1
139.0 1.0 138.0 54.0 124.0 54.0 125.0 1.0 Ship 1
593.0 220.0 581.0 245.0 575.0 242.0 585.0 218.0 Ship 1
539.0 179.0 533.0 187.0 510.0 179.0 516.0 170.0 Ship 1
553.0 151.0 550.0 154.0 535.0 142.0 543.0 137.0 Ship 1
589.0 129.0 575.0 135.0 567.0 104.0 576.0 100.0 Ship 1
596.0 126.0 583.750244 94.354752 595.0 90.000015 607.249756 121.645264 Ship 1
520.0 235.0 502.0 235.0 502.0 229.0 520.0 229.0 Ship 1
514.0 273.0 497.0 273.0 497.0 269.0 514.0 269.0 Ship 1
548.0 273.0 530.0 273.0 530.0 268.0 548.0 268.0 Ship 1
526.0 272.0 516.0 272.0 516.0 267.0 526.0 268.0 Ship 1
505.0 190.0 500.0 206.0 495.0 204.0 500.0 188.0 Ship 1
505.0 262.0 500.0 263.0 499.0 246.0 504.0 246.0 Ship 1
571.0 168.0 566.0 172.0 556.0 162.0 561.0 157.0 Ship 1
542.0 152.0 536.0 155.0 526.0 145.0 530.0 140.0 Ship 1
