21.041916 116.196167 -3.620998 0.77371 11.337086 -2.422462 36.0 112.999992 Ship 1
55.014729 109.07132 35.999992 112.999985 12.652889 0.0 32.479332 0.0 Ship 1
42.0 295.0 34.0 329.0 19.0 325.0 28.0 293.0 Ship 1
26.0 288.0 17.0 322.0 1.0 318.0 11.0 284.0 Ship 1
26.0 361.0 17.0 397.0 3.0 393.0 13.0 356.0 Ship 1
36.0 250.0 28.0 284.0 11.0 281.0 19.0 247.0 Ship 1
121.0 272.0 107.0 272.0 103.0 127.0 119.0 127.0 Ship 1
136.0 272.0 121.0 272.0 117.0 113.0 132.0 111.0 Ship 1
155.0 284.0 136.0 286.0 132.0 115.0 151.0 113.0 Ship 1
178.0 284.0 155.0 284.0 151.0 115.0 173.0 115.0 Ship 1
196.0 284.0 178.0 284.0 175.0 116.0 194.0 115.0 Ship 1
211.0 265.0 196.0 265.0 194.0 125.0 209.0 125.0 Ship 1
226.0 265.0 211.0 266.0 209.0 127.0 223.0 127.0 Ship 1
244.0 122.0 242.0 259.0 225.0 259.0 228.0 122.0 Ship 1
