99.0 647.0 54.0 670.0 49.0 660.0 94.0 637.0 Trailer 1
188.0 700.0 142.0 716.0 138.0 705.0 183.0 688.0 Trailer 1
228.0 585.0 185.0 608.0 179.0 597.0 222.0 575.0 Trailer 1
327.0 538.0 284.0 560.0 279.0 550.0 322.0 528.0 Trailer 1
38.0 884.0 26.0 891.0 3.0 852.0 14.0 845.0 Trailer 1
95.999985 1004.999939 72.757629 967.610046 84.999985 959.999939 108.24234 997.389832 Trailer 1
58.675644 1000.0 39.918884 1000.0 31.000004 985.000061 44.857533 976.760437 Trailer 1
783.0 657.0 772.0 663.0 748.0 625.0 759.0 619.0 Trailer 1
1000.0 453.113281 969.967529 465.012939 966.000122 455.0 1000.0 441.52832 Trailer 1
490.0 132.0 481.0 139.0 457.0 107.0 465.0 101.0 Trailer 1
529.0 248.0 520.0 254.0 488.0 205.0 497.0 199.0 Trailer 1
585.0 201.0 578.0 206.0 552.0 168.0 560.0 164.0 Trailer 1
615.0 180.0 605.0 187.0 580.0 150.0 590.0 143.0 Trailer 1
