889.0 616.0 968.0 613.0 966.0 537.0 886.0 540.0 Boeing787 1
903.0 975.0 981.0 972.0 978.0 896.0 901.0 899.0 Boeing787 1
766.0 435.0 687.0 439.0 691.0 514.0 770.0 510.0 Boeing787 1
770.0 545.0 690.0 549.0 694.0 624.0 773.0 621.0 Boeing787 1
780.0 911.0 701.0 913.0 702.0 988.0 782.0 986.0 Boeing787 1
456.0 993.0 535.0 990.0 532.0 914.0 453.0 917.0 Boeing787 1
449.0 775.0 528.0 771.0 525.0 695.0 446.0 699.0 Boeing787 1
346.0 928.0 267.0 930.0 269.0 1006.0 348.0 1004.0 Boeing787 1
341.0 745.0 262.0 748.0 265.0 823.0 343.0 821.0 Boeing787 1
337.0 653.0 258.0 656.0 261.0 732.0 340.0 728.0 Boeing787 1
219.0 359.0 216.0 281.0 140.0 285.0 144.0 362.0 Boeing787 1
