97.0 844.0 239.0 844.0 239.0 822.0 97.0 822.0 Liquid_Cargo_Ship 1
239.0 785.0 105.0 766.0 103.0 780.0 237.0 799.0 Liquid_Cargo_Ship 1
460.0 828.0 589.0 821.0 589.0 807.0 460.0 813.0 Liquid_Cargo_Ship 1
652.0 964.0 786.0 959.0 785.0 947.0 651.0 952.0 Liquid_Cargo_Ship 1
659.0 974.0 763.0 972.0 763.0 960.0 659.0 962.0 Liquid_Cargo_Ship 1
995.0 969.0 862.0 974.0 863.0 989.0 996.0 983.0 Liquid_Cargo_Ship 1
1003.0 954.0 871.0 960.0 872.0 973.0 1004.0 967.0 Liquid_Cargo_Ship 1
1008.0 940.0 855.0 947.0 856.0 961.0 1009.0 954.0 Liquid_Cargo_Ship 1
992.0 925.0 861.0 932.0 861.0 945.0 993.0 938.0 Liquid_Cargo_Ship 1
781.0 972.0 647.0 975.0 648.0 987.0 781.0 984.0 Liquid_Cargo_Ship 1
789.0 931.0 650.0 936.0 651.0 951.0 790.0 945.0 Liquid_Cargo_Ship 1
569.0 893.0 430.0 893.0 430.0 909.0 569.0 909.0 Liquid_Cargo_Ship 1
601.0 873.0 436.0 873.0 436.0 891.0 601.0 891.0 Liquid_Cargo_Ship 1
617.0 855.0 450.0 855.0 450.0 872.0 617.0 872.0 Liquid_Cargo_Ship 1
612.0 839.0 475.0 839.0 475.0 854.0 612.0 854.0 Liquid_Cargo_Ship 1
613.0 822.0 474.0 822.0 474.0 838.0 613.0 838.0 Liquid_Cargo_Ship 1
