51.0 612.999939 35.012466 619.03302 15.012466 566.03302 31.0 559.999939 Fishing_Boat 1
62.999989 611.0 52.177357 614.541992 33.999989 559.0 44.82262 555.458008 Fishing_Boat 1
175.0 573.0 161.917511 578.814453 137.917511 524.814453 151.0 519.0 Fishing_Boat 1
185.0 572.0 177.118347 575.284058 167.0 551.0 174.881653 547.715942 Fishing_Boat 1
195.000015 571.0 186.000015 575.0 174.37114 548.835083 183.37114 544.835083 Fishing_Boat 1
185.000015 542.000061 175.800003 546.600037 164.800003 524.600037 174.000015 520.000061 Fishing_Boat 1
175.0 545.999939 167.0 549.999939 154.399994 524.799988 162.399994 520.799988 Fishing_Boat 1
232.000015 567.0 220.000015 573.0 193.000015 519.0 205.000015 513.0 Fishing_Boat 1
51.0 612.999939 35.012466 619.03302 15.012466 566.03302 31.0 559.999939 Fishing_Boat 1
62.999989 611.0 52.177357 614.541992 33.999989 559.0 44.82262 555.458008 Fishing_Boat 1
175.0 573.0 161.917511 578.814453 137.917511 524.814453 151.0 519.0 Fishing_Boat 1
185.0 572.0 177.118347 575.284058 167.0 551.0 174.881653 547.715942 Fishing_Boat 1
195.000015 571.0 186.000015 575.0 174.37114 548.835083 183.37114 544.835083 Fishing_Boat 1
185.000015 542.000061 175.800003 546.600037 164.800003 524.600037 174.000015 520.000061 Fishing_Boat 1
175.0 545.999939 167.0 549.999939 154.399994 524.799988 162.399994 520.799988 Fishing_Boat 1
232.000015 567.0 220.000015 573.0 193.000015 519.0 205.000015 513.0 Fishing_Boat 1
