351.0 161.0 348.0 176.0 340.115356 174.423065 343.115356 159.423065 Cargo_Truck 1
284.393463 603.67218 277.901642 609.08197 266.508209 595.409851 273.000031 590.000061 Cargo_Truck 1
44.000019 458.000061 41.000019 464.000061 27.000019 457.000061 30.000019 451.000061 Cargo_Truck 1
219.035294 810.458801 211.999985 810.999939 210.999985 797.999939 218.035294 797.458801 Cargo_Truck 1
35.0 745.0 17.000002 746.0 16.553846 737.969238 34.553848 736.969238 Cargo_Truck 1
562.524597 671.229553 560.000061 677.000061 543.475525 669.770569 546.000061 664.000061 Cargo_Truck 1
548.000061 692.0 545.314758 698.137695 529.000061 691.0 531.685364 684.862305 Cargo_Truck 1
585.225525 969.965332 559.000061 974.0 557.774597 966.034668 584.000061 962.0 Cargo_Truck 1
789.999939 863.0 786.219177 873.082153 753.999939 861.0 757.780701 850.917847 Cargo_Truck 1
771.796021 869.28186 768.0 880.0 720.0 863.0 723.796021 852.28186 Cargo_Truck 1
351.0 161.0 348.0 176.0 340.115356 174.423065 343.115356 159.423065 Cargo_Truck 1
284.393463 603.67218 277.901642 609.08197 266.508209 595.409851 273.000031 590.000061 Cargo_Truck 1
44.000019 458.000061 41.000019 464.000061 27.000019 457.000061 30.000019 451.000061 Cargo_Truck 1
219.035294 810.458801 211.999985 810.999939 210.999985 797.999939 218.035294 797.458801 Cargo_Truck 1
35.0 745.0 17.000002 746.0 16.553846 737.969238 34.553848 736.969238 Cargo_Truck 1
562.524597 671.229553 560.000061 677.000061 543.475525 669.770569 546.000061 664.000061 Cargo_Truck 1
548.000061 692.0 545.314758 698.137695 529.000061 691.0 531.685364 684.862305 Cargo_Truck 1
585.225525 969.965332 559.000061 974.0 557.774597 966.034668 584.000061 962.0 Cargo_Truck 1
789.999939 863.0 786.219177 873.082153 753.999939 861.0 757.780701 850.917847 Cargo_Truck 1
771.796021 869.28186 768.0 880.0 720.0 863.0 723.796021 852.28186 Cargo_Truck 1
351.0 161.0 348.0 176.0 340.115356 174.423065 343.115356 159.423065 Cargo_Truck 1
284.393463 603.67218 277.901642 609.08197 266.508209 595.409851 273.000031 590.000061 Cargo_Truck 1
44.000019 458.000061 41.000019 464.000061 27.000019 457.000061 30.000019 451.000061 Cargo_Truck 1
219.035294 810.458801 211.999985 810.999939 210.999985 797.999939 218.035294 797.458801 Cargo_Truck 1
35.0 745.0 17.000002 746.0 16.553846 737.969238 34.553848 736.969238 Cargo_Truck 1
562.524597 671.229553 560.000061 677.000061 543.475525 669.770569 546.000061 664.000061 Cargo_Truck 1
548.000061 692.0 545.314758 698.137695 529.000061 691.0 531.685364 684.862305 Cargo_Truck 1
585.225525 969.965332 559.000061 974.0 557.774597 966.034668 584.000061 962.0 Cargo_Truck 1
789.999939 863.0 786.219177 873.082153 753.999939 861.0 757.780701 850.917847 Cargo_Truck 1
771.796021 869.28186 768.0 880.0 720.0 863.0 723.796021 852.28186 Cargo_Truck 1
