119.000008 452.0 110.128548 457.218506 100.000008 440.0 108.871468 434.781494 Cargo_Truck 1
256.000031 666.0 244.306976 672.548096 230.000031 647.0 241.693085 640.451904 Cargo_Truck 1
241.0 808.0 207.0 808.0 207.0 797.0 241.0 797.0 Cargo_Truck 1
85.297821 797.981079 85.000008 809.0 48.000004 808.0 48.297813 796.981079 Cargo_Truck 1
589.0 812.0 562.0 812.0 562.0 803.0 589.0 803.0 Cargo_Truck 1
727.0 791.0 701.0 791.0 701.0 781.0 727.0 781.0 Cargo_Truck 1
698.0 793.0 665.0 793.0 665.0 780.0 698.0 780.0 Cargo_Truck 1
491.0 791.0 462.0 791.0 462.0 781.0 491.0 781.0 Cargo_Truck 1
410.0 931.0 398.759277 937.589355 381.759277 908.589355 393.0 902.0 Cargo_Truck 1
361.024994 587.501282 360.000031 608.000061 349.975067 607.49884 351.000031 587.000061 Cargo_Truck 1
350.000031 584.0 340.013702 584.369873 339.000031 557.0 348.986359 556.630127 Cargo_Truck 1
348.0 551.0 339.0 551.0 339.0 531.0 348.0 531.0 Cargo_Truck 1
834.027588 465.468994 825.0 466.0 824.0 449.0 833.027588 448.468994 Cargo_Truck 1
839.022278 339.424011 838.022278 365.424011 827.000061 365.000061 828.000061 339.000061 Cargo_Truck 1
855.0 426.0 845.0 426.0 845.0 403.0 855.0 403.0 Cargo_Truck 1
851.800171 30.599968 843.000122 34.999969 835.000122 18.999973 843.800171 14.599972 Cargo_Truck 1
