428.108093 22.648647 414.0 25.0 413.0 19.0 427.108093 16.648647 Cargo_Truck 1
888.000061 39.999989 859.867981 48.037724 857.000061 37.999989 885.132141 29.962254 Cargo_Truck 1
308.0 217.000015 259.0 233.000015 255.663879 222.783218 304.663879 206.783218 Cargo_Truck 1
993.204224 874.24231 970.204224 881.24231 968.000122 874.000122 991.000122 867.000122 Cargo_Truck 1
950.000061 908.000183 940.80011 912.600159 926.80011 884.600159 936.000061 880.000183 Cargo_Truck 1
964.848511 956.689209 956.0 961.0 937.0 922.0 945.848511 917.689209 Cargo_Truck 1
891.0 919.999939 880.701904 925.43512 861.701904 889.43512 872.0 883.999939 Cargo_Truck 1
864.337769 866.653015 854.0 872.000061 839.0 843.000061 849.337769 837.653015 Cargo_Truck 1
820.343933 787.661316 812.000061 792.000061 799.000061 767.000061 807.343933 762.661316 Cargo_Truck 1
800.035522 745.19873 789.999878 747.0 782.964233 707.80127 792.999878 706.0 Cargo_Truck 1
785.005127 692.023315 776.0 694.0 766.994873 652.976685 776.0 651.0 Cargo_Truck 1
775.017639 648.22937 764.999939 649.0 761.982239 609.77063 771.999939 609.0 Cargo_Truck 1
785.000061 540.000061 773.896301 581.386902 765.000061 579.000061 776.103821 537.61322 Cargo_Truck 1
823.248108 463.425293 804.248108 507.425293 793.999939 502.999939 812.999939 458.999939 Cargo_Truck 1
880.87915 359.183655 855.87915 397.183655 848.0 392.0 873.0 354.0 Cargo_Truck 1
910.088257 310.852905 886.0 351.0 877.911743 346.147034 902.0 305.999939 Cargo_Truck 1
422.357666 971.233459 389.357666 983.233459 386.0 973.999939 419.0 961.999939 Cargo_Truck 1
670.000061 440.999969 662.252014 446.363983 653.000061 432.999969 660.748108 427.635956 Cargo_Truck 1
