727.999939 919.999939 711.759583 946.390442 702.999939 940.999939 719.240295 914.609436 Cargo_Truck 1
773.269653 849.168579 759.0 872.0 750.550537 866.719116 764.82019 843.887695 Cargo_Truck 1
895.317139 685.496155 877.999878 713.000061 867.682617 706.503967 884.999878 679.000061 Cargo_Truck 1
895.799561 662.296875 870.799561 699.296875 860.000122 692.0 885.000122 655.0 Cargo_Truck 1
1000.0 504.749969 1000.0 524.000244 988.240112 539.680115 978.000122 532.000061 Cargo_Truck 1
1000.0 484.0 994.0 480.0 1000.0 471.0 1006.0 475.0 Cargo_Truck 1
417.000031 239.0 408.868256 258.312927 401.000031 255.0 409.131805 235.687073 Cargo_Truck 1
636.000061 516.000061 633.226257 523.088562 610.000061 514.000061 612.773865 506.91156 Cargo_Truck 1
4.0 882.0 -0.0 882.0 0.0 872.0 4.0 872.0 Cargo_Truck 1
588.000061 974.000122 584.767151 985.937012 536.767151 972.937012 540.000061 961.000122 Cargo_Truck 1
