860.866638 -0.0 880.15387 0.0 894.0 5.999971 890.084229 15.036453 Cargo_Truck 1
340.15155 580.749573 317.15155 618.749573 306.0 611.999939 329.0 573.999939 Cargo_Truck 1
364.000031 540.000061 339.913666 577.13324 332.000031 572.000061 356.086395 534.866882 Cargo_Truck 1
378.056152 544.910156 353.056152 584.910156 342.0 578.0 367.0 538.0 Cargo_Truck 1
407.999908 824.999939 399.862579 838.223083 392.999908 833.999939 401.137238 820.776794 Cargo_Truck 1
420.038666 902.938599 398.000031 938.0 386.961395 931.061401 409.000031 896.0 Cargo_Truck 1
848.999878 174.999985 841.307617 186.538437 835.307617 182.538437 842.999878 170.999985 Cargo_Truck 1
626.074158 8.885883 602.000061 46.000023 592.925964 40.114166 617.000061 3.000027 Cargo_Truck 1
409.0 265.0 398.831482 281.269653 392.0 277.0 402.168518 260.730347 Cargo_Truck 1
396.0 291.0 384.758545 308.373169 378.0 304.0 389.241455 286.626831 Cargo_Truck 1
440.0 331.999969 429.0 348.999969 422.241455 344.626801 433.241455 327.626801 Cargo_Truck 1
426.461487 355.307678 417.692261 368.461548 410.999939 364.0 419.769165 350.84613 Cargo_Truck 1
330.15387 432.769196 318.0 450.999969 310.84613 446.230743 323.0 427.999969 Cargo_Truck 1
650.999939 303.0 645.871033 316.335022 600.974182 299.066956 606.103088 285.731934 Cargo_Truck 1
576.0 291.000031 572.394531 301.140289 527.0 284.999969 530.605469 274.859711 Cargo_Truck 1
631.562012 393.204376 628.0 402.999969 605.437988 394.795563 609.0 384.999969 Cargo_Truck 1
552.781067 454.325409 550.000061 460.999969 525.218933 450.67453 527.999939 443.999969 Cargo_Truck 1
501.000031 303.999969 498.000031 311.999969 480.794525 305.547943 483.794525 297.547943 Cargo_Truck 1
505.264984 325.109619 502.000031 333.0 472.735077 320.890381 476.000031 313.0 Cargo_Truck 1
555.0 316.0 552.0 324.0 520.0 312.0 523.0 304.0 Cargo_Truck 1
568.0 310.000031 564.602417 319.221954 526.602417 305.221954 530.0 296.000031 Cargo_Truck 1
712.0 315.000031 708.414795 324.162323 685.0 315.000031 688.585205 305.837738 Cargo_Truck 1
952.999939 873.0 928.999939 913.0 918.999939 907.0 942.999939 867.0 Cargo_Truck 1
903.705994 953.823486 891.000061 975.0 881.000061 969.0 893.705994 947.823486 Cargo_Truck 1
887.999939 981.0 876.740723 1000.0 860.592529 1000.0 876.048645 973.917725 Cargo_Truck 1
819.999939 367.0 795.999939 407.0 785.558777 400.735291 809.558777 360.735291 Cargo_Truck 1
952.0 132.999939 929.0 169.999939 919.096924 163.843994 942.096924 126.843994 Cargo_Truck 1
961.999939 167.000031 937.999939 207.000031 923.735291 198.441193 947.735291 158.441193 Cargo_Truck 1
907.085571 211.867676 876.000122 260.0 866.914673 254.132324 898.000122 206.0 Cargo_Truck 1
1000.0 57.125015 1000.0 68.411934 987.000061 99.000038 977.937073 95.148262 Cargo_Truck 1
425.184631 415.676941 413.184631 436.676941 405.0 432.0 417.0 411.0 Cargo_Truck 1
998.922607 790.347778 998.922607 786.875244 1000.0 786.875244 1000.0 790.347778 Cargo_Truck 1
862.159851 300.72406 851.000061 320.0 842.840271 315.27594 854.000061 296.0 Cargo_Truck 1
903.176575 564.705994 890.000061 568.000061 882.000061 536.000061 895.176575 532.705994 Cargo_Truck 1
619.196472 744.670288 591.000061 792.000122 579.80365 785.329834 608.000061 738.0 Cargo_Truck 1
398.000031 665.0 394.241425 674.099731 347.999969 655.0 351.758575 645.900269 Cargo_Truck 1
