719.0 133.0 683.0 133.0 683.0 124.0 719.0 124.0 Cargo_Truck 1
721.000061 109.000015 683.000061 110.000015 682.736389 99.980637 720.736389 98.980637 Cargo_Truck 1
708.415833 97.982658 683.999939 98.999992 683.584045 89.017326 707.999939 87.999992 Cargo_Truck 1
712.0 89.0 682.0 89.0 682.0 79.0 712.0 79.0 Cargo_Truck 1
721.256226 75.993423 682.0 77.0 681.743774 67.006577 721.0 66.0 Cargo_Truck 1
653.0 80.0 643.0 80.0 643.0 63.0 653.0 63.0 Cargo_Truck 1
640.02417 79.410339 630.0 80.0 629.0 62.999996 639.02417 62.410339 Cargo_Truck 1
628.0 80.0 617.0 80.0 617.0 57.0 628.0 57.0 Cargo_Truck 1
617.0 80.0 604.0 80.0 604.0 57.0 617.0 57.0 Cargo_Truck 1
604.0 80.0 592.0 80.0 592.0 57.0 604.0 57.0 Cargo_Truck 1
592.0 82.0 579.0 82.0 579.0 57.0 592.0 57.0 Cargo_Truck 1
579.0 82.0 569.0 82.0 569.0 58.0 579.0 58.0 Cargo_Truck 1
567.0 82.0 556.0 82.0 556.0 59.0 567.0 59.0 Cargo_Truck 1
555.0 83.0 542.0 83.0 542.0 60.0 555.0 60.0 Cargo_Truck 1
484.0 110.0 458.0 110.0 458.0 102.0 484.0 102.0 Cargo_Truck 1
484.999908 111.999985 484.46225 123.022537 443.46225 121.022537 443.999908 109.999985 Cargo_Truck 1
580.090027 128.964371 577.999939 153.000015 566.909851 152.03566 568.999939 128.000015 Cargo_Truck 1
593.0 154.0 582.0 154.0 582.0 131.0 593.0 131.0 Cargo_Truck 1
618.0 153.0 607.0 153.0 607.0 131.0 618.0 131.0 Cargo_Truck 1
631.0 151.999985 621.022583 152.475113 620.0 131.000015 629.977417 130.524887 Cargo_Truck 1
643.0 153.0 633.0 153.0 633.0 131.0 643.0 131.0 Cargo_Truck 1
658.0 152.0 646.0 152.0 646.0 131.0 658.0 131.0 Cargo_Truck 1
