617.000061 461.000031 609.000061 471.000031 604.000061 467.000031 612.000061 457.000031 Cargo_Truck 1
628.227356 463.646179 619.227356 477.646179 611.999939 473.0 620.999939 459.0 Cargo_Truck 1
736.0 19.000004 731.823486 35.705887 725.0 34.000004 729.176514 17.294121 Cargo_Truck 1
990.427673 56.979637 969.000061 58.0 968.572449 49.020363 990.000061 48.0 Cargo_Truck 1
782.000122 659.000061 777.248779 663.276306 768.000122 653.000061 772.751465 648.723816 Cargo_Truck 1
777.761475 664.871582 775.0 670.0 762.0 663.0 764.761475 657.871582 Cargo_Truck 1
775.219116 922.102295 772.000122 929.000122 757.000122 922.000122 760.219116 915.102295 Cargo_Truck 1
700.999939 991.0 694.57135 1000.0 685.714233 1000.0 695.135071 986.810791 Cargo_Truck 1
711.600037 1000.0 711.600037 997.793091 718.000061 997.793091 718.000061 1000.0 Cargo_Truck 1
336.000061 726.000122 334.964661 741.531128 327.000061 741.000122 328.035461 725.469116 Cargo_Truck 1
610.000061 979.000122 605.207703 985.161621 587.207703 971.161621 592.000061 965.000122 Cargo_Truck 1
612.999939 960.999878 607.999939 966.999878 589.999939 951.999878 594.999939 945.999878 Cargo_Truck 1
