101.0 127.0 100.0 208.0 50.0 207.0 51.0 128.0 Court 1
172.0 129.0 170.0 209.0 120.0 208.0 123.0 129.0 Court 1
243.0 130.0 241.0 210.0 191.0 210.0 194.0 130.0 Court 1
97.0 250.0 95.0 331.0 46.0 330.0 48.0 250.0 Court 1
168.0 252.0 167.0 332.0 117.0 331.0 119.0 252.0 Court 1
240.0 253.0 238.0 333.0 188.0 332.0 190.0 253.0 Court 1
349.0 256.0 346.0 335.0 296.0 334.0 299.0 255.0 Court 1
420.0 256.0 417.0 337.0 368.0 336.0 370.0 256.0 Court 1
491.0 257.0 488.0 337.0 438.0 337.0 441.0 257.0 Court 1
352.0 132.0 350.0 212.0 301.0 212.0 303.0 131.0 Court 1
423.0 133.0 421.0 213.0 372.0 213.0 374.0 133.0 Court 1
494.0 134.0 492.0 215.0 442.0 214.0 445.0 134.0 Court 1
