766.0 409.0 717.0 408.0 718.0 327.0 766.0 328.0 Court 1
704.0 328.0 703.0 409.0 655.0 409.0 655.0 327.0 Court 1
640.0 409.0 593.0 408.0 593.0 327.0 640.0 327.0 Court 1
576.0 327.0 575.0 408.0 526.0 409.0 526.0 327.0 Court 1
511.0 409.0 463.0 408.0 463.0 327.0 511.0 327.0 Court 1
800.0 282.0 752.999939 282.0 752.999939 200.0 800.0 200.0 Court 1
735.0 282.0 685.0 282.0 685.0 200.0 734.0 200.0 Court 1
666.0 282.0 617.0 281.0 617.0 200.0 665.0 200.0 Court 1
575.0 200.0 574.0 282.0 525.0 282.0 526.0 200.0 Court 1
511.0 282.0 463.0 281.0 463.0 200.0 511.0 200.0 Court 1
54.0 576.0 0.0 590.0 0.0 496.0 31.0 488.0 Court 1
