237.0 647.0 198.0 659.0 169.0 582.0 207.0 573.0 Court 1
476.0 576.0 433.0 588.0 406.0 511.0 447.0 500.0 Court 1
543.0 556.0 502.0 567.0 473.0 492.0 514.0 480.0 Court 1
410.0 749.0 370.0 761.0 341.0 685.0 381.0 675.0 Court 1
596.0 694.0 555.0 706.0 527.0 630.0 566.0 619.0 Court 1
255.0 418.0 90.0 471.0 41.0 320.0 206.0 266.0 Court 1
173.0 666.0 131.0 678.0 100.0 603.0 143.0 591.0 Court 1
914.150146 665.266846 770.0 297.0 941.849854 229.733154 1086.0 598.0 Court 1
324.0 622.0 282.0 634.0 251.0 558.0 292.0 545.0 Court 1
390.0 601.0 350.0 614.0 318.0 538.0 359.0 525.0 Court 1
530.0 714.0 488.0 727.0 458.0 649.0 500.0 638.0 Court 1
