992.000122 836.000122 970.000122 843.000122 966.743042 832.763672 988.743042 825.763672 Small_Car 1
880.000061 607.0 862.000061 616.0 858.400085 608.800049 876.400085 599.800049 Small_Car 1
775.185913 706.241577 769.0 711.0 758.814087 697.758423 765.0 693.0 Small_Car 1
839.244812 696.301086 831.000061 702.999939 817.75531 686.698792 826.000061 679.999939 Small_Car 1
908.0 938.0 899.176514 943.294067 890.0 928.0 898.823486 922.705933 Small_Car 1
992.000122 836.000122 970.000122 843.000122 966.743042 832.763672 988.743042 825.763672 Small_Car 1
880.000061 607.0 862.000061 616.0 858.400085 608.800049 876.400085 599.800049 Small_Car 1
775.185913 706.241577 769.0 711.0 758.814087 697.758423 765.0 693.0 Small_Car 1
839.244812 696.301086 831.000061 702.999939 817.75531 686.698792 826.000061 679.999939 Small_Car 1
908.0 938.0 899.176514 943.294067 890.0 928.0 898.823486 922.705933 Small_Car 1
992.000122 836.000122 970.000122 843.000122 966.743042 832.763672 988.743042 825.763672 Small_Car 1
880.000061 607.0 862.000061 616.0 858.400085 608.800049 876.400085 599.800049 Small_Car 1
775.185913 706.241577 769.0 711.0 758.814087 697.758423 765.0 693.0 Small_Car 1
839.244812 696.301086 831.000061 702.999939 817.75531 686.698792 826.000061 679.999939 Small_Car 1
908.0 938.0 899.176514 943.294067 890.0 928.0 898.823486 922.705933 Small_Car 1
