992.999939 81.999985 988.921204 99.334412 978.999939 96.999985 983.078674 79.665558 Small_Car 1
1000.0 66.06662 1000.0 71.285973 994.744629 82.547447 985.000122 78.000008 Small_Car 1
1000.0 64.117638 995.909424 62.192665 1000.0 53.500191 1004.090576 55.425163 Small_Car 1
844.000122 261.0 836.000122 262.0 834.000122 246.0 842.000122 245.0 Small_Car 1
797.419861 218.939987 775.999817 221.999985 774.579773 212.059982 795.999817 208.999985 Small_Car 1
901.999939 200.999969 887.726746 204.058502 885.999939 195.999969 900.273132 192.941437 Small_Car 1
938.324341 169.945969 920.0 173.000015 918.675659 165.054062 937.0 162.000015 Small_Car 1
861.717957 79.941933 854.000061 82.000023 850.000061 67.000023 857.717957 64.941933 Small_Car 1
873.026245 60.111469 865.0 61.999996 860.973755 44.888523 869.0 42.999996 Small_Car 1
772.056641 46.30188 763.0 47.999992 759.943359 31.698105 769.0 29.999992 Small_Car 1
761.0 47.000004 752.015381 48.123081 750.0 32.000004 758.984619 30.876926 Small_Car 1
725.0 75.000015 715.929565 76.600685 712.929565 59.600681 722.0 58.000008 Small_Car 1
895.0 486.0 885.045288 489.143555 879.045288 470.143555 889.0 467.0 Small_Car 1
889.0 462.000061 879.0 464.000061 875.0 444.000061 885.0 442.000061 Small_Car 1
867.891113 445.910858 857.891113 446.910858 856.0 427.999969 866.0 426.999969 Small_Car 1
872.0 383.000031 865.812866 388.800446 850.812866 372.800446 857.0 367.000031 Small_Car 1
781.000061 391.0 772.015442 392.123047 770.000061 376.0 778.98468 374.876953 Small_Car 1
718.999939 199.0 699.999939 200.0 699.629822 192.966858 718.629822 191.966858 Small_Car 1
647.000061 208.0 627.843933 210.016449 627.000061 202.0 646.156189 199.983551 Small_Car 1
671.281128 205.113525 652.281128 208.113525 651.0 200.0 670.0 197.0 Small_Car 1
611.446106 244.030746 593.446106 245.030746 592.999939 236.999985 610.999939 235.999985 Small_Car 1
549.693115 248.930695 529.0 251.0 528.306885 244.069305 549.0 242.0 Small_Car 1
572.399048 218.980057 552.0 220.000015 551.600952 212.019974 572.0 211.000015 Small_Car 1
477.000061 161.000015 465.500061 172.500015 458.500061 165.500015 470.000061 154.000015 Small_Car 1
472.0 150.0 461.5 160.5 456.0 155.0 466.5 144.5 Small_Car 1
446.000061 126.000015 438.000061 127.000015 436.000061 111.000015 444.000061 110.000015 Small_Car 1
471.000061 127.000015 458.000061 140.000015 452.000061 134.000015 465.000061 121.000015 Small_Car 1
466.5 90.500008 456.0 101.000008 450.5 95.500008 461.0 85.000008 Small_Car 1
465.044769 69.96209 451.999969 81.000023 446.95517 75.037956 459.999969 64.000023 Small_Car 1
461.0 56.999977 451.0 66.999977 446.0 61.999977 456.0 51.999977 Small_Car 1
461.191681 43.792324 448.999969 56.999989 443.808258 52.207653 455.999969 38.999989 Small_Car 1
460.0 35.000015 447.135132 44.189209 441.797302 36.716232 454.66217 27.527039 Small_Car 1
458.000061 11.000002 447.000061 22.000002 441.500061 16.500002 452.500061 5.500002 Small_Car 1
400.025391 76.355331 391.0 77.0 389.974609 62.644669 399.0 62.0 Small_Car 1
409.0 54.0 403.0 54.0 403.0 46.0 409.0 46.0 Small_Car 1
410.0 31.0 402.0 31.0 402.0 18.0 410.0 18.0 Small_Car 1
409.0 11.0 402.0 11.0 402.0 1.0 409.0 1.0 Small_Car 1
396.0 30.0 388.0 30.0 388.0 16.0 396.0 16.0 Small_Car 1
396.0 12.0 389.0 12.0 389.0 2.0 396.0 2.0 Small_Car 1
309.320038 49.760006 297.000031 59.000004 292.680023 53.240002 305.000031 44.000004 Small_Car 1
312.000031 87.000008 302.000031 97.000008 296.000031 91.000008 306.000031 81.000008 Small_Car 1
316.0 99.999992 301.898926 109.06498 298.0 102.999992 312.101074 93.935005 Small_Car 1
317.0448 110.962051 304.0 121.999985 298.9552 116.037918 312.0 104.999985 Small_Car 1
318.0448 123.962067 305.0 135.0 299.9552 129.037933 313.0 118.0 Small_Car 1
322.999969 135.000015 307.999969 145.000015 303.999969 139.000015 318.999969 129.000015 Small_Car 1
324.999969 159.000015 310.24588 171.29509 305.24588 165.29509 319.999969 153.000015 Small_Car 1
327.000031 198.000031 316.500031 208.500031 310.500031 202.500031 321.000031 192.000031 Small_Car 1
491.0 362.0 477.462097 373.4552 472.0 367.0 485.537903 355.5448 Small_Car 1
494.999939 372.999969 482.999939 382.999969 477.999939 376.999969 489.999939 366.999969 Small_Car 1
388.000031 289.0 385.987823 307.109741 376.000031 306.0 378.012238 287.890259 Small_Car 1
354.0 412.0 348.550537 420.719116 341.0 416.0 346.449463 407.280884 Small_Car 1
390.0 432.000031 381.899353 433.429535 378.899353 416.429535 387.0 415.000031 Small_Car 1
643.999939 549.0 623.914612 551.231689 622.914612 542.231689 642.999939 540.0 Small_Car 1
592.000061 590.0 572.923157 592.384644 571.923157 584.384644 591.000061 582.0 Small_Car 1
571.0 560.0 551.0 560.0 551.0 551.0 571.0 551.0 Small_Car 1
521.999939 652.0 511.999939 656.0 508.827576 648.06897 518.827576 644.06897 Small_Car 1
527.249023 658.728333 516.0 671.000061 509.750946 665.27179 521.0 653.000061 Small_Car 1
536.0 716.0 521.898926 725.064941 518.0 719.0 532.101074 709.935059 Small_Car 1
536.0 728.999939 524.945557 738.044495 520.0 731.999939 531.054443 722.955383 Small_Car 1
536.435303 776.658813 530.435303 783.658813 525.0 779.0 531.0 772.0 Small_Car 1
541.0 788.999878 531.689697 797.275757 527.0 791.999878 536.310303 783.723999 Small_Car 1
545.491821 798.590088 533.0 808.999878 527.508179 802.409668 540.0 791.999878 Small_Car 1
549.000061 820.000122 537.500061 831.500122 530.500061 824.500122 542.000061 813.000122 Small_Car 1
549.0 833.000061 539.0 843.000061 534.0 838.000061 544.0 828.000061 Small_Car 1
476.0 625.000061 466.972778 625.56427 465.972778 609.56427 475.0 609.000061 Small_Car 1
464.02771 623.498413 455.0 624.0 453.97229 605.501587 463.0 605.0 Small_Car 1
466.000031 660.0 457.035065 660.560303 456.000031 644.0 464.964996 643.439697 Small_Car 1
471.98465 695.876953 463.000031 697.0 461.000031 681.0 469.98465 679.876953 Small_Car 1
380.189178 675.864807 372.716217 681.202698 368.527008 675.33783 375.999969 669.999939 Small_Car 1
383.999969 683.0 375.999969 691.0 370.499969 685.5 378.499969 677.5 Small_Car 1
385.999969 706.0 375.773712 717.248901 369.999969 712.0 380.226227 700.751099 Small_Car 1
393.999939 804.999939 380.758301 815.185852 375.999939 808.999939 389.241577 798.814026 Small_Car 1
568.5 996.500061 565.000061 1000.0 554.000061 1000.0 563.0 991.000061 Small_Car 1
0.0 290.999969 0.0 288.999939 20.999996 285.999969 22.279999 294.959991 Small_Car 1
173.999985 273.999969 159.999985 277.999969 157.924515 270.735809 171.924515 266.735809 Small_Car 1
189.000015 306.000031 173.000015 308.000031 172.000015 300.000031 188.000015 298.000031 Small_Car 1
215.000015 302.0 198.876938 304.015381 198.000015 297.0 214.123093 294.984619 Small_Car 1
241.000015 299.999969 221.000015 300.999969 220.648392 293.96756 240.648392 292.96756 Small_Car 1
44.876926 661.015442 28.876926 663.015442 28.000004 656.000061 44.000004 654.000061 Small_Car 1
0.0 612.388916 0.0 593.0 4.999997 593.0 4.999997 612.388916 Small_Car 1
-0.0 779.666626 0.0 776.999939 19.0 774.0 20.41081 782.935181 Small_Car 1
26.999998 916.999939 21.951216 917.560974 20.951216 908.560974 25.999998 907.999939 Small_Car 1
238.999969 911.999939 231.999969 912.999939 229.999969 898.999939 236.999969 897.999939 Small_Car 1
317.0 971.000061 306.615356 973.076965 305.0 965.000061 315.384644 962.923157 Small_Car 1
288.999969 934.999939 270.999969 937.999939 269.486481 928.918884 287.486481 925.918884 Small_Car 1
314.0 929.999939 296.0 933.999939 294.047058 925.211731 312.047058 921.211731 Small_Car 1
344.570496 926.899353 327.0 930.000061 325.429504 921.100769 343.0 918.000061 Small_Car 1
221.0 819.0 212.026215 821.11145 208.0 804.0 216.973785 801.88855 Small_Car 1
241.119965 817.839905 232.999969 818.999939 230.999969 804.999939 239.119965 803.839905 Small_Car 1
208.000015 764.0 200.008743 765.065552 197.991287 749.93457 205.982559 748.869019 Small_Car 1
198.999985 711.0 191.095535 713.324829 185.999985 696.0 193.904434 693.675171 Small_Car 1
141.000015 614.0 125.000015 616.0 124.000015 608.0 140.000015 606.0 Small_Car 1
194.000015 608.000061 176.892319 610.138489 175.892319 602.138489 193.000015 600.000061 Small_Car 1
97.281075 620.113525 78.281075 623.113525 76.999992 615.0 95.999992 612.0 Small_Car 1
116.059479 615.956909 105.000015 624.000122 99.940552 617.043335 111.000015 609.000122 Small_Car 1
367.000031 526.0 356.756134 534.195068 351.000031 527.0 361.243927 518.804932 Small_Car 1
364.000031 511.000061 348.878082 523.097595 344.000031 517.000061 359.121979 504.902527 Small_Car 1
957.196838 316.836029 948.000061 318.999969 943.803284 301.16391 953.000061 298.999969 Small_Car 1
849.000061 329.000031 840.026306 330.196564 838.000061 315.000031 846.973816 313.803497 Small_Car 1
907.035522 294.497437 900.0 295.0 899.0 281.0 906.035522 280.497437 Small_Car 1
913.023499 319.305878 903.999939 319.999969 902.976379 306.694061 911.999939 305.999969 Small_Car 1
943.000061 319.0 935.000061 320.0 933.000061 304.0 941.000061 303.0 Small_Car 1
668.000061 545.0 651.000061 548.0 649.399353 538.929565 666.399353 535.929565 Small_Car 1
683.0 577.0 663.739746 579.027344 663.0 572.0 682.260254 569.972656 Small_Car 1
761.195496 566.970642 740.999939 569.999939 739.804382 562.029236 759.999939 558.999939 Small_Car 1
791.111389 527.973755 773.999939 532.0 771.888489 523.026245 788.999939 519.0 Small_Car 1
681.000061 599.000061 666.000061 600.000061 665.531067 592.964661 680.531067 591.964661 Small_Car 1
689.0 616.0 669.739746 618.027344 669.0 611.0 688.260254 608.972656 Small_Car 1
691.162109 623.972961 673.0 626.999939 671.837891 620.026917 690.0 616.999939 Small_Car 1
943.000061 510.000061 921.724304 514.052551 920.000061 505.000061 941.275818 500.947571 Small_Car 1
965.0 505.999969 946.780518 508.024384 946.0 500.999969 964.219482 498.975555 Small_Car 1
995.0 584.999939 987.02002 586.139954 985.0 571.999939 992.97998 570.859924 Small_Car 1
999.999939 625.999695 998.764832 621.058899 1000.000061 620.750183 1001.235168 625.690979 Small_Car 1
636.000061 883.000122 616.899231 887.021362 615.000061 878.000122 634.100891 873.978882 Small_Car 1
660.501953 881.031189 644.501953 882.031189 644.0 874.000061 660.0 873.000061 Small_Car 1
686.0 877.000061 665.802002 879.019836 665.0 871.000061 685.197998 868.980286 Small_Car 1
712.0 874.000061 694.0 877.000061 692.648682 868.891907 710.648682 865.891907 Small_Car 1
787.0 911.0 765.764038 913.022461 765.0 905.0 786.235962 902.977539 Small_Car 1
818.000061 864.000061 798.843933 866.016541 798.000061 858.000061 817.156189 855.983582 Small_Car 1
841.000061 862.000061 821.948059 864.005554 821.000061 855.000061 840.052063 852.994568 Small_Car 1
901.443115 854.975403 883.0 856.000061 882.556885 848.024719 901.0 847.000061 Small_Car 1
856.999878 901.999878 849.999878 902.999878 848.999878 895.999878 855.999878 894.999878 Small_Car 1
960.000061 941.999939 940.435242 945.089172 939.000061 935.999939 958.56488 932.910706 Small_Car 1
992.999939 81.999985 988.921204 99.334412 978.999939 96.999985 983.078674 79.665558 Small_Car 1
1000.0 66.06662 1000.0 71.285973 994.744629 82.547447 985.000122 78.000008 Small_Car 1
1000.0 64.117638 995.909424 62.192665 1000.0 53.500191 1004.090576 55.425163 Small_Car 1
844.000122 261.0 836.000122 262.0 834.000122 246.0 842.000122 245.0 Small_Car 1
797.419861 218.939987 775.999817 221.999985 774.579773 212.059982 795.999817 208.999985 Small_Car 1
901.999939 200.999969 887.726746 204.058502 885.999939 195.999969 900.273132 192.941437 Small_Car 1
938.324341 169.945969 920.0 173.000015 918.675659 165.054062 937.0 162.000015 Small_Car 1
861.717957 79.941933 854.000061 82.000023 850.000061 67.000023 857.717957 64.941933 Small_Car 1
873.026245 60.111469 865.0 61.999996 860.973755 44.888523 869.0 42.999996 Small_Car 1
772.056641 46.30188 763.0 47.999992 759.943359 31.698105 769.0 29.999992 Small_Car 1
761.0 47.000004 752.015381 48.123081 750.0 32.000004 758.984619 30.876926 Small_Car 1
725.0 75.000015 715.929565 76.600685 712.929565 59.600681 722.0 58.000008 Small_Car 1
895.0 486.0 885.045288 489.143555 879.045288 470.143555 889.0 467.0 Small_Car 1
889.0 462.000061 879.0 464.000061 875.0 444.000061 885.0 442.000061 Small_Car 1
867.891113 445.910858 857.891113 446.910858 856.0 427.999969 866.0 426.999969 Small_Car 1
872.0 383.000031 865.812866 388.800446 850.812866 372.800446 857.0 367.000031 Small_Car 1
781.000061 391.0 772.015442 392.123047 770.000061 376.0 778.98468 374.876953 Small_Car 1
718.999939 199.0 699.999939 200.0 699.629822 192.966858 718.629822 191.966858 Small_Car 1
647.000061 208.0 627.843933 210.016449 627.000061 202.0 646.156189 199.983551 Small_Car 1
671.281128 205.113525 652.281128 208.113525 651.0 200.0 670.0 197.0 Small_Car 1
611.446106 244.030746 593.446106 245.030746 592.999939 236.999985 610.999939 235.999985 Small_Car 1
549.693115 248.930695 529.0 251.0 528.306885 244.069305 549.0 242.0 Small_Car 1
572.399048 218.980057 552.0 220.000015 551.600952 212.019974 572.0 211.000015 Small_Car 1
477.000061 161.000015 465.500061 172.500015 458.500061 165.500015 470.000061 154.000015 Small_Car 1
472.0 150.0 461.5 160.5 456.0 155.0 466.5 144.5 Small_Car 1
446.000061 126.000015 438.000061 127.000015 436.000061 111.000015 444.000061 110.000015 Small_Car 1
471.000061 127.000015 458.000061 140.000015 452.000061 134.000015 465.000061 121.000015 Small_Car 1
466.5 90.500008 456.0 101.000008 450.5 95.500008 461.0 85.000008 Small_Car 1
465.044769 69.96209 451.999969 81.000023 446.95517 75.037956 459.999969 64.000023 Small_Car 1
461.0 56.999977 451.0 66.999977 446.0 61.999977 456.0 51.999977 Small_Car 1
461.191681 43.792324 448.999969 56.999989 443.808258 52.207653 455.999969 38.999989 Small_Car 1
460.0 35.000015 447.135132 44.189209 441.797302 36.716232 454.66217 27.527039 Small_Car 1
458.000061 11.000002 447.000061 22.000002 441.500061 16.500002 452.500061 5.500002 Small_Car 1
400.025391 76.355331 391.0 77.0 389.974609 62.644669 399.0 62.0 Small_Car 1
409.0 54.0 403.0 54.0 403.0 46.0 409.0 46.0 Small_Car 1
410.0 31.0 402.0 31.0 402.0 18.0 410.0 18.0 Small_Car 1
409.0 11.0 402.0 11.0 402.0 1.0 409.0 1.0 Small_Car 1
396.0 30.0 388.0 30.0 388.0 16.0 396.0 16.0 Small_Car 1
396.0 12.0 389.0 12.0 389.0 2.0 396.0 2.0 Small_Car 1
309.320038 49.760006 297.000031 59.000004 292.680023 53.240002 305.000031 44.000004 Small_Car 1
312.000031 87.000008 302.000031 97.000008 296.000031 91.000008 306.000031 81.000008 Small_Car 1
316.0 99.999992 301.898926 109.06498 298.0 102.999992 312.101074 93.935005 Small_Car 1
317.0448 110.962051 304.0 121.999985 298.9552 116.037918 312.0 104.999985 Small_Car 1
318.0448 123.962067 305.0 135.0 299.9552 129.037933 313.0 118.0 Small_Car 1
322.999969 135.000015 307.999969 145.000015 303.999969 139.000015 318.999969 129.000015 Small_Car 1
324.999969 159.000015 310.24588 171.29509 305.24588 165.29509 319.999969 153.000015 Small_Car 1
327.000031 198.000031 316.500031 208.500031 310.500031 202.500031 321.000031 192.000031 Small_Car 1
491.0 362.0 477.462097 373.4552 472.0 367.0 485.537903 355.5448 Small_Car 1
494.999939 372.999969 482.999939 382.999969 477.999939 376.999969 489.999939 366.999969 Small_Car 1
388.000031 289.0 385.987823 307.109741 376.000031 306.0 378.012238 287.890259 Small_Car 1
354.0 412.0 348.550537 420.719116 341.0 416.0 346.449463 407.280884 Small_Car 1
390.0 432.000031 381.899353 433.429535 378.899353 416.429535 387.0 415.000031 Small_Car 1
643.999939 549.0 623.914612 551.231689 622.914612 542.231689 642.999939 540.0 Small_Car 1
592.000061 590.0 572.923157 592.384644 571.923157 584.384644 591.000061 582.0 Small_Car 1
571.0 560.0 551.0 560.0 551.0 551.0 571.0 551.0 Small_Car 1
521.999939 652.0 511.999939 656.0 508.827576 648.06897 518.827576 644.06897 Small_Car 1
527.249023 658.728333 516.0 671.000061 509.750946 665.27179 521.0 653.000061 Small_Car 1
536.0 716.0 521.898926 725.064941 518.0 719.0 532.101074 709.935059 Small_Car 1
536.0 728.999939 524.945557 738.044495 520.0 731.999939 531.054443 722.955383 Small_Car 1
536.435303 776.658813 530.435303 783.658813 525.0 779.0 531.0 772.0 Small_Car 1
541.0 788.999878 531.689697 797.275757 527.0 791.999878 536.310303 783.723999 Small_Car 1
545.491821 798.590088 533.0 808.999878 527.508179 802.409668 540.0 791.999878 Small_Car 1
549.000061 820.000122 537.500061 831.500122 530.500061 824.500122 542.000061 813.000122 Small_Car 1
549.0 833.000061 539.0 843.000061 534.0 838.000061 544.0 828.000061 Small_Car 1
476.0 625.000061 466.972778 625.56427 465.972778 609.56427 475.0 609.000061 Small_Car 1
464.02771 623.498413 455.0 624.0 453.97229 605.501587 463.0 605.0 Small_Car 1
466.000031 660.0 457.035065 660.560303 456.000031 644.0 464.964996 643.439697 Small_Car 1
471.98465 695.876953 463.000031 697.0 461.000031 681.0 469.98465 679.876953 Small_Car 1
380.189178 675.864807 372.716217 681.202698 368.527008 675.33783 375.999969 669.999939 Small_Car 1
383.999969 683.0 375.999969 691.0 370.499969 685.5 378.499969 677.5 Small_Car 1
385.999969 706.0 375.773712 717.248901 369.999969 712.0 380.226227 700.751099 Small_Car 1
393.999939 804.999939 380.758301 815.185852 375.999939 808.999939 389.241577 798.814026 Small_Car 1
568.5 996.500061 565.000061 1000.0 554.000061 1000.0 563.0 991.000061 Small_Car 1
0.0 290.999969 0.0 288.999939 20.999996 285.999969 22.279999 294.959991 Small_Car 1
173.999985 273.999969 159.999985 277.999969 157.924515 270.735809 171.924515 266.735809 Small_Car 1
189.000015 306.000031 173.000015 308.000031 172.000015 300.000031 188.000015 298.000031 Small_Car 1
215.000015 302.0 198.876938 304.015381 198.000015 297.0 214.123093 294.984619 Small_Car 1
241.000015 299.999969 221.000015 300.999969 220.648392 293.96756 240.648392 292.96756 Small_Car 1
44.876926 661.015442 28.876926 663.015442 28.000004 656.000061 44.000004 654.000061 Small_Car 1
0.0 612.388916 0.0 593.0 4.999997 593.0 4.999997 612.388916 Small_Car 1
-0.0 779.666626 0.0 776.999939 19.0 774.0 20.41081 782.935181 Small_Car 1
26.999998 916.999939 21.951216 917.560974 20.951216 908.560974 25.999998 907.999939 Small_Car 1
238.999969 911.999939 231.999969 912.999939 229.999969 898.999939 236.999969 897.999939 Small_Car 1
317.0 971.000061 306.615356 973.076965 305.0 965.000061 315.384644 962.923157 Small_Car 1
288.999969 934.999939 270.999969 937.999939 269.486481 928.918884 287.486481 925.918884 Small_Car 1
314.0 929.999939 296.0 933.999939 294.047058 925.211731 312.047058 921.211731 Small_Car 1
344.570496 926.899353 327.0 930.000061 325.429504 921.100769 343.0 918.000061 Small_Car 1
221.0 819.0 212.026215 821.11145 208.0 804.0 216.973785 801.88855 Small_Car 1
241.119965 817.839905 232.999969 818.999939 230.999969 804.999939 239.119965 803.839905 Small_Car 1
208.000015 764.0 200.008743 765.065552 197.991287 749.93457 205.982559 748.869019 Small_Car 1
198.999985 711.0 191.095535 713.324829 185.999985 696.0 193.904434 693.675171 Small_Car 1
141.000015 614.0 125.000015 616.0 124.000015 608.0 140.000015 606.0 Small_Car 1
194.000015 608.000061 176.892319 610.138489 175.892319 602.138489 193.000015 600.000061 Small_Car 1
97.281075 620.113525 78.281075 623.113525 76.999992 615.0 95.999992 612.0 Small_Car 1
116.059479 615.956909 105.000015 624.000122 99.940552 617.043335 111.000015 609.000122 Small_Car 1
367.000031 526.0 356.756134 534.195068 351.000031 527.0 361.243927 518.804932 Small_Car 1
364.000031 511.000061 348.878082 523.097595 344.000031 517.000061 359.121979 504.902527 Small_Car 1
957.196838 316.836029 948.000061 318.999969 943.803284 301.16391 953.000061 298.999969 Small_Car 1
849.000061 329.000031 840.026306 330.196564 838.000061 315.000031 846.973816 313.803497 Small_Car 1
907.035522 294.497437 900.0 295.0 899.0 281.0 906.035522 280.497437 Small_Car 1
913.023499 319.305878 903.999939 319.999969 902.976379 306.694061 911.999939 305.999969 Small_Car 1
943.000061 319.0 935.000061 320.0 933.000061 304.0 941.000061 303.0 Small_Car 1
668.000061 545.0 651.000061 548.0 649.399353 538.929565 666.399353 535.929565 Small_Car 1
683.0 577.0 663.739746 579.027344 663.0 572.0 682.260254 569.972656 Small_Car 1
761.195496 566.970642 740.999939 569.999939 739.804382 562.029236 759.999939 558.999939 Small_Car 1
791.111389 527.973755 773.999939 532.0 771.888489 523.026245 788.999939 519.0 Small_Car 1
681.000061 599.000061 666.000061 600.000061 665.531067 592.964661 680.531067 591.964661 Small_Car 1
689.0 616.0 669.739746 618.027344 669.0 611.0 688.260254 608.972656 Small_Car 1
691.162109 623.972961 673.0 626.999939 671.837891 620.026917 690.0 616.999939 Small_Car 1
943.000061 510.000061 921.724304 514.052551 920.000061 505.000061 941.275818 500.947571 Small_Car 1
965.0 505.999969 946.780518 508.024384 946.0 500.999969 964.219482 498.975555 Small_Car 1
995.0 584.999939 987.02002 586.139954 985.0 571.999939 992.97998 570.859924 Small_Car 1
999.999939 625.999695 998.764832 621.058899 1000.000061 620.750183 1001.235168 625.690979 Small_Car 1
636.000061 883.000122 616.899231 887.021362 615.000061 878.000122 634.100891 873.978882 Small_Car 1
660.501953 881.031189 644.501953 882.031189 644.0 874.000061 660.0 873.000061 Small_Car 1
686.0 877.000061 665.802002 879.019836 665.0 871.000061 685.197998 868.980286 Small_Car 1
712.0 874.000061 694.0 877.000061 692.648682 868.891907 710.648682 865.891907 Small_Car 1
787.0 911.0 765.764038 913.022461 765.0 905.0 786.235962 902.977539 Small_Car 1
818.000061 864.000061 798.843933 866.016541 798.000061 858.000061 817.156189 855.983582 Small_Car 1
841.000061 862.000061 821.948059 864.005554 821.000061 855.000061 840.052063 852.994568 Small_Car 1
901.443115 854.975403 883.0 856.000061 882.556885 848.024719 901.0 847.000061 Small_Car 1
856.999878 901.999878 849.999878 902.999878 848.999878 895.999878 855.999878 894.999878 Small_Car 1
960.000061 941.999939 940.435242 945.089172 939.000061 935.999939 958.56488 932.910706 Small_Car 1
992.999939 81.999985 988.921204 99.334412 978.999939 96.999985 983.078674 79.665558 Small_Car 1
1000.0 66.06662 1000.0 71.285973 994.744629 82.547447 985.000122 78.000008 Small_Car 1
1000.0 64.117638 995.909424 62.192665 1000.0 53.500191 1004.090576 55.425163 Small_Car 1
844.000122 261.0 836.000122 262.0 834.000122 246.0 842.000122 245.0 Small_Car 1
797.419861 218.939987 775.999817 221.999985 774.579773 212.059982 795.999817 208.999985 Small_Car 1
901.999939 200.999969 887.726746 204.058502 885.999939 195.999969 900.273132 192.941437 Small_Car 1
938.324341 169.945969 920.0 173.000015 918.675659 165.054062 937.0 162.000015 Small_Car 1
861.717957 79.941933 854.000061 82.000023 850.000061 67.000023 857.717957 64.941933 Small_Car 1
873.026245 60.111469 865.0 61.999996 860.973755 44.888523 869.0 42.999996 Small_Car 1
772.056641 46.30188 763.0 47.999992 759.943359 31.698105 769.0 29.999992 Small_Car 1
761.0 47.000004 752.015381 48.123081 750.0 32.000004 758.984619 30.876926 Small_Car 1
725.0 75.000015 715.929565 76.600685 712.929565 59.600681 722.0 58.000008 Small_Car 1
895.0 486.0 885.045288 489.143555 879.045288 470.143555 889.0 467.0 Small_Car 1
889.0 462.000061 879.0 464.000061 875.0 444.000061 885.0 442.000061 Small_Car 1
867.891113 445.910858 857.891113 446.910858 856.0 427.999969 866.0 426.999969 Small_Car 1
872.0 383.000031 865.812866 388.800446 850.812866 372.800446 857.0 367.000031 Small_Car 1
781.000061 391.0 772.015442 392.123047 770.000061 376.0 778.98468 374.876953 Small_Car 1
718.999939 199.0 699.999939 200.0 699.629822 192.966858 718.629822 191.966858 Small_Car 1
647.000061 208.0 627.843933 210.016449 627.000061 202.0 646.156189 199.983551 Small_Car 1
671.281128 205.113525 652.281128 208.113525 651.0 200.0 670.0 197.0 Small_Car 1
611.446106 244.030746 593.446106 245.030746 592.999939 236.999985 610.999939 235.999985 Small_Car 1
549.693115 248.930695 529.0 251.0 528.306885 244.069305 549.0 242.0 Small_Car 1
572.399048 218.980057 552.0 220.000015 551.600952 212.019974 572.0 211.000015 Small_Car 1
477.000061 161.000015 465.500061 172.500015 458.500061 165.500015 470.000061 154.000015 Small_Car 1
472.0 150.0 461.5 160.5 456.0 155.0 466.5 144.5 Small_Car 1
446.000061 126.000015 438.000061 127.000015 436.000061 111.000015 444.000061 110.000015 Small_Car 1
471.000061 127.000015 458.000061 140.000015 452.000061 134.000015 465.000061 121.000015 Small_Car 1
466.5 90.500008 456.0 101.000008 450.5 95.500008 461.0 85.000008 Small_Car 1
465.044769 69.96209 451.999969 81.000023 446.95517 75.037956 459.999969 64.000023 Small_Car 1
461.0 56.999977 451.0 66.999977 446.0 61.999977 456.0 51.999977 Small_Car 1
461.191681 43.792324 448.999969 56.999989 443.808258 52.207653 455.999969 38.999989 Small_Car 1
460.0 35.000015 447.135132 44.189209 441.797302 36.716232 454.66217 27.527039 Small_Car 1
458.000061 11.000002 447.000061 22.000002 441.500061 16.500002 452.500061 5.500002 Small_Car 1
400.025391 76.355331 391.0 77.0 389.974609 62.644669 399.0 62.0 Small_Car 1
409.0 54.0 403.0 54.0 403.0 46.0 409.0 46.0 Small_Car 1
410.0 31.0 402.0 31.0 402.0 18.0 410.0 18.0 Small_Car 1
409.0 11.0 402.0 11.0 402.0 1.0 409.0 1.0 Small_Car 1
396.0 30.0 388.0 30.0 388.0 16.0 396.0 16.0 Small_Car 1
396.0 12.0 389.0 12.0 389.0 2.0 396.0 2.0 Small_Car 1
309.320038 49.760006 297.000031 59.000004 292.680023 53.240002 305.000031 44.000004 Small_Car 1
312.000031 87.000008 302.000031 97.000008 296.000031 91.000008 306.000031 81.000008 Small_Car 1
316.0 99.999992 301.898926 109.06498 298.0 102.999992 312.101074 93.935005 Small_Car 1
317.0448 110.962051 304.0 121.999985 298.9552 116.037918 312.0 104.999985 Small_Car 1
318.0448 123.962067 305.0 135.0 299.9552 129.037933 313.0 118.0 Small_Car 1
322.999969 135.000015 307.999969 145.000015 303.999969 139.000015 318.999969 129.000015 Small_Car 1
324.999969 159.000015 310.24588 171.29509 305.24588 165.29509 319.999969 153.000015 Small_Car 1
327.000031 198.000031 316.500031 208.500031 310.500031 202.500031 321.000031 192.000031 Small_Car 1
491.0 362.0 477.462097 373.4552 472.0 367.0 485.537903 355.5448 Small_Car 1
494.999939 372.999969 482.999939 382.999969 477.999939 376.999969 489.999939 366.999969 Small_Car 1
388.000031 289.0 385.987823 307.109741 376.000031 306.0 378.012238 287.890259 Small_Car 1
354.0 412.0 348.550537 420.719116 341.0 416.0 346.449463 407.280884 Small_Car 1
390.0 432.000031 381.899353 433.429535 378.899353 416.429535 387.0 415.000031 Small_Car 1
643.999939 549.0 623.914612 551.231689 622.914612 542.231689 642.999939 540.0 Small_Car 1
592.000061 590.0 572.923157 592.384644 571.923157 584.384644 591.000061 582.0 Small_Car 1
571.0 560.0 551.0 560.0 551.0 551.0 571.0 551.0 Small_Car 1
521.999939 652.0 511.999939 656.0 508.827576 648.06897 518.827576 644.06897 Small_Car 1
527.249023 658.728333 516.0 671.000061 509.750946 665.27179 521.0 653.000061 Small_Car 1
536.0 716.0 521.898926 725.064941 518.0 719.0 532.101074 709.935059 Small_Car 1
536.0 728.999939 524.945557 738.044495 520.0 731.999939 531.054443 722.955383 Small_Car 1
536.435303 776.658813 530.435303 783.658813 525.0 779.0 531.0 772.0 Small_Car 1
541.0 788.999878 531.689697 797.275757 527.0 791.999878 536.310303 783.723999 Small_Car 1
545.491821 798.590088 533.0 808.999878 527.508179 802.409668 540.0 791.999878 Small_Car 1
549.000061 820.000122 537.500061 831.500122 530.500061 824.500122 542.000061 813.000122 Small_Car 1
549.0 833.000061 539.0 843.000061 534.0 838.000061 544.0 828.000061 Small_Car 1
476.0 625.000061 466.972778 625.56427 465.972778 609.56427 475.0 609.000061 Small_Car 1
464.02771 623.498413 455.0 624.0 453.97229 605.501587 463.0 605.0 Small_Car 1
466.000031 660.0 457.035065 660.560303 456.000031 644.0 464.964996 643.439697 Small_Car 1
471.98465 695.876953 463.000031 697.0 461.000031 681.0 469.98465 679.876953 Small_Car 1
380.189178 675.864807 372.716217 681.202698 368.527008 675.33783 375.999969 669.999939 Small_Car 1
383.999969 683.0 375.999969 691.0 370.499969 685.5 378.499969 677.5 Small_Car 1
385.999969 706.0 375.773712 717.248901 369.999969 712.0 380.226227 700.751099 Small_Car 1
393.999939 804.999939 380.758301 815.185852 375.999939 808.999939 389.241577 798.814026 Small_Car 1
568.5 996.500061 565.000061 1000.0 554.000061 1000.0 563.0 991.000061 Small_Car 1
0.0 290.999969 0.0 288.999939 20.999996 285.999969 22.279999 294.959991 Small_Car 1
173.999985 273.999969 159.999985 277.999969 157.924515 270.735809 171.924515 266.735809 Small_Car 1
189.000015 306.000031 173.000015 308.000031 172.000015 300.000031 188.000015 298.000031 Small_Car 1
215.000015 302.0 198.876938 304.015381 198.000015 297.0 214.123093 294.984619 Small_Car 1
241.000015 299.999969 221.000015 300.999969 220.648392 293.96756 240.648392 292.96756 Small_Car 1
44.876926 661.015442 28.876926 663.015442 28.000004 656.000061 44.000004 654.000061 Small_Car 1
0.0 612.388916 0.0 593.0 4.999997 593.0 4.999997 612.388916 Small_Car 1
-0.0 779.666626 0.0 776.999939 19.0 774.0 20.41081 782.935181 Small_Car 1
26.999998 916.999939 21.951216 917.560974 20.951216 908.560974 25.999998 907.999939 Small_Car 1
238.999969 911.999939 231.999969 912.999939 229.999969 898.999939 236.999969 897.999939 Small_Car 1
317.0 971.000061 306.615356 973.076965 305.0 965.000061 315.384644 962.923157 Small_Car 1
288.999969 934.999939 270.999969 937.999939 269.486481 928.918884 287.486481 925.918884 Small_Car 1
314.0 929.999939 296.0 933.999939 294.047058 925.211731 312.047058 921.211731 Small_Car 1
344.570496 926.899353 327.0 930.000061 325.429504 921.100769 343.0 918.000061 Small_Car 1
221.0 819.0 212.026215 821.11145 208.0 804.0 216.973785 801.88855 Small_Car 1
241.119965 817.839905 232.999969 818.999939 230.999969 804.999939 239.119965 803.839905 Small_Car 1
208.000015 764.0 200.008743 765.065552 197.991287 749.93457 205.982559 748.869019 Small_Car 1
198.999985 711.0 191.095535 713.324829 185.999985 696.0 193.904434 693.675171 Small_Car 1
141.000015 614.0 125.000015 616.0 124.000015 608.0 140.000015 606.0 Small_Car 1
194.000015 608.000061 176.892319 610.138489 175.892319 602.138489 193.000015 600.000061 Small_Car 1
97.281075 620.113525 78.281075 623.113525 76.999992 615.0 95.999992 612.0 Small_Car 1
116.059479 615.956909 105.000015 624.000122 99.940552 617.043335 111.000015 609.000122 Small_Car 1
367.000031 526.0 356.756134 534.195068 351.000031 527.0 361.243927 518.804932 Small_Car 1
364.000031 511.000061 348.878082 523.097595 344.000031 517.000061 359.121979 504.902527 Small_Car 1
957.196838 316.836029 948.000061 318.999969 943.803284 301.16391 953.000061 298.999969 Small_Car 1
849.000061 329.000031 840.026306 330.196564 838.000061 315.000031 846.973816 313.803497 Small_Car 1
907.035522 294.497437 900.0 295.0 899.0 281.0 906.035522 280.497437 Small_Car 1
913.023499 319.305878 903.999939 319.999969 902.976379 306.694061 911.999939 305.999969 Small_Car 1
943.000061 319.0 935.000061 320.0 933.000061 304.0 941.000061 303.0 Small_Car 1
668.000061 545.0 651.000061 548.0 649.399353 538.929565 666.399353 535.929565 Small_Car 1
683.0 577.0 663.739746 579.027344 663.0 572.0 682.260254 569.972656 Small_Car 1
761.195496 566.970642 740.999939 569.999939 739.804382 562.029236 759.999939 558.999939 Small_Car 1
791.111389 527.973755 773.999939 532.0 771.888489 523.026245 788.999939 519.0 Small_Car 1
681.000061 599.000061 666.000061 600.000061 665.531067 592.964661 680.531067 591.964661 Small_Car 1
689.0 616.0 669.739746 618.027344 669.0 611.0 688.260254 608.972656 Small_Car 1
691.162109 623.972961 673.0 626.999939 671.837891 620.026917 690.0 616.999939 Small_Car 1
943.000061 510.000061 921.724304 514.052551 920.000061 505.000061 941.275818 500.947571 Small_Car 1
965.0 505.999969 946.780518 508.024384 946.0 500.999969 964.219482 498.975555 Small_Car 1
995.0 584.999939 987.02002 586.139954 985.0 571.999939 992.97998 570.859924 Small_Car 1
999.999939 625.999695 998.764832 621.058899 1000.000061 620.750183 1001.235168 625.690979 Small_Car 1
636.000061 883.000122 616.899231 887.021362 615.000061 878.000122 634.100891 873.978882 Small_Car 1
660.501953 881.031189 644.501953 882.031189 644.0 874.000061 660.0 873.000061 Small_Car 1
686.0 877.000061 665.802002 879.019836 665.0 871.000061 685.197998 868.980286 Small_Car 1
712.0 874.000061 694.0 877.000061 692.648682 868.891907 710.648682 865.891907 Small_Car 1
787.0 911.0 765.764038 913.022461 765.0 905.0 786.235962 902.977539 Small_Car 1
818.000061 864.000061 798.843933 866.016541 798.000061 858.000061 817.156189 855.983582 Small_Car 1
841.000061 862.000061 821.948059 864.005554 821.000061 855.000061 840.052063 852.994568 Small_Car 1
901.443115 854.975403 883.0 856.000061 882.556885 848.024719 901.0 847.000061 Small_Car 1
856.999878 901.999878 849.999878 902.999878 848.999878 895.999878 855.999878 894.999878 Small_Car 1
960.000061 941.999939 940.435242 945.089172 939.000061 935.999939 958.56488 932.910706 Small_Car 1
