88.0 854.0 65.0 854.0 65.0 846.0 88.0 846.0 Small_Car 1
263.0 604.0 255.0 604.0 255.0 594.0 263.0 594.0 Small_Car 1
64.0 514.0 55.0 514.0 55.0 496.0 64.0 496.0 Small_Car 1
239.0 508.0 231.0 508.0 231.0 491.0 239.0 491.0 Small_Car 1
258.022461 310.448883 247.000015 311.000031 246.000015 291.000031 257.022461 290.448883 Small_Car 1
157.024155 335.41037 147.000015 336.000031 145.975876 318.589691 156.000015 318.000031 Small_Car 1
427.319519 354.987213 402.0 355.999969 401.680481 348.012726 427.0 346.999969 Small_Car 1
341.0 80.0 331.0 80.0 331.0 63.0 341.0 63.0 Small_Car 1
192.0 73.0 182.0 73.0 182.0 55.0 192.0 55.0 Small_Car 1
923.0 66.0 914.0 66.0 914.0 49.0 923.0 49.0 Small_Car 1
922.0 85.0 912.0 85.0 912.0 67.0 922.0 67.0 Small_Car 1
793.0 80.0 785.0 80.0 785.0 65.0 793.0 65.0 Small_Car 1
793.0 64.0 784.0 64.0 784.0 46.0 793.0 46.0 Small_Car 1
743.0 161.0 733.0 161.0 733.0 143.0 743.0 143.0 Small_Car 1
743.0 181.0 733.0 181.0 733.0 162.0 743.0 162.0 Small_Car 1
717.0 168.0 708.0 168.0 708.0 150.0 717.0 150.0 Small_Car 1
538.0 106.0 522.0 106.0 522.0 99.0 538.0 99.0 Small_Car 1
674.0 812.0 665.0 812.0 665.0 794.0 674.0 794.0 Small_Car 1
633.0 873.0 610.0 873.0 610.0 864.0 633.0 864.0 Small_Car 1
88.0 854.0 65.0 854.0 65.0 846.0 88.0 846.0 Small_Car 1
263.0 604.0 255.0 604.0 255.0 594.0 263.0 594.0 Small_Car 1
64.0 514.0 55.0 514.0 55.0 496.0 64.0 496.0 Small_Car 1
239.0 508.0 231.0 508.0 231.0 491.0 239.0 491.0 Small_Car 1
258.022461 310.448883 247.000015 311.000031 246.000015 291.000031 257.022461 290.448883 Small_Car 1
157.024155 335.41037 147.000015 336.000031 145.975876 318.589691 156.000015 318.000031 Small_Car 1
427.319519 354.987213 402.0 355.999969 401.680481 348.012726 427.0 346.999969 Small_Car 1
341.0 80.0 331.0 80.0 331.0 63.0 341.0 63.0 Small_Car 1
192.0 73.0 182.0 73.0 182.0 55.0 192.0 55.0 Small_Car 1
923.0 66.0 914.0 66.0 914.0 49.0 923.0 49.0 Small_Car 1
922.0 85.0 912.0 85.0 912.0 67.0 922.0 67.0 Small_Car 1
793.0 80.0 785.0 80.0 785.0 65.0 793.0 65.0 Small_Car 1
793.0 64.0 784.0 64.0 784.0 46.0 793.0 46.0 Small_Car 1
743.0 161.0 733.0 161.0 733.0 143.0 743.0 143.0 Small_Car 1
743.0 181.0 733.0 181.0 733.0 162.0 743.0 162.0 Small_Car 1
717.0 168.0 708.0 168.0 708.0 150.0 717.0 150.0 Small_Car 1
538.0 106.0 522.0 106.0 522.0 99.0 538.0 99.0 Small_Car 1
674.0 812.0 665.0 812.0 665.0 794.0 674.0 794.0 Small_Car 1
633.0 873.0 610.0 873.0 610.0 864.0 633.0 864.0 Small_Car 1
