937.000122 16.999973 929.000122 32.999973 921.000122 28.999973 929.000122 12.999973 Small_Car 1
24.000031 1000.0 24.000031 1000.0 24.000031 1000.0 24.000031 1000.0 Small_Car 1
386.000031 962.000061 366.000031 967.000061 364.000031 959.000061 384.000031 954.000061 Small_Car 1
394.40152 739.970154 394.000031 748.000061 374.000031 747.000061 374.40152 738.970154 Small_Car 1
520.999939 789.0 518.660339 797.188721 498.848999 791.52832 501.188599 783.3396 Small_Car 1
592.0 941.0 573.0 941.0 573.0 933.0 592.0 933.0 Small_Car 1
592.0 950.0 572.0 950.0 572.0 943.0 592.0 943.0 Small_Car 1
627.015808 693.945801 621.999939 711.0 611.98407 708.054199 616.999939 691.0 Small_Car 1
876.098511 909.974243 857.098511 914.974243 855.000122 907.000122 874.000122 902.000122 Small_Car 1
944.000122 760.000061 936.000122 762.000061 932.000122 746.000061 940.000122 744.000061 Small_Car 1
994.015503 676.123108 987.000122 677.000061 984.984741 660.877014 992.000122 660.000061 Small_Car 1
921.0 624.0 919.0 640.0 909.892334 638.861572 911.892334 622.861572 Small_Car 1
946.0 571.0 936.0 571.0 936.0 556.0 946.0 556.0 Small_Car 1
937.000122 16.999973 929.000122 32.999973 921.000122 28.999973 929.000122 12.999973 Small_Car 1
24.000031 1000.0 24.000031 1000.0 24.000031 1000.0 24.000031 1000.0 Small_Car 1
386.000031 962.000061 366.000031 967.000061 364.000031 959.000061 384.000031 954.000061 Small_Car 1
394.40152 739.970154 394.000031 748.000061 374.000031 747.000061 374.40152 738.970154 Small_Car 1
520.999939 789.0 518.660339 797.188721 498.848999 791.52832 501.188599 783.3396 Small_Car 1
592.0 941.0 573.0 941.0 573.0 933.0 592.0 933.0 Small_Car 1
592.0 950.0 572.0 950.0 572.0 943.0 592.0 943.0 Small_Car 1
627.015808 693.945801 621.999939 711.0 611.98407 708.054199 616.999939 691.0 Small_Car 1
876.098511 909.974243 857.098511 914.974243 855.000122 907.000122 874.000122 902.000122 Small_Car 1
944.000122 760.000061 936.000122 762.000061 932.000122 746.000061 940.000122 744.000061 Small_Car 1
994.015503 676.123108 987.000122 677.000061 984.984741 660.877014 992.000122 660.000061 Small_Car 1
921.0 624.0 919.0 640.0 909.892334 638.861572 911.892334 622.861572 Small_Car 1
946.0 571.0 936.0 571.0 936.0 556.0 946.0 556.0 Small_Car 1
