49.0 493.0 39.0 493.0 39.0 474.0 49.0 474.0 Small_Car 1
764.0 447.0 739.0 447.0 739.0 439.0 764.0 439.0 Small_Car 1
803.0 395.0 793.0 395.0 793.0 377.0 803.0 377.0 Small_Car 1
726.332825 352.986145 702.000061 354.0 701.667297 346.013855 726.000061 345.0 Small_Car 1
604.0 622.0 594.0 622.0 594.0 602.0 604.0 602.0 Small_Car 1
150.390549 565.017029 149.999985 574.000061 126.609421 572.983093 126.999985 564.000061 Small_Car 1
839.0 764.0 828.0 764.0 828.0 743.0 839.0 743.0 Small_Car 1
989.0 521.0 980.0 521.0 980.0 508.0 989.0 508.0 Small_Car 1
882.0 89.999985 864.0 90.999985 863.553833 82.969223 881.553833 81.969223 Small_Car 1
49.0 493.0 39.0 493.0 39.0 474.0 49.0 474.0 Small_Car 1
764.0 447.0 739.0 447.0 739.0 439.0 764.0 439.0 Small_Car 1
803.0 395.0 793.0 395.0 793.0 377.0 803.0 377.0 Small_Car 1
726.332825 352.986145 702.000061 354.0 701.667297 346.013855 726.000061 345.0 Small_Car 1
604.0 622.0 594.0 622.0 594.0 602.0 604.0 602.0 Small_Car 1
150.390549 565.017029 149.999985 574.000061 126.609421 572.983093 126.999985 564.000061 Small_Car 1
839.0 764.0 828.0 764.0 828.0 743.0 839.0 743.0 Small_Car 1
989.0 521.0 980.0 521.0 980.0 508.0 989.0 508.0 Small_Car 1
882.0 89.999985 864.0 90.999985 863.553833 82.969223 881.553833 81.969223 Small_Car 1
