78.24556 187.310638 61.24556 194.310638 57.0 184.0 74.0 177.0 Small_Car 1
112.330185 231.594345 90.0 244.000015 84.57547 234.235855 106.905655 221.830185 Small_Car 1
121.0 242.000015 99.456558 252.258804 96.0 245.000015 117.543442 234.741226 Small_Car 1
129.72937 249.598846 109.729362 260.598846 104.999992 252.0 124.999992 241.0 Small_Car 1
133.95285 257.915131 114.000015 269.000031 109.000015 260.000031 128.95285 248.915131 Small_Car 1
12.53093 99.18042 0.0 104.000008 -0.0 93.46154 9.000002 90.0 Small_Car 1
82.000015 514.0 62.641525 527.245239 57.000015 519.0 76.358505 505.754761 Small_Car 1
27.000008 547.0 13.000008 559.0 6.50589 551.423584 20.50589 539.423584 Small_Car 1
325.000031 398.000061 309.500031 413.500061 302.000031 406.000061 317.500031 390.500061 Small_Car 1
78.299377 695.71936 62.299377 710.71936 56.0 704.0 72.0 689.0 Small_Car 1
122.000015 635.0 107.000015 649.0 99.75061 641.232788 114.75061 627.232788 Small_Car 1
161.000015 600.0 143.64949 614.288696 136.000015 605.0 153.35054 590.711304 Small_Car 1
818.397583 981.221863 799.397583 988.221863 796.0 978.999939 815.0 971.999939 Small_Car 1
826.235413 992.941162 806.000061 998.0 803.764709 989.058838 824.000061 984.0 Small_Car 1
