878.0 812.0 869.0 812.0 869.0 795.0 878.0 795.0 Small_Car 1
977.03125 256.498047 969.000122 257.0 968.000122 240.999985 976.03125 240.498016 Small_Car 1
997.0 216.000031 973.697998 218.026306 973.000122 210.000031 996.302124 207.973755 Small_Car 1
994.000061 204.0 971.955383 207.006073 971.000061 200.0 993.044739 196.993927 Small_Car 1
991.0 197.0 967.0 198.0 966.665527 189.97226 990.665527 188.97226 Small_Car 1
929.089233 232.987793 907.0 235.999969 905.910767 228.012146 928.0 224.999969 Small_Car 1
926.0 217.0 904.0 217.0 904.0 210.0 926.0 210.0 Small_Car 1
894.0 206.0 884.0 208.0 880.576904 190.884613 890.576904 188.884613 Small_Car 1
863.162109 233.972961 845.162109 236.972961 844.0 230.0 862.0 227.0 Small_Car 1
859.000122 226.000031 843.000122 228.000031 842.000122 220.000031 858.000122 218.000031 Small_Car 1
812.0 337.0 788.951172 339.560974 787.951172 330.560974 811.0 328.0 Small_Car 1
793.984741 218.876923 777.984741 220.876923 777.000122 213.0 793.000122 211.0 Small_Car 1
795.999939 244.0 774.999939 247.0 773.999939 240.0 794.999939 237.0 Small_Car 1
659.0 246.999985 648.131104 249.557358 644.0 231.999985 654.868896 229.442612 Small_Car 1
629.828186 254.90065 604.828186 257.900635 604.000061 251.000015 629.000061 248.000031 Small_Car 1
575.070435 246.399353 566.0 248.000031 563.0 231.000031 572.070435 229.399353 Small_Car 1
518.042725 237.994415 495.0 241.0 493.957275 233.005585 517.0 230.0 Small_Car 1
481.875549 246.966827 480.000061 254.000031 465.000061 250.000031 466.875549 242.966827 Small_Car 1
391.0 81.0 382.0 81.0 382.0 64.0 391.0 64.0 Small_Car 1
200.029434 221.617676 192.000015 222.000031 190.970596 200.382385 199.000015 200.000031 Small_Car 1
336.792053 248.920807 326.792053 249.920807 325.0 232.0 335.0 231.0 Small_Car 1
311.999969 316.0 303.027679 316.498474 302.027679 298.498474 310.999969 298.0 Small_Car 1
447.999969 380.999969 424.999969 383.999969 423.94046 375.877289 446.94046 372.877289 Small_Car 1
336.042694 407.994415 312.999969 410.999969 311.957245 403.005524 334.999969 399.999969 Small_Car 1
97.999992 356.0 87.999992 358.0 83.999992 338.0 93.999992 336.0 Small_Car 1
106.027016 379.162201 94.999992 381.000031 91.972969 362.83786 102.999992 361.000031 Small_Car 1
48.0 421.0 26.575279 423.040466 26.0 417.0 47.424721 414.959534 Small_Car 1
50.0 432.000031 25.586205 434.034515 25.0 427.000031 49.413795 424.965546 Small_Car 1
106.000008 543.0 83.000008 545.0 82.302071 536.973755 105.302071 534.973755 Small_Car 1
108.139992 555.979919 86.999992 558.999939 85.859993 551.019958 106.999992 547.999939 Small_Car 1
121.223129 622.969604 99.0 626.0 97.776871 617.030396 120.0 614.0 Small_Car 1
332.999969 632.0 308.999969 633.0 308.665497 624.97229 332.665497 623.97229 Small_Car 1
355.347168 677.984924 332.0 679.000061 331.652832 671.015198 355.0 670.000061 Small_Car 1
357.026001 726.86615 334.026001 729.86615 333.0 721.999939 356.0 718.999939 Small_Car 1
974.615356 462.076904 964.615356 464.076904 961.0 446.0 971.0 444.0 Small_Car 1
969.999939 427.0 949.914612 429.231689 948.914612 420.231689 968.999939 418.0 Small_Car 1
905.210938 454.963318 881.999878 459.0 880.788818 452.036682 903.999878 448.0 Small_Car 1
901.999878 445.999969 880.999878 448.999969 879.999878 441.999969 900.999878 438.999969 Small_Car 1
874.000122 475.000122 865.015503 476.123169 863.000122 460.000061 871.984741 458.877014 Small_Car 1
870.054077 458.32431 860.0 459.999969 856.945923 441.675629 867.0 439.999969 Small_Car 1
849.080994 436.513489 846.080994 454.513489 836.999939 453.0 839.999939 435.0 Small_Car 1
743.142395 491.455505 735.000061 494.0 730.000061 478.0 738.142395 475.455505 Small_Car 1
764.505554 452.903839 743.000061 457.000092 741.494568 449.096344 763.000061 445.000092 Small_Car 1
703.059448 475.12262 680.059448 478.12262 679.0 469.999939 702.0 466.999939 Small_Car 1
700.0 465.0 679.0 465.0 679.0 457.0 700.0 457.0 Small_Car 1
659.021301 504.1008 650.000061 506.000031 645.978821 486.899261 655.000061 485.000031 Small_Car 1
716.000122 582.999939 694.76416 585.0224 694.000122 576.999939 715.236084 574.977478 Small_Car 1
747.042725 595.994324 724.0 598.999939 722.957275 591.005554 746.0 587.999939 Small_Car 1
742.279541 587.98877 717.0 589.0 716.720459 582.01123 742.0 581.0 Small_Car 1
713.0 682.000061 687.960938 686.006287 687.0 680.000061 712.039062 675.993835 Small_Car 1
724.697327 804.072632 699.697327 810.072632 697.999939 803.0 722.999939 797.0 Small_Car 1
723.0 795.999939 698.351318 800.108093 697.0 791.999939 721.648682 787.891785 Small_Car 1
664.409119 814.102722 641.409119 818.102722 639.999939 809.999939 662.999939 805.999939 Small_Car 1
664.038025 804.995483 637.924133 808.008667 636.886169 799.013062 663.000061 795.999878 Small_Car 1
631.000061 718.000061 606.877014 721.015442 606.000061 714.000061 630.123108 710.98468 Small_Car 1
543.000061 759.000122 517.960632 762.004883 517.000061 754.000122 542.03949 750.995361 Small_Car 1
517.999939 874.999939 508.059967 876.419983 505.999939 861.999939 515.939941 860.579895 Small_Car 1
537.0 937.999939 535.97229 956.498352 527.0 955.999939 528.02771 937.501526 Small_Car 1
382.030762 826.553833 374.0 827.0 373.0 809.0 381.030762 808.553833 Small_Car 1
386.000031 883.000122 375.000031 884.000122 373.540985 867.950928 384.540985 866.950928 Small_Car 1
59.0 40.0 49.972374 40.475136 48.972374 21.475138 58.0 21.0 Small_Car 1
97.000008 40.0 87.121956 41.097565 85.121956 23.097563 95.000008 22.0 Small_Car 1
325.334839 28.031677 304.334839 29.031677 304.0 22.000004 325.0 21.000004 Small_Car 1
377.0 34.0 368.0 34.0 368.0 17.0 377.0 17.0 Small_Car 1
525.0 51.0 524.260254 58.027397 505.260254 56.027397 506.0 49.0 Small_Car 1
526.332703 41.013859 525.999939 48.999996 501.999939 47.999996 502.332703 40.013859 Small_Car 1
667.166748 0.0 667.166748 0.0 667.166748 0.0 667.166748 0.0 Small_Car 1
976.0 48.0 967.0 48.0 967.0 32.0 976.0 32.0 Small_Car 1
992.0 38.0 982.972412 38.531036 981.972412 21.531036 991.0 21.0 Small_Car 1
737.999939 967.0 728.020447 968.174072 725.999939 951.0 735.979431 949.825928 Small_Car 1
