351.120667 813.051758 349.0 818.0 341.879333 814.948242 344.0 810.0 Small_Car 1
420.362061 814.155212 418.241394 819.103455 410.879333 815.948303 413.0 811.000061 Small_Car 1
478.0 865.0 475.0 872.0 454.0 863.0 457.0 856.0 Small_Car 1
520.44342 855.158386 518.0 862.000061 503.55658 856.841736 506.0 850.000061 Small_Car 1
505.000031 850.0 502.044708 857.018799 483.000031 849.0 485.955353 841.981201 Small_Car 1
579.000061 881.000122 575.80011 887.400146 563.000061 881.000122 566.200012 874.600098 Small_Car 1
817.000061 983.000122 814.400085 988.200073 800.400085 981.200073 803.000061 976.000122 Small_Car 1
950.999878 753.0 947.706787 760.318115 927.706787 751.318115 930.999878 744.0 Small_Car 1
900.000183 732.000061 897.000183 738.000061 883.000183 731.000061 886.000183 725.000061 Small_Car 1
881.190063 723.087708 877.999878 729.999939 864.999878 723.999939 868.190063 717.087708 Small_Car 1
833.644775 675.30542 830.0 683.0 811.0 674.0 814.644775 666.30542 Small_Car 1
714.092834 625.041382 711.000061 632.000122 692.907288 623.958862 696.000061 617.000122 Small_Car 1
687.000061 614.000061 684.314758 620.137756 668.000061 613.000061 670.685364 606.862366 Small_Car 1
661.000061 604.000061 658.000061 610.000061 650.000061 606.000061 653.000061 600.000061 Small_Car 1
419.092773 529.04126 416.0 536.0 406.628845 531.835083 409.721619 524.876343 Small_Car 1
440.092804 538.04126 437.000031 545.0 419.000031 537.0 422.092804 530.04126 Small_Car 1
420.164856 516.086853 416.0 524.000061 396.835144 513.913269 401.0 506.000061 Small_Car 1
48.400009 977.200134 45.000008 984.000183 28.600008 975.800232 32.000008 969.000183 Small_Car 1
88.344833 993.137939 85.862076 999.344849 70.0 993.0 72.482758 986.793091 Small_Car 1
152.420929 992.77478 150.000031 999.0 132.000031 992.0 134.420929 985.77478 Small_Car 1
99.547363 970.813538 97.000031 976.999939 80.000031 969.999939 82.547363 963.813538 Small_Car 1
554.835876 245.923416 552.000061 252.000046 537.000061 245.000046 539.835876 238.923416 Small_Car 1
573.646179 255.369278 571.000061 260.000061 556.353943 251.630814 559.000061 247.000031 Small_Car 1
595.0 272.0 592.172363 279.06897 572.0 271.0 574.827637 263.93103 Small_Car 1
604.0 286.0 585.0 286.0 585.0 279.0 604.0 279.0 Small_Car 1
645.400085 302.200043 642.000061 309.000031 623.600037 299.800018 627.000061 293.000031 Small_Car 1
666.000061 295.000061 662.600037 301.800049 644.600037 292.800049 648.000061 286.000061 Small_Car 1
689.0 331.0 686.106201 339.038269 661.0 330.0 663.893799 321.961731 Small_Car 1
736.000061 338.999969 734.090149 347.021454 713.090149 342.021454 715.000061 333.999969 Small_Car 1
786.067139 359.025757 783.000122 367.0 769.933105 361.974243 773.000122 354.0 Small_Car 1
870.000061 378.999969 867.000061 384.999969 849.80011 376.399994 852.80011 370.399994 Small_Car 1
896.000061 389.0 893.172424 396.06897 873.172424 388.06897 876.000061 381.0 Small_Car 1
980.000122 424.0 977.172485 431.06897 957.172485 423.06897 960.000122 416.0 Small_Car 1
1000.000122 147.111115 992.000122 144.0 994.758789 136.906158 1002.758789 140.017273 Small_Car 1
958.721741 69.876312 956.000061 76.000031 938.000061 68.000031 940.721741 61.876312 Small_Car 1
891.271729 41.129417 888.0 48.000031 866.728271 37.870636 870.0 31.000023 Small_Car 1
867.000061 30.0 864.172424 37.068962 844.000061 29.0 846.827698 21.931038 Small_Car 1
845.674255 22.317268 843.000061 27.999989 825.325867 19.682709 828.000061 13.999989 Small_Car 1
189.104599 403.036957 186.999985 409.000031 169.89537 402.963104 171.999985 397.000031 Small_Car 1
171.0 396.0 168.238525 401.128418 155.0 394.0 157.761475 388.871582 Small_Car 1
151.685257 386.862366 149.000015 393.000061 133.000015 386.000061 135.685257 379.862366 Small_Car 1
131.402344 379.16571 128.999985 385.0 111.597633 377.83429 114.0 372.0 Small_Car 1
49.000004 375.000031 46.000004 381.000031 34.000004 375.000031 37.000004 369.000031 Small_Car 1
112.447067 380.188232 110.000015 386.0 90.552963 377.811768 93.000015 372.0 Small_Car 1
110.402367 369.16571 108.000008 375.0 90.597649 367.83429 93.000008 362.0 Small_Car 1
70.999992 354.000031 67.229721 361.121674 49.862152 351.927094 53.632423 344.80545 Small_Car 1
0.0 329.875031 0.0 323.200012 0.820225 321.887665 9.0 327.000031 Small_Car 1
256.400024 133.200012 253.000031 140.0 237.800018 132.399994 241.200012 125.600006 Small_Car 1
75.000015 71.000008 71.580338 78.816399 55.580341 71.816399 59.000015 64.000008 Small_Car 1
55.0 63.000004 51.558823 70.264709 32.0 60.999996 35.441177 53.735291 Small_Car 1
593.999939 -0.0 593.999939 -0.0 593.999939 -0.0 593.999939 -0.0 Small_Car 1
539.0 32.000004 529.0 47.000004 520.692261 41.461544 530.692261 26.461544 Small_Car 1
568.999939 32.999989 559.461487 47.307682 552.769226 42.846142 562.307678 28.538448 Small_Car 1
513.999939 82.0 504.999939 98.0 496.786316 93.379822 505.786316 77.379822 Small_Car 1
513.0 109.0 503.76001 121.320007 498.0 117.0 507.23999 104.679993 Small_Car 1
526.064941 129.898911 517.0 143.999985 510.935028 140.101059 520.0 125.999985 Small_Car 1
491.000031 136.000015 482.815399 150.323105 477.000031 147.000015 485.184662 132.676926 Small_Car 1
512.0 149.000015 503.753845 163.430771 496.753845 159.430771 505.0 145.000015 Small_Car 1
432.102722 211.773972 427.0 222.999985 420.897278 220.225998 426.0 208.999985 Small_Car 1
380.000031 215.0 373.931061 230.172424 366.000031 227.0 372.069 211.827576 Small_Car 1
366.753845 242.430771 359.0 256.0 352.0 252.000015 359.753845 238.430786 Small_Car 1
372.23999 302.679993 363.0 315.0 356.76001 310.320007 366.0 298.0 Small_Car 1
360.0 298.0 351.0 312.0 343.772583 307.353821 352.772583 293.353821 Small_Car 1
264.631165 434.057434 264.0 441.000061 241.368881 438.942688 242.000031 432.000061 Small_Car 1
206.227478 489.646179 197.227478 503.646179 190.000031 499.0 199.000031 485.0 Small_Car 1
95.046997 617.932861 88.000015 628.0 80.953033 623.067139 88.000015 613.0 Small_Car 1
64.000031 728.0 54.911797 743.147095 48.000031 739.0 57.088264 723.852905 Small_Car 1
