418.000031 27.000011 416.95578 42.663723 407.000031 42.000004 408.044281 26.336292 Small_Car 1
452.0 3.0 433.0 3.0 433.0 0.0 452.0 0.0 Small_Car 1
405.0 5.0 383.0 5.0 383.0 0.0 405.0 0.0 Small_Car 1
405.0 14.0 383.0 14.0 383.0 7.0 405.0 7.0 Small_Car 1
416.857086 0.0 414.979919 13.139997 406.999939 11.999998 408.714233 -1e-06 Small_Car 1
429.000031 14.0 420.035065 14.560312 419.125031 0.0 428.125031 0.0 Small_Car 1
451.0 11.0 431.0 11.0 431.0 4.0 451.0 4.0 Small_Car 1
245.024933 19.501247 244.024933 39.501251 234.0 39.000004 235.0 19.0 Small_Car 1
504.999969 30.999992 502.939972 45.419991 492.999969 43.999992 495.059967 29.579994 Small_Car 1
499.0 66.0 488.0 66.0 488.0 47.0 499.0 47.0 Small_Car 1
504.024597 30.443081 494.0 31.000004 492.975403 12.556927 503.0 12.000004 Small_Car 1
29.0 185.0 2.0 185.0 2.0 178.0 29.0 178.0 Small_Car 1
27.0 205.0 7.0 205.0 7.0 198.0 27.0 198.0 Small_Car 1
11.000003 426.0 -0.332575 425.460388 2e-06 418.476196 11.33258 419.015808 Small_Car 1
17.0 436.0 0.0 436.0 0.0 427.0 17.0 427.0 Small_Car 1
34.0 569.999939 24.034481 570.586121 23.0 552.999939 32.965519 552.413757 Small_Car 1
60.0 569.0 49.0 569.0 49.0 552.0 60.0 552.0 Small_Car 1
47.0 569.0 37.0 569.0 37.0 551.0 47.0 551.0 Small_Car 1
22.999969 569.0 14.999969 572.0 8.999969 556.0 16.999969 553.0 Small_Car 1
81.0 747.0 59.0 747.0 59.0 740.0 81.0 740.0 Small_Car 1
68.0 769.0 44.0 769.0 44.0 762.0 68.0 762.0 Small_Car 1
97.0 770.0 76.0 770.0 76.0 762.0 97.0 762.0 Small_Car 1
472.000031 571.000061 462.030792 571.553894 461.030792 553.553894 471.000031 553.000061 Small_Car 1
138.0 998.0 129.0 998.0 129.0 982.0 138.0 982.0 Small_Car 1
136.0 948.0 128.0 948.0 128.0 931.0 136.0 931.0 Small_Car 1
138.0 916.000061 127.975151 916.527649 126.975151 897.527649 137.0 897.000061 Small_Car 1
139.0 815.0 126.0 815.0 126.0 793.0 139.0 793.0 Small_Car 1
136.027588 770.531006 135.027588 787.531006 126.0 787.0 127.0 770.0 Small_Car 1
167.0 651.0 158.0 651.0 158.0 633.0 167.0 633.0 Small_Car 1
151.0 605.0 141.0 605.0 141.0 587.0 151.0 587.0 Small_Car 1
193.0 416.0 192.044617 423.006104 170.0 420.0 170.955383 412.993896 Small_Car 1
281.0 412.000031 280.617676 420.029449 259.617676 419.029449 260.0 411.000031 Small_Car 1
152.0 361.0 142.0 361.0 142.0 343.0 152.0 343.0 Small_Car 1
153.027679 296.498474 144.0 297.0 143.0 279.0 152.027679 278.498474 Small_Car 1
153.999985 245.000015 145.006821 246.058029 143.006821 229.058029 151.999985 228.000015 Small_Car 1
155.0 70.0 146.0 70.0 146.0 53.0 155.0 53.0 Small_Car 1
222.000015 124.000015 220.369247 137.046158 212.369247 136.046158 214.000015 123.000015 Small_Car 1
245.0 142.0 237.0 142.0 237.0 127.0 245.0 127.0 Small_Car 1
313.560974 143.048767 304.560974 144.048767 303.0 130.0 312.0 129.0 Small_Car 1
339.0 105.0 319.0 105.0 319.0 98.0 339.0 98.0 Small_Car 1
391.999969 124.000008 372.843781 126.016441 371.999969 118.000008 391.156158 115.983574 Small_Car 1
497.0 125.0 488.0 125.0 488.0 109.0 497.0 109.0 Small_Car 1
471.211792 167.952927 453.0 171.999985 451.0 162.999985 469.211792 158.952927 Small_Car 1
487.0 159.0 483.0 176.0 474.973755 174.111481 478.973755 157.111481 Small_Car 1
441.027588 235.468964 432.0 236.0 430.972412 218.531036 440.0 218.0 Small_Car 1
442.670685 252.036606 433.670685 253.036606 431.999969 238.000015 440.999969 237.000015 Small_Car 1
469.0 252.0 459.0 252.0 459.0 234.0 469.0 234.0 Small_Car 1
470.999969 277.000031 469.999969 293.000031 460.972748 292.435822 461.972748 276.435822 Small_Car 1
442.0 271.0 432.0 271.0 432.0 253.0 442.0 253.0 Small_Car 1
440.0 288.0 431.0 288.0 431.0 270.0 440.0 270.0 Small_Car 1
469.0 332.000031 467.594055 346.059418 457.594055 345.059418 459.0 331.000031 Small_Car 1
522.0 448.0 502.0 448.0 502.0 440.0 522.0 440.0 Small_Car 1
615.285156 445.01358 615.000122 451.000031 593.715088 449.986481 594.000122 444.000031 Small_Car 1
734.024597 69.556931 732.999939 88.0 722.975281 87.443069 723.999939 69.0 Small_Car 1
847.191284 85.06044 844.999878 91.999985 825.808472 85.939529 827.999878 78.999985 Small_Car 1
851.828003 76.918518 848.0 84.999969 829.0 75.999969 832.828003 67.918518 Small_Car 1
842.000061 94.000015 839.044739 101.018845 820.000061 93.000015 822.955383 85.981186 Small_Car 1
834.0 100.000023 832.090088 108.021477 811.0 103.000023 812.909912 94.978569 Small_Car 1
808.137817 138.072968 805.0 144.0 787.862183 134.927032 791.0 129.0 Small_Car 1
763.0 259.0 754.124512 260.664124 751.0 243.999985 759.875488 242.335846 Small_Car 1
999.0 371.999939 997.97937 354.648193 1000.0 354.529358 1001.02063 371.881104 Small_Car 1
853.272217 437.98761 831.0 439.0 830.727783 433.01239 853.0 432.0 Small_Car 1
930.0 416.0 919.0 416.0 919.0 400.0 930.0 400.0 Small_Car 1
997.02771 355.501526 996.0 374.0 986.97229 373.498474 988.0 355.0 Small_Car 1
965.0 417.0 956.0 417.0 956.0 400.0 965.0 400.0 Small_Car 1
978.0 372.0 968.0 372.0 968.0 355.0 978.0 355.0 Small_Car 1
999.0 418.0 990.0 418.0 990.0 399.0 999.0 399.0 Small_Car 1
442.02774 620.498413 433.000031 621.0 432.000031 603.0 441.02774 602.498413 Small_Car 1
472.0 679.999939 461.975159 680.527527 460.975159 661.527527 471.0 660.999939 Small_Car 1
443.027222 669.435791 434.0 670.0 433.0 654.0 442.027222 653.435791 Small_Car 1
444.0 692.0 434.0 692.0 434.0 673.0 444.0 673.0 Small_Car 1
472.0 815.0 464.0 815.0 464.0 798.0 472.0 798.0 Small_Car 1
444.0 818.0 434.0 818.0 434.0 799.0 444.0 799.0 Small_Car 1
733.01947 601.311279 722.000061 602.0 721.000061 586.0 732.01947 585.311279 Small_Car 1
760.0 649.0 751.0 649.0 751.0 630.0 760.0 630.0 Small_Car 1
733.0 638.0 723.0 638.0 723.0 622.0 733.0 622.0 Small_Car 1
734.0 659.0 725.0 659.0 725.0 641.0 734.0 641.0 Small_Car 1
732.0 730.0 721.0 730.0 721.0 716.0 732.0 716.0 Small_Car 1
762.999939 721.999939 752.976624 722.626404 751.976624 706.626404 761.999939 705.999939 Small_Car 1
762.000061 696.000061 754.000061 697.000061 752.000061 681.000061 760.000061 680.000061 Small_Car 1
974.400024 851.800049 972.0 859.0 951.0 852.0 953.400024 844.800049 Small_Car 1
961.240845 869.113281 958.0 876.0 941.0 868.0 944.240845 861.113281 Small_Car 1
101.317528 78.014435 101.000008 85.0 78.682487 83.985565 79.000008 77.0 Small_Car 1
104.362885 71.983505 82.0 73.0 81.637115 65.016495 104.0 64.0 Small_Car 1
488.087799 122.809753 481.999969 136.0 475.91214 133.190247 481.999969 120.0 Small_Car 1
286.0 141.0 279.0 141.0 279.0 131.0 286.0 131.0 Small_Car 1
137.0 756.0 128.0 756.0 128.0 739.0 137.0 739.0 Small_Car 1
138.0 722.0 127.0 722.0 127.0 704.0 138.0 704.0 Small_Car 1
