973.999878 740.999878 957.872559 752.087402 952.999878 744.999878 969.127197 733.912354 Small_Car 1
937.461487 707.692261 919.461487 719.692261 914.999939 713.0 932.999939 701.0 Small_Car 1
896.0 678.999939 880.436401 690.413269 875.0 682.999939 890.563599 671.586609 Small_Car 1
884.159912 668.880066 871.999878 678.000061 866.839844 671.120056 878.999878 662.000061 Small_Car 1
447.900085 25.700003 423.000061 34.0 419.000061 22.000002 443.900085 13.700005 Small_Car 1
547.000061 84.0 526.000061 91.0 522.700012 81.100006 543.700012 74.100006 Small_Car 1
100.0 213.999985 80.087585 221.24086 76.087585 210.24086 96.0 202.999985 Small_Car 1
17.251488 172.896469 0.0 180.0 0.0 170.764725 14.000008 165.000015 Small_Car 1
257.246582 162.657547 235.0 171.000015 232.0 163.000015 254.246582 154.657547 Small_Car 1
481.999969 99.0 462.629242 106.136581 459.999969 99.0 479.370697 91.863419 Small_Car 1
