646.006836 498.941956 644.006836 515.941956 636.0 515.0 638.0 498.0 Small_Car 1
80.0 772.0 73.0 772.0 73.0 759.0 80.0 759.0 Small_Car 1
85.000008 792.000122 77.065575 792.721436 76.065575 781.721436 84.000008 781.000122 Small_Car 1
528.279541 870.988708 503.0 871.999939 502.720459 865.011169 528.0 863.999939 Small_Car 1
411.0 906.0 401.0 906.0 401.0 889.0 411.0 889.0 Small_Car 1
569.0 939.000061 559.929565 940.600769 556.929565 923.600769 566.0 922.000061 Small_Car 1
741.0 920.0 732.0 920.0 732.0 907.0 741.0 907.0 Small_Car 1
769.0 910.0 760.031006 910.527588 759.0 893.0 767.968994 892.472412 Small_Car 1
974.0 1000.0 974.0 1000.0 998.0 1000.0 998.0 1000.0 Small_Car 1
417.0 603.0 409.0 603.0 409.0 588.0 417.0 588.0 Small_Car 1
464.0 818.0 453.0 818.0 453.0 798.0 464.0 798.0 Small_Car 1
446.0 659.0 427.0 659.0 427.0 652.0 446.0 652.0 Small_Car 1
736.0 613.0 726.0 613.0 726.0 598.0 736.0 598.0 Small_Car 1
760.0 335.0 754.038452 336.192322 752.0 326.0 757.961548 324.807678 Small_Car 1
831.0 334.0 811.0 334.0 811.0 328.0 831.0 328.0 Small_Car 1
799.0 335.0 778.0 335.0 778.0 328.0 799.0 328.0 Small_Car 1
388.0 338.0 369.0 338.0 369.0 331.0 388.0 331.0 Small_Car 1
48.0 275.0 22.0 275.0 22.0 267.0 48.0 267.0 Small_Car 1
66.0 55.0 55.0 55.0 55.0 37.0 66.0 37.0 Small_Car 1
64.0 155.0 54.0 155.0 54.0 138.0 64.0 138.0 Small_Car 1
80.000008 156.000015 69.037941 156.644852 68.000008 139.000015 78.962074 138.355179 Small_Car 1
62.0 134.0 54.0 134.0 54.0 118.0 62.0 118.0 Small_Car 1
80.0 134.0 71.0 134.0 71.0 116.0 80.0 116.0 Small_Car 1
151.0 153.000015 141.034485 153.586227 140.0 136.000015 149.965515 135.413803 Small_Car 1
251.322311 97.975815 251.000015 107.000015 223.000015 106.000015 223.322311 96.975815 Small_Car 1
281.0 132.0 258.0 132.0 258.0 125.0 281.0 125.0 Small_Car 1
368.0 50.000019 361.24292 55.30917 350.0 41.000019 356.75708 35.690868 Small_Car 1
384.000061 48.999977 376.000061 53.999977 366.280945 38.449417 374.280945 33.449417 Small_Car 1
414.0 48.000031 406.413269 53.563614 395.0 38.000031 402.586731 32.436447 Small_Car 1
434.03302 50.038055 426.0 56.999985 413.0 41.999985 421.03302 35.038055 Small_Car 1
448.000031 48.000004 441.000031 55.000004 426.000031 40.000004 433.000031 33.000004 Small_Car 1
385.802002 98.019814 375.802002 99.019814 374.0 81.000008 384.0 80.000008 Small_Car 1
371.0 82.000008 369.964966 98.560326 361.0 98.000008 362.035034 81.43969 Small_Car 1
356.027588 98.468964 347.0 99.0 345.972412 81.531036 355.0 81.0 Small_Car 1
341.0 98.0 330.0 98.0 330.0 81.0 341.0 81.0 Small_Car 1
343.000061 107.0 323.000061 108.0 322.698303 101.965088 342.698303 100.965088 Small_Car 1
342.0 130.0 319.0 130.0 319.0 122.0 342.0 122.0 Small_Car 1
342.0 146.0 323.0 146.0 323.0 139.0 342.0 139.0 Small_Car 1
165.0 237.000015 164.68042 244.03093 142.68042 243.03093 143.0 236.000015 Small_Car 1
187.292877 270.029449 163.292877 271.029449 162.999969 263.999969 186.999969 262.999969 Small_Car 1
370.0 236.0 350.0 236.0 350.0 230.0 370.0 230.0 Small_Car 1
569.0 110.0 545.0 110.0 545.0 103.0 569.0 103.0 Small_Car 1
564.332642 111.015854 564.000122 118.000015 542.66748 116.984177 543.0 110.000015 Small_Car 1
574.258911 156.009583 574.0 163.0 546.741089 161.990417 547.0 155.0 Small_Car 1
565.0 184.0 543.0 184.0 543.0 177.0 565.0 177.0 Small_Car 1
566.0 194.0 543.0 194.0 543.0 187.0 566.0 187.0 Small_Car 1
621.0 191.0 600.0 191.0 600.0 184.0 621.0 184.0 Small_Car 1
647.0 244.0 624.0 244.0 624.0 237.0 647.0 237.0 Small_Car 1
762.37323 198.24147 758.000061 205.000015 741.000061 194.000015 745.37323 187.24147 Small_Car 1
900.0 234.0 878.0 234.0 878.0 226.0 900.0 226.0 Small_Car 1
