961.0 472.0 952.891846 473.351379 949.891846 455.351379 958.0 454.0 Small_Car 1
938.0 386.999939 931.076904 388.384583 928.0 373.0 934.923096 371.615356 Small_Car 1
934.117798 369.470612 928.000122 371.000031 923.882446 354.529449 930.000122 353.000031 Small_Car 1
277.0 273.000031 273.64325 279.340546 256.64325 270.340546 260.0 264.000031 Small_Car 1
689.333923 625.979797 688.999939 636.999939 655.999939 635.999939 656.333923 624.979797 Small_Car 1
816.031006 682.472412 815.031006 699.472412 807.0 699.0 808.0 682.0 Small_Car 1
868.000061 692.0 867.635071 700.028809 845.635071 699.028809 846.000061 691.0 Small_Car 1
887.0 688.0 868.0 688.0 868.0 682.0 887.0 682.0 Small_Car 1
845.0 722.0 828.0 722.0 828.0 713.0 845.0 713.0 Small_Car 1
855.0 756.0 835.0 756.0 835.0 748.0 855.0 748.0 Small_Car 1
879.035034 787.560303 872.0 788.0 870.964966 771.439697 878.0 771.0 Small_Car 1
849.131165 90.557358 843.000061 91.999985 839.000061 74.999985 845.131165 73.557358 Small_Car 1
819.099731 93.373451 813.000122 95.000008 809.000122 80.000008 815.099731 78.373451 Small_Car 1
