47.294125 9.176471 39.294125 11.176471 36.500004 0.0 45.000004 0.0 Small_Car 1
56.0 8.999998 49.0 10.999998 45.857143 0.0 53.428574 0.0 Small_Car 1
69.0 6.999993 67.133347 2e-06 74.166534 -1.87551 76.033188 5.124481 Small_Car 1
77.000015 3.999999 75.93335 0.0 83.900162 -2.124481 84.966827 1.875518 Small_Car 1
143.07547 24.264151 136.07547 26.264151 132.0 12.000002 139.0 10.000002 Small_Car 1
134.075485 27.264149 127.075485 29.264149 123.000015 15.0 130.000015 13.0 Small_Car 1
125.0 29.0 119.045258 31.126698 114.000015 17.000004 119.954758 14.873306 Small_Car 1
96.471687 33.150944 89.471687 35.150944 85.999992 23.000004 92.999992 21.000004 Small_Car 1
86.035583 38.113884 80.0 40.000004 74.964417 23.886126 81.0 22.000004 Small_Car 1
78.055389 40.156921 70.0 43.0 63.944614 25.843079 72.0 23.0 Small_Car 1
67.0 42.0 60.053383 44.170818 54.964417 27.886118 61.911034 25.715298 Small_Car 1
57.043243 43.140541 51.0 45.0 46.956757 31.859459 53.0 30.0 Small_Car 1
49.103088 45.26804 42.0 47.999996 36.896912 34.73196 44.0 32.000004 Small_Car 1
38.0 46.0 32.0 48.0 28.0 36.0 34.0 34.0 Small_Car 1
29.9 47.699997 23.000002 50.0 18.000002 35.0 24.9 32.699997 Small_Car 1
20.000002 50.0 13.043245 52.140541 9.000002 39.0 15.956758 36.859459 Small_Car 1
10.999999 52.999992 4.0 54.999992 0.0 40.999996 6.924528 38.735847 Small_Car 1
