437.176666 876.861267 423.000031 888.000061 416.823395 880.138855 431.000031 869.000061 Small_Car 1
129.500015 675.500061 116.500015 688.500061 110.000015 682.000061 123.000015 669.000061 Small_Car 1
422.0 962.0 419.452637 968.186401 402.0 961.0 404.547363 954.813599 Small_Car 1
474.238525 964.12854 470.0 972.000122 456.582581 964.775391 460.821106 956.903809 Small_Car 1
575.000061 909.000061 564.773865 920.248962 559.000061 915.000061 569.226257 903.75116 Small_Car 1
602.0 882.0 589.929443 896.082397 584.0 891.0 596.070557 876.917603 Small_Car 1
641.0 798.0 636.230713 805.153809 618.0 793.0 622.769287 785.846191 Small_Car 1
649.157104 788.110779 644.196411 795.138489 627.000122 782.999939 631.960815 775.972229 Small_Car 1
694.999939 797.999939 681.372375 809.530945 674.999939 801.999939 688.627502 790.468933 Small_Car 1
705.5 784.500061 694.0 796.000061 687.0 789.000061 698.5 777.500061 Small_Car 1
766.0 663.0 756.5 672.5 750.5 666.5 760.0 657.0 Small_Car 1
773.405823 703.591553 768.999939 710.0 752.999939 699.0 757.405823 692.591553 Small_Car 1
713.0 662.999939 708.390137 669.286072 693.0 657.999939 697.609863 651.713806 Small_Car 1
667.999939 578.999939 653.823303 590.138733 648.999939 583.999939 663.176575 572.861145 Small_Car 1
608.0 588.0 603.241577 594.185913 590.0 584.0 594.758423 577.814087 Small_Car 1
60.535801 225.281982 57.000011 232.0 37.464214 221.718018 41.000004 215.0 Small_Car 1
746.576843 21.115387 744.999939 29.0 729.423035 25.884617 730.999939 18.000004 Small_Car 1
982.463501 295.774109 979.0 304.0 960.0 296.0 963.463501 287.774109 Small_Car 1
718.999878 232.000015 704.246094 240.430771 700.0 233.000015 714.753784 224.56926 Small_Car 1
870.000122 94.999977 862.847168 100.811745 849.847168 84.811745 857.000122 78.999977 Small_Car 1
856.000122 115.0 849.087646 121.099228 834.087646 104.099228 841.000122 98.0 Small_Car 1
745.104065 171.927979 732.000061 180.999969 727.896057 175.07196 741.000061 165.999969 Small_Car 1
734.303833 156.013229 734.0 163.000015 710.696167 161.986801 711.0 155.000015 Small_Car 1
637.999939 100.000008 623.999939 102.000008 621.559998 84.920006 635.559998 82.920006 Small_Car 1
442.517242 261.793091 438.999969 270.0 424.999969 264.0 428.517242 255.793091 Small_Car 1
427.0 252.999985 423.472595 260.760254 401.472595 250.760269 405.0 243.0 Small_Car 1
365.0 219.0 362.314758 225.137695 346.0 218.0 348.685242 211.862305 Small_Car 1
253.491776 949.40979 241.196701 964.16394 234.70491 958.75415 246.999985 944.0 Small_Car 1
19.393505 807.32782 7.590226 821.49176 1.000062 815.999939 12.80334 801.835999 Small_Car 1
525.000061 395.0 521.558899 402.264709 502.558899 393.264709 506.000061 386.0 Small_Car 1
