709.0 10.0 689.0 10.0 689.0 3.0 709.0 3.0 Small_Car 1
772.000061 16.0 765.249329 22.268494 752.249329 8.268494 759.000061 2.0 Small_Car 1
771.625 0.0 774.533325 0.0 782.0 14.0 774.110718 18.207611 Small_Car 1
809.0 14.000032 802.185913 19.241667 792.185913 6.241669 799.0 1.000034 Small_Car 1
879.20697 18.482731 871.000061 21.999973 864.793152 7.517211 873.000061 3.999969 Small_Car 1
917.0 18.000031 908.357422 23.555986 899.0 9.000031 907.642578 3.444075 Small_Car 1
956.999939 23.000036 949.799988 26.600035 944.799988 16.600035 951.999939 13.000036 Small_Car 1
721.000061 37.999973 708.000061 50.999973 702.000061 44.999973 715.000061 31.999973 Small_Car 1
786.249084 46.728302 775.000061 59.0 768.751038 53.271698 780.000061 41.0 Small_Car 1
797.999939 49.000023 786.961975 62.044853 780.999939 57.000023 792.037903 43.955193 Small_Car 1
811.0 48.0 798.929443 62.082352 793.0 57.0 805.070557 42.917648 Small_Car 1
837.226257 51.75111 827.000061 62.999981 821.773865 58.248852 832.000061 46.999981 Small_Car 1
808.999878 66.999992 797.961914 80.044823 791.999878 74.999992 803.037842 61.955162 Small_Car 1
769.500061 62.500038 756.500061 75.500038 751.000061 70.000038 764.000061 57.000038 Small_Car 1
729.000061 57.999992 717.962097 71.044823 712.000061 65.999992 723.038025 52.955162 Small_Car 1
763.0 108.999985 755.0 111.999985 749.0 95.999985 757.0 92.999985 Small_Car 1
804.999878 116.000031 796.999878 119.000031 791.657471 104.753448 799.657471 101.753448 Small_Car 1
820.121643 119.229698 813.000061 122.999962 803.878479 105.770226 811.000061 101.999962 Small_Car 1
799.100037 179.300018 791.000061 182.000031 785.000061 164.000031 793.100037 161.300018 Small_Car 1
811.999939 183.000015 801.835266 185.258835 797.835266 167.258835 807.999939 165.000015 Small_Car 1
825.000061 180.999985 816.000061 183.999985 810.000061 165.999985 819.000061 162.999985 Small_Car 1
838.055481 182.156952 830.000061 185.000031 823.944641 167.843109 832.000061 165.000031 Small_Car 1
866.000122 180.999985 857.200073 185.399979 850.000122 170.999985 858.800171 166.599991 Small_Car 1
893.0 189.000031 884.699707 192.227905 877.699707 174.227905 886.0 171.000031 Small_Car 1
905.248474 185.603577 896.999939 189.000031 889.999939 172.000031 898.248474 168.603577 Small_Car 1
931.34436 187.786911 924.000122 191.000015 917.000122 175.000015 924.34436 171.786911 Small_Car 1
961.000061 192.0 953.103577 195.251465 946.000061 178.0 953.896545 174.748535 Small_Car 1
987.0 193.0 979.728027 196.422089 971.728027 179.422089 979.0 176.0 Small_Car 1
999.166199 195.470749 992.000061 197.999985 985.833923 180.529221 993.000061 177.999985 Small_Car 1
878.0 56.999969 861.645996 71.309708 857.0 65.999969 873.354004 51.690231 Small_Car 1
77.0 5.0 58.556915 3.975384 58.834686 -1.024616 77.277771 -0.0 Small_Car 1
573.451416 265.972595 573.0 275.0 553.0 274.0 553.451416 264.972595 Small_Car 1
570.489075 293.073364 569.000061 303.0 548.511047 299.926636 550.000061 290.0 Small_Car 1
