547.000122 1004.0 543.000122 1000.0 548.000122 995.000122 552.000122 999.000122 Small_Car 1
742.000061 863.0 737.000061 869.0 725.000061 859.0 730.000061 853.0 Small_Car 1
843.500122 739.500061 834.000122 749.000061 828.500122 743.500061 838.000122 734.000061 Small_Car 1
900.500122 690.500061 888.500122 702.500061 883.000122 697.000061 895.000122 685.000061 Small_Car 1
917.000122 678.000061 905.000122 690.000061 899.500122 684.500061 911.500122 672.500061 Small_Car 1
699.000122 273.000061 695.602295 280.281067 680.602295 273.281067 684.000122 266.000061 Small_Car 1
523.200073 226.600006 519.799988 233.399994 502.600006 224.799988 506.000061 218.0 Small_Car 1
489.000031 222.0 485.689667 230.275848 465.689667 222.275848 469.000031 214.0 Small_Car 1
566.999939 198.0 559.84613 202.769226 549.84613 187.769226 556.999939 183.0 Small_Car 1
557.065002 163.101089 551.000061 167.000015 541.93512 152.898941 548.000061 149.000015 Small_Car 1
392.0 184.0 389.044678 191.018829 370.0 183.0 372.955322 175.981171 Small_Car 1
342.827576 164.93103 340.0 172.0 325.0 166.0 327.827576 158.93103 Small_Car 1
322.871033 158.938904 320.0 165.0 301.0 156.0 303.871033 149.938904 Small_Car 1
233.092789 122.041252 230.000015 129.000015 212.000015 121.000008 215.092789 114.041245 Small_Car 1
210.999985 114.0 208.452652 120.186386 190.999985 113.0 193.547318 106.813614 Small_Car 1
101.260117 59.19075 97.0 65.0 81.739883 53.80925 86.0 48.0 Small_Car 1
47.0 20.0 42.176659 26.138802 28.176659 15.138801 33.0 9.0 Small_Car 1
16.666664 0.0 19.0 0.0 28.0 6.0 24.0 12.0 Small_Car 1
481.999969 96.000023 475.307648 100.461555 465.769196 86.153862 472.461517 81.692329 Small_Car 1
467.000061 77.000023 460.604065 81.428017 451.604065 68.428017 458.000061 64.000023 Small_Car 1
455.000031 60.999992 447.928009 65.895988 438.928009 52.895988 446.000031 47.999992 Small_Car 1
198.999969 936.999878 193.999969 943.999878 177.540497 932.243164 182.540497 925.243164 Small_Car 1
171.373169 906.241455 167.0 913.0 149.626831 901.758545 154.0 895.0 Small_Car 1
87.202255 854.123535 83.000015 861.0 64.79776 849.876465 69.0 843.0 Small_Car 1
47.164673 747.858765 32.999969 760.0 28.835266 755.141235 42.999969 743.0 Small_Car 1
64.207611 764.773499 53.000057 776.999939 47.792507 772.226379 59.000057 759.999939 Small_Car 1
156.000015 687.999939 144.751144 698.226135 140.000015 692.999939 151.248886 682.773743 Small_Car 1
224.000046 628.000061 213.000046 639.000061 208.000046 634.000061 219.000046 623.000061 Small_Car 1
224.000015 610.0 211.000015 622.0 205.709274 616.268311 218.709274 604.268311 Small_Car 1
241.487808 612.609741 228.195114 623.243896 223.707321 617.634155 237.000015 607.0 Small_Car 1
126.615494 1000.0 126.615494 998.000122 130.888748 998.000122 130.888748 1000.0 Small_Car 1
156.0 993.0 152.555969 998.357422 138.555969 989.357422 142.0 984.0 Small_Car 1
242.155685 965.083008 238.999985 971.0 223.844284 962.916992 226.999985 957.0 Small_Car 1
171.000015 955.000122 167.364029 960.252075 154.000046 951.000122 157.636032 945.748169 Small_Car 1
106.0 950.0 102.555954 955.357422 88.0 946.0 91.444046 940.642578 Small_Car 1
91.441635 965.347046 87.0 971.0 72.558365 959.652954 77.0 954.0 Small_Car 1
82.882324 970.529419 78.999969 977.0 63.117615 967.470581 66.999969 961.0 Small_Car 1
686.000061 964.000061 669.820251 974.112366 666.000061 968.000061 682.179871 957.887756 Small_Car 1
727.487915 905.390381 723.000122 911.000122 710.805054 901.244019 715.292847 895.634277 Small_Car 1
424.000061 832.000122 413.000061 843.000122 408.000061 838.000122 419.000061 827.000122 Small_Car 1
426.500061 793.500122 418.000061 802.000122 413.000061 797.000122 421.500061 788.500122 Small_Car 1
418.0 788.0 413.0 795.0 406.0 790.0 411.0 783.0 Small_Car 1
521.500061 738.500061 509.500061 750.500061 504.000061 745.000061 516.000061 733.000061 Small_Car 1
564.999939 740.000061 561.159973 745.120056 548.999939 736.000061 552.839905 730.880066 Small_Car 1
489.000031 708.0 475.000031 721.0 469.693207 715.284912 483.693207 702.284912 Small_Car 1
280.000031 785.000061 270.955475 796.054504 266.000031 792.000061 275.044586 780.945618 Small_Car 1
1000.0 544.5 1000.0 548.714478 988.000061 559.000061 982.917664 553.070618 Small_Car 1
155.461517 316.307678 146.999969 329.0 140.538422 324.692322 148.999969 312.0 Small_Car 1
25.000008 300.000031 18.000008 310.000031 13.234909 306.664459 20.234909 296.664459 Small_Car 1
105.399994 274.200043 102.399994 280.200043 84.0 271.000031 87.0 265.000031 Small_Car 1
191.185867 244.758362 180.999985 258.0 174.814102 253.241638 184.999985 240.0 Small_Car 1
23.0 199.000015 15.0 213.000015 8.0 209.000015 16.0 195.000015 Small_Car 1
23.0 73.999992 15.000002 85.999992 9.46154 82.307686 17.461538 70.307686 Small_Car 1
186.230789 37.846149 174.000015 45.999996 170.769241 41.153843 183.000015 32.999996 Small_Car 1
386.000031 24.000004 377.480011 35.360004 372.839996 31.880005 381.360016 20.520004 Small_Car 1
348.000031 126.000015 344.400055 133.200027 328.000031 125.000015 331.600006 117.800003 Small_Car 1
552.0 96.000015 548.294067 102.176483 533.0 93.000015 536.705933 86.823547 Small_Car 1
635.0 85.999992 630.5 90.499992 620.0 79.999992 624.5 75.499992 Small_Car 1
671.672119 69.606544 658.0 80.999992 653.0 74.999992 666.672119 63.606544 Small_Car 1
667.0 92.999969 656.0 104.999969 651.290527 100.682983 662.290527 88.682983 Small_Car 1
693.999939 111.000015 679.823303 122.138809 674.999939 116.000015 689.176575 104.861221 Small_Car 1
723.276306 133.751404 713.000061 143.000031 708.723816 138.248657 719.000061 129.000031 Small_Car 1
