264.0 131.0 245.0 131.0 245.0 124.0 264.0 124.0 Small_Car 1
264.0 140.0 246.0 140.0 246.0 135.0 264.0 135.0 Small_Car 1
264.0 147.0 247.0 147.0 247.0 142.0 264.0 142.0 Small_Car 1
264.0 156.0 250.0 156.0 250.0 150.0 264.0 150.0 Small_Car 1
267.0 194.0 253.0 194.0 253.0 188.0 267.0 188.0 Small_Car 1
271.0 209.0 252.0 209.0 252.0 203.0 271.0 203.0 Small_Car 1
333.0 157.0 318.0 157.0 318.0 151.0 333.0 151.0 Small_Car 1
337.0 242.0 318.0 242.0 318.0 236.0 337.0 236.0 Small_Car 1
272.0 263.0 256.0 263.0 256.0 257.0 272.0 257.0 Small_Car 1
271.0 272.0 254.0 272.0 254.0 265.0 271.0 265.0 Small_Car 1
441.100006 88.700012 436.000031 104.000015 427.900055 101.300018 433.000031 86.000015 Small_Car 1
446.0 305.0 431.0 305.0 431.0 298.0 446.0 298.0 Small_Car 1
220.0 181.0 206.0 181.0 206.0 175.0 220.0 175.0 Small_Car 1
225.351639 207.032425 205.351639 208.032425 205.000015 201.000015 225.000015 200.000015 Small_Car 1
291.0 201.0 277.0 201.0 277.0 194.0 291.0 194.0 Small_Car 1
223.0 224.0 205.0 224.0 205.0 217.0 223.0 217.0 Small_Car 1
295.0 232.0 276.0 232.0 276.0 225.0 295.0 225.0 Small_Car 1
225.0 241.0 210.0 241.0 210.0 235.0 225.0 235.0 Small_Car 1
229.0 266.0 209.0 266.0 209.0 259.0 229.0 259.0 Small_Car 1
226.335388 274.036896 208.335388 275.036896 208.0 268.999969 226.0 267.999969 Small_Car 1
295.0 272.0 279.0 272.0 279.0 266.0 295.0 266.0 Small_Car 1
403.0 284.0 389.0 284.0 389.0 278.0 403.0 278.0 Small_Car 1
404.332336 272.981598 386.0 274.000031 385.667664 268.018463 404.0 267.000031 Small_Car 1
441.0 250.0 428.0 250.0 428.0 244.0 441.0 244.0 Small_Car 1
406.0 373.0 393.0 373.0 393.0 368.0 406.0 368.0 Small_Car 1
820.705994 24.176441 805.705994 33.176441 802.000061 26.999969 817.000061 17.999969 Small_Car 1
862.104065 12.927996 849.000061 21.999994 844.896057 16.071995 858.000061 6.999996 Small_Car 1
887.999939 5.000027 871.999939 16.000027 868.381897 10.737427 884.0 0.0 Small_Car 1
898.499878 0.0 903.999939 0.0 906.307617 3.461508 891.999878 12.999968 Small_Car 1
938.333435 3.000038 931.923157 3.000038 931.923157 0.0 938.333435 0.0 Small_Car 1
865.206909 48.517273 859.0 51.000031 853.0 36.000031 859.206909 33.517273 Small_Car 1
884.0755 44.26413 878.000061 45.999973 873.924622 31.735826 880.000061 29.999981 Small_Car 1
894.661926 42.918167 888.000061 45.000015 883.000061 29.000017 889.661926 26.918167 Small_Car 1
902.999817 40.000008 895.915588 41.634838 892.915588 28.634836 899.999817 27.000004 Small_Car 1
933.000061 34.999985 925.000061 36.999985 921.000061 20.999987 929.000061 18.999989 Small_Car 1
942.05896 34.235298 935.000122 36.000004 930.941284 19.764711 938.000122 18.000004 Small_Car 1
952.000061 30.0 944.200012 32.599998 939.000061 17.0 946.80011 14.400002 Small_Car 1
970.235413 27.941177 962.235413 29.941177 958.000061 13.000001 966.000061 11.0 Small_Car 1
980.0 24.000031 973.0 26.000031 969.0 12.000031 976.0 10.000031 Small_Car 1
1000.0 41.000099 1000.0 41.000099 1000.0 41.000099 1000.0 41.000099 Small_Car 1
991.999939 57.000034 984.999939 59.000034 981.528259 46.849094 988.528259 44.849094 Small_Car 1
971.000061 61.000015 965.000061 63.000015 960.700012 50.100014 966.700012 48.100014 Small_Car 1
924.000061 71.000008 918.000061 73.000008 914.000061 61.000008 920.000061 59.000008 Small_Car 1
896.0 78.000008 890.045288 80.126701 885.0 66.000008 890.954712 63.873314 Small_Car 1
866.000061 84.000053 860.000061 86.000053 856.000061 74.000053 862.000061 72.000053 Small_Car 1
