880.0 357.000031 866.0 363.000031 863.0 356.000031 877.0 350.000031 Small_Car 1
553.05249 910.977173 537.0 918.000122 533.94751 911.023071 550.0 904.000122 Small_Car 1
92.158379 875.443604 85.000008 878.000122 79.841637 863.556641 87.000008 861.000122 Small_Car 1
104.137344 868.223145 98.0 872.0 89.862656 858.776855 96.0 855.0 Small_Car 1
127.692291 844.53833 120.999985 848.999878 110.999985 833.999878 117.692291 829.53833 Small_Car 1
129.0 784.0 121.0 784.0 121.0 767.0 129.0 767.0 Small_Car 1
141.008728 775.065491 133.017456 776.131042 131.0 761.000061 138.991272 759.934509 Small_Car 1
708.000061 638.000122 692.000061 646.000122 689.000061 640.000122 705.000061 632.000122 Small_Car 1
646.386597 669.702637 633.0 680.0 628.613403 674.297363 642.0 664.0 Small_Car 1
435.400055 468.799988 417.000031 478.0 413.600006 471.200012 432.000031 462.0 Small_Car 1
322.000031 365.0 306.000031 377.0 301.320038 370.76001 317.320038 358.76001 Small_Car 1
246.092789 301.041229 243.000015 307.999969 224.907242 299.95871 228.000015 292.999969 Small_Car 1
152.087524 282.127319 145.0 287.0 133.912476 270.872681 141.0 266.0 Small_Car 1
133.0 188.000015 126.409828 193.491806 116.409836 181.491806 123.000008 176.000015 Small_Car 1
70.0 21.000004 63.168545 25.269667 53.000004 9.000002 59.831463 4.730339 Small_Car 1
