782.5 3.0 764.0 3.0 764.0 0.0 782.5 0.0 Small_Car 1
225.176498 68.294113 219.000015 72.0 209.823532 56.705875 216.000015 52.999992 Small_Car 1
199.538437 76.307693 193.538437 80.307693 185.999985 69.0 191.999985 65.0 Small_Car 1
189.153824 78.230759 184.999985 80.999985 178.846146 71.769211 182.999985 68.999985 Small_Car 1
352.0 322.0 345.0 322.0 345.0 306.0 352.0 306.0 Small_Car 1
270.0 331.0 268.975891 348.410339 262.0 348.0 263.024109 330.589661 Small_Car 1
206.000015 330.000031 190.000015 338.000031 187.000015 332.000031 203.000015 324.000031 Small_Car 1
147.0 202.000015 131.672485 204.043686 131.0 199.000015 146.327515 196.956345 Small_Car 1
112.692299 373.538452 96.999992 384.0 92.999992 378.0 108.692299 367.538452 Small_Car 1
86.999992 704.0 80.959389 704.431519 79.959389 690.431519 85.999992 690.0 Small_Car 1
216.000015 583.0 209.200027 586.400024 202.000015 572.0 208.800003 568.599976 Small_Car 1
250.000046 495.0 239.000046 510.0 231.586746 504.563599 242.586746 489.563599 Small_Car 1
263.332184 472.377106 254.999985 487.999969 248.667816 484.622833 257.0 468.999969 Small_Car 1
311.0 578.0 291.0 581.0 289.951111 574.007324 309.951111 571.007324 Small_Car 1
307.16217 552.973022 289.0 556.0 287.83783 549.026978 306.0 546.0 Small_Car 1
306.0 535.999939 287.0 538.999939 285.872986 531.862122 304.872986 528.862122 Small_Car 1
264.0 413.999969 261.972961 426.16214 255.0 424.999969 257.027039 412.837799 Small_Car 1
386.362061 552.844849 372.0 559.0 368.637939 551.155151 383.0 545.0 Small_Car 1
466.178925 445.903687 453.000031 453.0 449.821136 447.096313 463.000031 440.0 Small_Car 1
575.000122 436.000031 569.231445 439.393341 559.231445 422.393341 565.000122 419.000031 Small_Car 1
564.999939 415.999939 557.999939 419.999939 547.784607 402.123047 554.784607 398.123047 Small_Car 1
751.402344 387.834259 734.0 394.999969 731.597656 389.16568 749.0 381.999969 Small_Car 1
745.344849 378.862061 730.0 385.0 727.655151 379.137939 743.0 373.0 Small_Car 1
312.696838 271.75116 298.0 277.0 296.303162 272.24884 311.0 267.0 Small_Car 1
460.531616 305.591095 447.531616 315.591095 444.0 311.000031 457.0 301.000031 Small_Car 1
473.461487 289.692291 460.999939 297.999969 456.999939 291.999969 469.461487 283.692291 Small_Car 1
588.5 194.5 583.5 199.5 574.0 190.0 579.0 185.0 Small_Car 1
691.164734 63.141209 687.000061 68.000038 672.835388 55.85886 677.000061 51.000031 Small_Car 1
716.164734 56.141178 712.000061 61.000004 697.835388 48.858829 702.000061 44.000004 Small_Car 1
818.0 142.0 810.0 142.0 810.0 126.0 818.0 126.0 Small_Car 1
880.035522 115.502518 879.035522 129.502518 872.0 128.999985 873.0 114.999985 Small_Car 1
879.439758 189.035049 863.439758 190.035049 863.000061 183.000015 879.000061 182.000015 Small_Car 1
878.999878 179.999985 862.899902 182.299973 861.899902 175.299973 877.999878 172.999985 Small_Car 1
877.999939 172.999969 860.825867 175.020447 859.999939 167.999969 877.174011 165.979492 Small_Car 1
874.999878 165.000015 860.859863 167.020004 859.999878 161.000015 874.139893 158.980026 Small_Car 1
874.000122 155.999969 859.000122 158.999969 857.577026 151.884583 872.577026 148.884583 Small_Car 1
787.973022 173.83783 775.973022 175.83783 775.0 170.0 787.0 168.0 Small_Car 1
792.934448 183.008713 777.934448 185.008713 777.0 177.999985 792.0 175.999985 Small_Car 1
801.102722 196.98381 782.000061 200.000015 780.8974 193.01622 800.000061 190.000015 Small_Car 1
803.22821 204.959732 786.000061 208.000015 784.771912 201.040298 802.000061 198.000015 Small_Car 1
729.0 284.0 723.264648 287.441162 714.0 272.0 719.735352 268.558838 Small_Car 1
923.000061 242.0 907.934509 244.008728 907.000061 237.0 922.065613 234.991272 Small_Car 1
996.0 879.0 979.886108 884.035645 978.0 878.0 994.113892 872.964355 Small_Car 1
894.0 934.0 889.051758 936.120728 883.0 922.0 887.948242 919.879272 Small_Car 1
623.0 1000.0 621.0 996.000061 635.400024 988.80011 639.0 996.000061 Small_Car 1
1000.0 670.999512 1000.0 679.5 994.000122 681.0 990.000122 665.0 Small_Car 1
747.482788 509.20694 732.482788 515.206909 730.0 509.000031 745.0 503.000061 Small_Car 1
753.000061 516.0 738.638 522.155151 736.000061 516.0 750.362122 509.844849 Small_Car 1
788.934204 579.501709 773.934204 587.501709 771.0 582.0 786.0 574.0 Small_Car 1
683.0 587.999939 669.0 595.999939 665.430786 589.753845 679.430786 581.753845 Small_Car 1
616.377197 673.332153 601.377197 681.332153 598.0 675.0 613.0 667.0 Small_Car 1
534.155762 712.916992 519.0 721.0 515.844238 715.083008 531.0 707.0 Small_Car 1
517.0 726.0 511.347015 730.44165 500.0 716.0 505.652985 711.55835 Small_Car 1
312.285095 821.986511 291.0 823.000061 290.714905 817.013611 312.0 816.000061 Small_Car 1
352.000031 965.000061 335.377472 966.039001 335.000031 960.000061 351.622589 958.961121 Small_Car 1
743.16626 675.178101 738.0 680.0 723.83374 664.821899 729.0 660.0 Small_Car 1
801.000061 702.000061 790.512268 710.39032 787.000061 706.000061 797.487854 697.609802 Small_Car 1
820.000122 656.000122 804.000122 669.000122 798.58606 662.336548 814.58606 649.336548 Small_Car 1
834.0 668.0 817.680054 680.23999 813.0 674.0 829.319946 661.76001 Small_Car 1
10.0 959.0 0.0 959.0 0.0 952.0 10.0 952.0 Small_Car 1
25.0 964.0 13.0 964.0 13.0 959.0 25.0 959.0 Small_Car 1
26.99127 938.934509 19.000002 940.000061 17.000002 925.000061 24.99127 923.934509 Small_Car 1
