96.603767 701.113159 75.603767 707.113159 72.999992 698.0 93.999992 692.0 Small_Car 1
115.455536 694.857727 99.000015 700.000061 96.544495 692.142395 113.000015 687.000061 Small_Car 1
143.900024 686.700012 131.000031 691.000061 128.000031 682.000061 140.900024 677.700012 Small_Car 1
150.058838 10.235294 143.0 12.0 140.0 0.0 147.500015 0.0 Small_Car 1
580.235413 16.941147 560.000061 21.999969 557.764709 13.058794 578.000061 7.999971 Small_Car 1
755.0 18.0 745.0 18.0 745.0 1.0 755.0 1.0 Small_Car 1
51.191437 279.939575 32.0 286.0 29.808563 279.060425 49.0 273.0 Small_Car 1
72.882362 512.529419 59.000008 516.0 57.000008 508.000031 70.882362 504.52948 Small_Car 1
185.360519 500.914215 164.000015 506.000031 161.639511 496.085846 183.000015 491.000031 Small_Car 1
788.000183 113.0 786.360779 131.032791 775.360779 130.032791 777.000183 112.0 Small_Car 1
728.909302 137.807388 720.0 142.000015 712.0 125.000015 720.909302 120.807388 Small_Car 1
657.778076 164.397552 648.0 168.0 641.0 149.0 650.778076 145.397552 Small_Car 1
697.0 149.000031 688.168945 152.434357 681.0 134.000031 689.831055 130.565704 Small_Car 1
647.037537 166.096512 637.000061 169.999985 629.962585 151.903458 640.000061 147.999985 Small_Car 1
613.0 174.000015 605.183594 177.419693 598.0 161.000015 605.816406 157.580338 Small_Car 1
604.000061 179.0 594.735046 182.242767 587.735046 162.242767 597.000061 159.0 Small_Car 1
616.654419 402.10083 592.654419 409.10083 590.0 400.0 614.0 393.0 Small_Car 1
651.0 344.999939 633.0 350.999939 630.300049 342.899963 648.300049 336.899963 Small_Car 1
649.0 334.999969 626.919678 343.029144 624.0 334.999969 646.080322 326.970795 Small_Car 1
643.000061 328.0 624.000061 335.0 620.721985 326.102417 639.721985 319.102417 Small_Car 1
629.0 293.0 609.856445 299.045349 607.0 290.0 626.143555 283.954651 Small_Car 1
633.0 224.999985 613.0 230.999985 610.357788 222.192642 630.357788 216.192642 Small_Car 1
634.0 233.000015 616.0 239.000015 613.599976 231.800003 631.599976 225.800003 Small_Car 1
645.000061 251.000015 626.000061 256.0 623.836853 247.7798 642.836853 242.779816 Small_Car 1
690.0 355.0 673.123291 361.328796 670.0 353.0 686.876709 346.671204 Small_Car 1
701.205444 380.547943 684.0 386.999969 681.0 378.999969 698.205444 372.547943 Small_Car 1
713.0 397.0 694.917847 403.780823 691.917847 395.780823 710.0 389.0 Small_Car 1
763.257935 370.928345 745.0 376.0 742.793701 368.057312 761.051636 362.985657 Small_Car 1
755.0 353.0 736.02002 358.272217 734.0 351.0 752.97998 345.727783 Small_Car 1
735.478638 310.848877 716.0 317.0 713.521362 309.151123 733.0 303.0 Small_Car 1
732.0 302.0 712.569214 308.136047 710.0 300.0 729.430786 293.863953 Small_Car 1
726.404419 294.17511 709.404419 299.17511 707.0 290.999939 724.0 285.999939 Small_Car 1
721.096558 275.962463 703.0 283.0 699.903442 275.037537 718.0 268.0 Small_Car 1
703.366943 242.889938 683.0 249.000015 680.633057 241.110092 701.0 235.000015 Small_Car 1
699.449585 234.165131 679.449585 240.165131 677.0 232.0 697.0 226.0 Small_Car 1
697.054138 223.984055 679.999939 228.999985 677.94574 222.015915 694.999939 216.999985 Small_Car 1
720.0 196.999985 701.0 203.999985 697.841431 195.426804 716.841431 188.426804 Small_Car 1
724.191345 205.93956 704.999939 212.000015 702.808533 205.060471 721.999939 199.000015 Small_Car 1
725.0 215.000031 707.529175 221.166199 705.0 214.000031 722.470825 207.833862 Small_Car 1
733.876709 231.671249 717.0 238.000015 714.0 230.000015 730.876709 223.671249 Small_Car 1
745.0 257.000031 727.899414 264.041473 725.0 257.000031 742.100586 249.958588 Small_Car 1
750.300049 265.899994 732.0 271.999969 729.699951 265.099945 748.0 258.999969 Small_Car 1
751.0 276.000061 732.699951 282.100037 730.0 274.000061 748.300049 267.900085 Small_Car 1
756.278076 284.897583 737.278076 291.897583 734.0 283.0 753.0 276.0 Small_Car 1
778.999939 327.000031 760.69989 333.100006 757.999939 325.000031 776.299988 318.900055 Small_Car 1
791.0 352.0 770.724731 358.082581 768.0 349.0 788.275269 342.917419 Small_Car 1
794.344666 362.909332 775.000061 368.000031 772.655457 359.090729 792.000061 354.000031 Small_Car 1
796.000122 371.000031 775.764771 376.058868 773.764771 368.058868 794.000122 363.000031 Small_Car 1
778.0 189.0 758.953613 196.017059 756.0 188.0 775.046387 180.982941 Small_Car 1
782.000122 196.000015 764.000122 202.000015 761.600098 194.800003 779.600098 188.800003 Small_Car 1
789.133667 204.953217 769.133667 211.953217 766.0 203.0 786.0 196.0 Small_Car 1
791.282043 213.226685 772.282043 219.226685 769.999939 212.0 788.999939 206.0 Small_Car 1
793.000061 223.000031 774.700012 229.100037 772.000061 221.000031 790.30011 214.900024 Small_Car 1
798.000061 231.999985 779.700012 238.099991 777.000061 229.999985 795.30011 223.899979 Small_Car 1
801.700012 240.099991 783.700012 246.099991 781.000061 237.999985 799.000061 231.999985 Small_Car 1
821.999939 284.0 803.277893 289.200562 800.999939 281.0 819.721985 275.799438 Small_Car 1
824.0 293.999939 804.856445 300.045288 802.0 290.999939 821.143555 284.95459 Small_Car 1
831.999939 310.0 813.277893 315.200562 810.999939 307.0 829.721985 301.799438 Small_Car 1
835.098511 318.974121 816.000122 324.0 813.901733 316.025879 833.000122 311.0 Small_Car 1
849.096558 343.962463 831.0 351.0 827.903442 343.037537 846.0 336.0 Small_Car 1
828.0 432.000031 819.248535 435.603607 812.0 418.000031 820.751465 414.396454 Small_Car 1
837.0 429.0 827.831055 432.565674 820.831055 414.565674 830.0 411.0 Small_Car 1
555.0 557.0 535.953613 564.01709 533.0 556.0 552.046387 548.98291 Small_Car 1
664.0 523.0 646.794556 529.452026 643.794556 521.452026 661.0 515.0 Small_Car 1
686.206299 516.942688 667.948364 522.014343 665.742065 514.071594 684.0 508.999939 Small_Car 1
762.449646 493.165192 742.449646 499.165192 740.000061 491.000031 760.000061 485.000031 Small_Car 1
824.0 473.000061 806.84314 479.05542 804.000122 471.000061 821.156982 464.944702 Small_Car 1
866.569214 460.135986 847.569214 466.135986 845.0 457.999939 864.0 451.999939 Small_Car 1
990.999878 116.000031 980.999878 120.000031 973.827515 102.069 983.827515 98.069 Small_Car 1
980.800171 120.59996 972.000122 124.999954 963.000122 106.999954 971.800171 102.59996 Small_Car 1
969.300293 123.772125 961.0 127.0 954.0 109.0 962.300293 105.772125 Small_Car 1
928.000122 135.000046 920.000122 139.000046 912.000122 123.000046 920.000122 119.000046 Small_Car 1
909.000122 143.000015 901.000122 147.000015 892.000122 129.000015 900.000122 125.000015 Small_Car 1
875.0 154.0 867.0 157.0 860.547974 139.794525 868.547974 136.794525 Small_Car 1
865.183594 154.419724 857.0 158.000046 849.816406 141.580368 858.0 138.000046 Small_Car 1
844.090698 161.192657 836.0 165.000031 827.909302 147.807404 836.0 144.000031 Small_Car 1
866.000061 210.000031 857.816467 213.580353 850.816467 197.580353 859.000061 194.000031 Small_Car 1
877.103516 208.25145 868.0 211.999985 860.896484 194.74852 870.0 190.999985 Small_Car 1
888.02301 206.05246 879.000061 210.0 871.793518 193.527863 880.816467 189.580322 Small_Car 1
899.183655 198.419724 891.000061 202.000046 884.000061 186.000046 892.183655 182.419724 Small_Car 1
909.205444 197.547913 900.0 200.999969 894.0 184.999969 903.205444 181.547913 Small_Car 1
919.000061 197.999985 910.000061 200.999985 903.900085 182.699997 912.900085 179.699997 Small_Car 1
928.999939 193.0 921.103455 196.251465 913.999939 179.0 921.896423 175.748535 Small_Car 1
941.0 190.000061 931.831055 193.565735 924.831055 175.565735 934.0 172.000061 Small_Car 1
992.0 172.0 982.075317 176.178833 974.075317 157.178833 984.0 153.0 Small_Car 1
888.325439 257.618195 880.0 261.999969 870.0 242.999969 878.325439 238.618195 Small_Car 1
898.889099 253.76712 890.000061 258.000031 880.000061 237.000031 888.889099 232.76712 Small_Car 1
918.0 244.999969 910.103516 248.251434 903.0 230.999969 910.896484 227.748505 Small_Car 1
929.0 244.000031 920.102417 247.278076 913.0 228.000031 921.897583 224.721985 Small_Car 1
939.248535 237.603546 931.0 241.0 924.0 224.0 932.248535 220.603546 Small_Car 1
961.0 233.000031 952.0 237.000031 943.628906 218.164978 952.628906 214.164978 Small_Car 1
992.0 224.000031 984.037476 227.096558 977.0 209.000031 984.962524 205.903503 Small_Car 1
898.0 281.999969 890.037476 285.096466 883.0 266.999969 890.962524 263.903473 Small_Car 1
950.000061 264.000031 941.055481 267.156952 935.000061 250.000031 943.944641 246.843109 Small_Car 1
981.0 253.0 972.248535 256.603546 965.0 239.0 973.751465 235.396454 Small_Car 1
993.102356 252.278015 982.119446 256.324371 974.999939 236.999969 985.982849 232.953613 Small_Car 1
1000.0 239.75 1000.0 244.941177 993.090698 248.192627 985.090698 231.192627 Small_Car 1
938.102417 316.278107 928.0 320.000031 921.0 301.000031 931.102417 297.278107 Small_Car 1
961.0 340.0 951.164917 344.371155 943.0 326.0 952.835083 321.628845 Small_Car 1
971.0 334.999969 961.0 338.999969 953.689697 320.724091 963.689697 316.724091 Small_Car 1
1000.0 318.500092 1000.0 327.199982 992.999939 330.0 985.689636 311.724121 Small_Car 1
951.76416 392.57547 942.76416 397.57547 933.0 379.999969 942.0 374.999969 Small_Car 1
989.183594 379.419708 981.0 383.000031 974.0 367.000031 982.183594 363.419708 Small_Car 1
998.000183 420.000122 995.000183 410.000122 1000.000061 408.500183 1003.000061 418.500183 Small_Car 1
347.0 897.000061 338.0 900.000061 333.0 885.000061 342.0 882.000061 Small_Car 1
358.053406 895.170837 349.0 898.000061 343.946594 881.829285 353.0 879.000061 Small_Car 1
371.778076 894.397583 362.0 898.0 355.0 879.0 364.778076 875.397583 Small_Car 1
429.60376 897.113159 408.60376 903.113159 406.0 894.0 427.0 888.0 Small_Car 1
433.000031 904.000061 413.000031 910.000061 410.550507 901.8349 430.550507 895.8349 Small_Car 1
731.708374 1001.000122 731.333374 1000.000122 734.0 999.000122 734.375 1000.000122 Small_Car 1
750.4823 1003.835144 747.0 996.000061 755.628906 992.164978 759.111206 1000.000061 Small_Car 1
817.000122 987.000061 796.000122 993.000061 794.000122 986.000061 815.000122 980.000061 Small_Car 1
817.344666 978.909363 798.000061 984.000061 795.655457 975.090759 815.000061 970.000061 Small_Car 1
814.206299 967.942688 796.0 972.999939 793.793701 965.05719 812.0 959.999939 Small_Car 1
803.0 951.0 787.0 956.0 784.455566 947.857666 800.455566 942.857666 Small_Car 1
789.0 916.0 772.886108 921.035645 771.0 915.0 787.113892 909.964355 Small_Car 1
929.0 1000.0 919.764709 1000.0 914.0 986.0 921.896484 982.748535 Small_Car 1
917.588257 1000.0 906.941223 1000.0 901.896545 987.748535 911.000061 984.0 Small_Car 1
905.600037 1000.0 894.0 1000.0 890.689697 991.724121 900.689697 987.724121 Small_Car 1
884.444397 1004.000122 881.072205 996.412598 890.072205 992.412598 893.444397 1000.000122 Small_Car 1
633.0 1000.0 627.000122 983.000183 635.944702 979.843201 642.05542 997.157043 Small_Car 1
695.0 978.999939 688.068481 982.150574 683.0 970.999939 689.931519 967.849304 Small_Car 1
726.400085 969.800171 718.400085 973.800171 710.000061 957.000122 718.000061 953.000122 Small_Car 1
632.0 977.000061 623.900024 979.700012 617.900024 961.700012 626.0 959.000061 Small_Car 1
665.0 967.000061 656.090698 971.192688 648.090698 954.192688 657.0 950.000061 Small_Car 1
683.969177 953.446106 676.969177 957.446106 670.999939 946.999939 677.999939 942.999939 Small_Car 1
703.0 901.000061 694.0 904.000061 688.0 886.000061 697.0 883.000061 Small_Car 1
615.05542 927.156982 607.0 930.0 600.94458 912.843018 609.0 910.0 Small_Car 1
354.280029 1003.434326 351.000061 995.000122 359.831177 991.565796 363.111145 1000.0 Small_Car 1
385.176483 1000.0 375.941223 1000.0 371.0 987.999939 378.896423 984.748474 Small_Car 1
397.999969 1000.0 387.928528 1000.0 384.0 989.000061 392.932129 985.809998 Small_Car 1
397.666656 1000.0 391.0 980.000061 400.0 977.000061 407.0 998.000061 Small_Car 1
271.045166 1002.544495 268.857666 995.544373 277.0 992.999939 279.1875 1000.000061 Small_Car 1
282.49826 1003.328735 279.12326 994.328735 287.999969 991.0 291.374969 1000.0 Small_Car 1
304.800018 1000.0 293.200012 1000.0 289.793091 991.482727 299.793091 987.482727 Small_Car 1
375.000031 982.000061 366.168915 985.434387 359.168915 967.434387 368.000031 964.000061 Small_Car 1
384.175171 978.595459 376.0 980.999878 371.0 963.999878 379.175171 961.595459 Small_Car 1
397.102203 973.219116 388.178864 977.383301 381.000031 962.000122 389.92337 957.835938 Small_Car 1
