666.178162 621.191772 661.000061 626.0 647.82196 611.808228 653.000061 607.0 Small_Car 1
137.0 30.0 130.063599 35.086708 119.0 20.0 125.936401 14.913292 Small_Car 1
226.0 142.000015 221.0 147.000015 212.0 138.000015 217.0 133.000015 Small_Car 1
393.000031 296.000031 387.000031 302.000031 375.000031 290.000031 381.000031 284.000031 Small_Car 1
914.999939 866.0 908.999939 871.0 896.704895 856.24585 902.704895 851.24585 Small_Car 1
63.999966 800.999939 57.999966 805.999939 47.999966 793.999939 53.999966 788.999939 Small_Car 1
74.000008 795.000122 68.000008 801.000122 57.000008 790.000122 63.000008 784.000122 Small_Car 1
268.12442 756.080444 263.000031 764.0 245.875641 752.919556 251.000031 745.0 Small_Car 1
389.230103 713.249146 383.000061 719.0 370.77002 705.750854 377.000061 700.0 Small_Car 1
83.800011 263.600037 77.000008 267.000031 69.000008 251.000015 75.800011 247.600006 Small_Car 1
105.0 261.0 96.0 261.0 96.0 245.0 105.0 245.0 Small_Car 1
98.49411 327.576477 91.49411 333.576477 79.0 319.0 86.0 313.0 Small_Car 1
108.999985 297.999969 102.999985 302.999969 92.999985 290.999969 98.999985 285.999969 Small_Car 1
128.084885 254.94165 112.0 266.0 107.915115 260.05835 124.0 249.0 Small_Car 1
132.692291 263.538422 119.999985 271.999969 115.999985 265.999969 128.692291 257.538422 Small_Car 1
187.307663 429.538452 168.999985 440.0 164.999985 433.0 183.307663 422.538452 Small_Car 1
156.35379 399.772583 142.0 409.0 137.64621 402.227417 152.0 393.0 Small_Car 1
149.0 393.0 130.757294 404.148315 127.0 398.0 145.242706 386.851685 Small_Car 1
132.0 611.0 127.961525 631.192261 121.999992 630.0 126.03846 609.807739 Small_Car 1
495.0 778.000061 489.0 784.000061 475.0 770.000061 481.0 764.000061 Small_Car 1
485.0 783.000061 479.5 788.500061 468.0 777.000061 473.5 771.500061 Small_Car 1
478.000031 788.0 473.000031 793.0 463.000031 783.0 468.000031 778.0 Small_Car 1
667.000061 693.0 652.692322 702.538452 648.692322 696.538452 663.000061 687.0 Small_Car 1
571.08667 805.93634 556.0 816.999939 550.91333 810.063538 566.0 798.999939 Small_Car 1
595.213745 817.230042 589.0 822.999939 575.786255 808.769836 582.0 802.999939 Small_Car 1
696.773804 816.75116 691.0 822.000061 681.0 811.000061 686.773804 805.75116 Small_Car 1
745.400146 1000.0 745.400146 993.887695 759.0 993.887695 759.0 1000.0 Small_Car 1
741.000061 981.000122 725.000061 991.000122 720.000061 983.000122 736.000061 973.000122 Small_Car 1
736.0 972.000061 719.101074 982.561829 715.0 976.000061 731.898926 965.438293 Small_Car 1
874.777832 1000.0 874.777832 995.0 885.46167 995.0 885.46167 1000.0 Small_Car 1
769.000061 931.000061 751.668396 942.214661 747.000061 935.000061 764.331726 923.785461 Small_Car 1
283.212463 978.81427 275.000061 986.000061 270.787659 981.185852 279.000061 974.000061 Small_Car 1
294.0 984.0 281.840027 993.119995 278.0 988.0 290.159973 978.880005 Small_Car 1
319.054413 963.955505 307.999969 973.000061 303.945526 968.044617 314.999969 959.000061 Small_Car 1
333.999969 974.0 318.999969 984.0 315.461517 978.692261 330.461517 968.692261 Small_Car 1
311.0 981.0 298.840027 990.119995 295.0 985.0 307.159973 975.880005 Small_Car 1
892.285706 1000.0 882.000061 988.000061 889.000061 982.000061 901.000061 996.000061 Small_Car 1
924.000122 980.000122 918.000122 986.000122 906.500122 974.500122 912.500122 968.500122 Small_Car 1
160.271637 816.750916 147.999939 827.999939 142.728241 822.248962 154.999939 810.999939 Small_Car 1
153.590164 811.508057 140.999985 821.999878 136.409836 816.491699 149.000015 805.999878 Small_Car 1
140.500046 797.500122 128.000046 810.000122 122.500046 804.500122 135.000046 792.000122 Small_Car 1
167.999985 777.999939 163.310318 783.275818 153.999985 774.999939 158.689651 769.72406 Small_Car 1
162.306854 784.284912 157.0 790.0 142.693146 776.715088 148.0 771.0 Small_Car 1
974.000122 843.0 968.000122 849.0 955.000122 836.0 961.000122 830.0 Small_Car 1
533.876709 326.671234 525.0 330.000031 519.0 314.000031 527.876709 310.671234 Small_Car 1
523.300049 329.899994 514.300049 332.899994 509.0 316.999969 518.0 313.999969 Small_Car 1
514.142395 332.455536 506.000061 335.000031 501.000061 319.000031 509.142395 316.455536 Small_Car 1
506.286591 335.974518 495.999969 338.999969 490.713348 321.025421 500.999969 317.999969 Small_Car 1
496.103577 337.251465 487.0 341.0 480.0 324.0 489.103577 320.251465 Small_Car 1
483.0 334.0 476.508179 339.409851 466.508179 327.409851 473.0 322.0 Small_Car 1
870.138794 671.176575 864.0 675.999939 852.861206 661.823303 859.0 656.999939 Small_Car 1
910.230042 649.249146 904.000061 655.0 891.770081 641.750854 898.000061 636.0 Small_Car 1
917.520569 645.662476 912.000061 650.0 900.479553 635.337524 906.000061 631.0 Small_Car 1
925.491699 638.590088 918.901489 644.081909 907.999878 631.0 914.590088 625.508179 Small_Car 1
818.0 562.000061 813.5 566.500061 804.0 557.000061 808.5 552.500061 Small_Car 1
962.000122 482.000061 956.072144 486.104065 947.000122 473.000061 952.928101 468.896057 Small_Car 1
944.999878 490.999878 937.233276 496.339417 926.233276 480.339417 933.999878 474.999878 Small_Car 1
927.0 311.0 919.0 311.0 919.0 296.0 927.0 296.0 Small_Car 1
905.0 313.0 897.0 313.0 897.0 298.0 905.0 298.0 Small_Car 1
917.0 312.0 908.0 312.0 908.0 295.0 917.0 295.0 Small_Car 1
937.126831 451.954742 923.000122 456.999969 920.873413 451.045197 935.000122 445.999969 Small_Car 1
1000.0 222.75 985.000061 219.000015 987.000061 211.000015 1000.0 214.25 Small_Car 1
625.102234 220.219009 617.000061 224.000046 609.897888 208.781082 618.000061 205.000046 Small_Car 1
667.0 214.000031 658.099609 216.373474 654.0 201.000031 662.900391 198.626587 Small_Car 1
679.999939 209.000031 672.33783 214.472992 661.527039 199.33786 669.189148 193.864899 Small_Car 1
553.000061 238.000015 533.000061 241.000015 531.951111 234.007339 551.951111 231.007339 Small_Car 1
654.067505 294.193878 646.0 296.999969 637.932495 273.806061 646.0 270.999969 Small_Car 1
411.000031 114.000015 410.648407 121.03244 390.000031 120.000015 390.351654 112.96759 Small_Car 1
631.52948 450.117706 611.52948 455.117706 610.000061 449.000031 630.000061 444.000031 Small_Car 1
445.307617 964.461548 436.999939 970.0 426.692261 954.538452 434.999939 949.0 Small_Car 1
915.999878 694.999939 909.999878 699.999939 899.999878 687.999939 905.999878 682.999939 Small_Car 1
