1000.0 383.999969 982.037781 378.86792 984.037781 371.86792 1000.0 376.428558 Small_Car 1
687.30011 299.100006 684.30011 308.100006 666.000061 302.000031 669.000061 293.000031 Small_Car 1
887.000122 263.999969 872.429932 269.203583 869.556641 261.158356 884.126831 255.954742 Small_Car 1
895.000122 238.0 876.000122 243.0 873.59082 233.844574 892.59082 228.844574 Small_Car 1
763.0 246.0 756.939575 265.191437 750.0 263.0 756.060425 243.808563 Small_Car 1
608.576355 45.905869 606.999939 52.999985 588.999939 48.999985 590.576355 41.905869 Small_Car 1
604.0 55.0 601.328735 62.123291 585.0 56.0 587.671265 48.876709 Small_Car 1
205.0 549.000061 199.946625 565.170837 193.0 563.000061 198.053375 546.829285 Small_Car 1
340.000031 580.0 337.610626 589.159302 314.610626 583.159302 317.000031 574.0 Small_Car 1
437.09964 683.626587 433.000031 699.0 426.900421 697.373413 431.000031 682.0 Small_Car 1
297.000031 757.0 295.1539 766.230713 279.000031 763.0 280.846161 753.769287 Small_Car 1
339.000031 765.000061 336.560211 774.149475 321.560211 770.149475 324.000031 761.000061 Small_Car 1
273.0 828.0 271.216553 834.063721 254.0 829.0 255.783447 822.936279 Small_Car 1
324.400055 819.800232 318.000031 823.000183 311.000031 809.000183 317.400055 805.800232 Small_Car 1
665.247742 378.174347 662.247742 388.174347 645.000061 383.000031 648.000061 373.000031 Small_Car 1
660.104675 392.036987 658.000061 398.000061 640.895447 391.963135 643.000061 386.000061 Small_Car 1
655.126709 398.045258 653.0 404.000031 638.873291 398.954803 641.0 393.000031 Small_Car 1
653.396484 405.751465 650.0 414.0 633.0 407.0 636.396484 398.751465 Small_Car 1
649.0 414.000061 646.156982 422.05542 629.000122 416.000061 631.84314 407.944702 Small_Car 1
647.705994 424.176514 646.000061 431.000061 629.294128 426.823608 631.000061 420.000061 Small_Car 1
471.054138 415.01593 469.0 422.0 451.945862 416.98407 454.0 410.0 Small_Car 1
469.0 424.000031 467.334412 431.078705 450.0 427.000031 451.665588 419.921356 Small_Car 1
545.999939 442.000061 540.999939 457.000061 533.799988 454.600037 538.799988 439.600037 Small_Car 1
616.0 458.000031 609.794556 474.548004 603.0 472.000031 609.205444 455.452057 Small_Car 1
582.411926 685.669617 576.999939 689.000061 568.999939 676.000061 574.411926 672.669617 Small_Car 1
938.100037 990.700073 935.000061 1000.0 926.000122 1000.0 930.000061 988.000122 Small_Car 1
998.719055 828.449463 990.719055 823.449463 1000.000061 808.599976 1008.000061 813.599976 Small_Car 1
45.999989 565.0 41.924519 579.26416 34.924519 577.26416 38.999989 563.0 Small_Car 1
342.0 357.000031 338.400024 364.200043 322.400024 356.200043 326.0 349.000031 Small_Car 1
444.0 662.000061 440.972961 680.16217 434.972961 679.16217 438.0 661.000061 Small_Car 1
547.026245 885.888611 543.0 903.000061 534.973755 901.111511 539.0 884.000061 Small_Car 1
