952.999939 979.999878 951.601135 989.092407 925.601135 985.092407 926.999939 975.999878 Small_Car 1
988.999939 133.0 987.249084 141.054138 964.249084 136.054138 965.999939 128.0 Small_Car 1
1000.0 28.681828 996.956787 27.990204 999.0 19.000027 1002.043213 19.69165 Small_Car 1
268.0 956.0 258.73291 972.474731 249.0 967.0 258.26709 950.525269 Small_Car 1
271.310699 871.245605 264.310699 888.245605 254.000031 884.0 261.000031 867.0 Small_Car 1
151.800003 922.400146 142.800003 940.400146 132.000015 935.000122 141.000015 917.000122 Small_Car 1
157.000031 853.000061 145.865814 868.906067 135.865814 861.906067 147.000031 846.000061 Small_Car 1
131.000031 845.999939 123.000031 862.999939 113.705414 858.626038 121.705414 841.626038 Small_Car 1
92.000008 884.000061 80.13784 885.872986 77.13784 866.872986 89.000008 865.000061 Small_Car 1
58.0 877.0 46.0 877.0 46.0 858.0 58.0 858.0 Small_Car 1
33.0 865.999939 24.006826 867.057922 22.000002 849.999939 30.993174 848.941956 Small_Car 1
40.999969 810.000061 28.999969 826.000061 20.999969 820.000061 32.999969 804.000061 Small_Car 1
187.000015 633.0 180.753433 649.657593 171.000015 646.0 177.246597 629.342407 Small_Car 1
210.068985 502.827576 204.000015 518.0 191.931046 513.172424 198.000015 498.0 Small_Car 1
178.000015 495.000061 171.000015 511.000061 159.931168 506.15741 166.931168 490.15741 Small_Car 1
133.321152 485.11676 126.080276 505.029175 114.759109 500.912415 121.999985 481.0 Small_Car 1
122.000008 342.0 120.324333 352.054077 96.000008 348.0 97.675682 337.945923 Small_Car 1
135.073029 294.016815 133.0 302.999969 106.926964 296.983124 108.999985 287.999969 Small_Car 1
75.043228 292.009857 73.0 301.000031 50.956783 295.990204 53.000008 287.000031 Small_Car 1
82.0 268.000031 80.528 276.096039 58.528 272.096039 60.0 264.000031 Small_Car 1
