18.5 163.5 15.0 167.0 6.500001 158.5 10.000002 155.0 Small_Car 1
503.000031 185.0 502.123077 192.015381 478.000031 189.0 478.876984 181.984619 Small_Car 1
206.74118 556.635254 203.0 561.0 189.0 549.0 192.74118 544.635254 Small_Car 1
784.142883 1000.0 780.871582 998.238525 788.0 985.0 793.128418 987.761475 Small_Car 1
732.042664 889.005615 730.999939 897.0 707.957214 893.994385 708.999939 886.0 Small_Car 1
561.000061 846.0 554.107727 846.861572 552.107727 830.861572 559.000061 830.0 Small_Car 1
834.360229 827.831726 833.000122 833.000061 814.000122 828.000061 815.360229 822.831726 Small_Car 1
754.026245 834.888611 750.0 852.000061 741.973755 850.111511 746.0 833.000061 Small_Car 1
755.000061 785.0 745.972839 785.564209 744.972839 769.564209 754.000061 769.0 Small_Car 1
745.0 785.000122 736.015381 786.123169 734.0 770.000122 742.984619 768.877075 Small_Car 1
