82.272171 655.987671 60.000004 657.0 59.727833 651.012329 82.0 650.0 Small_Car 1
209.000015 638.0 203.000015 654.0 194.123306 650.671265 200.123306 634.671265 Small_Car 1
305.0 705.0 302.979492 722.174072 293.0 721.0 295.020508 703.825928 Small_Car 1
294.0 774.0 288.857666 790.455566 281.0 788.0 286.142334 771.544434 Small_Car 1
269.000031 859.0 267.000031 877.0 258.987823 876.109741 260.987823 858.109741 Small_Car 1
249.0 955.0 244.952942 973.211792 235.0 971.0 239.047058 952.788208 Small_Car 1
587.19989 745.600037 579.19989 761.600037 571.999939 758.000061 579.999939 742.000061 Small_Car 1
455.0 577.000122 449.0 595.000122 439.099976 591.700073 445.099976 573.700073 Small_Car 1
746.100708 416.429565 743.100708 433.429565 735.0 432.000061 738.0 415.000061 Small_Car 1
900.0 367.0 899.0 372.0 879.0 368.0 880.0 363.0 Small_Car 1
905.441711 356.346985 901.000061 362.0 886.558411 350.653015 891.000061 345.0 Small_Car 1
482.0159 485.945862 476.999969 503.0 466.984039 500.054138 471.999969 483.0 Small_Car 1
242.0 225.999985 241.0 232.999985 221.959991 230.279984 222.959991 223.279984 Small_Car 1
248.000015 217.0 247.044632 224.006073 225.000015 221.0 225.955399 213.993927 Small_Car 1
623.0 22.999996 613.035645 26.113876 608.035645 10.113875 618.0 6.999996 Small_Car 1
680.999939 14.000006 671.108093 15.648655 668.499939 -1e-06 678.666565 0.0 Small_Car 1
313.999969 87.000015 306.246124 91.430786 296.892303 75.061554 304.646149 70.630783 Small_Car 1
805.0 192.0 793.919556 209.12439 786.0 204.0 797.080444 186.87561 Small_Car 1
