757.0 964.000061 749.487793 973.39032 743.878052 968.902527 751.390259 959.512268 Small_Car 1
765.999939 963.0 755.999939 978.0 749.538391 973.692261 759.538391 958.692261 Small_Car 1
803.0 899.0 782.615356 903.076904 781.0 895.0 801.384644 890.923096 Small_Car 1
96.000023 600.000061 87.000023 611.000061 81.554482 606.544617 90.554482 595.544617 Small_Car 1
29.99999 675.0 25.99999 689.0 17.811312 686.6604 21.811312 672.6604 Small_Car 1
233.999985 831.999939 215.999985 843.999939 211.692307 837.538391 229.692307 825.538391 Small_Car 1
238.0 840.000061 221.820221 850.112366 218.0 844.000061 234.179779 833.887756 Small_Car 1
241.999969 846.999878 229.307648 855.461426 225.307648 849.461426 237.999969 840.999878 Small_Car 1
318.033234 817.124573 310.066437 819.249084 306.000031 804.000183 313.966827 801.875671 Small_Car 1
454.0 870.0 446.0 870.0 446.0 855.0 454.0 855.0 Small_Car 1
492.0 839.000122 483.876953 840.015503 481.876953 824.015503 490.0 823.000122 Small_Car 1
432.0 810.000061 417.0 811.000061 416.530945 803.964661 431.530945 802.964661 Small_Car 1
350.039612 794.396057 344.0 795.000061 342.960388 784.604065 349.0 784.000061 Small_Car 1
390.000061 743.0 372.000061 746.0 370.810852 738.864868 388.810852 735.864868 Small_Car 1
406.0 773.0 389.0 775.0 388.2901 768.96582 405.2901 766.96582 Small_Car 1
424.360413 769.045715 410.360413 770.045715 410.0 765.000061 424.0 764.000061 Small_Car 1
442.458801 765.964661 429.0 766.999939 428.541199 761.035217 442.0 759.999939 Small_Car 1
510.999969 752.0 493.593842 754.047729 492.999969 749.0 510.406097 746.952271 Small_Car 1
531.265137 749.038635 512.265137 750.038635 512.0 744.999939 531.0 743.999939 Small_Car 1
571.000061 741.999939 551.000061 743.999939 550.396057 737.960388 570.396057 735.960388 Small_Car 1
646.000061 816.000061 638.033264 818.124573 634.000061 803.000061 641.966858 800.875549 Small_Car 1
697.130798 831.741638 689.999939 833.000061 686.86908 815.258484 693.999939 814.000061 Small_Car 1
719.235413 818.941284 711.235413 820.941284 707.000061 804.000122 715.000061 802.000122 Small_Car 1
739.000061 815.000183 731.941223 816.764832 727.941223 800.764832 735.000061 799.000183 Small_Car 1
765.999939 813.0 758.075378 815.26416 753.999939 801.0 761.9245 798.73584 Small_Car 1
659.0 713.0 639.63562 715.03833 639.0 709.0 658.36438 706.96167 Small_Car 1
825.0 634.000061 818.043213 636.140564 814.0 623.000061 820.956787 620.859558 Small_Car 1
836.119995 623.839905 828.0 624.999939 825.579956 608.059998 833.699951 606.899963 Small_Car 1
849.084167 617.365112 841.999939 619.0 838.91571 605.634888 845.999939 604.0 Small_Car 1
863.000061 615.000061 857.000061 617.000061 853.000061 605.000061 859.000061 603.000061 Small_Car 1
895.008728 624.065552 887.017517 625.131104 885.000061 610.000122 892.991272 608.93457 Small_Car 1
943.999939 600.999939 936.019958 602.139954 933.999939 587.999939 941.979919 586.859924 Small_Car 1
969.419983 627.939941 961.299988 629.099976 958.879944 612.160034 966.999939 611.0 Small_Car 1
983.026245 596.111389 975.0 597.999939 970.973755 580.888489 979.0 578.999939 Small_Car 1
993.107788 593.861633 984.000122 595.000061 982.000122 579.000061 991.107788 577.861633 Small_Car 1
1000.0 593.166565 996.999878 593.999939 991.999878 575.999939 1000.0 573.777649 Small_Car 1
949.999939 671.999939 928.019958 675.139954 926.999939 667.999939 948.979919 664.859924 Small_Car 1
985.195557 665.970703 965.195557 668.970703 964.0 661.0 984.0 658.0 Small_Car 1
996.0 735.999939 996.0 718.058777 1000.0 718.058777 1000.0 735.999939 Small_Car 1
620.0 577.0 601.780518 579.024414 601.0 572.0 619.219482 569.975586 Small_Car 1
647.802063 573.019836 627.802063 575.019836 627.000061 567.000061 647.000061 565.000061 Small_Car 1
598.12439 558.919495 581.0 569.999939 575.87561 562.080383 593.0 550.999939 Small_Car 1
614.0 546.0 598.878052 558.097534 594.0 552.0 609.121948 539.902466 Small_Car 1
655.03949 519.977173 636.000061 531.0 631.960632 524.022827 651.000061 513.0 Small_Car 1
692.000061 493.0 677.000061 503.0 673.000061 497.0 688.000061 487.0 Small_Car 1
780.0 538.0 760.948608 541.008057 760.0 535.0 779.051392 531.991943 Small_Car 1
838.999939 515.0 832.015808 517.054199 826.999939 500.0 833.98407 497.945801 Small_Car 1
977.000061 384.000031 962.000061 387.000031 960.615417 380.076935 975.615417 377.076935 Small_Car 1
957.012207 828.109741 949.0 829.0 946.987793 810.890259 955.0 810.0 Small_Car 1
935.999939 827.999878 928.999939 828.999878 926.999939 814.999878 933.999939 813.999878 Small_Car 1
927.000061 830.000122 919.000061 831.000122 916.861633 813.892456 924.861633 812.892456 Small_Car 1
918.047119 832.211731 910.0 833.999939 905.952881 815.788147 914.0 813.999939 Small_Car 1
1000.000061 416.000092 998.987854 406.890289 1000.000061 406.777802 1001.012268 415.887604 Small_Car 1
1000.0 404.222198 995.969238 404.446136 994.969238 386.446136 1000.0 386.166626 Small_Car 1
948.390259 315.487762 934.0 326.999969 929.512207 321.390228 943.902466 309.878021 Small_Car 1
1000.000061 321.285706 996.000061 321.0 997.000061 307.0 1001.000061 307.285706 Small_Car 1
1000.0 300.333313 996.0 295.000061 1000.0 292.000061 1004.0 297.333313 Small_Car 1
1000.0 281.642975 1000.0 281.642975 1000.0 281.642975 1000.0 281.642975 Small_Car 1
