996.0 82.0 975.0 82.0 975.0 76.0 996.0 76.0 Small_Car 1
934.0 131.0 926.0 131.0 926.0 117.0 934.0 117.0 Small_Car 1
734.0 79.0 715.0 79.0 715.0 72.0 734.0 72.0 Small_Car 1
643.0 78.999992 623.370117 80.033134 623.0 72.999992 642.629883 71.96685 Small_Car 1
605.0 54.0 584.0 54.0 584.0 49.0 605.0 49.0 Small_Car 1
494.0 53.0 470.0 54.0 469.707092 46.970535 493.707092 45.970535 Small_Car 1
461.334869 46.968323 461.000031 54.0 440.000031 53.0 440.334869 45.968323 Small_Car 1
406.0 54.0 384.0 54.0 384.0 48.0 406.0 48.0 Small_Car 1
227.0 54.0 201.0 54.0 201.0 47.0 227.0 47.0 Small_Car 1
753.0 411.0 730.0 411.0 730.0 403.0 753.0 403.0 Small_Car 1
739.0 435.0 719.0 435.0 719.0 429.0 739.0 429.0 Small_Car 1
651.0 423.0 630.0 423.0 630.0 415.0 651.0 415.0 Small_Car 1
587.0 397.0 568.0 397.0 568.0 390.0 587.0 390.0 Small_Car 1
508.0 434.0 489.0 434.0 489.0 426.0 508.0 426.0 Small_Car 1
212.0 431.0 191.0 431.0 191.0 424.0 212.0 424.0 Small_Car 1
105.0 395.0 82.0 395.0 82.0 387.0 105.0 387.0 Small_Car 1
141.0 298.0 134.0 298.0 134.0 284.0 141.0 284.0 Small_Car 1
239.0 264.0 233.0 264.0 233.0 253.0 239.0 253.0 Small_Car 1
417.0 141.0 409.0 141.0 409.0 123.0 417.0 123.0 Small_Car 1
521.0 265.0 511.0 265.0 511.0 246.0 521.0 246.0 Small_Car 1
536.999939 196.999985 535.969177 215.553818 525.999939 214.999985 527.030701 196.446152 Small_Car 1
670.0 222.0 645.0 222.0 645.0 215.0 670.0 215.0 Small_Car 1
868.0 185.0 850.0 185.0 850.0 177.0 868.0 177.0 Small_Car 1
809.0 315.0 799.0 315.0 799.0 298.0 809.0 298.0 Small_Car 1
821.030884 260.246155 815.000122 261.0 812.96936 244.75386 819.000122 244.000031 Small_Car 1
833.0 334.0 825.0 334.0 825.0 317.0 833.0 317.0 Small_Car 1
858.0 315.0 849.0 315.0 849.0 296.0 858.0 296.0 Small_Car 1
884.0 335.0 874.0 335.0 874.0 318.0 884.0 318.0 Small_Car 1
146.000015 534.0 142.335587 539.234863 132.000015 532.0 135.664444 526.765137 Small_Car 1
49.999996 643.999939 49.443073 654.024597 31.443073 653.024597 31.999996 642.999939 Small_Car 1
134.0 664.0 116.0 664.0 116.0 656.0 134.0 656.0 Small_Car 1
155.0 699.0 149.0 699.0 149.0 687.0 155.0 687.0 Small_Car 1
254.0 713.0 248.0 713.0 248.0 703.0 254.0 703.0 Small_Car 1
382.0 742.0 372.0 742.0 372.0 725.0 382.0 725.0 Small_Car 1
429.108032 838.351379 425.999939 857.000061 417.891846 855.648743 420.999939 837.000061 Small_Car 1
54.012199 948.890259 52.000008 967.0 43.987816 966.109741 46.000008 948.0 Small_Car 1
554.027649 456.475159 553.000061 476.0 543.972473 475.524841 545.000061 456.0 Small_Car 1
518.0 454.0 500.0 454.0 500.0 447.0 518.0 447.0 Small_Car 1
519.0 465.0 500.0 465.0 500.0 459.0 519.0 459.0 Small_Car 1
520.0 486.0 500.0 486.0 500.0 479.0 520.0 479.0 Small_Car 1
613.0 479.0 603.0 479.0 603.0 459.0 613.0 459.0 Small_Car 1
599.0 569.0 590.0 569.0 590.0 551.0 599.0 551.0 Small_Car 1
795.0 494.0 776.0 494.0 776.0 485.0 795.0 485.0 Small_Car 1
859.000122 517.0 855.000122 533.0 845.823608 530.705933 849.823608 514.705933 Small_Car 1
877.0 569.0 876.0 583.0 868.964478 582.497437 869.964478 568.497437 Small_Car 1
846.0 620.0 837.0 620.0 837.0 603.0 846.0 603.0 Small_Car 1
711.0 582.0 702.0 582.0 702.0 564.0 711.0 564.0 Small_Car 1
821.604004 709.960449 821.0 716.0 801.0 714.0 801.604004 707.960449 Small_Car 1
654.0 853.0 643.0 853.0 643.0 836.0 654.0 836.0 Small_Car 1
936.0 817.0 927.031006 817.527588 926.0 800.0 934.968994 799.472412 Small_Car 1
817.0 922.0 808.0 922.0 808.0 906.0 817.0 906.0 Small_Car 1
755.0 921.0 746.0 921.0 746.0 906.0 755.0 906.0 Small_Car 1
644.0 988.0 635.0 988.0 635.0 976.0 644.0 976.0 Small_Car 1
629.999939 987.999939 622.999939 988.999939 621.279968 976.9599 628.279968 975.9599 Small_Car 1
