960.588379 629.352966 946.588379 641.352966 942.000122 636.000061 956.000122 624.000061 Small_Car 1
975.240112 427.320099 969.000122 432.000092 956.760132 415.680084 963.000122 411.000092 Small_Car 1
865.0 472.0 857.095581 474.324829 852.0 457.0 859.904419 454.675171 Small_Car 1
663.551758 453.620605 659.0 458.999939 646.0 447.999939 650.551758 442.620605 Small_Car 1
680.0448 465.037842 675.0 470.999939 662.0 459.999939 667.0448 454.037842 Small_Car 1
667.712158 541.599365 651.0 551.0 647.287842 544.400635 664.0 535.0 Small_Car 1
676.213745 546.769897 663.0 561.0 656.786255 555.230103 670.0 541.0 Small_Car 1
846.000061 675.000061 827.716858 686.173035 822.797791 678.123596 841.080994 666.950623 Small_Car 1
893.999939 669.0 876.812805 685.176147 870.999939 679.0 888.187073 662.823853 Small_Car 1
836.260376 501.011322 836.0 507.000031 812.739624 505.988739 813.0 500.000031 Small_Car 1
245.0 962.0 232.0 962.0 232.0 957.0 245.0 957.0 Small_Car 1
33.70916 1002.072998 32.999992 998.999878 41.983147 996.92688 42.692314 1000.0 Small_Car 1
248.0 616.0 227.0 616.0 227.0 609.0 248.0 609.0 Small_Car 1
