114.371185 199.283844 110.0 205.0 93.0 192.0 97.371185 186.283844 Small_Car 1
83.414108 226.336472 77.999985 233.000015 61.999989 220.000015 67.414108 213.336472 Small_Car 1
42.000031 494.999969 31.000031 506.999969 25.792482 502.22641 36.79248 490.22641 Small_Car 1
48.999973 501.000031 36.999973 513.0 31.999973 508.000031 43.999973 496.000061 Small_Car 1
27.000015 510.000061 15.000015 522.000061 10.000015 517.000061 22.000015 505.000061 Small_Car 1
20.731615 503.29071 8.731615 516.29071 2.999984 511.0 14.999985 498.0 Small_Car 1
55.000011 508.0 45.000011 518.0 40.000011 513.0 50.000011 503.0 Small_Car 1
114.0 618.0 109.0 622.0 97.390244 607.487793 102.390244 603.487793 Small_Car 1
99.000015 623.000122 93.60675 626.37085 83.60675 610.37085 89.000015 607.000122 Small_Car 1
50.500034 578.500061 39.000034 590.000061 35.000034 586.000061 46.500034 574.500061 Small_Car 1
37.019997 702.139954 30.019993 703.139954 27.999994 688.999939 34.999996 687.999939 Small_Car 1
27.999998 703.999939 20.999998 704.999939 18.999998 690.999939 25.999998 689.999939 Small_Car 1
19.0 708.000061 11.000001 709.000061 9.000001 693.000061 17.0 692.000061 Small_Car 1
10.024383 715.219543 2.999992 716.000061 0.975601 697.780579 7.999992 697.000061 Small_Car 1
300.400024 806.800171 294.0 810.000122 286.0 794.000122 292.400024 790.800171 Small_Car 1
249.0 736.0 231.96228 740.86792 229.96228 733.86792 247.0 729.0 Small_Car 1
319.0 681.000061 312.113342 684.240906 304.0 667.000061 310.886658 663.759216 Small_Car 1
308.200043 681.400024 301.000031 685.0 293.000031 669.0 300.200043 665.400024 Small_Car 1
457.124756 780.943848 437.0 790.0 433.875244 783.056152 454.0 774.0 Small_Car 1
512.999939 742.0 497.999939 748.0 495.999939 743.0 510.999939 737.0 Small_Car 1
501.548004 712.794556 485.000031 719.0 482.452057 712.205444 499.000031 706.0 Small_Car 1
497.400024 706.200012 479.400024 712.200012 477.0 705.000061 495.0 699.000061 Small_Car 1
492.104614 697.963074 475.0 703.999939 472.895386 698.036804 490.0 691.999939 Small_Car 1
560.219238 723.917847 544.0 730.0 541.780762 724.082153 558.0 718.0 Small_Car 1
555.0 708.0 539.482788 714.206909 537.0 708.0 552.517212 701.793091 Small_Car 1
550.0 702.000061 532.899414 709.041443 530.0 702.000061 547.100586 694.958679 Small_Car 1
542.0 687.0 525.0 694.0 522.452637 687.813599 539.452637 680.813599 Small_Car 1
536.054138 674.98407 518.999939 679.999939 516.94574 673.015808 533.999939 667.999939 Small_Car 1
584.547363 715.186462 567.547363 722.186462 565.0 716.000061 582.0 709.000061 Small_Car 1
578.000122 709.000061 562.000122 716.000061 559.314819 709.862366 575.314819 702.862366 Small_Car 1
568.0 688.0 548.904297 694.030273 547.0 688.0 566.095703 681.969727 Small_Car 1
566.0 680.0 547.099976 686.300049 545.0 680.0 563.900024 673.699951 Small_Car 1
558.219299 665.917847 542.000061 672.0 539.780823 666.082153 556.000061 660.0 Small_Car 1
498.800018 790.600037 492.000031 794.000061 485.000031 780.000061 491.800018 776.600037 Small_Car 1
483.000031 801.0 475.728058 804.422119 467.728058 787.422119 475.000031 784.0 Small_Car 1
515.200073 783.400146 508.000061 787.000122 501.000061 773.000122 508.200073 769.400146 Small_Car 1
526.400085 784.800171 520.000061 788.000122 512.000061 772.000122 518.400085 768.800171 Small_Car 1
549.600037 771.200012 543.600037 774.200012 536.000061 759.000061 542.000061 756.000061 Small_Car 1
585.199951 760.400085 578.0 764.000061 570.800049 749.600037 578.0 746.000061 Small_Car 1
602.076782 755.164246 596.000122 758.000061 588.923462 742.835876 595.000122 740.000061 Small_Car 1
619.246155 745.430908 613.000061 749.000122 604.753967 734.569336 611.000061 731.000122 Small_Car 1
609.000061 749.0 603.096375 752.178955 596.000061 739.0 601.903748 735.821045 Small_Car 1
278.000031 426.000061 273.500031 430.500061 260.500031 417.500061 265.000031 413.000061 Small_Car 1
479.292633 257.634155 471.999969 261.0 465.707306 247.365845 472.999969 244.0 Small_Car 1
469.501404 241.940536 463.0 245.000015 455.0 228.000015 461.501404 224.940536 Small_Car 1
477.17749 234.426041 471.0 237.000015 466.0 225.000015 472.17749 222.426041 Small_Car 1
771.0 375.999969 752.0 382.999969 749.370728 375.863373 768.370728 368.863373 Small_Car 1
