370.303772 388.013184 370.0 395.0 346.696228 393.986816 347.0 387.0 Small_Car 1
460.262268 441.032104 437.262268 442.032104 437.0 436.0 460.0 435.0 Small_Car 1
621.0 424.0 601.0 424.0 601.0 417.0 621.0 417.0 Small_Car 1
713.046143 427.630859 712.046143 435.630859 691.0 433.000061 692.0 425.000061 Small_Car 1
777.0 825.0 768.0 825.0 768.0 807.0 777.0 807.0 Small_Car 1
856.0 353.000031 846.97229 353.501556 845.97229 335.501556 855.0 335.000031 Small_Car 1
840.0 267.0 831.0 267.0 831.0 250.0 840.0 250.0 Small_Car 1
853.000061 87.000023 844.058899 89.235313 840.000061 73.000023 848.941223 70.764732 Small_Car 1
490.0 347.0 463.0 347.0 463.0 340.0 490.0 340.0 Small_Car 1
847.0 1000.0 837.0 1000.0 837.0 987.0 847.0 987.0 Small_Car 1
541.000061 705.0 528.295105 720.24585 522.295105 715.24585 535.000061 700.0 Small_Car 1
