987.000122 84.999969 980.396118 89.571976 971.396118 76.571976 978.000122 71.999969 Small_Car 1
921.172974 113.237839 916.0 117.0 908.0 106.0 913.172974 102.237839 Small_Car 1
933.18457 111.323059 926.18457 115.323059 918.0 100.999985 925.0 96.999985 Small_Car 1
949.487854 101.609787 943.878113 106.097595 935.000061 95.000031 940.609802 90.512222 Small_Car 1
956.172974 97.237793 951.0 100.999954 942.827026 89.762115 948.0 85.999954 Small_Car 1
968.337891 94.473038 962.0 99.000061 952.0 85.000061 958.337891 80.473038 Small_Car 1
934.0 61.0 928.135132 65.189186 918.0 51.0 923.864868 46.810814 Small_Car 1
905.0 75.000015 900.215942 78.312012 891.0 65.000015 895.784058 61.688019 Small_Car 1
889.000061 81.0 883.240051 85.319992 874.000061 72.999985 879.760071 68.679993 Small_Car 1
865.999939 88.999931 859.999939 92.999931 851.999939 80.999931 857.999939 76.999931 Small_Car 1
852.0 97.999969 846.135132 102.189163 836.0 87.999969 841.864868 83.810776 Small_Car 1
836.675659 104.945938 831.0 108.999985 820.324341 94.054047 826.0 90.0 Small_Car 1
780.0 125.999969 774.135132 130.189148 764.0 115.999969 769.864868 111.810791 Small_Car 1
767.0 134.0 761.135132 138.189178 751.0 124.0 756.864868 119.810822 Small_Car 1
410.999939 291.000031 404.999939 295.000031 396.692261 282.538483 402.692261 278.538483 Small_Car 1
396.230774 298.84613 389.769226 303.153809 380.538452 289.307678 387.0 285.0 Small_Car 1
383.000031 302.000031 376.604034 306.428009 367.604034 293.428009 374.000031 289.000031 Small_Car 1
372.538422 308.307648 366.538422 312.307648 356.999969 297.999969 362.999969 293.999969 Small_Car 1
326.538422 328.307678 320.538422 332.307678 310.999969 318.0 316.999969 314.0 Small_Car 1
244.0 366.0 238.135132 370.189209 228.0 356.0 233.864868 351.810791 Small_Car 1
204.307678 380.461517 199.0 383.999969 191.0 371.999969 196.307678 368.461517 Small_Car 1
124.0 372.0 118.0 388.0 109.671234 384.876709 115.671234 368.876709 Small_Car 1
