53.999996 21.000002 31.729511 23.024591 31.000004 15.000002 53.270489 12.975412 Small_Car 1
160.000015 33.000004 151.027695 33.498463 150.000015 15.000001 158.972336 14.501541 Small_Car 1
158.031052 69.47242 157.031052 86.47242 149.000015 86.000008 150.000015 69.000008 Small_Car 1
158.0 158.0 149.0 158.0 149.0 139.0 158.0 139.0 Small_Car 1
266.113342 113.759209 258.000031 131.0 247.886719 126.240807 256.000031 109.000015 Small_Car 1
318.000031 117.999992 306.000031 133.999985 297.360016 127.519997 309.360016 111.520004 Small_Car 1
359.000031 114.000015 349.000031 132.000015 340.000031 127.000015 350.000031 109.000015 Small_Car 1
293.063599 119.9133 282.063599 134.9133 274.0 129.0 285.0 114.0 Small_Car 1
462.291138 74.987862 438.0 75.999992 437.708862 69.012123 462.0 67.999992 Small_Car 1
411.0 96.0 387.0 96.0 387.0 89.0 411.0 89.0 Small_Car 1
410.0 107.0 387.0 107.0 387.0 98.0 410.0 98.0 Small_Car 1
554.39801 130.878922 531.39801 137.878922 529.000061 130.000015 552.000061 123.000015 Small_Car 1
463.0 152.0 451.959473 153.743256 448.959473 134.743256 460.0 133.0 Small_Car 1
278.291168 148.012131 278.0 154.999985 253.708832 153.987869 254.0 147.000015 Small_Car 1
240.0 184.0 220.0 184.0 220.0 176.0 240.0 176.0 Small_Car 1
287.0 203.0 264.0 203.0 264.0 194.0 287.0 194.0 Small_Car 1
520.0 188.999985 498.0 189.999985 497.68042 182.96907 519.68042 181.96907 Small_Car 1
487.0 366.0 477.0 366.0 477.0 352.0 487.0 352.0 Small_Car 1
556.188171 412.152924 554.188171 421.152924 530.999939 415.999969 532.999939 406.999969 Small_Car 1
547.21106 387.036621 546.0 393.999939 522.78894 389.963257 524.0 382.999939 Small_Car 1
352.0 387.0 331.0 387.0 331.0 381.0 352.0 381.0 Small_Car 1
431.999969 408.0 408.305634 409.030212 407.999969 402.0 431.694305 400.969788 Small_Car 1
430.0 387.0 410.0 387.0 410.0 379.0 430.0 379.0 Small_Car 1
292.317505 411.985596 270.0 413.0 269.682495 406.014404 292.0 405.0 Small_Car 1
141.0 284.0 132.0 284.0 132.0 267.0 141.0 267.0 Small_Car 1
141.030396 304.422638 140.0 323.999969 131.969604 323.577301 133.0 303.999969 Small_Car 1
110.0 551.0 85.0 551.0 85.0 544.0 110.0 544.0 Small_Car 1
150.085358 528.231689 149.085358 537.231689 129.0 535.0 130.0 526.0 Small_Car 1
141.0 504.999969 131.030762 505.553802 130.0 486.999969 139.969238 486.446136 Small_Car 1
155.027679 505.498474 146.0 506.0 144.972321 487.501526 154.0 487.0 Small_Car 1
20.0 787.0 4.0 787.0 4.0 781.0 20.0 781.0 Small_Car 1
73.0 758.0 49.0 758.0 49.0 751.0 73.0 751.0 Small_Car 1
101.237572 752.011353 101.000008 757.0 79.762444 755.988647 80.000008 751.0 Small_Car 1
49.0 788.0 26.0 788.0 26.0 781.0 49.0 781.0 Small_Car 1
96.540993 784.950928 74.000008 787.000122 73.459023 781.049316 96.000008 779.000122 Small_Car 1
389.0 529.0 366.0 529.0 366.0 522.0 389.0 522.0 Small_Car 1
387.0 537.0 366.0 537.0 366.0 529.0 387.0 529.0 Small_Car 1
391.0 553.0 369.0 553.0 369.0 546.0 391.0 546.0 Small_Car 1
450.314941 769.983337 431.0 770.999939 430.685059 765.016541 450.0 763.999939 Small_Car 1
453.0 764.0 431.0 764.0 431.0 755.0 453.0 755.0 Small_Car 1
453.27948 750.98877 427.999939 752.0 427.720398 745.01123 452.999939 744.0 Small_Car 1
454.0 743.0 431.0 743.0 431.0 736.0 454.0 736.0 Small_Car 1
455.0 735.0 431.0 735.0 431.0 726.0 455.0 726.0 Small_Car 1
532.317505 742.985657 510.0 744.000061 509.682495 737.014465 532.0 736.000061 Small_Car 1
535.0 780.0 511.0 780.0 511.0 772.0 535.0 772.0 Small_Car 1
506.364929 762.028809 484.364929 763.028809 484.0 755.0 506.0 754.0 Small_Car 1
429.0 791.0 407.0 791.0 407.0 782.0 429.0 782.0 Small_Car 1
455.0 780.0 432.0 780.0 432.0 772.0 455.0 772.0 Small_Car 1
456.0 789.999939 432.0 790.999939 431.665527 782.972229 455.665527 781.972229 Small_Car 1
456.0 800.0 433.0 800.0 433.0 792.0 456.0 792.0 Small_Car 1
458.0 809.0 435.0 809.0 435.0 803.0 458.0 803.0 Small_Car 1
432.0 810.0 408.0 810.0 408.0 802.0 432.0 802.0 Small_Car 1
289.000031 741.0 288.000031 751.0 265.920807 748.792114 266.920807 738.792114 Small_Car 1
218.291153 783.012085 217.999985 790.0 193.708817 788.987915 193.999985 782.0 Small_Car 1
269.362885 833.016541 269.0 841.000061 246.637115 839.983582 247.0 832.000061 Small_Car 1
376.0 820.0 352.0 820.0 352.0 811.0 376.0 811.0 Small_Car 1
373.0 808.999939 348.292908 810.029358 348.0 802.999939 372.707092 801.97052 Small_Car 1
373.0 800.0 351.0 800.0 351.0 792.0 373.0 792.0 Small_Car 1
375.332764 839.986084 351.0 841.0 350.667236 833.013916 375.0 832.0 Small_Car 1
352.999969 829.000061 329.999969 831.000061 329.30954 823.06012 352.30954 821.06012 Small_Car 1
350.0 820.0 328.0 820.0 328.0 812.0 350.0 812.0 Small_Car 1
296.0 840.0 272.0 840.0 272.0 831.0 296.0 831.0 Small_Car 1
57.317528 990.014343 57.0 996.999939 34.682472 995.985535 35.0 988.999939 Small_Car 1
142.666687 1000.0 131.611115 1000.0 130.97847 988.612366 142.000015 988.000061 Small_Car 1
170.0 984.0 169.058823 1000.0 159.058823 1000.0 160.034485 983.413818 Small_Car 1
785.137939 12.655176 779.0 28.000006 769.862061 24.344835 776.0 9.000006 Small_Car 1
776.137939 34.655174 770.137939 49.655174 761.0 46.0 767.0 31.0 Small_Car 1
768.053406 51.829185 763.000061 68.000008 753.946716 65.170822 759.000061 49.0 Small_Car 1
744.099976 108.700012 739.099976 123.700012 731.0 121.000015 736.0 106.000015 Small_Car 1
751.000061 92.000015 747.000061 108.000015 736.882385 105.470612 740.882385 89.470612 Small_Car 1
759.27594 75.310356 753.000061 91.000008 744.724182 87.689659 751.000061 72.000008 Small_Car 1
722.000061 164.0 714.816467 180.419678 707.000061 177.0 714.183655 160.580322 Small_Car 1
668.610962 209.911606 667.0 217.000015 645.0 212.000015 646.610962 204.911606 Small_Car 1
694.472046 214.903992 693.0 223.0 671.0 219.0 672.472046 210.903992 Small_Car 1
642.000061 433.0 640.090149 441.021484 619.000061 436.0 620.909973 427.978516 Small_Car 1
707.0 447.000061 705.275757 456.052551 684.275757 452.052551 686.0 443.000061 Small_Car 1
725.092285 450.261566 724.092285 458.261566 706.0 456.000031 707.0 448.000031 Small_Car 1
788.169189 465.046143 786.0 473.0 763.746216 466.930786 765.915405 458.976929 Small_Car 1
1000.0 160.263153 1000.0 167.333908 998.000061 180.0 988.910828 178.56485 Small_Car 1
987.0 205.999985 982.952881 224.211746 973.0 221.999985 977.047119 203.788223 Small_Car 1
859.275269 257.082611 857.183472 264.055084 836.908203 257.972504 839.0 251.000031 Small_Car 1
893.0 262.0 892.284546 270.942749 867.284546 268.942749 868.0 260.0 Small_Car 1
1000.0 293.263153 996.0 292.000031 998.569214 283.863983 1002.569214 285.127106 Small_Car 1
948.000122 351.000031 945.956421 366.327545 936.000122 365.000031 938.043823 349.672516 Small_Car 1
955.0 330.0 950.973755 347.11145 942.0 345.0 946.026245 327.88855 Small_Car 1
934.973755 398.11145 930.973755 415.11145 922.0 413.0 926.0 396.0 Small_Car 1
925.015869 426.945862 920.0 444.0 909.984131 441.054138 915.0 424.0 Small_Car 1
899.015808 512.945801 893.999939 530.0 883.98407 527.054199 888.999939 510.0 Small_Car 1
939.000122 741.0 937.119873 750.024902 913.000122 745.0 914.880371 735.975098 Small_Car 1
960.098389 748.025879 958.0 756.0 938.901611 750.974121 941.0 743.0 Small_Car 1
831.312988 798.131775 828.0 806.000061 808.687012 797.868347 812.0 790.000061 Small_Car 1
838.000061 791.000122 834.000061 799.000122 814.80011 789.400146 818.80011 781.400146 Small_Car 1
845.999939 783.0 843.241272 790.093872 824.999939 783.0 827.758606 775.906128 Small_Car 1
879.0 830.0 874.448242 836.620728 858.448242 825.620728 863.0 819.0 Small_Car 1
853.379883 846.213623 849.0 854.0 832.620239 844.786377 837.000122 837.0 Small_Car 1
867.461426 838.307678 862.999878 844.999939 844.999878 832.999939 849.461426 826.307678 Small_Car 1
759.0 951.0 749.0 951.0 749.0 934.0 759.0 934.0 Small_Car 1
813.245789 980.294983 797.409729 993.49176 791.999939 986.999939 807.835999 973.803162 Small_Car 1
