574.0 961.0 570.678101 968.308228 548.678101 958.308228 552.0 951.0 Small_Car 1
502.0 1000.0 491.0 1000.0 491.0 993.0 502.0 993.0 Small_Car 1
97.000023 849.0 93.400017 856.199951 73.400017 846.199951 77.000023 839.0 Small_Car 1
50.000004 422.0 40.005482 423.052063 38.000004 404.0 47.994526 402.947937 Small_Car 1
64.0 422.0 54.0 422.0 54.0 405.0 64.0 405.0 Small_Car 1
76.024612 421.443054 66.0 422.0 65.0 404.0 75.024612 403.443054 Small_Car 1
121.0 421.0 111.0 421.0 111.0 403.0 121.0 403.0 Small_Car 1
148.0 419.000031 139.026215 420.196564 137.0 405.000031 145.973785 403.803497 Small_Car 1
161.0 421.0 152.027679 421.498474 151.0 403.0 159.972321 402.501526 Small_Car 1
61.000004 377.000031 52.968876 377.501984 51.968876 361.501984 60.000004 361.000031 Small_Car 1
88.0 174.0 69.0 174.0 69.0 166.0 88.0 166.0 Small_Car 1
34.024139 315.41037 24.0 316.000031 23.0 299.000031 33.024139 298.41037 Small_Car 1
60.0 317.0 52.0 317.0 52.0 301.0 60.0 301.0 Small_Car 1
48.0 316.0 38.0 316.0 38.0 299.0 48.0 299.0 Small_Car 1
139.0 209.0 130.0 209.0 130.0 192.0 139.0 192.0 Small_Car 1
88.0 268.0 67.0 268.0 67.0 258.0 88.0 258.0 Small_Car 1
88.0 251.0 87.598511 259.029938 67.0 258.0 67.401489 249.970062 Small_Car 1
90.390564 241.016983 90.0 250.000015 66.609436 248.983047 67.0 240.000015 Small_Car 1
90.0 183.0 69.0 183.0 69.0 175.0 90.0 175.0 Small_Car 1
153.0 271.0 143.0 271.0 143.0 252.0 153.0 252.0 Small_Car 1
176.027435 253.451385 175.027435 273.451385 166.0 273.000031 167.0 253.000031 Small_Car 1
187.0 288.0 177.0 288.0 177.0 271.0 187.0 271.0 Small_Car 1
86.000008 284.000031 69.501945 285.031158 69.000008 277.000031 85.49807 275.968903 Small_Car 1
86.0 293.0 70.0 293.0 70.0 286.0 86.0 286.0 Small_Car 1
49.0 380.0 37.0 380.0 37.0 363.0 49.0 363.0 Small_Car 1
36.0 380.0 26.0 380.0 26.0 363.0 36.0 363.0 Small_Car 1
24.0 359.0 13.03793 359.644836 12.0 342.0 22.96207 341.355164 Small_Car 1
48.027695 361.498474 39.0 362.0 38.0 344.0 47.027695 343.498474 Small_Car 1
62.0 361.0 51.0 361.0 51.0 342.0 62.0 342.0 Small_Car 1
304.0 642.0 282.758606 651.103394 278.0 640.0 299.241394 630.896606 Small_Car 1
30.0 869.000061 10.322773 881.427795 5.0 873.000061 24.677227 860.572327 Small_Car 1
27.0 822.0 9.78149 832.12854 5.0 824.0 22.21851 813.87146 Small_Car 1
490.000061 163.000015 479.09021 163.991806 477.09021 141.991806 488.000061 141.000015 Small_Car 1
802.0 96.0 799.61438 104.179199 775.61438 97.179199 778.0 89.0 Small_Car 1
650.0 577.0 627.0 577.0 627.0 567.0 650.0 567.0 Small_Car 1
606.0 701.0 588.0 701.0 588.0 693.0 606.0 693.0 Small_Car 1
761.000061 168.999985 742.000061 177.999985 737.601868 168.71492 756.601868 159.71492 Small_Car 1
999.999939 470.434692 990.607361 470.026367 990.999817 460.999939 1000.392395 461.408264 Small_Car 1
987.0 468.0 962.0 468.0 962.0 461.0 987.0 461.0 Small_Car 1
997.392456 411.973572 997.0 421.0 974.0 420.0 974.392456 410.973572 Small_Car 1
564.399048 301.019958 564.0 309.0 543.600952 307.980042 544.0 300.0 Small_Car 1
614.999939 53.999992 614.678894 62.027153 589.678894 61.027153 589.999939 52.999992 Small_Car 1
668.291077 822.012085 667.999939 829.0 643.708801 827.987915 643.999939 821.0 Small_Car 1
