829.0 533.000061 819.0 543.000061 813.5 537.500061 823.5 527.500061 Small_Car 1
409.0 845.0 400.0 845.0 400.0 827.0 409.0 827.0 Small_Car 1
220.0 167.0 196.0 167.0 196.0 158.0 220.0 158.0 Small_Car 1
220.0 177.0 199.0 177.0 199.0 168.0 220.0 168.0 Small_Car 1
224.332581 185.984161 203.0 187.0 202.667419 180.015839 224.0 179.0 Small_Car 1
172.0 236.0 149.0 236.0 149.0 230.0 172.0 230.0 Small_Car 1
167.0 245.0 148.0 245.0 148.0 237.0 167.0 237.0 Small_Car 1
228.0 227.0 209.0 227.0 209.0 221.0 228.0 221.0 Small_Car 1
229.000015 237.000015 208.702988 239.029709 208.000015 232.000015 228.297043 229.970322 Small_Car 1
229.0 247.0 215.0 247.0 215.0 241.0 229.0 241.0 Small_Car 1
230.0 258.0 211.0 258.0 211.0 251.0 230.0 251.0 Small_Car 1
171.0 275.0 152.0 275.0 152.0 267.0 171.0 267.0 Small_Car 1
231.0 267.0 218.0 267.0 218.0 260.0 231.0 260.0 Small_Car 1
235.285065 286.986481 214.0 288.000031 213.714935 282.01358 235.0 281.000031 Small_Car 1
242.0 371.0 222.843842 373.016418 222.0 365.0 241.156158 362.983582 Small_Car 1
248.0 421.0 227.0 421.0 227.0 414.0 248.0 414.0 Small_Car 1
68.267059 712.474731 62.000008 716.0 52.732944 699.525269 59.0 696.0 Small_Car 1
960.400146 916.800171 954.000122 920.000122 946.000122 904.000122 952.400146 900.800171 Small_Car 1
973.352905 912.588257 966.0 917.0 957.0 902.0 964.352905 897.588257 Small_Car 1
983.000061 906.000061 976.036316 910.062195 969.000061 898.000061 975.963806 893.937927 Small_Car 1
972.330017 887.74231 965.000061 891.0 957.000061 873.0 964.330017 869.74231 Small_Car 1
961.248535 891.603516 953.0 895.0 946.0 878.0 954.248535 874.603516 Small_Car 1
950.0 895.000061 944.264648 898.441223 935.0 883.000061 940.735352 879.558899 Small_Car 1
940.0 899.0 933.113281 902.240845 925.0 885.0 931.886719 881.759155 Small_Car 1
927.292664 898.634155 919.999939 902.0 913.707214 888.365845 920.999939 885.0 Small_Car 1
916.0 904.999939 910.083008 908.155701 902.0 892.999939 907.916992 889.844177 Small_Car 1
906.110718 906.207581 899.0 909.999939 890.889282 894.792297 898.0 890.999939 Small_Car 1
892.000061 909.000061 886.096375 912.179016 879.000061 899.000061 884.903748 895.821106 Small_Car 1
917.000122 929.000122 909.000122 933.000122 902.000122 919.000122 910.000122 915.000122 Small_Car 1
904.000061 933.0 897.200012 936.400024 890.000061 922.0 896.80011 918.599976 Small_Car 1
894.000061 937.000122 886.000061 941.000122 878.000061 925.000122 886.000061 921.000122 Small_Car 1
858.110718 922.207764 851.0 926.000122 842.889282 910.79248 850.0 907.000122 Small_Car 1
810.000244 933.000122 802.000244 937.000122 795.200195 923.400146 803.200195 919.400146 Small_Car 1
800.0 938.0 793.0 942.0 784.569214 927.246094 791.569214 923.246094 Small_Car 1
824.000061 957.0 817.088318 961.147095 808.000061 946.0 814.911804 941.852905 Small_Car 1
777.21759 945.373108 770.999939 949.000061 763.782288 936.627014 769.999939 933.000061 Small_Car 1
788.110718 969.207642 781.0 973.0 772.889282 957.792358 780.0 954.0 Small_Car 1
757.053711 954.082825 751.0 957.999939 739.946289 940.917053 746.0 936.999939 Small_Car 1
1000.0 937.799927 1000.0 947.444519 999.000061 948.000061 993.905701 938.830261 Small_Car 1
996.332153 952.622742 990.0 955.999939 982.0 940.999939 988.332153 937.622742 Small_Car 1
965.0 964.000061 958.0 968.000061 950.0 954.000061 957.0 950.000061 Small_Car 1
943.248596 970.603516 935.000061 974.0 928.000061 957.0 936.248596 953.603516 Small_Car 1
920.000061 978.0 912.000061 982.0 904.000061 966.0 912.000061 962.0 Small_Car 1
908.000061 981.000061 900.183655 984.419739 893.000061 968.000061 900.816467 964.580383 Small_Car 1
857.999939 996.000122 850.510803 999.964966 841.510803 982.964966 848.999939 979.000122 Small_Car 1
800.895508 1004.429016 798.0 999.000061 806.304443 994.570984 809.199951 999.999939 Small_Car 1
672.8125 1000.0 663.75 1000.0 662.972778 987.564209 672.0 987.0 Small_Car 1
699.377197 899.332153 684.377197 907.332153 681.0 901.0 696.0 893.0 Small_Car 1
687.685303 883.137817 671.685303 890.137817 669.0 884.000122 685.0 877.000122 Small_Car 1
695.422119 805.272034 678.422119 813.272034 675.0 806.000061 692.0 798.000061 Small_Car 1
646.096558 827.962463 627.758789 835.093811 624.662231 827.131287 643.0 819.999939 Small_Car 1
659.000061 757.000061 642.685364 764.137756 640.000061 758.000061 656.314758 750.862366 Small_Car 1
664.0 765.0 647.685303 772.137695 645.0 766.0 661.314697 758.862305 Small_Car 1
686.243958 547.804932 680.756165 552.19519 670.512268 539.390259 676.000061 535.0 Small_Car 1
676.178101 554.191772 671.0 559.0 657.821899 544.808228 663.0 540.0 Small_Car 1
614.19165 583.207642 609.0 588.0 596.80835 574.792358 602.0 570.0 Small_Car 1
605.283752 589.797302 597.81073 595.135193 586.526917 579.337952 593.999939 574.000061 Small_Car 1
583.441711 599.347046 579.000061 605.0 565.000061 594.0 569.441711 588.347046 Small_Car 1
567.0 613.0 564.043701 618.025757 547.0 608.0 549.956299 602.974243 Small_Car 1
839.000122 541.000061 828.000122 551.000061 822.751221 545.226257 833.751221 535.226257 Small_Car 1
876.0 580.0 859.952515 589.026733 856.0 582.0 872.047485 572.973267 Small_Car 1
871.882324 572.470581 856.882324 581.470581 853.0 575.0 868.0 566.0 Small_Car 1
865.230408 564.873291 845.000061 576.0 841.769714 570.126709 862.000061 559.0 Small_Car 1
450.0 892.000061 441.035034 892.560364 440.0 876.000061 448.964966 875.439758 Small_Car 1
448.0 959.0 440.0 959.0 440.0 941.0 448.0 941.0 Small_Car 1
450.0 998.0 441.0 998.0 441.0 980.0 450.0 980.0 Small_Car 1
409.0 993.0 399.0 993.0 399.0 977.0 409.0 977.0 Small_Car 1
442.999969 731.0 434.045685 731.639648 432.999969 717.0 441.954254 716.360352 Small_Car 1
371.901001 613.885803 366.0 619.000061 353.0 604.000061 358.901001 598.885803 Small_Car 1
483.0 356.999969 476.0 361.999969 471.0 354.999969 478.0 349.999969 Small_Car 1
479.0 342.0 461.0 342.0 461.0 334.0 479.0 334.0 Small_Car 1
535.0 340.0 514.0 340.0 514.0 333.0 535.0 333.0 Small_Car 1
524.0 251.0 505.690552 256.085968 504.0 250.0 522.309448 244.914032 Small_Car 1
650.000061 280.999969 643.02301 284.052399 636.000061 267.999969 642.977112 264.94754 Small_Car 1
600.205444 292.548004 591.0 296.000031 584.794556 279.452057 594.0 276.000031 Small_Car 1
571.06897 364.172424 564.0 367.0 557.93103 351.827576 565.0 349.0 Small_Car 1
933.000061 288.999969 915.000061 294.999969 913.000061 288.999969 931.000061 282.999969 Small_Car 1
575.0 457.000031 554.615356 461.076935 553.0 453.000031 573.384644 448.923126 Small_Car 1
492.496094 475.10611 473.496094 479.10611 472.000061 472.000031 491.000061 468.000031 Small_Car 1
501.405579 484.903442 480.0 490.0 478.594421 484.096558 500.0 479.0 Small_Car 1
304.0 536.0 284.953674 543.01709 282.0 535.0 301.046326 527.98291 Small_Car 1
371.006836 355.058044 363.0 356.0 360.993164 338.941956 369.0 338.0 Small_Car 1
348.0 300.0 340.0 300.0 340.0 286.0 348.0 286.0 Small_Car 1
337.98465 231.876953 329.98465 232.876953 328.000031 217.000031 336.000031 216.000031 Small_Car 1
561.150879 64.528297 542.0 69.999992 540.0 62.999992 559.150879 57.528297 Small_Car 1
547.199951 38.599987 531.0 43.999989 529.0 37.999989 545.199951 32.599987 Small_Car 1
551.26416 47.924534 530.0 54.000004 527.73584 46.075474 549.0 40.000004 Small_Car 1
540.091797 20.972481 520.0 27.000004 517.908203 20.027527 538.0 14.000004 Small_Car 1
535.733887 12.779818 515.0 19.000002 513.266113 13.220184 534.0 7.0 Small_Car 1
614.400024 39.199997 596.400024 45.199997 594.0 38.0 612.0 32.0 Small_Car 1
594.999939 7.000015 575.999939 13.000015 573.717834 5.773315 592.0 0.0 Small_Car 1
721.629211 18.136616 702.629211 25.136616 699.999939 18.000031 718.999939 11.000031 Small_Car 1
697.0 24.000008 680.0 30.000008 677.895386 24.03693 694.895386 18.03693 Small_Car 1
781.999939 0.0 781.999939 0.0 781.999939 0.0 781.999939 0.0 Small_Car 1
1.5e-05 496.117645 -4.090623 487.425018 7e-06 485.500031 4.090645 494.192657 Small_Car 1
93.000015 515.0 87.083054 518.155762 79.000015 503.000031 84.916977 499.844299 Small_Car 1
543.287109 29.909321 524.0 36.000004 521.808594 29.060455 541.095703 22.969772 Small_Car 1
