44.000004 924.000122 28.000004 932.000122 25.000004 926.000122 41.000004 918.000122 Small_Car 1
1000.0 84.0 997.0 84.0 997.0 69.0 1000.0 69.0 Small_Car 1
711.0 286.0 703.0 286.0 703.0 268.0 711.0 268.0 Small_Car 1
704.0 312.0 695.0 312.0 695.0 295.0 704.0 295.0 Small_Car 1
709.0 249.999985 701.095581 252.324814 696.0 234.999985 703.904419 232.675156 Small_Car 1
718.000061 214.0 709.968933 214.501953 708.968933 198.501953 717.000061 198.0 Small_Car 1
637.031006 178.535416 636.0 194.000015 627.968994 193.464615 629.0 178.000015 Small_Car 1
600.0 247.0 581.0 247.0 581.0 239.0 600.0 239.0 Small_Car 1
660.0 261.0 638.0 261.0 638.0 253.0 660.0 253.0 Small_Car 1
662.0 277.0 641.0 277.0 641.0 270.0 662.0 270.0 Small_Car 1
908.035461 284.469055 907.035461 299.469055 900.000061 299.0 901.000061 284.0 Small_Car 1
872.0 268.0 864.0 268.0 864.0 253.0 872.0 253.0 Small_Car 1
835.0 181.0 827.0 181.0 827.0 165.0 835.0 165.0 Small_Car 1
835.0 161.0 828.0 161.0 828.0 147.0 835.0 147.0 Small_Car 1
805.0 102.0 782.0 102.0 782.0 94.0 805.0 94.0 Small_Car 1
778.0 102.0 759.0 102.0 759.0 95.0 778.0 95.0 Small_Car 1
740.0 102.0 718.0 102.0 718.0 94.0 740.0 94.0 Small_Car 1
689.999939 65.0 670.904236 71.030228 668.999939 65.0 688.095642 58.969772 Small_Car 1
696.0 79.0 676.0 79.0 676.0 72.0 696.0 72.0 Small_Car 1
673.0 83.0 652.0 83.0 652.0 75.0 673.0 75.0 Small_Car 1
581.0 51.000008 560.0 52.000008 559.617676 43.970596 580.617676 42.970596 Small_Car 1
575.435791 25.972763 559.0 27.0 558.564209 20.027237 575.0 19.0 Small_Car 1
576.0 16.000002 553.0 17.000002 552.694336 9.969814 575.694336 8.969814 Small_Car 1
357.0 17.0 349.0 17.0 349.0 0.0 357.0 0.0 Small_Car 1
358.0 36.0 351.0 36.0 351.0 19.0 358.0 19.0 Small_Car 1
390.0 88.0 382.031128 88.498062 381.0 72.0 388.968872 71.501938 Small_Car 1
358.0 63.0 348.0 63.0 348.0 46.0 358.0 46.0 Small_Car 1
213.0 28.0 193.0 28.0 193.0 21.0 213.0 21.0 Small_Car 1
216.0 54.0 196.0 54.0 196.0 48.0 216.0 48.0 Small_Car 1
215.314896 62.983429 195.999985 64.0 195.685074 58.016579 214.999985 57.000008 Small_Car 1
73.0 36.0 52.0 36.0 52.0 29.0 73.0 29.0 Small_Car 1
122.0 49.0 100.0 49.0 100.0 42.0 122.0 42.0 Small_Car 1
70.0 63.0 53.0 63.0 53.0 56.0 70.0 56.0 Small_Car 1
70.0 101.000008 69.612305 107.978462 51.612305 106.978462 52.0 100.000008 Small_Car 1
70.0 98.0 53.0 98.0 53.0 91.0 70.0 91.0 Small_Car 1
125.0 102.0 97.0 102.0 97.0 94.0 125.0 94.0 Small_Car 1
126.0 119.0 104.0 119.0 104.0 112.0 126.0 112.0 Small_Car 1
160.0 129.0 148.0 129.0 148.0 123.0 160.0 123.0 Small_Car 1
171.332306 156.018478 171.0 162.000015 152.667694 160.981552 153.0 155.000015 Small_Car 1
130.249695 146.008926 130.0 153.000015 101.750328 151.991104 102.000015 145.000015 Small_Car 1
124.0 170.0 104.0 170.0 104.0 161.0 124.0 161.0 Small_Car 1
393.0 200.0 384.968994 200.472412 383.968994 183.472412 392.0 183.0 Small_Car 1
392.0 221.0 384.0 221.0 384.0 205.0 392.0 205.0 Small_Car 1
361.0 228.0 352.0 228.0 352.0 212.0 361.0 212.0 Small_Car 1
209.0 228.0 200.0 228.0 200.0 213.0 209.0 213.0 Small_Car 1
222.0 230.0 213.0 230.0 213.0 212.0 222.0 212.0 Small_Car 1
323.0 295.0 300.0 295.0 300.0 288.0 323.0 288.0 Small_Car 1
69.999992 219.0 59.365849 232.292694 53.756088 227.804901 64.390228 214.512207 Small_Car 1
64.0 277.0 55.0 277.0 55.0 259.0 64.0 259.0 Small_Car 1
78.0 278.0 70.0 278.0 70.0 260.0 78.0 260.0 Small_Car 1
99.0 275.0 90.0 275.0 90.0 258.0 99.0 258.0 Small_Car 1
95.299988 697.900024 73.999985 705.0 71.699982 698.099976 92.999985 691.0 Small_Car 1
150.0 839.0 136.932983 844.025757 135.0 839.0 148.067017 833.974243 Small_Car 1
325.108093 966.648682 317.0 968.0 314.0 950.0 322.108093 948.648682 Small_Car 1
306.027588 921.469055 297.0 922.000061 295.972412 904.531067 305.0 904.000061 Small_Car 1
293.0 901.0 285.0 901.0 285.0 888.0 293.0 888.0 Small_Car 1
330.0 920.0 321.0 920.0 321.0 904.0 330.0 904.0 Small_Car 1
353.039825 900.597351 347.000031 901.000061 346.000031 886.000061 352.039825 885.597351 Small_Car 1
366.0 900.000061 359.035522 900.497498 358.0 886.000061 364.964478 885.502625 Small_Car 1
453.0 918.0 446.0 918.0 446.0 903.0 453.0 903.0 Small_Car 1
572.0 959.0 564.0 959.0 564.0 944.0 572.0 944.0 Small_Car 1
553.0 913.0 546.0 913.0 546.0 900.0 553.0 900.0 Small_Car 1
588.035461 879.469116 587.000061 895.000122 579.964661 894.531128 581.000061 879.000122 Small_Car 1
578.0 880.000061 577.0 896.000061 569.964966 895.560364 570.964966 879.560364 Small_Car 1
466.500061 815.500122 461.000061 821.000122 449.500061 809.500122 455.000061 804.000122 Small_Car 1
479.590149 811.491821 475.0 817.0 462.409851 806.508179 467.0 801.0 Small_Car 1
496.000061 813.000061 491.075378 819.061218 475.000061 806.000061 479.924744 799.938904 Small_Car 1
506.999939 810.000061 501.249146 816.230042 488.249146 804.230042 493.999939 798.000061 Small_Car 1
520.0 809.0 515.448242 814.379272 501.999969 803.0 506.551697 797.620728 Small_Car 1
621.379333 810.448181 616.000061 814.999939 604.620789 801.551697 610.000061 796.999939 Small_Car 1
631.022644 850.120667 621.000061 851.999939 617.977478 835.879211 628.000061 833.999939 Small_Car 1
677.165955 807.181152 672.999939 811.0 661.833923 798.818848 665.999939 795.0 Small_Car 1
652.0 851.0 644.0 851.0 644.0 836.0 652.0 836.0 Small_Car 1
739.000061 845.0 732.031067 845.4646 731.000061 830.0 737.969055 829.5354 Small_Car 1
765.000061 847.000122 757.000061 848.000122 755.000061 832.000122 763.000061 831.000122 Small_Car 1
748.0 806.999939 742.620728 811.551697 731.620728 798.551697 737.0 793.999939 Small_Car 1
833.316956 803.290527 828.999939 808.0 816.682922 796.709473 820.999939 792.0 Small_Car 1
880.0 806.0 873.22998 812.249146 861.0 799.0 867.77002 792.750854 Small_Car 1
989.0 789.0 967.0 789.0 967.0 782.0 989.0 782.0 Small_Car 1
989.0 807.0 967.0 807.0 967.0 800.0 989.0 800.0 Small_Car 1
