388.000031 68.000008 385.98465 84.123085 377.000031 83.000008 379.015411 66.87693 Small_Car 1
339.079254 81.207916 338.079254 91.207916 316.000031 89.0 317.000031 79.0 Small_Car 1
680.000122 8.999969 671.000122 -3.1e-05 677.000122 -6.000031 686.000122 2.99997 Small_Car 1
687.999939 4.000006 687.529358 8e-06 695.420105 -0.928318 695.890686 3.071681 Small_Car 1
673.0 54.000011 664.0 55.000011 662.0 37.000011 671.0 36.000011 Small_Car 1
885.442993 89.975388 866.999878 91.0 866.556763 83.024612 884.999878 82.0 Small_Car 1
875.000061 1.327507 864.86676 1.327507 864.86676 0.0 875.000061 0.0 Small_Car 1
963.0 30.000004 952.009888 31.099014 950.009888 11.099014 961.0 10.000004 Small_Car 1
967.669006 69.027588 955.669006 70.027588 954.000061 50.0 966.000061 49.0 Small_Car 1
978.000122 68.0 967.975952 68.589661 966.975952 51.589657 977.000122 51.0 Small_Car 1
873.023315 143.373535 863.0 144.0 861.976685 127.626465 872.0 127.0 Small_Car 1
861.0 190.0 853.0 190.0 853.0 173.0 861.0 173.0 Small_Car 1
865.0 210.0 854.976685 210.626465 853.976685 194.626465 864.0 194.0 Small_Car 1
901.0 226.999969 882.890259 229.012177 882.0 220.999969 900.109741 218.987762 Small_Car 1
890.0 261.0 884.0 261.0 884.0 252.0 890.0 252.0 Small_Car 1
864.0 251.0 855.0 251.0 855.0 234.0 864.0 234.0 Small_Car 1
372.023376 183.37355 362.0 184.000015 360.976624 167.62648 371.0 167.000015 Small_Car 1
387.999969 210.999985 364.435822 212.024521 363.999969 201.999985 387.564117 200.975449 Small_Car 1
440.0 170.0 420.0 170.0 420.0 162.0 440.0 162.0 Small_Car 1
444.0 195.0 422.0 195.0 422.0 186.0 444.0 186.0 Small_Car 1
484.000031 191.0 467.501984 192.031128 467.000031 184.0 483.498077 182.968872 Small_Car 1
437.029388 223.382355 428.999969 224.0 427.970551 210.617645 435.999969 210.0 Small_Car 1
270.0 219.0 250.739731 221.027405 249.999985 214.0 269.260254 211.972595 Small_Car 1
206.0 126.0 189.88678 130.60376 187.88678 123.603775 204.0 119.000015 Small_Car 1
107.999992 284.0 104.875252 290.943848 84.875252 281.943848 87.999992 275.0 Small_Car 1
359.999969 332.999969 351.052887 333.688202 349.999969 319.999969 358.947052 319.311737 Small_Car 1
450.0 337.0 442.0 337.0 442.0 321.0 450.0 321.0 Small_Car 1
489.0 328.0 472.0 328.0 472.0 321.0 489.0 321.0 Small_Car 1
491.0 337.0 468.0 337.0 468.0 330.0 491.0 330.0 Small_Car 1
542.0 351.0 532.005493 352.052063 530.0 333.0 539.994507 331.947937 Small_Car 1
544.999939 401.000092 535.97345 401.601837 534.97345 386.601837 543.999939 386.000092 Small_Car 1
638.024109 370.41037 627.999939 371.000031 626.975769 353.589691 636.999939 353.000031 Small_Car 1
801.0 321.0 782.0 321.0 782.0 312.0 801.0 312.0 Small_Car 1
683.000061 358.000061 674.972473 358.669006 673.972473 346.669006 682.000061 346.000061 Small_Car 1
685.000061 368.000031 678.048035 369.264008 676.000061 358.000031 682.952087 356.736053 Small_Car 1
833.090271 347.991821 822.000061 349.0 819.909851 326.008179 831.000061 325.0 Small_Car 1
867.0 331.0 847.0 331.0 847.0 322.0 867.0 322.0 Small_Car 1
863.022766 295.498962 852.000061 296.0 851.000061 274.0 862.022766 273.498962 Small_Car 1
873.000122 354.0 850.819824 356.016418 850.000122 347.0 872.18042 344.983582 Small_Car 1
873.0 373.0 854.0 373.0 854.0 364.0 873.0 364.0 Small_Car 1
901.000122 346.0 891.023804 347.197144 888.000122 322.0 897.97644 320.802856 Small_Car 1
990.092407 292.738464 980.000122 294.0 978.000122 278.0 988.092407 276.738464 Small_Car 1
969.026611 391.398315 960.000122 392.000061 958.973633 376.601807 968.000122 376.000061 Small_Car 1
979.0 390.000031 969.972778 390.56424 968.972778 374.56424 978.0 374.000031 Small_Car 1
989.000122 388.0 980.969116 388.5354 979.969116 373.5354 988.000122 373.0 Small_Car 1
1000.0 389.470581 991.0 390.0 989.97583 372.589661 1000.0 372.0 Small_Car 1
955.0 417.0 936.0 417.0 936.0 411.0 955.0 411.0 Small_Car 1
958.0 425.0 936.764038 427.022461 936.0 419.0 957.235962 416.977539 Small_Car 1
916.02771 439.498474 907.0 440.0 905.97229 421.501526 915.0 421.0 Small_Car 1
883.0 462.000061 870.668945 463.027649 870.0 455.000061 882.331055 453.972473 Small_Car 1
1000.0 527.500427 1000.0 534.153809 994.011536 535.075134 991.999939 521.999939 Small_Car 1
802.000061 558.000061 793.062073 558.744934 792.000061 546.000061 800.938049 545.255188 Small_Car 1
791.0 559.0 782.0 559.0 782.0 547.0 791.0 547.0 Small_Car 1
885.29657 484.041382 868.29657 485.041382 868.000061 480.0 885.000061 479.0 Small_Car 1
511.0 561.0 490.0 561.0 490.0 551.0 511.0 551.0 Small_Car 1
444.000061 497.000031 433.000061 498.000031 431.368896 480.057404 442.368896 479.057404 Small_Car 1
433.0 498.0 423.97229 498.501526 422.97229 480.501526 432.0 480.0 Small_Car 1
446.000061 530.000122 434.000061 531.000122 432.248352 509.979401 444.248352 508.97937 Small_Car 1
8.0 688.0 -0.0 688.0 0.0 682.0 8.0 682.0 Small_Car 1
184.027573 565.530945 182.999985 582.999939 173.972397 582.468933 174.999985 564.999939 Small_Car 1
269.0 585.0 250.0 585.0 250.0 577.0 269.0 577.0 Small_Car 1
291.000031 617.0 281.972443 617.531006 280.972443 600.531006 290.000031 600.0 Small_Car 1
284.0 647.000061 275.972412 647.669006 274.972412 635.669006 283.0 635.000061 Small_Car 1
274.000031 649.000061 265.039825 649.597351 264.000031 634.000061 272.960236 633.402771 Small_Car 1
265.0 669.0 255.0 669.0 255.0 653.0 265.0 653.0 Small_Car 1
295.0 669.0 285.972351 669.475098 284.972351 650.475098 294.0 650.0 Small_Car 1
307.0 699.0 298.0 699.0 298.0 682.0 307.0 682.0 Small_Car 1
297.0 700.0 288.0 700.0 288.0 683.0 297.0 683.0 Small_Car 1
287.0 700.0 279.0 700.0 279.0 685.0 287.0 685.0 Small_Car 1
278.0 702.0 268.0 702.0 268.0 684.0 278.0 684.0 Small_Car 1
267.025391 699.355347 258.0 700.0 256.974609 685.644653 266.0 685.0 Small_Car 1
506.0 573.0 489.0 573.0 489.0 566.0 506.0 566.0 Small_Car 1
483.0 606.0 463.0 606.0 463.0 599.0 483.0 599.0 Small_Car 1
484.349121 615.982605 464.0 617.000061 463.650879 610.017517 484.0 609.000061 Small_Car 1
453.0 628.0 435.0 628.0 435.0 621.0 453.0 621.0 Small_Car 1
436.0 683.000061 427.031006 683.527649 426.0 666.000061 434.968994 665.472473 Small_Car 1
448.020294 681.284241 437.999969 681.999939 436.979645 667.715637 446.999969 666.999939 Small_Car 1
457.0 679.999939 448.045715 680.639587 447.0 665.999939 455.954285 665.360291 Small_Car 1
451.0 716.999939 441.97229 717.501526 440.97229 699.501526 450.0 698.999939 Small_Car 1
506.000031 700.0 483.729523 702.024536 483.000031 694.0 505.270538 691.975464 Small_Car 1
518.012207 707.109741 510.0 708.0 508.0 690.0 516.012207 689.109741 Small_Car 1
658.006836 669.057983 650.0 670.0 647.993164 652.942017 656.0 652.0 Small_Car 1
730.0 667.0 720.0 668.0 718.098999 648.990112 728.098999 647.990112 Small_Car 1
778.0 665.0 767.03418 666.290161 765.0 649.0 775.96582 647.709839 Small_Car 1
994.027222 649.435791 985.0 650.0 983.972778 633.564209 993.0 633.0 Small_Car 1
917.0 756.0 899.0 757.0 898.553833 748.969238 916.553833 747.969238 Small_Car 1
921.0 777.0 897.0 779.0 896.413818 771.965576 920.413818 769.965576 Small_Car 1
947.027649 795.331116 939.000061 796.000061 937.972473 783.669006 946.000061 783.000061 Small_Car 1
917.0 767.0 911.0 767.0 911.0 759.0 917.0 759.0 Small_Car 1
694.0 842.0 692.975342 860.443115 685.0 860.0 686.024658 841.556885 Small_Car 1
513.123108 738.984619 505.123108 739.984619 503.000061 723.0 511.000061 722.0 Small_Car 1
539.0 805.0 531.0 805.0 531.0 791.0 539.0 791.0 Small_Car 1
295.351593 711.96759 294.999969 719.000061 274.999969 718.000061 275.351593 710.96759 Small_Car 1
293.0 738.0 274.0 738.0 274.0 730.0 293.0 730.0 Small_Car 1
291.0 770.0 270.0 770.0 270.0 763.0 291.0 763.0 Small_Car 1
289.0 777.0 268.0 777.0 268.0 769.0 289.0 769.0 Small_Car 1
289.000031 787.000061 288.598541 795.029968 268.598541 794.029968 269.000031 786.000061 Small_Car 1
246.000015 761.0 245.609238 768.033813 227.609238 767.033813 228.000015 760.0 Small_Car 1
247.568527 768.040649 246.999985 776.0 218.431442 773.959351 218.999985 766.0 Small_Car 1
245.000015 785.0 244.598526 793.029907 224.000015 792.0 224.401505 783.970093 Small_Car 1
243.000031 793.000122 242.665192 800.031738 221.665192 799.031738 222.000031 792.000122 Small_Car 1
196.0 703.0 179.0 703.0 179.0 696.0 196.0 696.0 Small_Car 1
28.0 831.0 10.0 831.0 10.0 824.0 28.0 824.0 Small_Car 1
116.0 859.0 115.156158 867.016479 96.156158 865.016479 97.0 857.0 Small_Car 1
54.000008 934.0 35.670738 936.036621 35.000008 930.0 53.329277 927.963379 Small_Car 1
78.999992 931.999939 70.006813 933.057922 67.999992 915.999939 76.993172 914.941956 Small_Car 1
304.999969 960.0 299.590118 964.508179 289.590118 952.508179 294.999969 948.0 Small_Car 1
692.0 889.0 682.972412 889.531006 681.972412 872.531006 691.0 872.0 Small_Car 1
702.0 889.0 693.0 889.0 693.0 873.0 702.0 873.0 Small_Car 1
714.0 891.0 704.0 891.0 704.0 871.0 714.0 871.0 Small_Car 1
655.0 926.0 645.0 926.0 645.0 911.0 655.0 911.0 Small_Car 1
666.022156 926.332092 656.000061 927.000183 654.977966 911.668274 665.000061 911.000183 Small_Car 1
686.020325 924.284363 676.000061 925.000061 674.979797 910.715759 685.000061 910.000061 Small_Car 1
696.02417 924.410522 686.0 925.000122 685.0 908.000122 695.02417 907.410522 Small_Car 1
706.02356 922.305908 697.0 923.0 695.97644 909.694092 705.0 909.0 Small_Car 1
990.139954 942.979858 968.999939 945.999878 967.859924 938.019897 988.999939 934.999878 Small_Car 1
