723.811523 906.926331 701.0 909.000061 700.188477 900.073792 723.0 898.000061 Small_Car 1
724.0 897.999939 698.721802 900.022156 698.0 890.999939 723.278198 888.977722 Small_Car 1
750.097595 894.877991 725.073181 897.658508 723.975647 887.780457 749.000061 884.999939 Small_Car 1
721.999939 888.000061 698.784241 890.01886 698.000061 881.000061 721.215759 878.981262 Small_Car 1
720.0 870.0 696.870483 872.01123 696.0 862.0 719.129517 859.98877 Small_Car 1
900.669739 847.031555 879.669739 849.031555 879.000061 842.000061 900.000061 840.000061 Small_Car 1
900.0 818.0 880.0 820.0 879.0 810.0 899.0 808.0 Small_Car 1
896.000061 802.0 876.422668 803.030396 876.000061 795.0 895.577454 793.969604 Small_Car 1
896.417664 793.024231 872.417664 794.024231 871.999939 783.999939 895.999939 782.999939 Small_Car 1
945.999939 723.0 926.999939 724.0 926.629822 716.966797 945.629822 715.966797 Small_Car 1
930.999939 640.000061 909.926819 642.341492 908.926819 633.341492 929.999939 631.000061 Small_Car 1
325.360504 977.914185 303.999969 983.0 301.639435 973.085815 322.999969 968.0 Small_Car 1
313.000031 925.000122 289.761261 932.072754 287.000031 923.000122 310.2388 915.92749 Small_Car 1
286.000031 930.000061 263.000031 937.000061 260.517303 928.84259 283.517303 921.84259 Small_Car 1
232.000015 989.000061 208.055069 996.183533 204.697281 984.990906 228.642227 977.807434 Small_Car 1
217.999985 958.0 196.909866 963.021484 194.999985 955.0 216.090103 949.978516 Small_Car 1
239.0 953.0 221.0 959.0 218.0 950.0 236.0 944.0 Small_Car 1
216.900024 947.700012 195.900024 954.700012 193.000031 946.000061 214.000031 939.000061 Small_Car 1
211.0 941.000061 189.414154 946.139587 187.0 936.000061 208.585846 930.860535 Small_Car 1
223.192322 911.961548 203.0 916.0 200.807678 905.038452 221.0 901.0 Small_Car 1
221.529434 900.117798 197.529434 906.117798 195.000015 896.000122 219.000015 890.000122 Small_Car 1
191.360519 896.914185 170.000015 902.0 167.639511 892.085815 189.000015 887.0 Small_Car 1
282.0 856.0 261.0 863.0 258.299988 854.900024 279.299988 847.900024 Small_Car 1
254.0 852.000122 232.0 859.000122 229.41275 850.868774 251.41275 843.868774 Small_Car 1
254.300003 802.900024 236.000015 809.0 233.700027 802.099976 252.000015 796.0 Small_Car 1
475.000061 340.0 456.700073 346.099976 454.000061 338.0 472.300049 331.900024 Small_Car 1
356.0 351.0 329.0 351.0 329.0 340.0 356.0 340.0 Small_Car 1
362.0 291.0 361.499268 304.019226 335.0 303.0 335.500732 289.980774 Small_Car 1
467.176514 10.294127 465.000061 19.000008 445.000061 14.00001 447.176514 5.294128 Small_Car 1
464.342285 19.051346 463.0 28.0 442.657715 24.948654 444.0 16.0 Small_Car 1
507.420898 389.22522 489.420898 396.22522 487.0 390.0 505.0 383.0 Small_Car 1
328.0 234.0 316.0 234.0 316.0 212.0 328.0 212.0 Small_Car 1
