721.0 367.0 703.0 367.0 703.0 358.0 721.0 358.0 Small_Car 1
546.448853 101.977554 526.0 103.0 525.551147 94.022446 546.0 93.0 Small_Car 1
669.299255 101.014977 669.000061 107.000008 648.700867 105.985039 649.000061 100.000008 Small_Car 1
548.0 84.000008 547.09021 94.008202 525.0 92.000008 525.90979 81.991814 Small_Car 1
324.0 368.0 303.0 368.0 303.0 358.0 324.0 358.0 Small_Car 1
242.498474 94.972305 224.0 96.0 223.501526 87.027695 242.0 86.0 Small_Car 1
122.0 367.0 101.0 367.0 101.0 358.0 122.0 358.0 Small_Car 1
368.027679 992.524902 359.000031 993.0 358.000031 974.0 367.027679 973.524902 Small_Car 1
975.0 985.0 967.0 985.0 967.0 972.0 975.0 972.0 Small_Car 1
946.975037 887.472412 945.975037 906.472412 936.999939 906.0 937.999939 887.0 Small_Car 1
923.0 911.0 915.0 911.0 915.0 895.0 923.0 895.0 Small_Car 1
888.861633 895.107727 886.861633 911.107727 878.000061 910.000061 880.000061 894.000061 Small_Car 1
975.0 842.0 954.0 842.0 954.0 833.0 975.0 833.0 Small_Car 1
972.0 824.0 956.0 824.0 956.0 817.0 972.0 817.0 Small_Car 1
975.422668 815.030334 956.422668 816.030334 956.000061 807.999939 975.000061 806.999939 Small_Car 1
968.107788 694.138428 967.107788 702.138428 950.000122 700.0 951.000122 692.0 Small_Car 1
833.0 741.0 827.0 741.0 827.0 726.0 833.0 726.0 Small_Car 1
857.0 994.0 837.0 994.0 837.0 986.0 857.0 986.0 Small_Car 1
770.894714 1000.0 763.894714 1000.0 763.0 983.0 769.980713 982.632568 Small_Car 1
771.0 948.000061 769.968872 964.498108 762.0 964.000061 763.031128 947.502014 Small_Car 1
771.0 919.0 763.0 919.0 763.0 900.0 771.0 900.0 Small_Car 1
772.024963 899.522644 762.000061 900.000061 760.975159 878.477478 771.000061 878.000061 Small_Car 1
813.0 847.0 811.959351 861.568481 804.0 861.0 805.040649 846.431519 Small_Car 1
816.0 829.0 814.958618 846.703491 803.0 846.0 804.041382 828.296509 Small_Car 1
772.0 822.0 763.0 822.0 763.0 810.0 772.0 810.0 Small_Car 1
814.000061 811.0 812.975159 831.498779 803.000061 831.0 804.024963 810.501221 Small_Car 1
773.0 758.0 765.024658 758.443115 764.0 740.0 771.975342 739.556885 Small_Car 1
772.0 738.0 763.0 738.0 763.0 720.0 772.0 720.0 Small_Car 1
773.0 706.0 765.0 706.0 765.0 687.0 773.0 687.0 Small_Car 1
813.02771 698.498474 804.0 699.000061 802.97229 680.501648 812.0 680.000061 Small_Car 1
813.0 675.0 804.0 675.0 804.0 658.0 813.0 658.0 Small_Car 1
813.0 612.999939 811.968994 630.527527 803.0 629.999939 804.031006 612.472351 Small_Car 1
953.4104 568.02417 953.0 575.0 935.5896 573.97583 936.0 567.0 Small_Car 1
960.0 325.0 952.0 325.0 952.0 310.0 960.0 310.0 Small_Car 1
897.999939 309.0 890.024597 309.443054 888.999939 291.0 896.975281 290.556946 Small_Car 1
834.0 292.000031 826.022095 292.419891 825.0 272.999969 832.977905 272.580109 Small_Car 1
896.0 289.0 889.0 289.0 889.0 272.0 896.0 272.0 Small_Car 1
835.0 315.0 825.0 315.0 825.0 298.0 835.0 298.0 Small_Car 1
670.0 1000.0 661.0 1000.0 661.0 996.0 670.0 996.0 Small_Car 1
408.0 950.0 400.0 950.0 400.0 935.0 408.0 935.0 Small_Car 1
369.0 923.000061 367.975159 942.472473 359.0 942.000061 360.024841 922.527649 Small_Car 1
409.792084 870.079224 407.891083 889.089111 396.999969 888.0 398.90097 868.990112 Small_Car 1
571.0 861.0 553.0 861.0 553.0 854.0 571.0 854.0 Small_Car 1
646.303833 873.986877 623.0 875.000061 622.696167 868.013245 646.0 867.000061 Small_Car 1
690.000061 870.000122 689.617737 878.029541 668.000061 877.000122 668.382385 868.970703 Small_Car 1
722.0 877.0 695.0 877.0 695.0 869.0 722.0 869.0 Small_Car 1
745.0 876.0 726.0 876.0 726.0 869.0 745.0 869.0 Small_Car 1
678.0 774.999878 660.079956 777.559937 659.079956 770.559937 677.0 767.999878 Small_Car 1
746.0 774.0 727.0 774.0 727.0 766.0 746.0 766.0 Small_Car 1
579.0 685.0 561.0 685.0 561.0 676.0 579.0 676.0 Small_Car 1
586.60376 777.113159 565.60376 783.113159 563.0 774.0 584.0 768.0 Small_Car 1
515.0 674.0 506.0 674.0 506.0 656.0 515.0 656.0 Small_Car 1
410.0 727.0 401.0 727.0 401.0 709.0 410.0 709.0 Small_Car 1
409.999969 676.000061 399.975128 676.527649 398.975128 657.527649 408.999969 657.000061 Small_Car 1
368.999969 750.0 360.024811 750.472412 358.999969 731.0 367.975128 730.527588 Small_Car 1
369.000031 684.0 360.022491 684.448853 359.000031 664.0 367.97757 663.551147 Small_Car 1
555.000061 614.0 532.410339 615.026855 532.000061 606.0 554.589783 604.973145 Small_Car 1
748.0 627.999939 737.662109 642.472961 730.662109 637.472961 741.0 622.999939 Small_Car 1
720.0 615.000061 719.598511 623.029968 699.598511 622.029968 700.0 614.000061 Small_Car 1
774.0 494.0 764.0 494.0 764.0 474.0 774.0 474.0 Small_Car 1
773.0 449.0 764.0 449.0 764.0 431.0 773.0 431.0 Small_Car 1
586.0 468.0 579.0 468.0 579.0 451.0 586.0 451.0 Small_Car 1
641.0 459.0 633.0 459.0 633.0 441.0 641.0 441.0 Small_Car 1
585.0 452.0 578.0 452.0 578.0 437.0 585.0 437.0 Small_Car 1
408.0 620.0 399.0 620.0 399.0 601.0 408.0 601.0 Small_Car 1
410.0 575.999939 401.969238 576.446106 400.969238 558.446106 409.0 557.999939 Small_Car 1
410.0 550.0 401.0 550.0 401.0 533.0 410.0 533.0 Small_Car 1
410.000031 470.0 409.000031 488.0 399.972321 487.498474 400.972321 469.498474 Small_Car 1
409.000061 450.000031 407.981934 471.380096 400.000061 471.000031 401.018188 449.619965 Small_Car 1
410.0 452.0 401.0 452.0 401.0 434.0 410.0 434.0 Small_Car 1
369.0 540.0 360.0 540.0 360.0 523.0 369.0 523.0 Small_Car 1
368.0 524.0 358.0 524.0 358.0 505.0 368.0 505.0 Small_Car 1
370.0 485.0 360.0 485.0 360.0 467.0 370.0 467.0 Small_Car 1
370.0 468.0 360.0 468.0 360.0 447.0 370.0 447.0 Small_Car 1
7.000002 984.000061 0.0 984.000122 0.0 967.353027 6.000002 967.000061 Small_Car 1
6.0 905.0 0.0 905.0 0.0 886.0 6.0 886.0 Small_Car 1
7.0 882.0 0.0 882.0 0.0 865.0 7.0 865.0 Small_Car 1
6.0 835.0 0.0 835.0 0.0 820.0 6.0 820.0 Small_Car 1
194.25 1000.0 185.125 1000.0 184.0 991.000061 192.984619 989.877014 Small_Car 1
202.0 966.0 182.0 966.0 182.0 959.0 202.0 959.0 Small_Car 1
197.87265 926.087463 181.87265 937.087463 176.999969 929.999939 192.999969 918.999939 Small_Car 1
229.0 817.0 228.188538 825.92627 217.188538 824.92627 218.0 816.0 Small_Car 1
246.106598 813.172241 237.000031 814.000122 235.893463 801.828003 245.000031 801.000122 Small_Car 1
259.0 811.0 249.0 811.0 249.0 793.0 259.0 793.0 Small_Car 1
206.0 709.0 186.0 709.0 186.0 703.0 206.0 703.0 Small_Car 1
7.035397 680.531006 0.0 681.0 0.0 665.93335 6.035397 665.531006 Small_Car 1
8.034484 635.413879 1.0 636.000061 0.0 624.000061 7.034484 623.413879 Small_Car 1
163.0 740.0 152.0 740.0 152.0 723.0 163.0 723.0 Small_Car 1
149.261551 720.092346 141.261551 721.092346 139.000015 703.000061 147.000015 702.000061 Small_Car 1
255.764069 670.022461 234.764069 672.022461 234.000031 664.0 255.000031 662.0 Small_Car 1
205.367401 677.019287 205.0 684.0 185.632599 682.980713 186.0 676.0 Small_Car 1
207.999969 664.0 194.617615 665.029419 193.999969 657.0 207.382324 655.970581 Small_Car 1
182.0 647.999939 179.993164 665.057922 171.0 663.999939 173.006836 646.941956 Small_Car 1
199.0 638.0 190.0 638.0 190.0 620.0 199.0 620.0 Small_Car 1
343.0 558.0 323.0 558.0 323.0 549.0 343.0 549.0 Small_Car 1
203.022095 598.580139 202.0 618.000061 190.977905 617.419983 192.0 598.000061 Small_Car 1
228.240814 497.886688 210.807373 506.090668 207.0 498.000031 224.433441 489.796051 Small_Car 1
250.0 424.0 240.0 424.0 240.0 406.0 250.0 406.0 Small_Car 1
52.739727 615.972656 52.000004 623.0 33.000004 621.0 33.739727 613.972656 Small_Car 1
46.501945 577.968933 46.0 586.000061 30.0 585.000061 30.501945 576.968933 Small_Car 1
6.999997 607.0 1.023342 607.373535 0.0 591.000061 5.97665 590.626465 Small_Car 1
166.0 579.0 157.0 579.0 157.0 562.0 166.0 562.0 Small_Car 1
135.0 566.0 126.0 566.0 126.0 547.0 135.0 547.0 Small_Car 1
183.0 528.0 162.0 528.0 162.0 520.0 183.0 520.0 Small_Car 1
169.09552 493.675171 163.999969 511.0 154.904419 508.324829 159.999969 491.0 Small_Car 1
135.0 512.0 125.022621 512.475159 124.000008 491.000031 133.977386 490.524902 Small_Car 1
166.0 429.0 157.0 429.0 157.0 410.0 166.0 410.0 Small_Car 1
990.0 234.0 969.0 234.0 969.0 227.0 990.0 227.0 Small_Car 1
927.0 235.0 905.0 235.0 905.0 227.0 927.0 227.0 Small_Car 1
969.419922 192.022095 969.0 200.0 949.580078 198.977905 950.0 191.0 Small_Car 1
926.0 200.0 905.0 200.0 905.0 193.0 926.0 193.0 Small_Car 1
880.0 200.0 858.0 200.0 858.0 192.0 880.0 192.0 Small_Car 1
865.349121 227.017487 865.0 234.000031 844.650879 232.982574 845.0 226.000031 Small_Car 1
875.448853 158.02243 875.0 167.0 854.551147 165.97757 855.0 157.0 Small_Car 1
983.0 5.0 966.0 5.0 966.0 0.0 983.0 0.0 Small_Car 1
813.0 380.0 805.027588 380.468994 804.0 363.0 811.972412 362.531006 Small_Car 1
772.0 299.0 764.0 299.0 764.0 283.0 772.0 283.0 Small_Car 1
815.0 287.0 805.0 287.0 805.0 269.0 815.0 269.0 Small_Car 1
812.0 323.0 804.0 323.0 804.0 307.0 812.0 307.0 Small_Car 1
814.027588 287.475159 813.027588 306.475159 804.0 306.0 805.0 287.0 Small_Car 1
724.0 281.0 706.0 281.0 706.0 272.0 724.0 272.0 Small_Car 1
569.0 347.0 559.0 347.0 559.0 326.0 569.0 326.0 Small_Car 1
555.0 401.0 534.0 401.0 534.0 392.0 555.0 392.0 Small_Car 1
621.279541 397.9888 596.0 398.999969 595.720459 392.011139 621.0 390.999969 Small_Car 1
676.0 398.0 654.0 398.0 654.0 392.0 676.0 392.0 Small_Car 1
693.0 366.0 673.0 366.0 673.0 359.0 693.0 359.0 Small_Car 1
649.0 365.0 629.0 365.0 629.0 357.0 649.0 357.0 Small_Car 1
548.0 367.0 528.0 367.0 528.0 358.0 548.0 358.0 Small_Car 1
553.362915 369.016479 553.0 377.0 530.637085 375.983521 531.0 368.0 Small_Car 1
518.332642 399.984222 497.000031 401.000031 496.66745 394.015839 518.0 393.000031 Small_Car 1
483.0 366.0 464.0 366.0 464.0 358.0 483.0 358.0 Small_Car 1
773.0 231.0 763.0 231.0 763.0 211.0 773.0 211.0 Small_Car 1
813.0 149.0 804.0 149.0 804.0 132.0 813.0 132.0 Small_Car 1
813.0 115.0 812.0 133.0 803.969238 132.553848 804.969238 114.553848 Small_Car 1
773.0 98.0 763.0 98.0 763.0 81.0 773.0 81.0 Small_Car 1
813.0 105.0 805.0 105.0 805.0 86.0 813.0 86.0 Small_Car 1
813.0 85.0 805.0 85.0 805.0 68.0 813.0 68.0 Small_Car 1
773.0 83.0 763.027588 83.524864 762.0 64.0 771.972412 63.475136 Small_Car 1
773.0 50.0 763.0 50.0 763.0 29.0 773.0 29.0 Small_Car 1
772.0 30.0 761.0 30.0 761.0 11.0 772.0 11.0 Small_Car 1
773.899963 0.0 773.0 9.000005 763.990112 8.099014 764.799988 0.0 Small_Car 1
710.0 106.0 693.0 106.0 693.0 99.0 710.0 99.0 Small_Car 1
590.351562 243.967606 590.0 251.000015 570.0 250.000015 570.351562 242.967606 Small_Car 1
574.0 239.0 554.0 239.0 554.0 232.0 574.0 232.0 Small_Car 1
534.387695 260.978455 516.0 262.0 515.612305 255.021545 534.0 254.0 Small_Car 1
536.0 219.000015 516.0 220.000015 515.698242 213.965103 535.698242 212.965103 Small_Car 1
579.367493 187.980667 560.000061 189.000015 559.632629 182.019363 579.000061 181.000015 Small_Car 1
579.0 178.0 562.0 178.0 562.0 173.0 579.0 173.0 Small_Car 1
474.0 137.0 453.0 137.0 453.0 128.0 474.0 128.0 Small_Car 1
555.0 65.0 547.0 65.0 547.0 48.0 555.0 48.0 Small_Car 1
545.0 81.0 524.0 81.0 524.0 72.0 545.0 72.0 Small_Car 1
494.0 108.0 472.0 108.0 472.0 97.0 494.0 97.0 Small_Car 1
471.0 107.0 447.0 107.0 447.0 98.0 471.0 98.0 Small_Car 1
367.0 24.0 357.0 24.0 357.0 5.0 367.0 5.0 Small_Car 1
366.0 46.0 359.021545 46.387695 358.0 28.0 364.978455 27.612305 Small_Car 1
408.027222 13.564203 407.0 30.000002 397.972778 29.435801 399.0 13.000002 Small_Car 1
407.0 64.0 400.0 64.0 400.0 47.0 407.0 47.0 Small_Car 1
367.0 120.0 357.0 120.0 357.0 103.0 367.0 103.0 Small_Car 1
408.0 152.0 400.0 152.0 400.0 134.0 408.0 134.0 Small_Car 1
403.0 266.0 383.0 266.0 383.0 259.0 403.0 259.0 Small_Car 1
436.0 337.0 428.0 337.0 428.0 321.0 436.0 321.0 Small_Car 1
427.0 338.0 418.098633 338.937012 416.098633 319.937012 425.0 319.0 Small_Car 1
415.0 364.0 395.0 366.0 394.306946 359.069336 414.306946 357.069336 Small_Car 1
272.0 396.0 253.335388 397.036926 253.0 391.0 271.664612 389.963074 Small_Car 1
109.0 399.0 91.0 399.0 91.0 392.0 109.0 392.0 Small_Car 1
63.000004 399.0 40.000004 400.0 39.69434 392.969788 62.69434 391.969788 Small_Car 1
197.0 323.000031 187.972778 323.56424 186.972778 307.56424 196.0 307.000031 Small_Car 1
188.000015 326.000031 181.022964 329.05246 174.022964 313.05246 181.000015 310.000031 Small_Car 1
158.0 340.0 139.0 340.0 139.0 331.0 158.0 331.0 Small_Car 1
96.419891 365.977936 77.0 367.000031 76.580109 359.022125 96.0 358.000031 Small_Car 1
279.999969 17.0 271.968964 17.472412 270.968964 0.472414 278.999969 2e-06 Small_Car 1
301.0 17.0 292.0 17.0 292.0 0.0 301.0 0.0 Small_Car 1
291.0 19.0 283.027588 19.468964 282.0 2.0 289.972412 1.531036 Small_Car 1
271.030365 18.577349 262.999969 19.000002 262.0 0.0 270.052612 0.0 Small_Car 1
328.509766 64.187805 326.0 70.999992 306.490234 63.812191 309.0 57.0 Small_Car 1
253.878036 30.097561 251.878036 48.097561 241.999985 47.000004 243.999985 29.000004 Small_Car 1
264.0 85.0 263.180328 94.016388 241.000015 92.0 241.819702 82.983612 Small_Car 1
322.0 94.0 301.0 94.0 301.0 86.0 322.0 86.0 Small_Car 1
220.999985 93.0 200.999985 94.0 200.598495 85.970078 220.598495 84.970078 Small_Car 1
227.0 112.0 210.0 114.0 209.2901 107.965866 226.2901 105.965866 Small_Car 1
299.000031 212.0 291.097565 212.878052 289.000031 194.0 296.902496 193.121948 Small_Car 1
289.0 213.0 281.0 213.0 281.0 195.0 289.0 195.0 Small_Car 1
170.427628 271.020355 170.000015 279.999969 148.572403 278.979584 149.000015 269.999969 Small_Car 1
171.0 271.0 151.0 271.0 151.0 262.0 171.0 262.0 Small_Car 1
175.0 258.0 153.0 258.0 153.0 249.0 175.0 249.0 Small_Car 1
131.351624 179.032425 111.351624 180.032425 111.0 173.000015 131.0 172.000015 Small_Car 1
165.0 117.0 141.0 117.0 141.0 109.0 165.0 109.0 Small_Car 1
134.02475 101.544327 124.000008 102.0 122.975258 79.455673 133.0 79.0 Small_Car 1
233.000031 0.0 231.901672 12.081967 220.901672 11.081967 221.909119 0.0 Small_Car 1
175.419876 12.022099 174.999985 20.0 155.580093 18.9779 155.999985 10.999998 Small_Car 1
86.314911 22.983425 67.0 24.0 66.685089 18.016575 86.0 17.0 Small_Car 1
6.0 207.0 0.0 207.0 0.0 186.0 6.0 186.0 Small_Car 1
8.0 257.0 0.0 257.0 0.0 240.0 8.0 240.0 Small_Car 1
6.0 118.0 0.0 118.0 0.0 103.0 6.0 103.0 Small_Car 1
6.0 101.0 0.0 101.0 0.0 84.0 6.0 84.0 Small_Car 1
7.0 66.0 0.0 66.0 0.0 50.0 7.0 50.0 Small_Car 1
368.0 888.0 360.097534 888.878052 358.0 870.0 365.902466 869.121948 Small_Car 1
240.030762 17.553846 232.0 18.000002 231.0 0.0 239.055542 0.0 Small_Car 1
575.0 366.0 555.0 366.0 555.0 357.0 575.0 357.0 Small_Car 1
