682.0 975.999939 661.0 978.999939 660.0 971.999939 681.0 968.999939 Small_Car 1
688.162109 892.972961 676.0 894.999939 672.837891 876.026917 685.0 873.999939 Small_Car 1
664.000061 923.000122 647.877014 925.015503 647.000061 918.000122 663.123108 915.984741 Small_Car 1
666.000061 913.999939 646.000061 916.999939 644.78241 908.882629 664.78241 905.882629 Small_Car 1
701.000061 841.000122 681.697693 845.063843 680.000061 837.000122 699.302429 832.936401 Small_Car 1
600.576904 990.884705 580.0 995.000061 578.423096 987.115417 599.0 983.000061 Small_Car 1
594.162109 972.973145 576.0 976.000122 574.837891 969.0271 593.0 966.000122 Small_Car 1
575.195618 912.970703 555.000061 916.0 553.804504 908.029297 574.000061 905.0 Small_Car 1
621.089233 857.987854 599.0 861.000061 597.910767 853.012268 620.0 850.000061 Small_Car 1
616.999939 848.999878 595.999939 851.999878 594.999939 844.999878 615.999939 841.999878 Small_Car 1
625.0 799.0 605.127075 802.137817 604.0 795.0 623.872925 791.862183 Small_Car 1
598.999939 803.000122 579.999939 808.000122 577.90155 800.026001 596.90155 795.026001 Small_Car 1
