500.0 397.0 484.0 397.0 484.0 389.0 500.0 389.0 Small_Car 1
938.240112 791.320068 928.000122 799.000122 915.760132 782.680176 926.000122 775.000122 Small_Car 1
780.218506 962.128601 775.0 971.000061 757.781494 960.871521 763.0 952.000061 Small_Car 1
513.415771 698.187134 508.999969 708.0 488.584198 698.812866 492.999969 689.0 Small_Car 1
501.082581 715.724731 498.0 726.0 478.0 720.0 481.082581 709.724731 Small_Car 1
576.03949 426.603943 575.03949 436.603943 568.999939 436.0 569.999939 426.0 Small_Car 1
219.275833 736.689758 216.999985 742.000061 202.999985 736.000061 205.275833 730.689758 Small_Car 1
322.0 535.0 310.0 535.0 310.0 529.0 322.0 529.0 Small_Car 1
325.000061 508.000061 324.496582 514.041443 312.496582 513.041443 313.000061 507.000061 Small_Car 1
402.246063 743.064819 400.147614 751.03894 380.90152 745.974121 382.999969 738.0 Small_Car 1
390.000031 719.0 387.600006 726.199951 369.000031 720.0 371.400055 712.800049 Small_Car 1
364.0 763.0 361.172424 770.06897 341.0 762.0 343.827576 754.93103 Small_Car 1
314.096527 735.037415 311.000031 742.999939 292.903534 735.962463 296.000031 727.999939 Small_Car 1
309.0 744.0 306.046326 752.01709 287.0 745.0 289.953674 736.98291 Small_Car 1
300.367004 763.110107 298.000061 771.0 277.633057 764.889893 280.0 757.0 Small_Car 1
289.463501 728.77417 286.0 737.0 267.0 729.0 270.463501 720.77417 Small_Car 1
283.400055 747.200012 280.000031 754.000061 264.000031 746.000061 267.400055 739.200012 Small_Car 1
278.999969 755.999939 276.172394 763.068909 255.999969 754.999939 258.827545 747.930969 Small_Car 1
34.035988 109.138817 23.0 111.999992 16.0 84.999992 27.035988 82.138817 Small_Car 1
0.0 820.200012 0.0 810.666687 4.047155 810.666687 4.047155 820.200012 Small_Car 1
44.000023 769.0 36.000023 788.0 27.774139 784.536499 35.774139 765.536499 Small_Car 1
29.18359 758.580383 21.999985 775.000061 13.816379 771.419739 20.999985 755.000061 Small_Car 1
91.097305 672.816162 82.000015 690.0 72.90271 685.183838 82.0 668.0 Small_Car 1
100.053383 639.829224 95.000008 656.0 85.946632 653.170776 91.000008 637.0 Small_Car 1
86.045319 625.856445 80.045319 644.856445 70.999985 642.0 76.999985 623.0 Small_Car 1
130.000031 551.0 125.947502 572.275757 114.000023 570.0 118.052544 548.724243 Small_Car 1
112.000023 544.0 104.000023 569.0 94.058083 565.818604 102.058083 540.818604 Small_Car 1
145.000015 450.000031 143.000015 472.000031 132.000015 471.000031 134.000015 449.000031 Small_Car 1
127.000008 453.0 122.85601 475.791992 113.000008 474.0 117.144005 451.208008 Small_Car 1
129.0 417.0 119.0 417.0 119.0 398.0 129.0 398.0 Small_Car 1
149.027695 354.498474 140.000015 355.0 138.972336 336.501526 148.000015 336.0 Small_Car 1
124.999992 285.999969 116.098625 286.936981 114.098625 267.936981 122.999992 266.999969 Small_Car 1
110.999992 206.0 101.04705 208.211761 96.999992 190.0 106.952934 187.788239 Small_Car 1
100.0 101.0 90.07869 103.334427 86.0 86.0 95.92131 83.665573 Small_Car 1
78.0 84.999992 68.045334 88.143562 62.000004 68.999992 71.954666 65.856422 Small_Car 1
328.200012 717.400085 325.200012 726.400085 306.0 720.000061 309.0 711.000061 Small_Car 1
305.300018 752.099976 302.300018 761.099976 284.000031 755.0 287.000031 746.0 Small_Car 1
