2.0 465.0 30.0 450.0 26.0 443.0 -1.0 458.0 Fishing_Boat 1
27.0 454.0 53.0 504.0 63.0 500.0 35.0 450.0 Fishing_Boat 1
51.0 595.0 93.0 575.0 89.0 568.0 48.0 587.0 Fishing_Boat 1
55.0 603.0 97.0 582.0 94.0 576.0 52.0 595.0 Fishing_Boat 1
24.0 652.0 69.0 628.0 65.0 620.0 20.0 644.0 Fishing_Boat 1
27.0 659.0 71.0 636.0 68.0 629.0 24.0 652.0 Fishing_Boat 1
26.0 669.0 74.0 645.0 70.0 637.0 23.0 662.0 Fishing_Boat 1
101.0 639.0 121.0 685.0 127.0 681.0 108.0 637.0 Fishing_Boat 1
111.0 639.0 127.0 679.0 134.0 676.0 119.0 637.0 Fishing_Boat 1
66.0 662.0 84.0 703.0 94.0 698.0 74.0 657.0 Fishing_Boat 1
114.0 687.0 94.0 646.0 86.0 651.0 106.0 692.0 Fishing_Boat 1
121.0 684.0 101.0 643.0 95.0 645.0 113.0 687.0 Fishing_Boat 1
82.0 765.0 123.0 745.0 119.0 737.0 78.0 759.0 Fishing_Boat 1
78.0 760.0 116.0 737.0 113.0 730.0 75.0 754.0 Fishing_Boat 1
75.0 754.0 115.0 727.0 110.0 720.0 72.0 746.0 Fishing_Boat 1
75.0 744.0 109.0 720.0 105.0 713.0 72.0 738.0 Fishing_Boat 1
66.0 740.0 105.0 712.0 100.0 706.0 60.0 735.0 Fishing_Boat 1
60.0 735.0 100.0 705.0 96.0 698.0 54.0 728.0 Fishing_Boat 1
120.0 720.0 104.0 695.0 99.0 697.0 114.0 723.0 Fishing_Boat 1
163.0 784.0 144.0 738.0 136.0 742.0 155.0 787.0 Fishing_Boat 1
145.0 740.0 164.0 786.0 172.0 782.0 152.0 737.0 Fishing_Boat 1
153.0 737.0 171.0 779.0 178.0 776.0 161.0 734.0 Fishing_Boat 1
104.0 832.0 150.0 809.0 146.0 801.0 100.0 825.0 Fishing_Boat 1
111.0 837.0 152.0 815.0 150.0 809.0 107.0 830.0 Fishing_Boat 1
116.0 845.0 156.0 822.0 153.0 817.0 113.0 837.0 Fishing_Boat 1
119.0 854.0 160.0 830.0 156.0 823.0 115.0 845.0 Fishing_Boat 1
122.0 861.0 163.0 839.0 159.0 832.0 119.0 854.0 Fishing_Boat 1
126.0 869.0 168.0 846.0 165.0 839.0 123.0 862.0 Fishing_Boat 1
151.0 801.0 173.0 844.0 179.0 839.0 159.0 796.0 Fishing_Boat 1
159.0 795.0 181.0 839.0 188.0 837.0 166.0 793.0 Fishing_Boat 1
168.0 795.0 189.0 836.0 196.0 831.0 175.0 792.0 Fishing_Boat 1
207.0 825.0 229.0 869.0 238.0 864.0 217.0 820.0 Fishing_Boat 1
200.0 829.0 221.0 873.0 229.0 870.0 207.0 825.0 Fishing_Boat 1
221.0 876.0 201.0 834.0 195.0 837.0 214.0 879.0 Fishing_Boat 1
215.0 884.0 194.0 837.0 185.0 840.0 206.0 887.0 Fishing_Boat 1
170.0 857.0 193.0 901.0 200.0 897.0 175.0 854.0 Fishing_Boat 1
161.0 862.0 183.0 904.0 191.0 900.0 169.0 860.0 Fishing_Boat 1
154.0 867.0 176.0 910.0 183.0 905.0 160.0 863.0 Fishing_Boat 1
139.0 888.0 176.0 920.0 182.0 913.0 145.0 881.0 Fishing_Boat 1
238.0 931.0 217.0 890.0 208.0 894.0 230.0 936.0 Fishing_Boat 1
174.0 930.0 216.0 907.0 211.0 901.0 171.0 923.0 Fishing_Boat 1
175.0 938.0 218.0 915.0 215.0 910.0 172.0 932.0 Fishing_Boat 1
176.0 948.0 221.0 926.0 218.0 919.0 173.0 942.0 Fishing_Boat 1
177.0 957.0 223.0 935.0 219.0 928.0 175.0 951.0 Fishing_Boat 1
179.0 965.0 225.0 943.0 221.0 936.0 175.0 960.0 Fishing_Boat 1
284.0 979.0 258.0 930.0 250.0 936.0 275.0 984.0 Fishing_Boat 1
276.0 988.0 247.0 931.0 236.0 937.0 267.0 994.0 Fishing_Boat 1
214.0 959.0 234.0 998.0 241.0 995.0 221.0 955.0 Fishing_Boat 1
221.0 956.0 242.0 995.0 249.0 992.0 227.0 953.0 Fishing_Boat 1
206.0 963.0 226.0 1002.0 233.0 998.0 214.0 960.0 Fishing_Boat 1
355.0 150.0 291.0 145.0 290.0 159.0 354.0 162.0 Fishing_Boat 1
671.0 201.0 631.0 145.0 619.0 155.0 656.0 211.0 Fishing_Boat 1
766.0 28.0 763.0 121.0 778.0 121.0 781.0 29.0 Fishing_Boat 1
781.0 48.0 780.0 95.0 789.0 95.0 791.0 48.0 Fishing_Boat 1
