550.0 11.0 526.0 52.0 516.0 45.0 541.0 4.0 Fishing_Boat 1
532.0 18.0 515.0 46.0 509.0 43.0 527.0 14.0 Fishing_Boat 1
597.0 140.0 586.0 143.0 572.0 79.0 581.0 77.0 Fishing_Boat 1
602.0 125.0 595.0 127.0 581.0 76.0 590.0 75.0 Fishing_Boat 1
526.0 197.0 515.0 200.0 505.0 143.0 519.0 140.0 Fishing_Boat 1
614.0 239.0 603.0 244.0 580.0 187.0 591.0 184.0 Fishing_Boat 1
735.0 238.0 725.0 243.0 707.0 192.0 718.0 188.0 Fishing_Boat 1
688.0 377.0 675.0 381.0 654.0 325.0 667.0 320.0 Fishing_Boat 1
591.0 418.0 577.0 421.0 557.0 357.0 571.0 354.0 Fishing_Boat 1
524.0 334.0 512.0 335.0 502.0 281.0 513.0 279.0 Fishing_Boat 1
533.0 328.0 523.0 330.0 512.0 280.0 522.0 278.0 Fishing_Boat 1
455.0 275.0 444.0 277.0 434.0 222.0 447.0 220.0 Fishing_Boat 1
435.0 105.0 430.0 145.0 423.0 144.0 426.0 104.0 Fishing_Boat 1
440.0 107.0 439.0 138.0 433.0 138.0 434.0 106.0 Fishing_Boat 1
315.0 227.0 308.0 228.0 304.0 202.0 311.0 201.0 Fishing_Boat 1
324.0 232.0 317.0 232.0 313.0 197.0 320.0 196.0 Fishing_Boat 1
330.0 230.0 325.0 230.0 320.0 195.0 325.0 194.0 Fishing_Boat 1
339.0 227.0 331.0 228.0 325.0 194.0 332.0 193.0 Fishing_Boat 1
347.0 229.0 340.0 230.0 333.0 190.0 340.0 189.0 Fishing_Boat 1
354.0 229.0 348.0 229.0 341.0 190.0 348.0 188.0 Fishing_Boat 1
361.0 226.0 354.0 227.0 347.0 190.0 354.0 188.0 Fishing_Boat 1
339.0 351.0 331.0 354.0 315.0 320.0 321.0 317.0 Fishing_Boat 1
375.0 362.0 366.0 364.0 354.0 328.0 364.0 325.0 Fishing_Boat 1
388.0 368.0 379.0 370.0 366.0 329.0 374.0 326.0 Fishing_Boat 1
392.0 468.0 385.0 469.0 379.0 444.0 386.0 442.0 Fishing_Boat 1
399.0 468.0 393.0 469.0 388.0 444.0 393.0 443.0 Fishing_Boat 1
406.0 468.0 400.0 470.0 393.0 438.0 399.0 437.0 Fishing_Boat 1
414.0 465.0 406.0 468.0 398.0 427.0 404.0 425.0 Fishing_Boat 1
420.0 461.0 414.0 462.0 407.0 434.0 414.0 431.0 Fishing_Boat 1
484.0 393.0 478.0 394.0 472.0 360.0 478.0 359.0 Fishing_Boat 1
493.0 402.0 484.0 402.0 480.0 362.0 490.0 361.0 Fishing_Boat 1
500.0 401.0 494.0 402.0 490.0 369.0 496.0 368.0 Fishing_Boat 1
575.0 559.0 565.0 562.0 550.0 504.0 559.0 501.0 Fishing_Boat 1
645.193665 600.0 632.612976 600.0 613.0 562.0 622.934326 556.872681 Fishing_Boat 1
769.215332 600.0 753.184631 600.0 741.0 564.0 755.383057 559.131836 Fishing_Boat 1
480.277802 600.0 471.555573 600.0 463.389923 591.354004 468.000031 587.0 Fishing_Boat 1
