829.694092 651.02356 828.0 701.0 768.305908 698.97644 770.0 649.0 Intersection Road 1
208.001648 660.959167 205.999969 709.999939 157.998322 708.04071 160.0 658.999939 Intersection Road 1
205.0 291.0 161.0 291.0 161.0 257.0 205.0 257.0 Intersection Road 1
825.0 286.0 763.0 286.0 763.0 240.0 825.0 240.0 Intersection Road 1
1000.0 40.0 971.0 40.0 971.0 29.0 1000.0 29.0 Dump_Truck Vehicle 1
784.0 202.0 775.0 202.0 775.0 186.0 784.0 186.0 Small_Car Vehicle 1
672.877075 189.955627 664.0 191.0 662.0 174.0 670.877075 172.955627 Dump_Truck Vehicle 1
746.000122 88.000015 740.000122 103.000015 731.724243 99.689667 737.724243 84.689667 Small_Car Vehicle 1
581.0 37.0 561.0 37.0 561.0 29.0 581.0 29.0 Small_Car Vehicle 1
660.0 104.0 651.0 104.0 651.0 85.0 660.0 85.0 Small_Car Vehicle 1
613.0 99.0 603.0 99.0 603.0 86.0 613.0 86.0 Small_Car Vehicle 1
593.000061 99.000008 581.000061 100.000008 580.000061 88.000008 592.000061 87.000008 Small_Car Vehicle 1
575.020264 99.284271 565.0 100.0 563.979736 85.715729 574.0 85.0 Small_Car Vehicle 1
560.999939 86.0 556.84613 101.230774 545.84613 98.230774 549.999939 83.0 Small_Car Vehicle 1
488.999969 126.000015 472.999969 137.000015 467.339508 128.766586 483.339508 117.766586 Small_Car Vehicle 1
464.0 138.0 454.0 138.0 454.0 120.0 464.0 120.0 Van Vehicle 1
520.0 32.0 498.0 32.0 498.0 24.0 520.0 24.0 Small_Car Vehicle 1
494.0 66.0 471.0 66.0 471.0 59.0 494.0 59.0 Small_Car Vehicle 1
493.0 51.0 472.0 51.0 472.0 44.0 493.0 44.0 Small_Car Vehicle 1
491.0 31.0 473.0 31.0 473.0 24.0 491.0 24.0 Small_Car Vehicle 1
387.0 71.0 365.0 71.0 365.0 63.0 387.0 63.0 Van Vehicle 1
187.999969 61.000008 186.999969 86.000008 174.979218 85.519173 175.979218 60.519173 Dump_Truck Vehicle 1
111.112427 143.869812 92.0 166.0 82.887573 158.130188 102.0 136.0 Excavator Vehicle 1
179.0 123.0 170.0 123.0 170.0 106.0 179.0 106.0 Dump_Truck Vehicle 1
181.022629 123.479248 180.022629 146.479248 168.999985 146.0 169.999985 123.0 Dump_Truck Vehicle 1
181.006912 149.917252 179.000015 174.000015 167.993118 173.082779 170.000015 149.000015 Dump_Truck Vehicle 1
293.0 255.0 292.564148 265.024536 269.0 264.0 269.435852 253.975464 Small_Car Vehicle 1
270.347168 286.015076 270.0 294.0 246.652832 292.984924 247.0 285.0 Small_Car Vehicle 1
127.0 265.0 94.0 265.0 94.0 255.0 127.0 255.0 Dump_Truck Vehicle 1
50.0 266.0 30.0 266.0 30.0 258.0 50.0 258.0 Small_Car Vehicle 1
190.022629 267.524963 189.022629 288.524963 178.000015 288.000061 179.000015 267.000061 Dump_Truck Vehicle 1
32.0 327.0 10.0 327.0 10.0 320.0 32.0 320.0 Dump_Truck Vehicle 1
30.0 338.0 8.0 338.0 8.0 330.0 30.0 330.0 Dump_Truck Vehicle 1
30.0 363.0 9.0 363.0 9.0 355.0 30.0 355.0 Van Vehicle 1
651.0 261.0 633.0 261.0 633.0 250.0 651.0 250.0 Small_Car Vehicle 1
691.000061 383.000031 678.016418 384.180328 676.000061 362.000031 688.983704 360.819733 Dump_Truck Vehicle 1
676.0 385.0 664.0 385.0 664.0 362.0 676.0 362.0 Dump_Truck Vehicle 1
750.0 392.0 739.0 392.0 739.0 374.0 750.0 374.0 Small_Car Vehicle 1
714.4021 392.545776 707.0 398.0 692.5979 378.454224 700.0 373.0 Dump_Truck Vehicle 1
726.0 376.0 725.0 394.0 715.97229 393.498474 716.97229 375.498474 Small_Car Vehicle 1
738.0 391.0 727.0 391.0 727.0 372.0 738.0 372.0 Dump_Truck Vehicle 1
785.000061 407.0 777.031189 407.498047 776.000061 391.0 783.968933 390.501953 Van Vehicle 1
522.0 369.0 499.0 369.0 499.0 361.0 522.0 361.0 Small_Car Vehicle 1
520.427673 380.020386 520.000061 389.0 498.572449 387.979614 499.000061 379.0 Small_Car Vehicle 1
520.349121 405.017456 520.000061 412.0 499.650909 410.982544 500.0 404.0 Small_Car Vehicle 1
521.0 437.0 500.0 437.0 500.0 428.0 521.0 428.0 Small_Car Vehicle 1
523.0 456.0 502.0 456.0 502.0 448.0 523.0 448.0 Small_Car Vehicle 1
29.012201 570.109802 20.012201 571.109802 18.000006 553.000061 27.000006 552.000061 Small_Car Vehicle 1
17.0 570.0 8.0 570.0 8.0 553.0 17.0 553.0 Small_Car Vehicle 1
31.000015 582.0 19.000015 598.0 10.360016 591.52002 22.360016 575.52002 Small_Car Vehicle 1
128.0 566.999939 126.0 576.999939 104.846161 572.769226 106.846161 562.769226 Small_Car Vehicle 1
470.0 524.0 460.0 524.0 460.0 508.0 470.0 508.0 Small_Car Vehicle 1
457.0 526.0 447.0 526.0 447.0 507.0 457.0 507.0 Small_Car Vehicle 1
445.0 523.0 436.0 523.0 436.0 509.0 445.0 509.0 Van Vehicle 1
421.0 527.0 411.0 527.0 411.0 508.0 421.0 508.0 Small_Car Vehicle 1
408.999969 524.0 399.999969 525.0 397.999969 507.0 406.999969 506.0 Van Vehicle 1
397.027618 525.469055 388.000031 526.000061 386.972443 508.531067 396.000031 508.000061 Small_Car Vehicle 1
382.0 530.0 366.0 530.0 366.0 506.0 382.0 506.0 Excavator Vehicle 1
351.0 537.0 328.0 537.0 328.0 529.0 351.0 529.0 Van Vehicle 1
357.0 549.0 329.0 549.0 329.0 540.0 357.0 540.0 Dump_Truck Vehicle 1
402.000031 554.0 378.860504 579.151611 370.000031 571.0 393.139557 545.848389 Dump_Truck Vehicle 1
413.000031 580.000061 405.035431 580.531067 404.000031 565.000061 411.96463 564.469055 Van Vehicle 1
425.0 579.0 415.0 579.0 415.0 563.0 425.0 563.0 Small_Car Vehicle 1
436.0 579.0 426.0 579.0 426.0 562.0 436.0 562.0 Van Vehicle 1
449.0 575.0 438.0 575.0 438.0 558.0 449.0 558.0 Small_Car Vehicle 1
473.0 583.0 456.0 583.0 456.0 577.0 473.0 577.0 Small_Car Vehicle 1
475.0 564.0 451.0 564.0 451.0 556.0 475.0 556.0 Small_Car Vehicle 1
679.541077 573.950806 668.541077 574.950806 667.000061 558.0 678.000061 557.0 Van Vehicle 1
680.0 618.0 670.0 618.0 670.0 600.0 680.0 600.0 Van Vehicle 1
803.0 647.0 792.0 647.0 792.0 627.0 803.0 627.0 Dump_Truck Vehicle 1
787.0 640.999939 777.027588 641.524841 776.0 621.999939 785.972412 621.475037 Dump_Truck Vehicle 1
681.0 687.0 661.0 687.0 661.0 680.0 681.0 680.0 Small_Car Vehicle 1
373.878082 670.902527 364.000031 672.000061 363.121979 664.097595 373.000031 663.000061 Small_Car Vehicle 1
12.744824 685.062073 11.999995 694.000061 0.0 693.000122 0.0 684.000061 Van Vehicle 1
94.0 768.0 71.0 768.0 71.0 761.0 94.0 761.0 Small_Car Vehicle 1
95.0 777.0 71.0 777.0 71.0 769.0 95.0 769.0 Small_Car Vehicle 1
182.0 856.0 172.027618 856.524902 171.0 837.0 180.972382 836.475098 Van Vehicle 1
418.0 860.0 407.016418 861.156128 405.0 842.0 415.983582 840.843872 Small_Car Vehicle 1
393.0 859.0 383.0 859.0 383.0 844.0 393.0 844.0 Small_Car Vehicle 1
372.0 857.0 362.0 857.0 362.0 842.0 372.0 842.0 Van Vehicle 1
361.0 860.0 351.0 860.0 351.0 843.0 361.0 843.0 Small_Car Vehicle 1
422.0 909.0 399.0 909.0 399.0 902.0 422.0 902.0 Van Vehicle 1
417.999969 886.000122 416.999969 902.000122 407.972748 901.435913 408.972748 885.435913 Small_Car Vehicle 1
432.299988 982.900146 423.0 986.000122 416.700012 967.100098 426.0 964.000122 Dump_Truck Vehicle 1
745.0 958.0 720.0 958.0 720.0 949.0 745.0 949.0 Van Vehicle 1
936.0 132.0 926.0 132.0 926.0 114.0 936.0 114.0 Small_Car Vehicle 1
886.0 256.0 863.0 256.0 863.0 248.0 886.0 248.0 Small_Car Vehicle 1
915.0 256.0 893.0 256.0 893.0 248.0 915.0 248.0 Van Vehicle 1
974.0 256.0 953.0 256.0 953.0 248.0 974.0 248.0 Small_Car Vehicle 1
998.0 256.0 976.0 256.0 976.0 249.0 998.0 249.0 Small_Car Vehicle 1
1000.0 345.0 998.0 345.0 998.0 329.0 1000.0 329.0 Small_Car Vehicle 1
989.0 412.0 978.0 412.0 978.0 394.0 989.0 394.0 Small_Car Vehicle 1
977.340515 457.652924 973.999939 463.999969 954.999939 453.999969 958.340515 447.652924 Van Vehicle 1
982.050781 471.573181 977.999878 478.999939 955.999878 466.999939 960.050781 459.573181 Dump_Truck Vehicle 1
929.0 631.0 919.0 631.0 919.0 610.0 929.0 610.0 Cargo_Truck Vehicle 1
968.0 661.0 944.0 661.0 944.0 652.0 968.0 652.0 Van Vehicle 1
916.000122 550.000061 912.000122 558.000061 890.000122 547.000061 894.000122 539.000061 Dump_Truck Vehicle 1
959.300171 829.100037 956.900146 836.299988 935.000122 828.999939 937.400146 821.799988 Small_Car Vehicle 1
995.038086 825.644775 994.000244 808.0 1000.000122 807.647095 1001.037964 825.29187 Van Vehicle 1
583.999939 63.0 558.999939 64.0 558.638977 54.974442 583.638977 53.974442 Van Vehicle 1
