342.414124 612.663574 262.414124 677.663574 231.0 639.0 311.0 574.0 Bridge Road 1
260.999908 1000.0 249.999908 1000.0 245.999969 996.000061 251.499969 990.500061 Van Vehicle 1
236.386597 984.297363 231.999969 990.0 218.999969 980.0 223.386597 974.297363 Van Vehicle 1
150.999985 917.000061 146.558334 922.653015 132.558334 911.653015 136.999985 906.000061 Van Vehicle 1
263.19165 987.207642 257.999939 992.0 245.808273 978.792358 250.999969 974.0 Van Vehicle 1
131.309204 861.242981 126.000061 868.000061 111.69091 856.757141 117.000046 850.000061 other-vehicle Vehicle 1
76.49411 823.423584 70.49411 830.423584 55.999996 818.0 62.0 811.0 other-vehicle Vehicle 1
39.248318 795.220703 35.000042 800.0 25.751766 791.779297 30.000042 787.0 Van Vehicle 1
-1.2e-05 768.749878 -4.124116 765.083984 -1.2e-05 760.444458 4.124092 764.110352 Dump_Truck Vehicle 1
344.166626 1000.0 334.916626 1000.0 326.999969 981.0 334.881622 977.715942 Cargo_Truck Vehicle 1
289.500061 909.500122 285.000061 914.000122 275.000061 904.000122 279.500061 899.500122 Van Vehicle 1
303.298645 899.271484 299.0 904.0 288.0 894.0 292.298645 889.271484 Van Vehicle 1
310.999969 895.0 307.166107 899.15332 293.999969 887.0 297.833832 882.84668 Van Vehicle 1
318.000061 889.0 314.181213 893.166016 302.000061 882.0 305.818909 877.833984 Van Vehicle 1
432.000031 947.000061 425.409271 954.366272 406.409271 937.366272 413.000031 930.000061 Cargo_Truck Vehicle 1
359.999939 901.0 355.191711 906.178101 340.999939 893.0 345.808167 887.821899 Bus Vehicle 1
318.276947 929.215332 313.000031 936.0 304.000031 929.0 309.276947 922.215332 Van Vehicle 1
474.000092 927.000061 463.723846 936.248718 459.000092 931.000061 469.276337 921.751404 Van Vehicle 1
489.500061 938.500122 481.000061 947.000122 475.000061 941.000122 483.500061 932.500122 Van Vehicle 1
480.000061 982.000122 474.198975 987.221069 465.000061 977.000122 470.801147 971.779175 Van Vehicle 1
381.5 969.5 371.5 979.5 366.0 974.0 376.0 964.0 Van Vehicle 1
391.320679 974.700684 376.0 989.0 370.679321 983.299316 386.0 969.0 other-vehicle Vehicle 1
400.0 981.0 385.808228 994.178101 381.0 989.0 395.191772 975.821899 Van Vehicle 1
375.000031 962.000122 364.000031 973.000122 359.000031 968.000122 370.000031 957.000122 Van Vehicle 1
392.1539 1000.0 388.709259 996.26825 401.999969 983.999939 407.29068 989.731628 Van Vehicle 1
415.455505 996.445679 411.111328 1000.0 400.000214 1000.0 411.000061 991.000122 Van Vehicle 1
415.000214 1000.0 415.000214 995.500122 423.999969 995.500122 423.999969 1000.0 Bus Vehicle 1
271.390137 964.091797 269.999969 970.0 252.609802 965.908203 253.999969 960.0 Van Vehicle 1
270.283173 898.247864 266.999969 902.000061 258.716766 894.752258 261.999969 891.000061 Van Vehicle 1
257.999969 908.999939 253.448242 914.379211 239.999969 902.999939 244.551697 897.620667 Van Vehicle 1
251.685242 916.593872 246.999969 922.0 231.999969 909.0 236.685242 903.593872 other-vehicle Vehicle 1
243.0 877.999878 225.0 893.999878 220.255157 888.661987 238.255157 872.661987 Bus Vehicle 1
175.000015 765.0 170.491806 770.40979 158.000015 760.0 162.508224 754.59021 Van Vehicle 1
166.000015 770.0 161.000015 776.0 149.000015 766.0 154.000015 760.0 Van Vehicle 1
187.000015 855.000122 174.000015 868.000122 168.500015 862.500122 181.500015 849.500122 Van Vehicle 1
123.000015 773.000122 108.000015 788.000122 102.000015 782.000122 117.000015 767.000122 Small_Car Vehicle 1
34.166122 836.529297 28.166124 853.529297 20.999971 851.000122 26.999971 834.000122 Van Vehicle 1
199.036499 696.973633 181.0 710.0 175.963501 703.026367 194.0 690.0 Small_Car Vehicle 1
172.114227 687.901001 157.114227 700.901001 152.0 695.0 167.0 682.0 Small_Car Vehicle 1
106.349121 743.017456 106.0 750.0 85.650879 748.982544 86.0 742.0 Van Vehicle 1
85.000008 761.000061 83.300011 766.100037 71.000008 762.000061 72.700005 756.900085 Van Vehicle 1
80.100006 768.700012 78.099998 774.700012 61.000004 769.000061 63.000008 763.000061 Van Vehicle 1
58.0 768.000122 54.0 773.000122 39.0 761.000122 43.0 756.000122 other-vehicle Vehicle 1
3.000003 725.600098 -1e-06 725.600098 0.0 719.5 3.000004 719.5 Van Vehicle 1
993.290771 382.268372 988.0 388.0 974.709229 375.731628 980.0 370.0 Van Vehicle 1
878.647095 282.411743 872.647095 289.411743 857.0 276.0 863.0 269.0 Van Vehicle 1
681.999939 148.000015 676.590149 154.491806 660.754089 141.29509 666.163879 134.803299 Van Vehicle 1
705.044739 140.037918 699.999939 145.999985 686.955139 134.962051 691.999939 128.999985 Van Vehicle 1
936.000122 233.000031 930.000122 239.000031 917.000122 226.000031 923.000122 220.000031 Van Vehicle 1
944.575195 227.628326 939.0 234.0 923.0 220.0 928.575195 213.628326 Van Vehicle 1
950.999878 219.0 946.226318 224.20755 933.999878 213.0 938.773438 207.79245 Van Vehicle 1
959.0 214.0 955.166138 218.153351 942.0 206.0 945.833862 201.846649 Van Vehicle 1
966.000122 208.000031 961.500122 212.500031 950.500122 201.500031 955.000122 197.000031 Van Vehicle 1
986.000122 189.000015 981.77356 193.696152 971.000122 184.000015 975.226685 179.303879 Van Vehicle 1
999.082458 188.070557 994.000061 193.999969 979.917664 181.929382 985.000061 175.999969 Van Vehicle 1
996.999878 181.000031 991.999878 175.000031 999.999878 168.333344 1004.999878 174.333344 Van Vehicle 1
703.000061 41.999973 698.248962 47.226215 687.000061 36.999973 691.75116 31.773731 Small_Car Vehicle 1
709.000061 93.999977 703.500061 99.499977 692.500061 88.499977 698.000061 82.999977 Van Vehicle 1
700.999939 98.999992 695.999939 104.999992 683.999939 94.999992 688.999939 88.999992 Van Vehicle 1
728.0 107.999969 723.121948 114.097534 708.0 101.999969 712.878052 95.902405 Van Vehicle 1
928.000061 44.0 921.158997 51.152023 898.000061 29.0 904.841125 21.847977 Dump_Truck Vehicle 1
672.000061 66.999962 667.000061 71.999962 657.000061 61.999962 662.000061 56.999962 Van Vehicle 1
682.000061 60.999981 676.249207 67.230011 663.249207 55.230015 669.000061 48.999985 Van Vehicle 1
696.000061 51.000034 690.500061 56.500034 678.500061 44.500034 684.000061 39.000034 Van Vehicle 1
722.000061 33.000034 718.000061 37.000034 707.000061 26.000034 711.000061 22.000034 Van Vehicle 1
739.500061 18.499971 733.000061 24.999971 721.000061 12.999971 727.500061 6.499971 Van Vehicle 1
732.619263 56.329887 717.619263 69.329887 713.0 63.999939 728.0 50.999939 Van Vehicle 1
775.0 94.0 762.77356 105.20755 758.0 100.0 770.22644 88.79245 Van Vehicle 1
782.000122 99.000015 771.779175 108.198914 768.000122 104.000015 778.221069 94.801117 Van Vehicle 1
768.0 86.999969 754.792358 99.191666 750.0 93.999969 763.207642 81.808273 Van Vehicle 1
747.290771 69.731628 734.290771 81.731628 729.0 76.0 742.0 64.0 Van Vehicle 1
740.365967 64.707291 725.365967 76.707291 720.000122 69.999969 735.000122 57.999969 Van Vehicle 1
745.181824 0.0 751.428589 0.0 753.0 2.000001 738.955811 13.034701 other-vehicle Vehicle 1
806.0 98.999977 800.59021 105.491783 783.672119 91.393425 789.081909 84.901619 Cargo_Truck Vehicle 1
872.386597 241.702576 859.0 251.999969 854.613403 246.297363 868.0 235.999969 Van Vehicle 1
602.0 7.000026 595.5 -0.0 601.713745 -5.769883 608.213745 1.230143 Van Vehicle 1
590.189209 13.135139 586.0 19.000004 571.810791 8.864868 576.0 3.000004 Dump_Truck Vehicle 1
610.928528 -0.0 610.928528 -0.0 612.266663 0.0 612.266663 0.0 Van Vehicle 1
641.500061 50.500008 632.500061 59.500008 628.000061 55.000008 637.000061 46.000008 Small_Car Vehicle 1
633.669312 198.70816 629.0 204.0 595.0 174.0 599.669312 168.70816 Trailer Vehicle 1
522.0 100.999985 516.79541 106.81691 497.79541 89.81691 503.0 83.999985 Dump_Truck Vehicle 1
870.352966 409.588257 864.352966 416.588257 852.000061 406.0 858.000061 399.0 Van Vehicle 1
976.316956 1006.395996 971.888977 1000.0 982.572083 992.604004 987.000061 999.0 other-vehicle Vehicle 1
964.533325 1000.0 961.73999 996.190918 977.000122 985.000122 981.260254 990.809326 Van Vehicle 1
960.0 974.0 947.0 984.0 941.758423 977.185913 954.758423 967.185913 Van Vehicle 1
954.0 966.000061 939.0 977.000061 934.390137 970.713928 949.390137 959.713928 Van Vehicle 1
971.47998 984.639954 959.0 993.999939 955.52002 989.359924 968.0 979.999939 Van Vehicle 1
937.000061 957.000122 924.840027 966.120117 921.000061 961.000122 933.160095 951.880127 Small_Car Vehicle 1
932.487854 948.609924 917.000061 961.000183 912.512268 955.390442 928.000061 943.000183 Small_Car Vehicle 1
922.0 944.000122 909.839966 953.120117 906.0 948.000122 918.160034 938.880127 Van Vehicle 1
916.823364 938.138855 902.823364 949.138855 898.0 943.000061 912.0 932.000061 Van Vehicle 1
908.0 931.0 895.839966 940.119995 892.0 935.0 904.160034 925.880005 Van Vehicle 1
871.54541 1000.0 871.54541 996.0 879.93335 996.0 879.93335 1000.0 Van Vehicle 1
873.0 988.000122 857.783203 999.159058 854.0 994.000122 869.216797 982.841187 Van Vehicle 1
862.360046 983.480103 850.360046 992.480103 847.000061 988.000122 859.000061 979.000122 other-vehicle Vehicle 1
858.0 975.999939 844.90332 986.07428 841.0 980.999939 854.09668 970.925598 Van Vehicle 1
852.0 969.0 835.680054 981.23999 831.0 975.0 847.319946 962.76001 Van Vehicle 1
842.000061 965.0 829.000061 974.0 825.364075 968.748047 838.364075 959.748047 Van Vehicle 1
836.44165 957.653015 822.0 969.000061 817.55835 963.347107 832.0 952.000061 Van Vehicle 1
829.319885 951.76001 816.999939 961.0 812.679993 955.23999 824.999939 946.0 Van Vehicle 1
823.487854 943.609802 808.487854 955.609802 804.000061 950.000061 819.000061 938.000061 Van Vehicle 1
816.479919 939.640015 803.999939 949.0 800.519958 944.359985 812.999939 935.0 Small_Car Vehicle 1
808.531677 932.591125 795.000061 943.000061 791.468445 938.408997 805.000061 928.000061 Small_Car Vehicle 1
800.0 928.0 788.762207 936.172974 785.0 931.0 796.237793 922.827026 Van Vehicle 1
794.000061 921.000061 780.275208 931.557678 776.000061 926.000061 789.724915 915.442444 Van Vehicle 1
787.000122 914.000061 772.823486 925.138855 768.000122 919.000061 782.176758 907.861267 Small_Car Vehicle 1
781.000061 909.000122 765.000061 921.000122 759.840027 914.120117 775.840027 902.120117 Van Vehicle 1
773.119995 903.160156 759.359985 913.480103 756.0 909.000122 769.76001 898.680176 Van Vehicle 1
860.736938 888.459656 845.736938 899.459656 841.0 893.000061 856.0 882.000061 Van Vehicle 1
853.0 882.0 839.90332 892.074341 836.0 887.0 849.09668 876.925659 Van Vehicle 1
768.489624 895.360229 751.489624 907.360229 747.0 901.0 764.0 889.0 Van Vehicle 1
753.292725 887.365906 740.0 898.000061 735.512207 892.39032 748.804932 881.756165 other-vehicle Vehicle 1
744.122009 879.902588 734.000061 888.000122 730.878113 884.097656 741.000061 876.000122 Van Vehicle 1
739.783264 873.158997 724.783264 884.158997 721.000061 879.000061 736.000061 868.000061 Van Vehicle 1
732.0 866.999939 719.0 876.999939 715.579956 872.553894 728.579956 862.553894 Small_Car Vehicle 1
725.0 862.0 711.90332 872.074341 708.0 867.0 721.09668 856.925659 Van Vehicle 1
717.0 854.999939 704.0 864.999939 700.468384 860.408875 713.468384 850.408875 Van Vehicle 1
695.707336 837.634216 684.000061 847.000061 680.000061 842.000061 691.707336 832.634216 Van Vehicle 1
681.0 825.0 666.955811 836.034668 663.0 831.0 677.044189 819.965332 Small_Car Vehicle 1
703.0 844.0 688.905396 854.067627 686.0 850.0 700.094604 839.932373 Van Vehicle 1
708.47998 849.640015 697.119995 858.160034 693.640015 853.52002 705.0 845.0 Van Vehicle 1
675.0 819.000061 662.901611 829.08197 657.901611 823.08197 670.0 813.000061 Van Vehicle 1
660.716187 807.202759 646.716187 817.202759 643.0 812.0 657.0 802.0 Van Vehicle 1
652.0 801.999939 640.762207 810.172913 637.0 804.999939 648.237793 796.826965 Van Vehicle 1
644.163391 794.866394 633.000061 804.000061 629.836731 800.133728 641.000061 791.000061 Small_Car Vehicle 1
637.427979 789.396057 624.427979 798.396057 620.0 792.000061 633.0 783.000061 Van Vehicle 1
677.082397 766.929443 663.0 779.0 657.917603 773.070557 672.0 761.0 Van Vehicle 1
699.082397 785.929443 685.0 798.0 679.917603 792.070557 694.0 780.0 Van Vehicle 1
706.163879 793.196655 691.999939 804.999878 686.999939 798.999878 701.163879 787.196655 Van Vehicle 1
726.000061 809.000061 711.000061 823.000061 706.643738 818.332581 721.643738 804.332581 Van Vehicle 1
741.082458 822.929443 727.000061 835.0 721.917664 829.070557 736.000061 817.0 Small_Car Vehicle 1
747.695496 828.263916 732.695496 841.263916 729.000061 837.0 744.000061 824.0 Van Vehicle 1
754.134521 834.88623 741.0 846.0 736.865479 841.11377 750.0 830.0 Van Vehicle 1
762.164734 839.858826 748.000061 852.000061 743.835388 847.141296 758.000061 835.000061 Van Vehicle 1
769.195251 848.243958 756.39032 858.487854 752.000061 853.000061 764.804993 842.756165 Van Vehicle 1
774.196777 853.835999 762.0 863.999939 758.803223 860.163879 771.0 849.999939 Van Vehicle 1
782.332275 857.693237 769.332275 869.693237 765.0 865.0 778.0 853.0 Van Vehicle 1
789.641357 864.303467 776.641357 875.303467 773.0 871.0 786.0 860.0 Van Vehicle 1
795.999939 869.999878 782.999939 881.999878 778.667664 877.306641 791.667664 865.306641 Van Vehicle 1
806.356323 875.66748 791.356323 889.66748 787.0 885.0 802.0 871.0 Van Vehicle 1
811.332275 881.693237 798.332275 893.693237 794.0 889.0 807.0 877.0 Van Vehicle 1
817.0 889.0 806.0 898.0 802.435669 893.643555 813.435669 884.643555 Van Vehicle 1
824.134399 893.886108 810.999878 904.999878 806.865356 900.113647 819.999878 888.999878 Van Vehicle 1
833.0 899.0 817.695435 912.263916 814.0 908.0 829.304565 894.736084 Van Vehicle 1
842.0 906.000061 827.0 919.000061 822.809692 914.164978 837.809692 901.164978 Van Vehicle 1
848.082458 912.929443 834.000061 925.0 828.917664 919.070557 843.000061 907.0 Van Vehicle 1
853.508118 920.40979 841.508118 930.40979 836.999939 925.0 848.999939 915.0 Small_Car Vehicle 1
860.0 925.000122 849.0 934.000122 845.435669 929.643677 856.435669 920.643677 Van Vehicle 1
869.098389 929.91803 857.0 939.999939 852.901611 935.081848 865.0 924.999939 Van Vehicle 1
876.39032 937.487915 861.39032 949.487915 857.000061 944.000122 872.000061 932.000122 Van Vehicle 1
881.641296 943.303345 868.641296 954.303345 864.999939 949.999878 877.999939 938.999878 Van Vehicle 1
890.000061 948.999939 875.000061 961.999939 869.39093 955.527893 884.39093 942.527893 Van Vehicle 1
897.741272 954.364868 883.741272 966.364868 880.000061 962.000122 894.000061 950.000122 Van Vehicle 1
904.627502 962.468933 891.627502 973.468933 886.999939 967.999939 899.999939 956.999939 Van Vehicle 1
924.0 529.0 910.551758 540.379272 906.0 535.0 919.448242 523.620728 Van Vehicle 1
944.999878 548.0 932.999878 558.0 927.999878 552.0 939.999878 542.0 Van Vehicle 1
936.0 543.000061 925.0 552.000061 920.544556 546.554504 931.544556 537.554504 Van Vehicle 1
927.000061 537.000061 917.000061 546.000061 913.171326 541.745911 923.171326 532.745911 Van Vehicle 1
998.298523 594.728516 986.999939 605.0 982.701355 600.271484 993.999939 590.0 Van Vehicle 1
985.0 584.000061 972.0 595.000061 967.448242 589.620789 980.448242 578.620789 Van Vehicle 1
698.248901 343.773743 687.0 354.0 681.751099 348.226257 693.0 338.0 Van Vehicle 1
708.0 353.0 696.0 363.0 691.0 357.0 703.0 347.0 Van Vehicle 1
720.037659 358.969421 704.000061 372.0 699.962463 367.030579 716.000061 354.0 Van Vehicle 1
727.0 368.000031 717.0 376.000031 713.0 371.000031 723.0 363.000031 Van Vehicle 1
738.224121 374.810333 725.0 385.999969 721.775879 382.189606 735.0 370.999969 Van Vehicle 1
749.000061 381.999939 736.195129 392.243835 731.804871 386.756042 744.609802 376.512146 Van Vehicle 1
757.212402 388.814148 741.0 403.0 736.787598 398.185852 753.0 384.0 Van Vehicle 1
701.0 424.000061 687.90332 434.074402 684.0 429.000061 697.09668 418.92572 Small_Car Vehicle 1
680.0 410.000031 669.865723 417.093964 667.0 413.000031 677.134277 405.906097 other-vehicle Vehicle 1
673.0448 399.962097 660.0448 410.962097 655.0 405.0 668.0 394.0 Van Vehicle 1
660.688477 391.426178 648.688477 401.426178 645.0 396.999969 657.0 386.999969 Small_Car Vehicle 1
606.590149 374.508179 593.999939 385.0 588.999939 379.0 601.590149 368.508179 other-vehicle Vehicle 1
500.0 460.000031 484.783264 471.158966 481.0 466.000031 496.216736 454.841095 other-vehicle Vehicle 1
404.000031 531.000061 387.811798 544.153015 382.000031 537.000061 398.188263 523.847107 Cargo_Truck Vehicle 1
349.0 575.0 329.0 592.0 322.535583 584.394775 342.535583 567.394775 Cargo_Truck Vehicle 1
285.999969 621.999939 271.999969 632.999939 268.529938 628.583557 282.529938 617.583557 Van Vehicle 1
446.487823 535.609741 435.390289 544.487793 430.902496 538.878052 442.000031 530.0 Van Vehicle 1
413.0 562.0 398.0 574.0 393.512207 568.390259 408.512207 556.390259 other-vehicle Vehicle 1
625.49176 373.590179 610.245911 386.295074 604.754089 379.704926 619.999939 367.000031 Van Vehicle 1
617.821777 481.937622 615.0 490.0 595.0 483.0 597.821777 474.937622 Van Vehicle 1
943.0 722.0 939.153442 726.142456 925.0 713.0 928.846558 708.857544 Small_Car Vehicle 1
968.0 731.0 963.207642 736.19165 950.0 724.0 954.792358 718.80835 Small_Car Vehicle 1
909.000061 692.0 903.70929 697.731689 890.70929 685.731689 896.000061 680.0 Van Vehicle 1
940.0 666.999939 935.248901 672.226135 924.0 661.999939 928.751099 656.773743 Van Vehicle 1
994.0 682.999939 988.693115 688.715027 974.693115 675.715027 980.0 669.999939 other-vehicle Vehicle 1
995.500122 659.999939 995.500122 651.000183 1000.0 651.000183 1000.0 659.999939 Small_Car Vehicle 1
916.0 605.000061 911.0 610.000061 899.0 598.000061 904.0 593.000061 Van Vehicle 1
924.0 599.0 920.393433 603.327881 908.393433 593.327881 912.0 589.0 Van Vehicle 1
842.000061 579.0 837.000061 584.0 827.000061 574.0 832.000061 569.0 Van Vehicle 1
780.5 624.5 776.5 628.5 768.0 620.0 772.0 616.0 Van Vehicle 1
806.316956 607.290527 801.999939 612.0 789.682922 600.709473 793.999939 596.0 Van Vehicle 1
815.332275 602.306824 811.0 607.000061 797.667725 594.693298 802.0 590.000061 Van Vehicle 1
775.455444 546.554443 771.0 552.0 760.0 543.0 764.455444 537.554443 Van Vehicle 1
785.271729 541.249023 780.0 547.0 768.0 536.0 773.271729 530.249023 Van Vehicle 1
800.0 531.0 795.248901 536.226196 784.248901 526.226196 789.0 521.0 Van Vehicle 1
756.999939 565.0 751.044739 572.037964 737.999939 561.0 743.955139 553.962036 Van Vehicle 1
748.000061 656.0 743.654846 660.679443 729.654846 647.679443 734.000061 643.0 Van Vehicle 1
752.818848 648.833923 749.0 652.999939 737.0 641.999939 740.818848 637.833923 Van Vehicle 1
761.000122 644.000061 757.221069 648.198914 747.000122 639.000061 750.779175 634.801208 Van Vehicle 1
693.000061 610.000061 688.000061 615.000061 679.500061 606.500061 684.500061 601.500061 Van Vehicle 1
772.082397 639.070557 767.0 645.0 752.917603 632.929443 758.0 627.0 Small_Car Vehicle 1
776.0 633.0 772.358643 637.303467 759.0 626.0 762.641357 621.696533 Van Vehicle 1
626.0 767.0 622.153442 771.142456 608.0 758.0 611.846558 753.857544 other-vehicle Vehicle 1
642.500061 752.500061 638.000061 757.000061 629.000061 748.000061 633.500061 743.500061 Van Vehicle 1
688.317017 719.290527 684.0 724.0 672.0 713.0 676.317017 708.290527 Van Vehicle 1
706.082458 707.070618 701.000061 713.000061 687.000061 701.000061 692.082458 695.070618 Van Vehicle 1
739.276306 675.248657 735.000061 680.0 724.723816 670.751343 729.000061 666.0 Van Vehicle 1
767.0 708.999939 761.728271 714.750916 749.728271 703.750916 755.0 697.999939 Van Vehicle 1
750.0 721.0 745.276245 726.248657 735.0 717.0 739.723755 711.751343 Van Vehicle 1
719.000061 744.000061 715.000061 748.000061 706.000061 739.000061 710.000061 735.000061 other-vehicle Vehicle 1
714.0 751.000061 709.411743 756.352966 695.411743 744.352966 700.0 739.000061 Van Vehicle 1
699.332336 762.306763 695.000061 767.0 681.667786 754.693237 686.000061 750.0 Van Vehicle 1
691.316956 768.290527 686.999939 773.0 674.999939 762.0 679.316956 757.290527 Van Vehicle 1
817.0 655.0 811.494141 661.423584 797.0 649.0 802.505859 642.576416 other-vehicle Vehicle 1
789.500061 677.5 784.000061 683.0 772.000061 671.0 777.500061 665.5 Van Vehicle 1
777.000061 684.000061 772.000061 689.000061 762.000061 679.000061 767.000061 674.000061 Van Vehicle 1
765.0 612.000061 761.166138 616.153381 748.0 604.000061 751.833862 599.846741 Van Vehicle 1
850.249146 710.22998 844.0 717.0 831.0 705.0 837.249146 698.22998 Van Vehicle 1
899.298584 752.271484 895.0 757.0 883.701416 746.728516 888.0 742.0 Van Vehicle 1
841.0 552.0 836.667725 556.693237 823.667725 544.693237 828.0 540.0 other-vehicle Vehicle 1
817.000122 568.000061 812.500122 572.500061 802.500122 562.500061 807.000122 558.000061 Van Vehicle 1
824.999878 562.999939 821.393311 567.32782 809.393311 557.32782 812.999878 552.999939 Van Vehicle 1
833.000122 558.000061 829.000122 562.000061 817.000122 550.000061 821.000122 546.000061 Van Vehicle 1
850.29071 546.268311 844.999939 552.0 831.999939 540.0 837.29071 534.268311 Van Vehicle 1
805.054443 578.044556 801.0 583.0 789.945557 573.955444 794.0 569.0 Van Vehicle 1
797.271729 585.249084 792.0 591.000061 779.728271 579.751038 785.0 574.000061 Van Vehicle 1
789.000061 591.0 783.500061 596.5 772.500061 585.5 778.000061 580.0 Van Vehicle 1
691.999939 511.0 686.037903 516.0448 674.999939 503.0 680.961975 497.9552 Van Vehicle 1
943.082397 638.070618 938.0 644.000061 923.917603 631.929504 929.0 626.000061 Van Vehicle 1
884.508179 598.59021 880.0 604.0 868.0 594.0 872.508179 588.59021 Small_Car Vehicle 1
925.588257 681.647156 921.0 687.000061 907.0 675.000061 911.588257 669.647156 Van Vehicle 1
630.000061 320.000031 624.500061 325.500031 612.500061 313.500031 618.000061 308.000031 other-vehicle Vehicle 1
637.000061 314.000031 633.221008 318.198944 623.000061 309.000031 626.779114 304.801117 Van Vehicle 1
602.999939 291.0 599.65155 294.683228 588.65155 284.683228 591.999939 281.0 Van Vehicle 1
568.317017 235.290558 564.0 240.0 551.682983 228.709442 556.0 224.0 Van Vehicle 1
552.000061 249.000031 547.500061 253.500031 536.500061 242.500031 541.000061 238.000031 Van Vehicle 1
544.276306 254.248657 540.000061 259.000061 530.000061 250.000031 534.276306 245.248627 Van Vehicle 1
624.0 326.0 619.207642 331.191711 606.0 319.0 610.792358 313.808289 Van Vehicle 1
615.999939 329.999969 612.744812 333.662018 602.999939 324.999969 606.255066 321.337921 Van Vehicle 1
609.000061 336.0 604.500061 340.5 593.500061 329.5 598.000061 325.0 Van Vehicle 1
603.298584 341.271454 599.0 345.999969 587.701416 335.728485 592.0 330.999969 Van Vehicle 1
596.0 346.999969 592.744873 350.662018 583.0 341.999969 586.255127 338.337921 Van Vehicle 1
581.5 356.500031 577.0 361.000031 567.5 351.500031 572.0 347.000031 Van Vehicle 1
457.590088 323.491791 452.999939 328.999969 440.40979 318.508148 444.999939 312.999969 Van Vehicle 1
373.5 409.500031 368.0 415.000031 354.0 401.000031 359.5 395.500031 Small_Car Vehicle 1
274.000031 392.000031 268.500031 397.500031 253.500031 382.500031 259.000031 377.000031 Dump_Truck Vehicle 1
262.77359 397.79248 258.0 403.0 246.0 392.0 250.77359 386.79248 Van Vehicle 1
256.332275 404.306702 251.999985 409.0 238.999985 397.0 243.33226 392.306702 Van Vehicle 1
488.0 173.0 481.194153 180.183929 462.0 162.0 468.805847 154.816071 Dump_Truck Vehicle 1
456.31192 200.293594 449.999969 207.000015 432.999969 191.000015 439.31192 184.293594 Dump_Truck Vehicle 1
401.508148 233.590103 396.999969 238.999954 384.999969 228.999954 389.508148 223.590103 Van Vehicle 1
424.186188 224.165497 418.999969 229.999969 400.813751 213.834442 405.999969 207.999969 Cargo_Truck Vehicle 1
416.033142 228.029221 409.000061 236.000046 391.96698 220.970871 399.000061 213.000046 Cargo_Truck Vehicle 1
376.505859 167.576447 371.0 173.999969 357.0 161.999969 362.505859 155.576447 Small_Car Vehicle 1
727.0 453.0 722.5 457.5 712.5 447.5 717.0 443.0 Van Vehicle 1
591.0 305.000031 587.199097 309.181 576.199097 299.181 580.0 295.000031 Van Vehicle 1
584.0 313.0 580.181152 317.166016 568.181152 306.166016 572.0 302.0 Van Vehicle 1
464.298676 256.271484 460.000031 261.000031 448.701385 250.728531 453.000031 246.0 Van Vehicle 1
472.356323 252.33255 468.0 257.0 453.0 243.0 457.356323 238.33255 Van Vehicle 1
481.038086 244.032974 475.0 250.999985 459.961914 237.966995 466.0 230.999985 Small_Car Vehicle 1
494.248871 233.226288 489.000031 239.000031 477.75119 228.773773 483.000031 223.000031 Van Vehicle 1
501.000061 229.000031 495.500061 234.500031 483.500061 222.500031 489.000061 217.000031 Van Vehicle 1
405.588257 168.647064 401.0 174.0 387.0 162.0 391.588257 156.647064 Van Vehicle 1
422.999969 156.0 418.380707 161.329956 402.999969 148.0 407.619232 142.670044 Van Vehicle 1
449.588257 124.647079 445.0 130.000015 431.0 118.000015 435.588257 112.647079 Small_Car Vehicle 1
436.000031 112.000015 431.411774 117.352951 417.000031 105.000015 421.588287 99.647079 Van Vehicle 1
372.0 153.0 367.191772 158.17807 353.0 145.0 357.808228 139.82193 Van Vehicle 1
376.13446 144.113785 372.0 148.999985 358.86554 137.886185 363.0 132.999985 other-vehicle Vehicle 1
383.999969 138.0 379.448273 143.379303 366.448273 132.379303 370.999969 127.0 Van Vehicle 1
389.000031 155.000015 385.221039 159.198898 375.000031 150.000015 378.779022 145.801132 Van Vehicle 1
397.999969 150.999985 394.199066 155.180984 382.999969 144.999985 386.800873 140.818985 Van Vehicle 1
360.0 154.000015 355.24884 159.226273 344.0 149.000015 348.75116 143.773758 Van Vehicle 1
302.000031 458.000061 295.500031 464.500061 283.500031 452.500061 290.000031 446.000061 Van Vehicle 1
340.306854 429.284943 335.000031 435.000031 320.693207 421.715118 326.000031 416.000031 Van Vehicle 1
295.999969 401.0 290.751129 406.773743 279.751129 396.773743 284.999969 391.0 Van Vehicle 1
287.000031 409.0 282.226471 414.20752 270.000031 403.0 274.77359 397.79248 Van Vehicle 1
274.500031 411.500061 270.000031 416.000061 259.000031 405.000061 263.500031 400.500061 Van Vehicle 1
472.494171 454.423553 466.000031 462.000031 449.858856 448.164764 456.352997 440.588287 Dump_Truck Vehicle 1
460.088196 463.147003 451.999939 467.999969 439.911682 447.852936 447.999939 442.999969 Dump_Truck Vehicle 1
526.0 248.999969 515.57373 257.688507 510.573761 251.688507 521.0 242.999969 Van Vehicle 1
514.0 260.000031 501.840027 269.120026 498.0 264.000031 510.159973 254.880035 other-vehicle Vehicle 1
194.0 366.0 168.742035 387.216675 161.0 378.0 186.257965 356.783325 Dump_Truck Vehicle 1
181.196701 362.836029 157.196701 382.836029 148.999985 372.999969 172.999985 352.999969 Dump_Truck Vehicle 1
155.000031 383.0 135.000031 399.0 128.365875 390.707336 148.365875 374.707336 Dump_Truck Vehicle 1
169.0 386.999969 148.0 404.999969 140.588226 396.352936 161.588226 378.352936 Dump_Truck Vehicle 1
333.0 119.0 327.0 141.0 315.069214 137.746155 321.069214 115.746155 Cargo_Truck Vehicle 1
387.074341 46.90337 377.0 60.000027 371.925659 56.096684 382.0 43.000027 Small_Car Vehicle 1
