531.0 1457.0 526.0 1468.0 531.0 1470.0 536.0 1459.0 Motorboat Ship 1
524.0 1371.0 503.0 1370.0 503.0 1377.0 524.0 1377.0 Motorboat Ship 1
533.0 1344.0 512.0 1344.0 511.0 1350.0 533.0 1351.0 other-ship Ship 1
538.0 1356.0 522.0 1349.0 520.0 1354.0 536.0 1361.0 other-ship Ship 1
515.0 1268.0 463.0 1164.0 432.0 1179.0 484.0 1283.0 Liquid_Cargo_Ship Ship 1
453.0 1333.0 426.0 1323.0 423.0 1332.0 450.0 1342.0 Motorboat Ship 1
423.0 1375.0 415.0 1362.0 410.0 1365.0 418.0 1378.0 other-ship Ship 1
393.0 1414.0 386.0 1402.0 381.0 1405.0 388.0 1416.0 other-ship Ship 1
399.0 1404.0 385.0 1395.0 382.0 1399.0 396.0 1408.0 other-ship Ship 1
414.0 1385.0 393.0 1370.0 390.0 1374.0 411.0 1390.0 other-ship Ship 1
428.0 1365.0 418.0 1352.0 413.0 1356.0 423.0 1369.0 other-ship Ship 1
