138.789764 172.11554 93.000008 183.0 64.000008 61.000011 109.789757 50.115555 Intersection Road 1
624.5 0.0 635.333313 0.0 636.0 1.0 624.0 9.0 Van Vehicle 1
546.888855 -0.0 551.428589 0.0 554.0 3.999985 539.898926 13.064966 Small_Car Vehicle 1
525.0 35.999996 507.764404 48.166279 502.0 39.999996 519.235596 27.833714 Dump_Truck Vehicle 1
568.67688 16.584587 554.0 27.999969 547.0 18.999969 561.67688 7.584587 Small_Car Vehicle 1
574.000061 0.0 580.000061 0.0 583.000061 3.000001 570.000061 16.0 Small_Car Vehicle 1
581.473022 31.66217 566.337891 42.472984 560.864868 34.810822 576.0 24.000008 Small_Car Vehicle 1
599.0 18.999969 582.405884 30.408455 578.0 23.999969 594.594116 12.591484 Dump_Truck Vehicle 1
655.0 9.0 638.800415 24.187111 633.0 18.0 649.199585 2.812889 Dump_Truck Vehicle 1
638.399963 0.0 642.923035 0.0 646.0 4.0 632.758423 14.185873 Van Vehicle 1
999.962952 1000.743042 985.100159 1000.0 985.351746 994.967529 1000.214539 995.710571 Small_Car Vehicle 1
981.777771 1000.0 963.555542 1000.0 963.0 994.999939 981.0 992.999939 Small_Car Vehicle 1
981.0 992.0 963.0 993.0 962.609253 985.966187 980.609253 984.966187 Dump_Truck Vehicle 1
1000.0 994.0 982.0 994.0 982.0 986.0 1000.0 986.0 Van Vehicle 1
983.0 985.0 963.0 985.0 963.0 977.0 983.0 977.0 Van Vehicle 1
980.0 975.0 966.0 975.0 966.0 967.0 980.0 967.0 Dump_Truck Vehicle 1
1000.0 975.0 985.0 975.0 985.0 967.0 1000.0 967.0 Dump_Truck Vehicle 1
982.370117 958.966736 982.0 965.999939 963.0 964.999939 963.370117 957.966736 Dump_Truck Vehicle 1
931.317627 998.035828 912.317627 999.035828 912.0 992.999939 931.0 991.999939 Small_Car Vehicle 1
829.417236 1005.206909 816.400024 1000.0 818.482788 994.793091 831.5 1000.0 Van Vehicle 1
840.999939 988.999939 838.95282 998.211731 815.976379 993.105896 818.023499 983.894104 Dump_Truck Vehicle 1
844.410828 970.06488 843.000061 979.000061 823.589294 975.935242 825.000061 967.000061 Van Vehicle 1
854.037964 951.004395 853.0 960.0 826.962036 956.995605 828.0 948.0 Dump_Truck Vehicle 1
756.235413 1000.0 756.235413 1000.0 756.235413 1000.0 756.235413 1000.0 Small_Car Vehicle 1
725.0 993.000122 724.666687 1000.0 703.61908 1000.0 704.0 992.000122 Dump_Truck Vehicle 1
726.0 984.000061 725.598511 992.029968 705.598511 991.029968 706.0 983.000061 Van Vehicle 1
728.000122 950.000183 727.398315 959.026672 697.398315 957.026672 698.000122 948.000183 Dump_Truck Vehicle 1
106.0 938.0 97.0 938.0 97.0 923.0 106.0 923.0 Van Vehicle 1
998.879883 817.000122 998.879883 808.999878 1000.0 808.999878 1000.0 817.000122 Small_Car Vehicle 1
998.0 786.0 977.821777 793.062378 975.0 785.0 995.178223 777.937622 Van Vehicle 1
925.000122 808.0 908.000122 811.0 906.399414 801.929565 923.399414 798.929565 Small_Car Vehicle 1
663.000061 866.000061 645.413879 867.034485 645.000061 860.000061 662.586243 858.965637 Van Vehicle 1
700.367432 850.980652 681.0 851.999939 680.632568 845.019226 700.0 843.999939 Van Vehicle 1
569.0 851.0 568.4104 861.02417 551.0 860.0 551.5896 849.97583 Small_Car Vehicle 1
445.0 857.0 429.0 857.0 429.0 849.0 445.0 849.0 Van Vehicle 1
366.0 869.0 347.0 869.0 347.0 862.0 366.0 862.0 Van Vehicle 1
286.0 857.0 268.0 857.0 268.0 849.0 286.0 849.0 Van Vehicle 1
448.0 784.0 431.0 784.0 431.0 778.0 448.0 778.0 Van Vehicle 1
299.0 807.0 280.0 807.0 280.0 800.0 299.0 800.0 Small_Car Vehicle 1
325.0 785.0 305.0 785.0 305.0 777.0 325.0 777.0 Small_Car Vehicle 1
213.0 808.0 194.0 808.0 194.0 800.0 213.0 800.0 Dump_Truck Vehicle 1
184.527588 807.969055 167.0 809.000061 166.472412 800.031067 184.0 799.000061 Van Vehicle 1
150.399323 809.929565 133.0 813.0 131.600677 805.070435 149.0 802.0 Van Vehicle 1
143.000015 847.0 142.464615 855.031006 127.000015 854.0 127.535416 845.968994 Small_Car Vehicle 1
579.0 1000.0 564.0 1000.0 564.0 995.0 579.0 995.0 Small_Car Vehicle 1
637.368408 1000.0 637.368408 998.969604 656.421021 998.969604 656.421021 1000.0 Van Vehicle 1
138.0 761.0 135.994385 882.338745 55.000004 881.0 57.005615 759.661255 Dump_Truck Vehicle 1
535.000061 48.999992 522.409851 59.491798 517.409851 53.491798 530.000061 42.999992 Small_Car Vehicle 1
642.423645 53.494156 636.000061 59.000038 623.576477 44.50592 630.000061 39.000038 Van Vehicle 1
654.000061 46.999973 648.000061 52.999973 634.000061 38.999973 640.000061 32.999973 Van Vehicle 1
649.0 148.0 648.615967 157.985229 622.615967 156.985229 623.0 147.0 Dump_Truck Vehicle 1
