478.184631 777.67688 444.0 787.0 441.0 776.0 475.184631 766.67688 Van Vehicle 1
325.400024 885.80011 319.400024 888.80011 314.0 878.000061 320.0 875.000061 Small_Car Vehicle 1
279.000031 806.000061 271.000031 810.000061 263.000031 794.000061 271.000031 790.000061 Small_Car Vehicle 1
301.000031 800.000061 293.000031 804.000061 285.000031 788.000061 293.000031 784.000061 Van Vehicle 1
354.041382 786.100586 346.999939 789.0 339.958496 771.899414 346.999939 769.0 Small_Car Vehicle 1
415.102234 767.219055 407.000061 771.000061 399.897888 755.781067 408.000061 752.000061 Small_Car Vehicle 1
560.000061 614.0 549.842834 616.308472 544.842834 594.308472 555.000061 592.0 Dump_Truck Vehicle 1
556.022766 590.498962 545.000061 590.999939 543.977356 568.500916 555.000061 567.999939 Van Vehicle 1
585.0 557.0 566.351318 560.108154 565.0 552.0 583.648682 548.891846 Van Vehicle 1
583.999939 545.999939 562.999939 548.999939 561.999939 541.999939 582.999939 538.999939 Small_Car Vehicle 1
538.000061 555.000061 513.877014 558.015442 513.000061 551.000061 537.123108 547.98468 Dump_Truck Vehicle 1
533.000122 536.000061 504.44632 541.098938 503.000031 533.000061 531.553833 527.901184 Dump_Truck Vehicle 1
576.999939 528.000061 553.784241 530.01886 553.000061 521.000061 576.215759 518.981262 Dump_Truck Vehicle 1
519.0 510.000031 503.000031 513.0 501.845306 506.841522 517.845337 503.841553 Small_Car Vehicle 1
565.469055 490.972443 548.000061 492.000031 547.531067 484.027618 565.000061 483.000031 Small_Car Vehicle 1
515.0 499.000031 496.948456 504.014374 495.000031 497.000031 513.051636 491.985687 Small_Car Vehicle 1
511.16217 490.9729 493.0 493.999939 491.83783 487.026978 510.0 483.999939 Van Vehicle 1
583.200012 397.400055 576.000061 419.000031 565.80011 415.600006 573.000061 394.000031 Dump_Truck Vehicle 1
552.202576 411.881866 550.999939 419.999969 523.999939 415.999969 525.202576 407.881866 Dump_Truck Vehicle 1
258.279541 406.011139 258.0 412.999969 232.720444 411.9888 232.999969 404.999969 Van Vehicle 1
258.000031 400.000061 232.960602 403.004822 232.000031 395.000061 257.039459 391.9953 Van Vehicle 1
231.0 382.000031 230.405182 390.03006 203.405182 388.03006 204.0 380.000031 Dump_Truck Vehicle 1
266.545776 1050.165039 247.333664 1000.000061 378.319824 949.835083 397.531921 1000.000061 Baseball_Field Court 1
344.033203 406.124512 337.0 408.0 332.966797 392.875549 340.0 391.000061 Small_Car Vehicle 1
48.000008 303.0 36.977638 303.440918 35.977638 278.440918 47.000008 278.0 other-vehicle Vehicle 1
404.0 682.999939 0.0 801.31427 0.0 624.69281 356.360931 520.329895 Football_Field Court 1
