243.0 213.999985 226.0 217.999985 224.557373 211.868851 241.557373 207.868851 Van Vehicle 1
14.000002 333.0 0.0 342.0 0.0 333.071442 9.938629 326.682312 Small_Car Vehicle 1
497.000183 1000.0 486.749939 1000.0 478.609833 993.487915 483.097626 987.878174 Small_Car Vehicle 1
481.164795 986.141296 477.000061 991.000061 462.835327 978.858826 467.000061 974.000061 Small_Car Vehicle 1
466.000061 975.000061 460.679382 980.700745 445.679382 966.700745 451.000061 961.000061 Small_Car Vehicle 1
440.13446 955.113647 436.0 959.999878 422.86554 948.886108 427.0 943.999878 Small_Car Vehicle 1
396.0 965.000122 390.634155 971.707397 375.634155 959.707397 381.0 953.000122 Van Vehicle 1
258.379242 839.448242 252.999939 844.0 241.620636 830.551758 246.999939 826.0 Van Vehicle 1
244.041412 824.100586 237.0 827.0 229.958588 809.899414 237.0 807.0 Small_Car Vehicle 1
236.0 797.0 227.0 797.0 227.0 781.0 236.0 781.0 Small_Car Vehicle 1
242.137939 764.655151 236.0 780.0 226.862061 776.344849 233.0 761.0 Small_Car Vehicle 1
262.307709 880.538452 257.846161 887.230713 240.538483 875.692261 245.000031 869.0 Van Vehicle 1
243.000031 869.0 238.628845 874.716187 221.628845 861.716187 226.000031 856.0 Small_Car Vehicle 1
218.061203 852.075378 212.000015 857.000061 198.938828 840.924744 205.000015 836.000061 Small_Car Vehicle 1
202.281036 834.602295 195.0 838.000122 187.718964 822.397949 195.0 819.000122 Small_Car Vehicle 1
252.000015 711.000061 236.827591 717.069031 234.000015 710.000061 249.17244 703.931091 Small_Car Vehicle 1
279.0 739.0 262.952515 748.026733 259.0 741.0 275.047485 731.973267 Small_Car Vehicle 1
323.999969 726.0 306.999969 729.0 305.741608 721.869141 322.741608 718.869141 Small_Car Vehicle 1
466.0 701.0 444.575256 703.040405 444.0 697.0 465.424744 694.959595 Small_Car Vehicle 1
504.281097 660.113525 485.281097 663.113525 484.000031 655.0 503.000031 652.0 Van Vehicle 1
524.0 692.0 505.890259 694.012207 505.0 686.0 523.109741 683.987793 Van Vehicle 1
607.0 685.0 587.370117 686.033203 587.0 679.0 606.629883 677.966797 Small_Car Vehicle 1
534.000061 657.0 512.669739 659.031494 512.000061 652.0 533.330383 649.968506 Van Vehicle 1
561.349121 654.982605 541.0 656.000061 540.650879 649.017517 561.0 648.000061 Van Vehicle 1
584.000061 651.999939 567.000061 652.999939 566.586243 645.965515 583.586243 644.965515 Van Vehicle 1
610.0 653.0 591.0 653.0 591.0 646.0 610.0 646.0 Van Vehicle 1
635.0 685.0 612.0 685.0 612.0 678.0 635.0 678.0 Van Vehicle 1
846.0 665.999939 827.0 667.999939 826.260254 660.972595 845.260254 658.972595 Van Vehicle 1
867.000061 659.000061 847.852356 664.038879 846.000061 657.000061 865.147766 651.961243 Van Vehicle 1
875.052551 619.977051 859.000061 627.0 855.947571 620.022949 872.000061 613.0 Van Vehicle 1
892.0 606.0 879.728271 617.249023 874.0 611.0 886.271729 599.750977 Small_Car Vehicle 1
646.049011 185.007339 645.000061 192.000015 624.951111 188.992691 626.000061 182.000015 Van Vehicle 1
767.0 445.0 765.319458 453.066528 741.0 448.0 742.680542 439.933472 Dump_Truck Vehicle 1
810.999939 429.0 808.100525 436.041443 790.999939 429.0 793.899353 421.958557 Small_Car Vehicle 1
784.162109 421.027039 783.0 428.0 764.837891 424.972961 766.0 418.0 Van Vehicle 1
757.347229 415.015106 757.000061 423.000031 733.652893 421.984955 734.000061 414.000031 Van Vehicle 1
729.000061 413.0 728.665222 420.031677 707.000061 419.0 707.3349 411.968323 Small_Car Vehicle 1
844.000061 444.0 840.000061 451.0 818.676941 438.815369 822.676941 431.815369 Dump_Truck Vehicle 1
866.800049 457.600037 862.0 464.000061 846.0 452.000061 850.800049 445.600037 Van Vehicle 1
845.307678 485.538452 840.999939 492.0 828.999939 484.0 833.307678 477.538452 Small_Car Vehicle 1
867.0 502.0 862.162109 508.127991 843.162109 493.127991 848.0 487.0 Dump_Truck Vehicle 1
893.352966 522.588318 887.352966 529.588318 868.000061 513.000061 874.000061 506.000061 Dump_Truck Vehicle 1
905.809204 541.739807 900.0 545.999939 889.0 530.999939 894.809204 526.739807 Small_Car Vehicle 1
953.000122 554.0 944.055542 557.156982 938.000122 540.0 946.944702 536.843018 Small_Car Vehicle 1
949.03363 585.853882 945.999939 599.0 937.966248 597.146118 940.999939 584.0 Small_Car Vehicle 1
195.113541 817.718933 187.000015 819.000061 183.88649 799.281189 192.000015 798.000061 Dump_Truck Vehicle 1
703.349182 680.982605 683.000061 682.000061 682.65094 675.017517 703.000061 674.000061 Small_Car Vehicle 1
227.0 726.0 215.762177 734.172974 212.0 729.0 223.237823 720.827026 Small_Car Vehicle 1
577.249451 686.98761 557.000061 688.000061 556.750671 683.012512 577.000061 682.000061 Van Vehicle 1
716.497437 640.035522 716.0 647.0 701.502563 645.964478 702.0 639.0 Small_Car Vehicle 1
785.999939 448.999939 784.999939 455.999939 771.979919 454.139954 772.979919 447.139954 Small_Car Vehicle 1
946.0 617.999939 930.260376 636.224792 886.0 597.999939 901.739624 579.775085 Intersection Road 1
193.024887 775.527527 192.024887 794.527527 182.000015 793.999939 183.000015 774.999939 Small_Car Vehicle 1
197.0 763.0 196.098999 772.009888 186.0 771.0 186.901001 761.990112 Small_Car Vehicle 1
274.324829 703.904358 257.0 708.999939 254.675171 701.09552 272.0 695.999939 Small_Car Vehicle 1
298.0 734.0 281.0 738.0 279.334412 730.921265 296.334412 726.921265 Van Vehicle 1
259.218323 748.767151 244.000031 764.999939 236.781738 758.232727 252.000031 741.999939 Dump_Truck Vehicle 1
319.000061 694.0 304.000061 698.0 301.875549 690.033203 316.875549 686.033203 Small_Car Vehicle 1
348.140045 688.97998 327.000031 692.0 325.860016 684.02002 347.000031 681.0 Small_Car Vehicle 1
380.235291 679.941223 360.0 685.000061 357.764709 676.058899 378.0 671.000061 Van Vehicle 1
411.04892 673.992676 391.000031 677.0 389.951141 670.007324 410.000031 667.0 Van Vehicle 1
445.139984 668.979919 423.999969 671.999939 422.859955 664.019958 443.999969 660.999939 Van Vehicle 1
477.060974 664.548828 455.0 667.0 454.0 658.0 476.060974 655.548828 Van Vehicle 1
646.0 651.0 623.0 651.0 623.0 644.0 646.0 644.0 Small_Car Vehicle 1
671.0 649.0 652.0 649.0 652.0 641.0 671.0 641.0 Van Vehicle 1
696.380066 647.981934 674.999939 649.0 674.619812 641.018066 695.999939 640.0 Small_Car Vehicle 1
674.0 683.0 648.0 684.0 647.691284 675.973389 673.691284 674.973389 Van Vehicle 1
552.332336 689.981567 534.000061 691.0 533.667786 685.018433 552.000061 684.0 Van Vehicle 1
497.0 694.0 476.504944 696.049561 476.0 691.0 496.495056 688.950439 Van Vehicle 1
415.223145 709.969604 393.0 713.0 391.776855 704.030396 414.0 701.0 Small_Car Vehicle 1
383.070923 716.139404 363.070923 719.139404 362.0 712.0 382.0 709.0 Van Vehicle 1
354.0 721.999939 333.0 724.999939 331.700012 715.899963 352.700012 712.899963 Van Vehicle 1
797.000122 639.000061 775.953979 641.630798 774.953979 633.630798 796.000122 631.000061 Van Vehicle 1
826.223206 634.969604 804.000061 638.0 802.776917 629.030396 825.000061 626.0 Van Vehicle 1
853.000061 631.0 831.000061 634.0 829.892517 625.878296 851.892517 622.878296 Van Vehicle 1
952.000061 562.0 950.965637 579.586182 941.000061 579.0 942.034485 561.413818 Small_Car Vehicle 1
