984.0 595.0 982.0 634.0 965.990845 633.179077 967.990845 594.179077 Cargo_Truck Vehicle 1
979.0 556.0 971.0 556.0 971.0 542.0 979.0 542.0 Small_Car Vehicle 1
936.000183 560.0 927.969177 560.5354 926.969177 545.5354 935.000183 545.0 Van Vehicle 1
982.0 458.0 972.0 458.0 972.0 442.0 982.0 442.0 Small_Car Vehicle 1
984.0 400.0 974.0 400.0 974.0 383.0 984.0 383.0 Van Vehicle 1
985.0 100.0 975.0 100.0 975.0 82.0 985.0 82.0 Van Vehicle 1
951.0 16.0 940.0 16.0 940.0 0.0 951.0 0.0 Van Vehicle 1
978.019409 964.688721 977.0 981.0 965.980591 980.311279 967.0 964.0 Van Vehicle 1
796.0 598.0 771.0 598.0 771.0 589.0 796.0 589.0 Small_Car Vehicle 1
793.362976 577.983582 771.000061 579.000061 770.637146 571.016541 793.000061 570.000061 Van Vehicle 1
794.362976 541.983521 772.000061 543.0 771.637146 535.016479 794.000061 534.0 Van Vehicle 1
736.332642 600.01593 736.000122 607.000061 714.66748 605.984192 715.0 599.000061 Small_Car Vehicle 1
737.317444 554.014343 736.999939 560.999939 714.682434 559.985535 714.999939 552.999939 Small_Car Vehicle 1
732.0 543.0 712.0 543.0 712.0 535.0 732.0 535.0 Small_Car Vehicle 1
665.96106 608.622559 664.96106 624.622559 655.0 624.0 656.0 608.0 Small_Car Vehicle 1
554.0 621.0 542.0 621.0 542.0 604.0 554.0 604.0 Van Vehicle 1
692.0 487.0 670.0 487.0 670.0 478.0 692.0 478.0 Small_Car Vehicle 1
713.0 486.0 692.0 486.0 692.0 479.0 713.0 479.0 Small_Car Vehicle 1
850.0 479.0 829.0 479.0 829.0 470.0 850.0 470.0 Small_Car Vehicle 1
748.0 466.0 729.0 466.0 729.0 459.0 748.0 459.0 Van Vehicle 1
837.0 455.0 814.0 455.0 814.0 447.0 837.0 447.0 Small_Car Vehicle 1
811.0 455.0 782.0 455.0 782.0 445.0 811.0 445.0 Dump_Truck Vehicle 1
769.0 454.0 743.0 454.0 743.0 446.0 769.0 446.0 Small_Car Vehicle 1
735.0 455.0 703.0 455.0 703.0 445.0 735.0 445.0 Small_Car Vehicle 1
701.0 454.0 673.0 454.0 673.0 445.0 701.0 445.0 Small_Car Vehicle 1
611.0 454.0 581.0 454.0 581.0 444.0 611.0 444.0 Small_Car Vehicle 1
509.0 453.0 483.0 453.0 483.0 446.0 509.0 446.0 Small_Car Vehicle 1
237.0 912.0 227.0 912.0 227.0 895.0 237.0 895.0 Small_Car Vehicle 1
31.023346 948.626465 30.0 965.0 19.976654 964.373535 21.0 948.0 Small_Car Vehicle 1
16.0 971.0 3.0 971.0 3.0 929.0 16.0 929.0 Cargo_Truck Vehicle 1
31.0 541.0 22.0 541.0 22.0 527.0 31.0 527.0 Small_Car Vehicle 1
975.0 872.0 965.0 872.0 965.0 855.0 975.0 855.0 Small_Car Vehicle 1
973.0 827.0 963.0 827.0 963.0 811.0 973.0 811.0 Van Vehicle 1
973.0 783.0 965.0 783.0 965.0 766.0 973.0 766.0 Small_Car Vehicle 1
981.973083 663.656433 978.973083 736.656433 963.000061 736.000061 966.000061 663.000061 Cargo_Truck Vehicle 1
1000.0 492.763672 903.000061 491.000031 903.963684 437.999359 1000.0 439.745483 Intersection Road 1
272.0 821.0 224.0 821.0 224.0 786.0 272.0 786.0 Intersection Road 1
46.999985 829.0 0.0 829.0 0.0 782.0 46.999985 782.0 Intersection Road 1
663.357727 0.0 661.0 290.0 428.007294 288.105774 430.34964 0.0 Football_Field Court 1
43.999973 171.000061 -3.076916 170.094727 4e-06 10.096176 47.076893 11.001511 Baseball_Field Court 1
840.0 797.0 821.0 797.0 821.0 789.0 840.0 789.0 Van Vehicle 1
