289.000031 129.000015 272.685272 136.137711 270.000031 130.000015 286.314789 122.86232 Small_Car Vehicle 1
301.0 136.0 278.727417 145.111511 275.0 136.0 297.272583 126.888489 Van Vehicle 1
307.124756 143.943863 287.0 152.999985 283.875244 146.056107 304.0 136.999985 Small_Car Vehicle 1
314.400055 152.799988 292.000031 164.0 287.000031 154.0 309.400055 142.799988 Small_Car Vehicle 1
347.0 216.0 329.917053 227.05365 326.0 221.0 343.082947 209.94635 Small_Car Vehicle 1
354.637146 222.442459 338.0 236.999985 332.362854 230.55751 349.0 215.999985 Van Vehicle 1
365.999969 232.000031 345.999969 249.000031 339.535553 241.394806 359.535553 224.394806 Dump_Truck Vehicle 1
372.491791 239.590149 354.491791 254.590149 348.999969 248.0 366.999969 233.0 Small_Car Vehicle 1
379.0 246.000015 363.0 258.0 358.679993 252.240005 374.679993 240.240021 Small_Car Vehicle 1
392.0 259.000031 374.405396 271.567596 369.405396 264.567596 387.0 252.000031 Van Vehicle 1
432.279968 730.959961 411.0 734.0 409.719971 725.040039 430.999939 722.0 Small_Car Vehicle 1
433.078918 720.99054 408.000061 724.000061 406.921204 715.009583 432.000061 712.000061 Small_Car Vehicle 1
430.0 712.0 404.886536 718.027222 402.0 706.0 427.113464 699.972778 Small_Car Vehicle 1
426.0 703.000061 406.589172 706.06488 405.0 696.000061 424.410828 692.935242 Small_Car Vehicle 1
422.000061 694.000122 403.000061 698.000122 401.302429 689.936401 420.302429 685.936401 Small_Car Vehicle 1
415.252045 674.947021 396.000031 679.000122 394.748016 673.053223 414.000031 669.000122 Small_Car Vehicle 1
421.000061 685.000061 399.908142 689.017517 398.000061 679.000061 419.09198 674.982605 Small_Car Vehicle 1
414.0 670.0 392.95282 672.004517 392.0 662.0 413.04718 659.995483 Small_Car Vehicle 1
413.000031 660.000061 390.909882 662.00824 389.909882 651.00824 412.000031 649.000061 Small_Car Vehicle 1
409.097534 649.878113 390.0 652.000061 389.0 643.000061 408.097534 640.878113 Small_Car Vehicle 1
405.32431 640.945984 386.999969 644.000061 385.675629 636.054138 403.999969 633.000061 Small_Car Vehicle 1
402.076904 632.615417 383.0 635.000061 382.0 627.000061 401.076904 624.615417 Small_Car Vehicle 1
402.0 624.0 379.969238 626.753906 378.969238 618.753906 401.0 616.0 Van Vehicle 1
400.000031 616.0 377.920807 618.207886 376.920807 608.207886 399.000031 606.0 Small_Car Vehicle 1
396.000031 605.000061 374.724335 609.052551 373.000031 600.000061 394.275726 595.947571 Small_Car Vehicle 1
369.321686 710.938721 348.000031 715.0 346.678375 708.061279 368.000031 704.0 Small_Car Vehicle 1
368.000031 704.0 345.824005 708.031982 344.000031 698.0 366.176056 693.968018 Small_Car Vehicle 1
365.0 694.000061 343.84613 698.230774 341.84613 688.230774 363.0 684.000061 Small_Car Vehicle 1
361.576935 683.884644 341.000031 688.0 339.423126 680.115356 360.000031 676.0 Small_Car Vehicle 1
361.791962 676.855957 339.791962 680.855957 337.999969 671.0 359.999969 667.0 Small_Car Vehicle 1
359.192322 666.961487 339.0 670.999939 337.0 660.999939 357.192322 656.961487 Small_Car Vehicle 1
357.827118 657.039307 335.827118 662.039307 334.000031 654.0 356.000031 649.0 Dump_Truck Vehicle 1
350.256775 649.959534 331.0 653.000061 329.743225 645.040588 349.0 642.000061 Small_Car Vehicle 1
349.084412 640.985352 326.0 645.0 323.915588 633.014648 347.0 629.0 Van Vehicle 1
345.0 630.0 324.807678 634.038452 323.0 625.0 343.192322 620.961548 Small_Car Vehicle 1
341.0 622.0 321.0 626.0 319.0 616.0 339.0 612.0 Small_Car Vehicle 1
345.280029 714.959961 324.0 718.0 322.719971 709.040039 344.0 706.0 Small_Car Vehicle 1
345.000031 706.000061 324.000031 710.000061 322.643341 702.877502 343.643341 698.877502 Small_Car Vehicle 1
344.63089 695.84967 322.999969 700.999939 321.369049 694.150208 342.999969 688.999939 Small_Car Vehicle 1
339.140015 678.979919 318.0 681.999939 316.859985 674.019958 338.0 670.999939 Small_Car Vehicle 1
341.0 690.0 314.740356 695.049927 313.0 686.0 339.259644 680.950073 Dump_Truck Vehicle 1
338.32431 669.945923 313.999969 674.0 312.675629 666.054077 336.999969 662.0 Small_Car Vehicle 1
334.000031 661.000061 312.669708 663.031555 312.000031 656.000061 333.330353 653.968567 Van Vehicle 1
328.0 654.000061 304.697937 656.026306 304.0 648.000061 327.302063 645.973816 Small_Car Vehicle 1
325.195618 644.970703 305.0 648.0 303.804382 640.029297 324.0 637.0 Small_Car Vehicle 1
324.475098 635.977417 303.0 637.0 302.524902 627.022583 324.0 626.0 Small_Car Vehicle 1
320.000031 625.0 301.788239 629.047119 300.000031 621.0 318.211823 616.952881 Van Vehicle 1
336.0 613.0 317.0 615.0 315.937012 604.901367 334.937012 602.901367 Small_Car Vehicle 1
304.000031 753.999939 281.000031 757.999939 279.451385 749.095398 302.451385 745.095398 Small_Car Vehicle 1
303.151306 743.963806 278.0 750.000061 275.848694 741.036316 301.0 735.000061 Van Vehicle 1
297.000031 736.000061 273.000031 742.000061 271.000031 734.000061 295.000031 728.000061 Small_Car Vehicle 1
292.000031 728.000061 272.697662 732.063782 271.000031 724.000061 290.302399 719.93634 Small_Car Vehicle 1
291.360504 718.914124 269.999969 723.999939 267.639435 714.085754 288.999969 708.999939 Small_Car Vehicle 1
288.0 711.0 266.0 713.0 265.270508 704.975464 287.270508 702.975464 Van Vehicle 1
285.471954 701.096008 263.471954 705.096008 261.999969 697.000061 283.999969 693.000061 Van Vehicle 1
282.0 692.0 260.909851 697.021484 259.0 689.0 280.090149 683.978516 Small_Car Vehicle 1
280.0 683.0 258.909851 688.021484 257.0 680.0 278.090149 674.978516 Van Vehicle 1
276.000061 674.000061 255.724808 680.082581 253.000015 671.000061 273.275269 664.917542 Small_Car Vehicle 1
273.321686 663.938782 252.000031 668.000061 250.678375 661.06134 272.000031 657.000061 Small_Car Vehicle 1
271.724335 657.052551 250.724335 661.052551 249.000031 652.000061 270.000031 648.000061 Small_Car Vehicle 1
269.999969 647.999939 248.999969 650.999939 247.839996 642.879944 268.839996 639.879944 Van Vehicle 1
267.505493 638.903687 246.505524 642.903687 245.000046 635.0 266.000031 631.0 Small_Car Vehicle 1
337.513489 989.081055 313.513489 993.081055 312.0 984.0 336.0 980.0 Small_Car Vehicle 1
716.0 939.0 695.807739 943.038452 694.0 934.0 714.192261 929.961548 Small_Car Vehicle 1
967.000122 900.0 945.000122 907.0 942.701782 899.776733 964.701782 892.776733 Small_Car Vehicle 1
458.0 343.000031 439.919128 354.049469 435.0 346.000031 453.080872 334.950592 Dump_Truck Vehicle 1
452.0 331.000031 435.0 342.000031 430.626831 335.241486 447.626831 324.241486 Small_Car Vehicle 1
495.234833 331.249542 486.999969 339.000031 470.765106 321.750458 478.999969 313.999969 Dump_Truck Vehicle 1
453.000031 318.0 445.000031 326.0 430.500031 311.5 438.500031 303.5 Van Vehicle 1
901.0 186.000031 893.0 192.000031 881.0 176.000031 889.0 170.000031 Van Vehicle 1
919.0 147.999969 913.230103 154.213654 899.0 140.999969 904.769897 134.786285 Van Vehicle 1
940.93811 119.929199 934.0 126.0 920.0 110.0 926.93811 103.929199 Van Vehicle 1
945.082397 107.929436 937.588257 114.352959 926.505859 101.423546 934.0 95.000023 Small_Car Vehicle 1
953.77002 101.750793 947.0 108.0 935.0 95.0 941.77002 88.750793 Small_Car Vehicle 1
464.0 18.000011 444.778076 36.210232 437.0 28.000011 456.221924 9.789791 Dump_Truck Vehicle 1
426.000061 9.000017 414.000061 21.000017 408.000061 15.000017 420.000061 3.000017 Van Vehicle 1
