-0.0 72.999985 -0.0 72.999985 1e-06 63.0 1e-06 63.0 Van Vehicle 1
233.38237 20.029413 212.38237 21.029413 212.000015 13.000002 233.000015 12.000002 Small_Car Vehicle 1
176.76828 149.085358 176.0 156.0 157.23172 153.914642 158.0 147.0 Small_Car Vehicle 1
168.999985 157.000015 168.297012 164.029709 147.999985 162.000015 148.702957 154.970322 Van Vehicle 1
992.119995 40.16 981.119995 42.16 978.0 24.999996 989.0 22.999996 Small_Car Vehicle 1
985.229553 54.524593 975.000061 59.000004 968.000061 43.000004 978.229553 38.524593 Van Vehicle 1
819.999878 121.999985 814.620605 129.448257 796.620605 116.448257 801.999878 108.999985 Small_Car Vehicle 1
841.074219 135.056763 835.0 143.0 817.925781 129.943237 824.0 122.0 Small_Car Vehicle 1
874.430786 152.24614 870.0 159.999985 850.938477 149.107681 855.369263 141.353836 Van Vehicle 1
912.0 172.0 907.709595 179.410797 888.709595 168.410797 893.0 161.0 Small_Car Vehicle 1
949.781555 192.87146 945.000061 201.0 928.000061 191.0 932.781555 182.87146 Small_Car Vehicle 1
982.000061 211.000046 977.80011 219.40004 959.80011 210.40004 964.000061 202.000046 Van Vehicle 1
1000.000061 554.545288 971.999939 551.999878 975.639221 511.967041 1003.639343 514.512451 Intersection Road 1
951.022095 893.419922 940.0 894.0 939.0 875.0 950.022095 874.419922 Small_Car Vehicle 1
935.027588 901.469055 926.0 902.000061 924.972412 884.531067 934.0 884.000061 Small_Car Vehicle 1
951.0 908.0 942.0 908.0 942.0 894.0 951.0 894.0 Small_Car Vehicle 1
951.869202 926.258484 942.000061 928.000061 939.000061 911.000061 948.869202 909.258484 Small_Car Vehicle 1
951.0 963.0 942.0 963.0 942.0 943.0 951.0 943.0 Van Vehicle 1
951.0 988.0 941.0 988.0 941.0 970.0 951.0 970.0 Small_Car Vehicle 1
106.048904 790.007324 105.0 797.0 84.951096 793.992676 86.0 787.0 Small_Car Vehicle 1
110.04892 781.007324 109.000015 788.0 88.951111 784.992676 90.000015 778.0 Van Vehicle 1
113.0 773.000061 111.57692 780.115417 91.0 776.000061 92.42308 768.884705 Small_Car Vehicle 1
14.999999 736.000061 13.27571 745.052551 0.0 742.523865 0.0 733.142944 Small_Car Vehicle 1
117.000015 412.999939 116.000015 421.999939 95.914642 419.76825 96.914642 410.76825 Small_Car Vehicle 1
481.0 586.0 471.0 586.0 471.0 571.0 481.0 571.0 Small_Car Vehicle 1
532.081055 686.51355 529.0 705.0 519.918945 703.48645 523.0 685.0 Small_Car Vehicle 1
415.256744 923.040588 413.999969 931.000061 394.743195 927.959534 395.999969 920.000061 Van Vehicle 1
417.0 913.0 416.297058 920.029663 396.0 918.0 396.702942 910.970337 Small_Car Vehicle 1
277.0 460.0 258.976868 543.754517 209.0 533.0 227.023132 449.245483 Tennis_Court Court 1
