623.007507 1000.0 623.007507 964.6521 716.29303 964.6521 716.29303 1000.0 Football_Field Court 1
993.50592 786.999939 993.50592 773.857239 999.999939 773.857239 999.999939 786.999939 Dump_Truck Vehicle 1
1000.0 774.250122 990.839966 781.120117 984.0 772.000122 1000.0 760.000122 Van Vehicle 1
1000.0 756.333191 1000.0 759.579041 982.578613 773.332764 976.000122 765.0 Van Vehicle 1
990.276978 752.784546 972.0 766.999878 966.723022 760.21521 985.0 745.999878 Dump_Truck Vehicle 1
986.999939 744.0 963.999939 760.0 958.292908 751.796143 981.292908 735.796143 Dump_Truck Vehicle 1
973.999878 740.999878 957.872559 752.087402 952.999878 744.999878 969.127197 733.912354 Small_Car Vehicle 1
1000.0 713.0 1000.0 713.0 1000.0 713.0 1000.0 713.0 Van Vehicle 1
994.6604 714.233398 988.999878 706.0 1000.0 698.4375 1005.660522 706.670898 Van Vehicle 1
937.461487 707.692261 919.461487 719.692261 914.999939 713.0 932.999939 701.0 Small_Car Vehicle 1
933.0 700.000061 910.0 714.000061 903.222046 702.864929 926.222046 688.864929 Van Vehicle 1
896.0 678.999939 880.436401 690.413269 875.0 682.999939 890.563599 671.586609 Small_Car Vehicle 1
884.159912 668.880066 871.999878 678.000061 866.839844 671.120056 878.999878 662.000061 Small_Car Vehicle 1
447.900085 25.700003 423.000061 34.0 419.000061 22.000002 443.900085 13.700005 Small_Car Vehicle 1
547.000061 84.0 526.000061 91.0 522.700012 81.100006 543.700012 74.100006 Small_Car Vehicle 1
100.0 213.999985 80.087585 221.24086 76.087585 210.24086 96.0 202.999985 Small_Car Vehicle 1
17.251488 172.896469 0.0 180.0 0.0 170.764725 14.000008 165.000015 Small_Car Vehicle 1
257.246582 162.657547 235.0 171.000015 232.0 163.000015 254.246582 154.657547 Small_Car Vehicle 1
481.999969 99.0 462.629242 106.136581 459.999969 99.0 479.370697 91.863419 Small_Car Vehicle 1
708.184204 47.955093 626.0 68.000008 623.815796 59.04493 706.0 39.000015 Cargo_Truck Vehicle 1
