843.006836 270.815094 839.967163 352.887665 789.0 350.999969 792.039673 268.927399 Tennis_Court Court 1
248.024628 847.556885 247.024628 865.556885 237.0 865.0 238.0 847.0 Small_Car Vehicle 1
307.999969 821.000061 298.117645 823.470642 293.117645 803.470642 302.999969 801.000061 Van Vehicle 1
322.944672 818.843079 314.000031 822.000061 308.000031 805.000061 316.944672 801.843079 Small_Car Vehicle 1
337.082214 816.219299 327.0 820.000061 320.917786 803.780823 331.0 800.000061 Small_Car Vehicle 1
514.0 259.0 509.922729 341.564087 458.0 339.0 462.077271 256.435913 Tennis_Court Court 1
786.000061 147.0 780.997131 229.048615 731.000061 226.000031 736.002991 143.951416 Tennis_Court Court 1
588.833618 140.051025 583.870605 221.114532 533.000122 218.0 537.963135 136.936493 Tennis_Court Court 1
580.000061 261.0 574.859558 342.218994 523.999939 339.0 529.140442 257.781006 Tennis_Court Court 1
647.000061 264.0 641.92572 346.205261 590.000061 343.0 595.074402 260.794739 Tennis_Court Court 1
711.737366 267.044281 706.876892 348.052643 656.000061 345.000031 660.860535 263.991669 Tennis_Court Court 1
852.000061 149.0 847.970642 228.58078 797.000061 226.0 801.02948 146.41922 Tennis_Court Court 1
777.0 268.0 771.867554 349.092896 723.0 346.0 728.132446 264.907104 Tennis_Court Court 1
258.0 991.0 228.0 991.0 228.0 982.0 258.0 982.0 Van Vehicle 1
260.0 1000.0 234.0 1000.0 234.0 993.0 260.0 993.0 Van Vehicle 1
277.702972 936.970398 276.000031 954.000061 266.000031 953.000061 267.702972 935.970398 Small_Car Vehicle 1
198.376068 932.973938 198.0 941.999939 174.0 940.999939 174.376068 931.973938 Small_Car Vehicle 1
197.36496 913.971191 197.0 922.0 175.0 921.0 175.36496 912.971191 Small_Car Vehicle 1
254.0 905.0 244.0 905.0 244.0 889.0 254.0 889.0 Small_Car Vehicle 1
303.024811 891.527649 302.024811 910.527649 291.999969 910.000061 292.999969 891.000061 Small_Car Vehicle 1
323.0 894.0 320.987793 912.109741 311.0 911.0 313.012207 892.890259 Small_Car Vehicle 1
350.599945 901.200012 345.599945 916.200012 335.999969 913.000061 340.999969 898.000061 Small_Car Vehicle 1
262.0 847.0 260.97229 865.498413 252.0 865.0 253.02771 846.501587 Van Vehicle 1
211.0 865.0 201.0 865.0 201.0 845.0 211.0 845.0 Van Vehicle 1
197.0 864.0 188.0 864.0 188.0 844.0 197.0 844.0 Van Vehicle 1
222.0 864.0 212.0 864.0 212.0 844.0 222.0 844.0 Small_Car Vehicle 1
234.0 863.0 224.0 863.0 224.0 846.0 234.0 846.0 Van Vehicle 1
226.0 816.0 216.0 816.0 216.0 799.0 226.0 799.0 Small_Car Vehicle 1
151.0 816.0 142.0 816.0 142.0 802.0 151.0 802.0 Van Vehicle 1
164.000015 801.000061 162.000015 816.000061 154.008743 814.934509 156.008743 799.934509 Small_Car Vehicle 1
176.000015 802.000122 174.000015 818.000122 165.015396 816.877075 167.015396 800.877075 Small_Car Vehicle 1
188.0 817.0 177.0 817.0 177.0 800.0 188.0 800.0 Van Vehicle 1
199.0 821.0 190.0 821.0 190.0 803.0 199.0 803.0 Small_Car Vehicle 1
251.0 819.0 240.0 819.0 240.0 797.0 251.0 797.0 Van Vehicle 1
264.000031 802.000061 262.961121 818.62262 253.000031 818.000061 254.03894 801.377502 Small_Car Vehicle 1
276.023376 803.626465 275.023376 819.626465 265.000061 819.0 266.000061 803.0 Small_Car Vehicle 1
288.0 820.0 277.0 820.0 277.0 802.0 288.0 802.0 Small_Car Vehicle 1
358.047058 805.788208 354.0 824.0 345.0 822.0 349.047058 803.788208 Small_Car Vehicle 1
370.844574 809.59082 365.844574 828.59082 356.000031 826.000122 361.000031 807.000122 Van Vehicle 1
383.000031 810.000122 378.966827 825.124634 371.000031 823.000122 375.033234 807.87561 Van Vehicle 1
396.000031 817.0 390.932159 831.190063 382.000031 828.0 387.067902 813.809937 Small_Car Vehicle 1
407.000061 817.0 400.944702 834.156982 392.000061 831.0 398.05542 813.843018 Van Vehicle 1
417.944702 821.157043 411.944702 838.157043 403.000061 835.000061 409.000061 818.000061 Small_Car Vehicle 1
443.000061 825.000122 437.000061 842.000122 426.852356 838.418579 432.852356 821.418579 Van Vehicle 1
454.063416 828.833679 446.000061 850.000061 435.936707 846.166443 444.000061 825.000061 Van Vehicle 1
466.000061 831.000061 460.000061 849.000061 451.000061 846.000061 457.000061 828.000061 Dump_Truck Vehicle 1
478.205505 835.452026 472.205505 851.452026 463.0 848.0 469.0 832.0 Van Vehicle 1
490.229492 839.475464 483.229492 855.475464 473.0 851.0 480.0 835.0 Van Vehicle 1
510.205475 842.452026 503.999969 859.0 494.794464 855.547974 500.999969 839.0 Van Vehicle 1
586.0 865.0 576.786377 881.379761 569.0 877.0 578.213623 860.620239 Small_Car Vehicle 1
539.103577 846.748535 532.000061 864.0 522.896545 860.251465 530.000061 843.0 Small_Car Vehicle 1
549.051758 854.879272 542.896606 869.241333 533.0 865.0 539.155151 850.637939 Small_Car Vehicle 1
562.0 856.000061 553.835083 874.371155 544.0 870.000061 552.164917 851.628967 Van Vehicle 1
572.0 860.000122 563.793823 878.463989 554.793823 874.463989 563.0 856.000122 Small_Car Vehicle 1
600.999939 871.999939 587.538025 887.532898 579.999939 880.999939 593.461853 865.46698 Small_Car Vehicle 1
470.164703 879.258789 465.999969 898.0 455.835236 895.741211 459.999969 877.0 Small_Car Vehicle 1
504.999939 887.999939 497.999939 904.999939 489.248474 901.396423 496.248474 884.396423 Small_Car Vehicle 1
450.0 966.000122 446.576904 983.115479 436.576904 981.115479 440.0 964.000122 Van Vehicle 1
343.036957 945.895447 337.000031 963.000061 325.963104 959.104675 332.000031 942.000061 Small_Car Vehicle 1
16.217604 60.882652 15.0 69.000008 0.0 66.750008 0.0 58.450012 Van Vehicle 1
523.639526 136.036209 519.000061 218.000015 466.000061 215.000015 470.639526 133.036209 Tennis_Court Court 1
654.644836 142.037933 649.872375 223.168976 595.999939 220.0 600.7724 138.868958 Tennis_Court Court 1
721.000061 142.999969 714.794983 225.734589 665.000061 221.999969 671.205139 139.26535 Tennis_Court Court 1
146.0 635.0 123.0 635.0 123.0 627.0 146.0 627.0 Small_Car Vehicle 1
