294.000031 114.0 284.955475 125.054459 280.000031 121.0 289.044586 109.945541 Dump_Truck Vehicle 1
329.0 628.0 320.0 628.0 320.0 613.0 329.0 613.0 Small_Car Vehicle 1
797.0 771.000061 796.0 789.000061 786.97229 788.498474 787.97229 770.498474 Small_Car Vehicle 1
744.0 776.0 734.0 776.0 734.0 761.0 744.0 761.0 Van Vehicle 1
688.02063 753.648315 687.0 771.0 675.97937 770.351685 677.0 753.0 Small_Car Vehicle 1
623.000061 726.000183 619.000061 741.000183 608.917053 738.31134 612.917053 723.31134 Van Vehicle 1
542.000061 692.0 541.417664 701.026978 510.000061 699.0 510.582458 689.973022 Small_Car Vehicle 1
649.0 701.000061 648.035278 710.003845 620.0 707.000061 620.964722 697.996277 Small_Car Vehicle 1
540.014648 579.486084 539.0 615.0 521.985352 614.513916 523.0 579.0 Motorboat Ship 1
699.0 398.000061 676.90979 400.00824 676.0 390.000061 698.09021 387.991882 Small_Car Vehicle 1
653.380127 230.981934 632.0 232.000031 631.619873 224.018127 653.0 223.000031 Small_Car Vehicle 1
679.0 231.0 656.0 231.0 656.0 222.0 679.0 222.0 Van Vehicle 1
762.000061 180.0 686.895203 184.059723 685.000061 149.0 760.104919 144.940277 Intersection Road 1
883.0 123.0 872.0 123.0 872.0 106.0 883.0 106.0 Small_Car Vehicle 1
898.0 124.0 887.0 124.0 887.0 107.0 898.0 107.0 Van Vehicle 1
895.0 142.0 885.0 142.0 885.0 126.0 895.0 126.0 Van Vehicle 1
884.0 141.0 874.0 141.0 874.0 125.0 884.0 125.0 Van Vehicle 1
850.715393 165.057205 849.999939 173.999985 824.999939 171.999985 825.715393 163.057205 Small_Car Vehicle 1
906.0 194.0 904.965576 211.586212 895.0 211.0 896.034424 193.413788 Small_Car Vehicle 1
1000.0 155.0 978.0 155.0 978.0 146.0 1000.0 146.0 Van Vehicle 1
984.279968 432.039948 982.999939 440.999969 954.71991 436.959991 955.999939 427.999969 Small_Car Vehicle 1
930.0 630.000061 921.035034 630.560364 920.0 614.000061 928.964966 613.439758 Small_Car Vehicle 1
924.999939 669.0 922.952209 686.406128 910.999939 685.0 913.047668 667.593872 Small_Car Vehicle 1
958.299194 708.039062 956.999878 718.0 933.700684 714.960938 935.0 705.0 Small_Car Vehicle 1
933.999939 846.000061 924.972351 846.475159 923.972351 827.475159 932.999939 827.000061 Small_Car Vehicle 1
356.000031 734.0 354.931061 746.827637 345.000031 746.0 346.069 733.172363 Small_Car Vehicle 1
290.0 683.0 261.0 683.0 261.0 671.0 290.0 671.0 Small_Car Vehicle 1
196.0 753.0 187.0 754.0 185.0 736.0 194.0 735.0 Van Vehicle 1
226.410309 786.026855 204.410309 787.026855 204.0 778.0 226.0 777.0 Van Vehicle 1
315.0 398.000031 305.0 399.000031 303.0 379.000031 313.0 378.000031 Van Vehicle 1
316.000031 374.000061 305.009918 375.09906 303.009918 355.09906 314.000031 354.000061 Small_Car Vehicle 1
376.999969 253.999969 352.999969 254.999969 352.708832 248.012115 376.708832 247.012115 Small_Car Vehicle 1
335.0 248.0 311.0 248.0 311.0 240.0 335.0 240.0 Small_Car Vehicle 1
361.0 246.0 335.281128 247.028748 335.0 240.0 360.718872 238.971252 Van Vehicle 1
317.286621 200.025482 233.286621 203.025482 232.0 167.0 316.0 164.0 Intersection Road 1
18.000002 171.999985 4.000002 173.999985 1.420002 155.939987 15.420002 153.939987 other-vehicle Vehicle 1
201.0 48.0 172.0 48.0 172.0 40.0 201.0 40.0 Small_Car Vehicle 1
324.0 32.0 300.784241 34.018761 300.0 25.0 323.215759 22.981239 Van Vehicle 1
