133.000015 470.000061 120.500015 482.500061 114.000015 476.000061 126.500015 463.500061 Van Vehicle 1
121.935654 1006.286194 112.000031 999.000061 116.609863 992.713928 126.545486 1000.000061 Van Vehicle 1
70.0 962.0 65.127319 969.087524 49.127319 958.087524 54.0 951.0 Small_Car Vehicle 1
4.000056 954.000061 -4.823365 947.067322 -3.5e-05 940.928528 8.823385 947.861267 Van Vehicle 1
314.500183 1005.500122 309.000183 1000.000122 315.500061 993.500244 321.000061 999.000244 Van Vehicle 1
668.999939 757.0 657.999939 769.0 651.750916 763.271729 662.750916 751.271729 Van Vehicle 1
848.000183 525.0 831.764832 529.058838 829.764832 521.058838 846.000183 517.0 Small_Car Vehicle 1
768.999939 508.0 763.999939 516.0 747.999939 506.0 752.999939 498.0 Van Vehicle 1
896.760132 429.680023 883.000122 440.000031 877.000122 432.000031 890.760132 421.680023 Van Vehicle 1
1000.0 386.250031 990.000061 390.0 987.000061 382.0 1000.0 377.125031 Van Vehicle 1
270.0 493.0 267.299988 501.099976 249.0 495.0 251.700012 486.900024 Van Vehicle 1
155.999969 428.0 150.999969 435.0 134.729706 423.378357 139.729706 416.378357 Small_Car Vehicle 1
40.405434 811.432373 35.405434 818.432373 18.000031 806.0 23.000031 799.0 Dump_Truck Vehicle 1
21.93071 799.946289 17.999939 805.000122 8.99994 798.000122 12.93071 792.946289 Van Vehicle 1
779.000061 93.999977 771.304871 99.431847 759.304871 82.431847 767.000061 76.999977 Small_Car Vehicle 1
874.000122 17.999969 869.000122 22.999969 856.000122 9.99997 861.000122 4.999971 Small_Car Vehicle 1
547.009888 230.098999 538.0 231.0 536.0 211.0 545.009888 210.098999 Dump_Truck Vehicle 1
561.081055 227.486481 552.0 229.0 549.0 211.0 558.081055 209.486481 Van Vehicle 1
571.012207 301.109741 563.0 302.0 560.987793 283.890259 569.0 283.0 Van Vehicle 1
477.375732 451.942139 464.0 453.999939 462.624268 445.057739 476.0 442.999939 Van Vehicle 1
640.0 432.999969 634.0 434.999969 629.0 419.999969 635.0 417.999969 Van Vehicle 1
774.000061 390.000031 773.000061 405.000031 766.960266 404.597382 767.960266 389.597382 Van Vehicle 1
769.063721 192.302399 761.0 194.0 756.936279 174.697601 765.0 173.0 Dump_Truck Vehicle 1
542.038452 555.192322 533.0 557.000061 528.961548 536.8078 538.0 535.000061 Small_Car Vehicle 1
308.999969 561.0 301.999969 581.0 294.24942 578.287354 301.24942 558.287354 Dump_Truck Vehicle 1
290.715118 605.306885 277.715118 619.306885 272.000031 614.0 285.000031 600.0 Van Vehicle 1
329.0 709.0 324.320007 715.23999 312.0 706.0 316.679993 699.76001 Van Vehicle 1
141.000031 819.000122 135.072021 823.104126 126.000038 810.000122 131.92804 805.896118 Van Vehicle 1
1000.0 847.625061 1000.0 850.421143 982.0 858.000061 978.687012 850.131775 Van Vehicle 1
974.000122 848.0 959.000122 853.0 957.000122 847.0 972.000122 842.0 Van Vehicle 1
965.0 836.0 953.751099 846.226196 949.0 841.0 960.248901 830.773804 Van Vehicle 1
958.0 828.0 945.77356 839.20752 941.0 834.0 953.22644 822.79248 Small_Car Vehicle 1
996.000122 793.000122 984.000122 805.000122 978.000122 799.000122 990.000122 787.000122 Small_Car Vehicle 1
980.500061 779.500061 970.000061 790.000061 965.000061 785.000061 975.500061 774.500061 Van Vehicle 1
854.000061 934.000061 841.000061 947.000061 835.500061 941.500061 848.500061 928.500061 Small_Car Vehicle 1
935.0 930.0 919.0 945.0 912.700684 938.28064 928.700684 923.28064 Dump_Truck Vehicle 1
79.058365 355.933838 49.058365 389.933838 14.000004 359.0 44.0 325.0 Intersection Road 1
382.0 79.999992 349.0 111.999992 317.0 78.999992 350.0 46.999992 Intersection Road 1
209.0 685.000061 193.0 701.000061 186.0 694.000061 202.0 678.000061 Dump_Truck Vehicle 1
