918.634033 202.707336 905.634033 208.707336 902.999878 203.000031 915.999878 197.000031 Van Vehicle 1
778.16449 261.930969 746.999939 275.0 742.835388 265.069031 773.999939 252.0 Cargo_Truck Vehicle 1
695.0 295.0 675.597656 303.169434 673.0 297.0 692.402344 288.830566 Small_Car Vehicle 1
677.896667 312.758636 661.000061 320.000031 658.000061 313.000031 674.896667 305.758636 Van Vehicle 1
647.000061 326.000031 633.000061 332.000031 630.000061 325.000031 644.000061 319.000031 Van Vehicle 1
568.000061 342.000031 535.947571 356.02298 532.000061 347.000031 564.052551 332.977081 Cargo_Truck Vehicle 1
531.092834 370.958771 513.092834 378.958771 510.000061 372.000031 528.000061 364.000031 Small_Car Vehicle 1
512.05249 365.97702 496.000031 372.999969 492.947601 366.022919 509.000031 358.999969 Van Vehicle 1
472.400085 381.800018 460.400085 387.800018 457.000061 381.000031 469.000061 375.000031 Van Vehicle 1
408.671204 408.123291 392.671204 414.123291 390.0 407.0 406.0 401.0 Van Vehicle 1
381.999969 430.0 364.547333 437.186401 361.999969 431.0 379.452606 423.813599 Van Vehicle 1
410.275879 418.689667 397.0 424.000031 395.0 419.000031 408.275879 413.689667 Van Vehicle 1
463.333923 396.858368 430.000061 411.000031 426.666199 403.141693 460.000061 389.000031 Cargo_Truck Vehicle 1
375.096527 418.962463 356.758698 426.093811 353.662201 418.131348 372.000031 411.0 Cargo_Truck Vehicle 1
365.0 404.0 345.0 412.0 341.689636 403.724121 361.689636 395.724121 Dump_Truck Vehicle 1
405.314148 389.287567 374.314148 402.287567 370.0 391.999969 401.0 378.999969 Cargo_Truck Vehicle 1
441.310364 375.275909 421.310364 383.275909 418.0 375.000031 438.0 367.000031 Cargo_Truck Vehicle 1
527.443481 339.841614 513.0 345.0 510.556549 338.158386 525.0 333.0 Van Vehicle 1
497.0 352.000031 452.727417 370.111542 449.0 361.000031 493.272583 342.888519 Bus Vehicle 1
664.0 282.0 642.0 291.0 638.272583 281.888489 660.272583 272.888489 other-vehicle Vehicle 1
630.000061 297.0 600.263977 309.304565 596.000061 299.0 625.736145 286.695435 Cargo_Truck Vehicle 1
569.717529 323.119843 536.717529 337.119843 532.0 325.999969 565.0 311.999969 Cargo_Truck Vehicle 1
601.000061 311.000031 583.000061 319.000031 579.000061 310.000031 597.000061 302.000031 Van Vehicle 1
575.452026 355.205505 559.452026 361.205505 556.0 352.0 572.0 346.0 Van Vehicle 1
727.0 292.0 711.0 298.0 708.657593 291.753418 724.657593 285.753418 Van Vehicle 1
885.168396 193.927063 855.000061 207.000031 849.831726 195.072998 880.000061 182.000031 Dump_Truck Vehicle 1
995.000122 148.000015 989.947021 136.022385 1000.0 131.781296 1005.053101 143.758926 Trailer Vehicle 1
988.000061 151.000031 969.758728 158.093872 967.000061 151.000031 985.241394 143.906189 Van Vehicle 1
956.067139 161.974213 942.732056 167.103088 939.665039 159.128876 953.000122 154.0 Van Vehicle 1
179.000015 341.000031 161.000015 350.000031 142.000015 312.000031 160.000015 303.000031 Cargo_Truck Vehicle 1
349.000031 443.000061 333.835785 450.076721 331.000031 444.000061 346.164276 436.923401 Van Vehicle 1
320.0 442.000031 300.955322 450.018829 298.0 443.000031 317.044678 434.981232 Van Vehicle 1
338.000031 419.000031 306.000031 433.000031 301.524628 422.770538 333.524628 408.770538 Dump_Truck Vehicle 1
259.362061 448.844849 245.000015 455.0 241.637955 447.155151 256.0 441.0 Van Vehicle 1
248.096527 470.962463 230.0 478.0 226.903473 470.037537 245.0 463.0 Small_Car Vehicle 1
258.0 479.0 238.597656 487.169434 236.0 481.0 255.402344 472.830566 Small_Car Vehicle 1
207.999985 472.0 182.999985 483.0 178.664871 473.147461 203.664871 462.147461 Cargo_Truck Vehicle 1
204.312927 487.868195 184.999969 495.999969 181.687042 488.131744 201.0 479.999969 Van Vehicle 1
164.547333 491.186371 147.547333 498.186371 145.0 491.999969 162.0 484.999969 Van Vehicle 1
145.0 512.000061 128.103455 519.241394 125.103447 512.241394 142.0 505.000061 Van Vehicle 1
110.000015 539.0 87.883194 548.047729 85.000015 541.0 107.116837 531.952271 other-vehicle Vehicle 1
142.052475 525.977051 126.052475 532.977051 123.000015 526.0 139.000015 519.0 Van Vehicle 1
100.685242 530.137756 84.685242 537.137756 82.0 531.000061 98.0 524.000061 Van Vehicle 1
193.000015 507.0 177.000015 513.0 174.328781 505.876709 190.328781 499.876709 Van Vehicle 1
47.000011 551.000061 33.000011 557.000061 30.000011 550.000061 44.000011 544.000061 Van Vehicle 1
63.052475 556.977112 47.000015 564.000061 43.947556 557.02301 60.000015 550.000061 Small_Car Vehicle 1
89.47168 600.848999 63.999985 609.0 60.52829 598.151001 85.999985 590.0 Dump_Truck Vehicle 1
162.172394 574.93103 141.999969 583.0 138.827545 575.06897 158.999969 567.0 Van Vehicle 1
137.0 571.0 116.494843 580.113403 112.494843 571.113403 133.0 562.0 Dump_Truck Vehicle 1
364.655182 493.137909 339.655182 503.137909 336.000031 493.999969 361.000031 483.999969 Dump_Truck Vehicle 1
287.0 528.0 266.482788 536.206909 264.0 530.0 284.517212 521.793091 Van Vehicle 1
409.629272 484.136627 390.629272 491.136627 388.0 484.000031 407.0 477.000031 other-vehicle Vehicle 1
436.0 461.0 416.0 469.0 412.344849 459.862061 432.344849 451.862061 Dump_Truck Vehicle 1
533.955322 433.018799 514.955322 441.018799 512.0 434.0 531.0 426.0 Dump_Truck Vehicle 1
630.342407 394.246643 614.342407 400.246643 612.0 394.000061 628.0 388.000061 Van Vehicle 1
637.804688 378.661163 618.804688 386.661163 616.0 379.999969 635.0 371.999969 Van Vehicle 1
781.505127 335.886658 761.0 345.000061 757.0 336.000061 777.505127 326.886658 Cargo_Truck Vehicle 1
874.0 299.000061 854.955322 307.01886 852.0 300.000061 871.044678 291.981262 Van Vehicle 1
25.14259 473.625763 17.000011 495.000031 4.857436 490.374298 13.000013 469.000031 Trailer Vehicle 1
52.000004 489.000061 41.123081 495.215454 29.000004 474.000061 39.876926 467.784668 Trailer Vehicle 1
66.999992 484.0 56.218979 490.370605 43.218979 468.370605 53.999992 462.0 Trailer Vehicle 1
