22.0 117.000015 11.061135 118.458527 9.000001 103.000015 19.938866 101.541504 Van Vehicle 1
102.010071 74.057053 91.0 76.000008 87.989929 58.942963 99.0 57.000008 Van Vehicle 1
158.014648 39.068291 149.0 41.0 145.985352 26.931707 155.0 25.0 Van Vehicle 1
166.070465 58.399334 157.0 60.000004 153.929535 42.600674 163.0 41.000004 Van Vehicle 1
210.0 100.000015 189.0 104.000015 187.494537 96.096298 208.494537 92.096298 Small_Car Vehicle 1
469.000031 91.000008 447.953888 93.630775 446.953888 85.630775 468.000031 83.000008 Small_Car Vehicle 1
418.000031 148.0 407.904449 149.187714 405.904449 132.187714 416.000031 131.0 Small_Car Vehicle 1
175.999985 343.999939 162.999985 346.999939 156.730331 319.831421 169.730331 316.831421 Cargo_Truck Vehicle 1
263.0 344.0 239.784256 346.018738 239.000015 337.0 262.215759 334.981262 Small_Car Vehicle 1
159.0 403.0 150.026215 405.11145 145.973755 387.888489 154.94754 385.777039 Van Vehicle 1
428.000031 360.0 418.892365 361.138489 416.892365 345.138489 426.000031 344.0 Small_Car Vehicle 1
398.000031 325.0 375.375275 328.085205 374.000031 318.0 396.624786 314.914795 Van Vehicle 1
498.000031 329.000031 473.000031 332.000031 471.921173 323.009491 496.921173 320.009491 Small_Car Vehicle 1
530.0 323.999969 502.890259 327.012177 502.0 318.999969 529.109741 315.987762 Small_Car Vehicle 1
460.189209 356.135162 448.189209 358.135162 445.0 339.000031 457.0 337.000031 Dump_Truck Vehicle 1
478.0 373.000031 468.910828 374.43515 465.910828 355.43515 475.0 354.000031 Small_Car Vehicle 1
456.999969 418.999969 448.026215 421.11142 443.999969 403.999969 452.973724 401.888519 Small_Car Vehicle 1
669.0 384.0 668.085449 391.011169 645.0 388.0 645.914551 380.988831 Small_Car Vehicle 1
671.367493 403.980652 652.000061 405.0 651.632629 398.019348 671.000061 397.0 Small_Car Vehicle 1
615.332581 423.984192 593.999939 425.0 593.667419 418.015808 615.000061 417.0 Small_Car Vehicle 1
650.999939 523.999939 628.999939 524.999939 628.680359 517.969055 650.680359 516.969055 Small_Car Vehicle 1
651.0 533.0 631.0 534.0 630.598511 525.970093 650.598511 524.970093 Small_Car Vehicle 1
699.027588 600.468994 690.0 601.0 689.0 584.0 698.027588 583.468994 Small_Car Vehicle 1
771.98468 602.877014 763.000061 604.000061 761.000061 588.000061 769.98468 586.877014 Van Vehicle 1
823.123047 530.98468 799.0 534.000061 797.876953 525.015442 822.0 522.000061 Small_Car Vehicle 1
867.000061 597.0 856.945984 598.675659 853.945984 580.675659 864.000061 579.0 Van Vehicle 1
957.0 593.000061 946.095337 594.635803 943.0 574.000061 953.904663 572.364319 Van Vehicle 1
976.0 591.999939 966.0 593.999939 962.769287 577.84613 972.769287 575.84613 Small_Car Vehicle 1
303.0 295.000031 292.024414 296.219513 290.0 277.999969 300.975586 276.780487 Van Vehicle 1
500.040558 159.256744 489.000031 161.0 486.000031 142.0 497.040558 140.256744 Van Vehicle 1
649.0 221.0 619.0 222.0 618.699219 212.976685 648.699219 211.976685 Dump_Truck Vehicle 1
626.000061 294.0 600.960632 297.004761 600.000061 289.0 625.03949 285.995239 Small_Car Vehicle 1
682.0 203.0 673.0 203.0 673.0 185.0 682.0 185.0 Small_Car Vehicle 1
681.0 151.0 672.0 151.0 672.0 134.0 681.0 134.0 Small_Car Vehicle 1
684.0 238.0 676.0 238.0 676.0 223.0 684.0 223.0 Van Vehicle 1
686.000061 239.000015 684.964661 254.530991 677.000061 254.000015 678.035461 238.46904 Van Vehicle 1
722.0 212.0 713.0 212.0 713.0 196.0 722.0 196.0 Dump_Truck Vehicle 1
722.0 263.0 712.0 263.0 712.0 245.0 722.0 245.0 Cargo_Truck Vehicle 1
760.0 286.0 740.0 286.0 740.0 279.0 760.0 279.0 Van Vehicle 1
779.0 294.0 755.0 294.0 755.0 286.0 779.0 286.0 Small_Car Vehicle 1
727.0 332.0 717.0 332.0 717.0 314.0 727.0 314.0 Small_Car Vehicle 1
827.622498 189.026047 798.622498 191.026047 798.000061 182.000015 827.000061 180.000015 Dump_Truck Vehicle 1
845.0 348.0 822.0 348.0 822.0 340.0 845.0 340.0 Small_Car Vehicle 1
840.0 376.0 830.0 376.0 830.0 360.0 840.0 360.0 Van Vehicle 1
859.000061 361.000031 857.961121 377.622589 848.000061 377.000031 849.039001 360.377472 Small_Car Vehicle 1
874.000061 360.0 873.000061 377.0 863.972473 376.468994 864.972473 359.468994 Small_Car Vehicle 1
765.0 417.0 744.0 417.0 744.0 408.0 765.0 408.0 Van Vehicle 1
765.535217 458.958832 751.999939 460.000031 751.464661 453.041229 764.999939 452.000031 Small_Car Vehicle 1
866.000061 492.999969 856.13092 494.741608 853.000061 476.999969 862.869202 475.258331 Small_Car Vehicle 1
936.0 48.0 910.0 48.0 910.0 38.0 936.0 38.0 Cargo_Truck Vehicle 1
972.347229 44.984909 949.000061 46.0 948.652893 38.015091 972.000061 37.0 Small_Car Vehicle 1
1000.0 45.136368 981.000061 46.0 980.591858 37.018555 1000.0 36.136368 Small_Car Vehicle 1
993.0 29.0 967.0 29.0 967.0 21.0 993.0 21.0 Dump_Truck Vehicle 1
628.037964 44.995617 602.0 47.999996 600.962036 39.004375 627.0 35.999996 Van Vehicle 1
