0.0 874.092529 -0.226831 820.089233 21.773151 819.996826 21.999983 874.000122 Intersection Road 1
133.351715 722.02063 133.0 728.0 115.648262 726.97937 115.999985 721.0 Van Vehicle 1
820.01947 430.31131 809.000061 431.000031 807.980652 414.688751 819.000061 414.000031 Small_Car Vehicle 1
811.0 292.0 800.016479 293.156189 798.0 274.0 808.983521 272.843811 Van Vehicle 1
686.027771 425.501526 685.000061 444.0 675.972351 443.498474 677.000061 425.0 Van Vehicle 1
751.999939 449.999969 743.006775 451.058014 741.006775 434.058014 749.999939 432.999969 Small_Car Vehicle 1
752.026611 621.601807 751.026611 636.601807 742.000122 636.0 743.000122 621.0 Small_Car Vehicle 1
960.0 622.0 955.0 643.0 943.193115 640.188843 948.193115 619.188843 Van Vehicle 1
264.0 967.0 256.0 967.0 256.0 951.0 264.0 951.0 Small_Car Vehicle 1
596.999939 948.000061 595.999939 968.000061 585.975037 967.49884 586.975037 947.49884 Van Vehicle 1
414.099945 953.299988 412.099945 967.299988 402.999969 965.999939 404.999969 951.999939 Small_Car Vehicle 1
493.023163 950.84967 490.895966 964.676208 478.872833 962.826477 481.000031 948.999939 Van Vehicle 1
290.066925 56.490875 278.999969 58.0 275.933014 35.509125 286.999969 34.0 Dump_Truck Vehicle 1
260.108124 149.648651 252.000031 151.0 248.891907 132.351349 257.0 131.0 Small_Car Vehicle 1
230.000031 574.000061 219.975159 574.527649 218.975159 555.527649 229.000031 555.000061 Van Vehicle 1
232.0 596.0 220.0 596.0 220.0 576.0 232.0 576.0 Dump_Truck Vehicle 1
14.0 298.0 0.0 298.0 0.0 291.0 14.0 291.0 Van Vehicle 1
892.017761 131.734543 891.000061 147.000015 879.982361 146.265488 881.000061 131.000015 Van Vehicle 1
938.0 775.0 916.0 775.0 916.0 768.0 938.0 768.0 Small_Car Vehicle 1
936.0 764.0 915.301758 765.034912 915.0 759.0 935.698242 757.965088 Small_Car Vehicle 1
152.017242 748.293091 140.0 749.0 138.982758 731.706909 151.0 731.0 Van Vehicle 1
110.0 201.0 88.0 201.0 88.0 193.0 110.0 193.0 Van Vehicle 1
78.0 174.0 57.0 174.0 57.0 167.0 78.0 167.0 Van Vehicle 1
118.0 150.0 110.0 150.0 110.0 134.0 118.0 134.0 Van Vehicle 1
164.332596 168.015854 164.000015 175.000015 142.667435 173.984177 143.000015 167.000015 Small_Car Vehicle 1
877.859863 627.02002 870.859863 628.02002 868.999878 615.0 875.999878 614.0 Small_Car Vehicle 1
341.000031 579.0 330.037933 579.644775 329.000031 562.0 339.962128 561.355225 Van Vehicle 1
15.000002 642.999939 1e-06 643.681763 0.0 635.636353 14.635054 634.97113 Small_Car Vehicle 1
41.0 641.000061 19.287331 642.033997 19.0 636.000061 40.712669 634.966125 Van Vehicle 1
178.000015 399.0 172.072006 403.104004 163.072006 390.104004 169.000015 386.0 Small_Car Vehicle 1
120.500015 409.500061 115.000015 415.000061 103.500015 403.500061 109.000015 398.000061 Small_Car Vehicle 1
586.0 579.0 577.0 579.0 577.0 565.0 586.0 565.0 Small_Car Vehicle 1
972.0 611.0 964.0 611.0 964.0 596.0 972.0 596.0 Small_Car Vehicle 1
988.000122 666.000061 979.015503 667.123108 977.000122 651.000061 985.984741 649.877014 Small_Car Vehicle 1
977.0 672.0 967.0 672.0 967.0 653.0 977.0 653.0 Small_Car Vehicle 1
656.000061 627.0 651.588318 634.352905 636.000061 625.0 640.411804 617.647095 Van Vehicle 1
774.0 629.000061 761.026978 631.16217 758.026978 613.16217 771.0 611.000061 Van Vehicle 1
768.027588 581.531006 767.0 599.0 757.972412 598.468994 759.0 581.0 Small_Car Vehicle 1
781.0 754.000061 769.0 755.000061 767.496582 736.958679 779.496582 735.958679 Small_Car Vehicle 1
832.027649 977.468994 823.000061 978.0 821.972473 960.531006 831.000061 960.0 Small_Car Vehicle 1
941.0 964.0 930.0 964.0 930.0 945.0 941.0 945.0 Van Vehicle 1
988.291077 880.987793 963.999939 881.999878 963.708801 875.011963 987.999939 873.999878 Small_Car Vehicle 1
1000.0 869.0 996.0 869.0 996.0 863.0 1000.0 863.0 Small_Car Vehicle 1
713.0 879.0 683.0 879.0 683.0 870.0 713.0 870.0 Small_Car Vehicle 1
225.035416 759.469055 224.035416 774.469055 217.000015 774.000061 218.000015 759.000061 Van Vehicle 1
280.0 773.0 271.0 773.0 271.0 759.0 280.0 759.0 Small_Car Vehicle 1
232.000015 630.0 223.055405 633.156982 217.000015 616.0 225.944626 612.843018 Van Vehicle 1
368.000031 639.000061 359.123322 642.328796 353.000031 626.000061 361.87674 622.671326 Small_Car Vehicle 1
580.999939 849.0 579.999939 858.0 552.999939 855.0 553.999939 846.0 Van Vehicle 1
415.390564 845.016968 415.0 854.0 391.609436 852.983032 392.0 844.0 Small_Car Vehicle 1
101.999893 1000.0 89.818169 1000.0 82.739838 994.809204 86.999954 989.0 Small_Car Vehicle 1
67.586166 972.738647 63.000031 980.0 44.000031 968.0 48.586166 960.738647 Small_Car Vehicle 1
36.578224 934.67865 31.000031 942.000061 10.000031 926.000061 15.578224 918.67865 Dump_Truck Vehicle 1
0.0 928.250122 0.0 923.60022 2.268263 923.60022 2.268263 928.250122 Small_Car Vehicle 1
45.0 855.0 23.0 855.0 23.0 847.0 45.0 847.0 Small_Car Vehicle 1
17.0 402.0 0.0 402.0 0.0 393.0 17.0 393.0 Small_Car Vehicle 1
682.0 942.0 671.0 942.0 671.0 921.0 682.0 921.0 Small_Car Vehicle 1
