368.370178 814.033142 349.370178 815.033142 349.0 807.999939 368.0 806.999939 Dump_Truck Vehicle 1
114.370155 491.033142 95.370155 492.033142 94.999992 485.0 113.999992 484.0 Dump_Truck Vehicle 1
264.0 131.0 245.0 131.0 245.0 124.0 264.0 124.0 Small_Car Vehicle 1
264.0 140.0 246.0 140.0 246.0 135.0 264.0 135.0 Small_Car Vehicle 1
264.0 147.0 247.0 147.0 247.0 142.0 264.0 142.0 Small_Car Vehicle 1
264.0 156.0 250.0 156.0 250.0 150.0 264.0 150.0 Small_Car Vehicle 1
265.0 170.0 251.0 170.0 251.0 164.0 265.0 164.0 Van Vehicle 1
268.0 179.0 249.0 179.0 249.0 172.0 268.0 172.0 Van Vehicle 1
267.0 194.0 253.0 194.0 253.0 188.0 267.0 188.0 Small_Car Vehicle 1
271.0 209.0 252.0 209.0 252.0 203.0 271.0 203.0 Small_Car Vehicle 1
272.0 226.0 255.0 226.0 255.0 219.0 272.0 219.0 Van Vehicle 1
332.0 142.0 315.0 142.0 315.0 135.0 332.0 135.0 Van Vehicle 1
333.0 157.0 318.0 157.0 318.0 151.0 333.0 151.0 Small_Car Vehicle 1
332.0 175.0 313.0 175.0 313.0 167.0 332.0 167.0 Van Vehicle 1
337.0 242.0 318.0 242.0 318.0 236.0 337.0 236.0 Small_Car Vehicle 1
272.0 263.0 256.0 263.0 256.0 257.0 272.0 257.0 Small_Car Vehicle 1
271.0 272.0 254.0 272.0 254.0 265.0 271.0 265.0 Small_Car Vehicle 1
441.100006 88.700012 436.000031 104.000015 427.900055 101.300018 433.000031 86.000015 Small_Car Vehicle 1
442.0 260.0 425.0 260.0 425.0 253.0 442.0 253.0 Van Vehicle 1
447.0 290.0 429.0 290.0 429.0 284.0 447.0 284.0 Van Vehicle 1
446.0 305.0 431.0 305.0 431.0 298.0 446.0 298.0 Small_Car Vehicle 1
215.0 141.0 202.0 141.0 202.0 135.0 215.0 135.0 Van Vehicle 1
289.387695 146.978455 271.0 148.0 270.612305 141.021545 289.0 140.0 Van Vehicle 1
288.0 163.0 276.0 163.0 276.0 157.0 288.0 157.0 other-vehicle Vehicle 1
220.0 181.0 206.0 181.0 206.0 175.0 220.0 175.0 Small_Car Vehicle 1
222.314911 189.983429 203.0 191.0 202.685089 185.016571 222.0 184.0 Van Vehicle 1
225.351639 207.032425 205.351639 208.032425 205.000015 201.000015 225.000015 200.000015 Small_Car Vehicle 1
291.0 201.0 277.0 201.0 277.0 194.0 291.0 194.0 Small_Car Vehicle 1
223.0 224.0 205.0 224.0 205.0 217.0 223.0 217.0 Small_Car Vehicle 1
295.0 232.0 276.0 232.0 276.0 225.0 295.0 225.0 Small_Car Vehicle 1
225.0 241.0 210.0 241.0 210.0 235.0 225.0 235.0 Small_Car Vehicle 1
226.0 257.0 207.0 257.0 207.0 251.0 226.0 251.0 Van Vehicle 1
229.0 266.0 209.0 266.0 209.0 259.0 229.0 259.0 Small_Car Vehicle 1
226.335388 274.036896 208.335388 275.036896 208.0 268.999969 226.0 267.999969 Small_Car Vehicle 1
296.0 255.0 277.0 255.0 277.0 248.0 296.0 248.0 Van Vehicle 1
295.0 272.0 279.0 272.0 279.0 266.0 295.0 266.0 Small_Car Vehicle 1
408.0 308.000031 387.301758 309.034943 387.0 303.000031 407.698242 301.965118 Van Vehicle 1
407.0 293.0 391.0 293.0 391.0 287.0 407.0 287.0 Van Vehicle 1
403.0 284.0 389.0 284.0 389.0 278.0 403.0 278.0 Small_Car Vehicle 1
404.332336 272.981598 386.0 274.000031 385.667664 268.018463 404.0 267.000031 Small_Car Vehicle 1
441.0 250.0 428.0 250.0 428.0 244.0 441.0 244.0 Small_Car Vehicle 1
416.0 429.0 396.0 429.0 396.0 421.0 416.0 421.0 other-vehicle Vehicle 1
406.0 373.0 393.0 373.0 393.0 368.0 406.0 368.0 Small_Car Vehicle 1
480.0 432.0 462.0 432.0 462.0 425.0 480.0 425.0 Van Vehicle 1
480.0 402.0 462.0 402.0 462.0 395.0 480.0 395.0 Van Vehicle 1
439.999969 336.0 414.999969 337.0 414.638947 327.974426 439.638947 326.974426 Van Vehicle 1
476.0 389.0 458.0 389.0 458.0 382.0 476.0 382.0 Van Vehicle 1
458.0 436.0 438.0 436.0 438.0 428.0 458.0 428.0 Cargo_Truck Vehicle 1
608.281006 421.008789 608.0 430.0 576.0 429.0 576.281006 420.008789 Dump_Truck Vehicle 1
753.0 487.0 745.0 487.0 745.0 471.0 753.0 471.0 other-vehicle Vehicle 1
532.79834 36.255436 530.000061 44.999996 505.000031 36.999996 507.798279 28.255436 Cargo_Truck Vehicle 1
560.000061 45.000004 557.000061 54.000004 532.100037 45.700001 535.100037 36.700001 Cargo_Truck Vehicle 1
398.0 0.0 417.999939 0.0 424.299988 2.100013 421.0 12.00001 other-vehicle Vehicle 1
588.000061 24.999987 582.000061 27.999987 576.000061 15.999987 582.000061 12.999987 Van Vehicle 1
627.22821 2.959731 610.000061 5.999999 608.941284 0.0 626.705933 0.0 Van Vehicle 1
649.235413 51.94117 633.000061 55.999992 631.764709 51.058815 648.000061 46.999992 Van Vehicle 1
670.000061 48.0 653.000061 52.0 651.780334 46.816391 668.780334 42.816391 Van Vehicle 1
699.999939 51.999985 673.740295 57.049911 671.999939 47.999985 698.259583 42.950058 Cargo_Truck Vehicle 1
674.0 73.000008 662.0 74.000008 661.413818 66.965523 673.413818 65.965523 other-vehicle Vehicle 1
727.307678 43.461536 715.999939 50.999996 711.999939 44.999996 723.307678 37.461536 Van Vehicle 1
757.189209 33.864864 743.0 43.999996 738.810791 38.135128 753.0 27.999996 Van Vehicle 1
780.000061 29.000031 767.000061 38.000031 762.896057 32.072029 775.896057 23.072029 Van Vehicle 1
801.502136 26.69099 787.999939 35.000004 784.497742 29.309017 797.999939 21.000004 Van Vehicle 1
820.705994 24.176441 805.705994 33.176441 802.000061 26.999969 817.000061 17.999969 Small_Car Vehicle 1
862.104065 12.927996 849.000061 21.999994 844.896057 16.071995 858.000061 6.999996 Small_Car Vehicle 1
887.999939 5.000027 871.999939 16.000027 868.381897 10.737427 884.0 0.0 Small_Car Vehicle 1
898.499878 0.0 903.999939 0.0 906.307617 3.461508 891.999878 12.999968 Small_Car Vehicle 1
910.917114 9.053699 907.0 3.000031 920.992065 -6.053669 924.90918 -0.0 Van Vehicle 1
938.333435 3.000038 931.923157 3.000038 931.923157 0.0 938.333435 0.0 Small_Car Vehicle 1
777.0 130.0 772.448242 135.379318 759.448242 124.379326 764.0 119.000015 Van Vehicle 1
828.000122 57.999989 822.04541 60.126682 817.000122 45.999989 822.954834 43.873295 Van Vehicle 1
836.075439 56.264141 830.0 57.999989 825.924561 43.735844 832.0 41.999996 Van Vehicle 1
845.043213 53.140545 839.0 55.000004 834.956787 41.859463 841.0 40.000004 Van Vehicle 1
856.100037 51.300003 848.000061 54.0 843.000061 39.0 851.100037 36.300003 Van Vehicle 1
865.206909 48.517273 859.0 51.000031 853.0 36.000031 859.206909 33.517273 Small_Car Vehicle 1
875.033325 46.124485 868.000122 48.000004 863.966919 32.875523 871.000122 31.000004 Van Vehicle 1
884.0755 44.26413 878.000061 45.999973 873.924622 31.735826 880.000061 29.999981 Small_Car Vehicle 1
894.661926 42.918167 888.000061 45.000015 883.000061 29.000017 889.661926 26.918167 Small_Car Vehicle 1
902.999817 40.000008 895.915588 41.634838 892.915588 28.634836 899.999817 27.000004 Small_Car Vehicle 1
913.058899 39.235298 906.000061 41.000008 901.941223 24.764715 909.000061 23.000008 Van Vehicle 1
923.05896 37.235283 916.000122 38.999989 911.941284 22.764696 919.000122 20.999989 Van Vehicle 1
933.000061 34.999985 925.000061 36.999985 921.000061 20.999987 929.000061 18.999989 Small_Car Vehicle 1
942.05896 34.235298 935.000122 36.000004 930.941284 19.764711 938.000122 18.000004 Small_Car Vehicle 1
952.000061 30.0 944.200012 32.599998 939.000061 17.0 946.80011 14.400002 Small_Car Vehicle 1
960.0 26.999979 953.0 28.999979 949.075439 15.264132 956.075439 13.264132 Van Vehicle 1
970.235413 27.941177 962.235413 29.941177 958.000061 13.000001 966.000061 11.0 Small_Car Vehicle 1
980.0 24.000031 973.0 26.000031 969.0 12.000031 976.0 10.000031 Small_Car Vehicle 1
991.058899 23.235313 984.000061 25.000017 979.941223 8.764726 987.000061 7.000021 Van Vehicle 1
1000.0 19.999542 992.033325 22.124481 988.000122 7.000001 995.966919 4.875519 Bus Vehicle 1
1000.000061 7.999743 999.000183 4.000016 1000.000061 3.750029 1000.999939 7.749756 Bus Vehicle 1
1000.0 41.000099 1000.0 41.000099 1000.0 41.000099 1000.0 41.000099 Small_Car Vehicle 1
1000.0 49.750004 1000.0 53.307716 994.043213 55.140568 990.0 42.000027 Van Vehicle 1
991.999939 57.000034 984.999939 59.000034 981.528259 46.849094 988.528259 44.849094 Small_Car Vehicle 1
982.0 58.999992 975.043213 61.140533 971.0 47.999992 977.956787 45.859451 Van Vehicle 1
971.000061 61.000015 965.000061 63.000015 960.700012 50.100014 966.700012 48.100014 Small_Car Vehicle 1
962.0 64.000023 955.0 66.000023 950.924561 51.735878 957.924561 49.735878 Van Vehicle 1
924.000061 71.000008 918.000061 73.000008 914.000061 61.000008 920.000061 59.000008 Small_Car Vehicle 1
914.043213 74.140541 908.0 76.000008 903.956787 62.859459 910.0 60.999992 Van Vehicle 1
905.324341 76.054085 899.0 78.000038 894.675659 63.945976 901.0 62.000023 Van Vehicle 1
896.0 78.000008 890.045288 80.126701 885.0 66.000008 890.954712 63.873314 Small_Car Vehicle 1
885.400024 78.199974 879.400024 80.199974 875.0 66.999977 881.0 64.999977 Van Vehicle 1
876.043213 81.140541 870.0 83.000008 865.956787 69.859459 872.0 67.999992 Van Vehicle 1
866.000061 84.000053 860.000061 86.000053 856.000061 74.000053 862.000061 72.000053 Small_Car Vehicle 1
856.999939 86.999992 849.799988 89.399986 844.799988 74.399986 851.999939 71.999992 Van Vehicle 1
846.999939 88.000031 841.058289 90.160614 836.999939 79.000031 842.941589 76.839447 Van Vehicle 1
838.035706 90.113922 831.08905 92.284744 826.000061 76.000046 832.946716 73.829224 Van Vehicle 1
