314.0 746.0 294.948669 749.008057 294.0 743.0 313.051331 739.991943 Small_Car Vehicle 1
291.401489 752.029968 271.401489 753.029968 271.0 745.000061 291.0 744.000061 Van Vehicle 1
389.0 772.0 369.0 773.0 368.598511 764.970093 388.598511 763.970093 Van Vehicle 1
280.30188 784.94342 264.0 788.000061 262.69812 781.056702 279.0 778.000061 Small_Car Vehicle 1
170.0 764.0 152.941986 766.006836 152.0 758.0 169.058014 755.993164 Small_Car Vehicle 1
236.999969 789.999939 215.999969 792.999939 214.97998 785.859924 235.97998 782.859924 Van Vehicle 1
221.0 772.000122 201.0 775.000122 199.929108 767.860718 219.929108 764.860718 Small_Car Vehicle 1
211.079971 794.559998 193.999985 796.999939 192.999985 789.999939 210.079971 787.559998 Small_Car Vehicle 1
168.000015 801.000061 144.000015 804.000061 143.000015 796.000061 167.000015 793.000061 Small_Car Vehicle 1
126.162163 769.973022 108.000008 773.0 106.837852 766.026978 125.000008 763.0 Small_Car Vehicle 1
105.0 774.0 85.370163 775.033203 85.0 768.0 104.629837 766.966797 Small_Car Vehicle 1
80.0 778.999939 62.0 780.999939 61.0 771.999939 79.0 769.999939 Small_Car Vehicle 1
58.000011 780.000122 42.123089 781.984741 41.123089 773.984741 57.000011 772.000122 Small_Car Vehicle 1
48.228184 789.959778 30.999996 793.000061 29.771809 786.040344 46.999996 783.000061 Small_Car Vehicle 1
62.351349 814.108154 44.351349 817.108154 43.0 809.0 61.0 806.0 Van Vehicle 1
0.0 785.333252 0.0 781.0 9.900007 778.299988 12.000008 785.999939 Small_Car Vehicle 1
39.000008 817.0 21.000008 819.0 20.109764 810.987793 38.109764 808.987793 Small_Car Vehicle 1
104.000008 863.0 96.034691 864.225464 94.000008 851.0 101.965324 849.774536 Small_Car Vehicle 1
112.0 925.999939 100.959457 927.743225 97.959457 908.743225 109.0 906.999939 Van Vehicle 1
349.590118 804.491699 339.590118 816.491699 332.999969 810.999878 342.999969 798.999878 Van Vehicle 1
393.123199 803.784607 388.877045 811.215393 371.000092 801.000061 375.246246 793.569275 Small_Car Vehicle 1
582.195618 827.970703 562.000061 831.0 560.804504 823.029297 581.000061 820.0 Van Vehicle 1
241.000015 912.000122 224.876938 914.015503 224.000015 907.000122 240.123093 904.984741 Small_Car Vehicle 1
274.753876 931.030823 266.753876 932.030823 265.000031 918.000061 273.000031 917.000061 Van Vehicle 1
287.000031 930.0 278.000031 932.0 274.000031 914.0 283.000031 912.0 Van Vehicle 1
981.750122 1003.000122 981.000122 999.000122 997.000122 996.000122 997.750122 1000.000122 Van Vehicle 1
971.999878 1000.0 971.999878 1000.0 971.999878 1000.0 971.999878 1000.0 Van Vehicle 1
615.810791 892.864929 597.0 896.000061 596.0 890.000061 614.810791 886.864929 Van Vehicle 1
638.0 924.999939 631.041138 925.535217 630.0 911.999939 636.958862 911.464661 Van Vehicle 1
640.0 944.000061 633.026978 945.16217 630.026978 927.16217 637.0 926.000061 Van Vehicle 1
655.006775 958.057983 646.999939 959.0 644.993103 941.942017 652.999939 941.0 Small_Car Vehicle 1
200.999985 678.999939 194.011551 680.075134 191.988419 666.924866 198.976852 665.84967 Small_Car Vehicle 1
212.0 680.0 204.0 680.0 204.0 667.0 212.0 667.0 Small_Car Vehicle 1
49.092312 662.738525 31.000004 665.000122 30.000004 657.000122 48.092312 654.738525 Small_Car Vehicle 1
44.000004 671.000061 32.000004 672.000061 31.496555 665.958679 43.496555 664.958679 Small_Car Vehicle 1
45.0 680.0 33.92308 681.384644 32.92308 673.384644 44.0 672.0 Small_Car Vehicle 1
73.108124 617.648682 65.000015 619.0 61.891907 600.351318 70.000015 599.0 Small_Car Vehicle 1
122.029411 606.382324 113.999992 607.0 112.970573 593.617676 120.999992 593.0 Van Vehicle 1
144.013809 605.165588 134.000015 606.000061 132.986221 593.834534 143.000015 593.000061 Van Vehicle 1
75.000008 587.0 69.037941 592.0448 58.000008 579.0 63.962074 573.9552 Van Vehicle 1
40.0 618.0 25.502541 619.035522 25.0 612.0 39.497459 610.964478 Small_Car Vehicle 1
154.000015 630.000061 145.087601 633.240906 140.97081 621.919739 149.883224 618.678894 Van Vehicle 1
164.261551 629.092346 156.261551 630.092346 155.000015 620.000061 163.000015 619.000061 Van Vehicle 1
175.094116 628.423645 168.0 630.000061 166.0 621.000061 173.094116 619.423645 Van Vehicle 1
172.026718 646.047485 165.000015 650.0 155.973312 633.952515 163.000015 630.0 Van Vehicle 1
22.000004 445.999969 2.120004 448.839996 0.960004 440.720001 20.840004 437.879974 Van Vehicle 1
67.0 440.000031 49.413795 441.034515 49.0 434.000031 66.586205 432.965546 Van Vehicle 1
111.0 435.0 93.892319 437.138489 92.892319 429.138489 110.0 427.0 Van Vehicle 1
133.0 431.999969 115.941986 434.006805 115.0 425.999969 132.058014 423.993134 Van Vehicle 1
154.999985 429.0 137.825912 431.020508 136.999985 424.0 154.174057 421.979492 Small_Car Vehicle 1
176.0 486.000031 167.909424 487.516998 164.909424 471.516998 173.0 470.000031 Van Vehicle 1
185.000015 483.999939 176.970596 484.617615 175.970596 471.617615 184.000015 470.999939 Van Vehicle 1
196.000015 481.000061 187.015396 482.123108 185.000015 466.0 193.984634 464.876953 Small_Car Vehicle 1
150.0 477.000031 128.953857 479.630829 127.95385 471.630829 149.0 469.000031 Van Vehicle 1
0.0 287.285675 0.0 0.0 75.562492 0.0 97.0 294.0 Football_Field Court 1
315.0 62.999989 248.113693 69.22197 241.674454 0.0 309.139557 -2e-06 Basketball_Court Court 1
399.0 57.999992 333.300903 64.875473 326.511627 8e-06 392.930237 -2e-06 Basketball_Court Court 1
348.076874 725.384583 339.999969 726.999939 336.999969 711.999939 345.076874 710.384583 Small_Car Vehicle 1
359.999969 725.000061 351.899994 727.700012 346.899994 712.700012 354.999969 710.000061 Van Vehicle 1
370.0 724.0 362.09552 726.324829 357.0 709.0 364.90448 706.675171 Small_Car Vehicle 1
380.999969 721.999939 373.999969 723.999939 369.999969 709.999939 376.999969 707.999939 Small_Car Vehicle 1
445.439728 730.035034 429.439728 731.035034 429.000031 724.0 445.000031 723.0 Van Vehicle 1
502.398987 722.980042 482.0 723.999939 481.601013 716.019836 502.0 714.999939 Small_Car Vehicle 1
505.000031 734.0 486.907745 736.261597 485.907745 728.261597 504.000031 726.0 Van Vehicle 1
495.0 755.999939 479.0 759.999939 477.294128 753.176453 493.294128 749.176453 Small_Car Vehicle 1
540.934509 751.008789 525.934509 753.008789 525.000061 746.0 540.000061 744.0 Small_Car Vehicle 1
561.228149 747.959717 544.0 751.0 542.771851 744.040283 560.0 741.0 Van Vehicle 1
585.999939 745.0 568.999939 747.0 568.187683 740.095581 585.187683 738.095581 Small_Car Vehicle 1
231.429565 420.100647 214.429565 423.100647 213.000031 415.0 230.000031 412.0 Van Vehicle 1
254.107712 415.861542 237.000015 418.000031 236.000015 410.000031 253.107712 407.861542 Small_Car Vehicle 1
278.195618 412.970673 258.0 416.000031 256.804382 408.029388 277.0 405.000031 Small_Car Vehicle 1
299.000031 410.0 280.890289 412.012207 280.000031 404.0 298.109772 401.987793 Van Vehicle 1
326.085388 406.768311 306.0 409.0 305.0 400.0 325.085388 397.768311 Van Vehicle 1
345.000031 404.000061 329.000031 406.000061 328.000031 398.000061 344.000031 396.000061 Van Vehicle 1
367.0 401.999969 349.941956 404.006805 349.0 395.999969 366.058044 393.993134 Van Vehicle 1
421.061554 393.492371 401.000031 396.000061 400.000031 388.000061 420.061554 385.492371 Van Vehicle 1
445.370178 392.033173 426.370178 393.033173 426.0 386.000031 445.0 385.000031 Small_Car Vehicle 1
470.195618 387.970642 450.0 391.0 448.804382 383.029358 469.0 380.0 Small_Car Vehicle 1
426.0 416.000031 406.739746 418.027435 406.0 411.000031 425.260254 408.972626 Small_Car Vehicle 1
517.0 383.000031 495.95285 385.004547 495.000031 375.000031 516.047241 372.995514 Small_Car Vehicle 1
521.965332 344.003357 378.965332 358.003357 367.999939 245.999985 510.999939 232.0 Baseball_Field Court 1
487.999939 530.0 485.979919 544.140015 477.999939 543.0 480.019958 528.859985 Van Vehicle 1
502.0 536.000061 495.076904 537.384705 493.0 527.000061 499.923096 525.615417 Small_Car Vehicle 1
514.100647 536.570435 506.0 538.0 503.0 521.0 511.100647 519.570435 Small_Car Vehicle 1
573.000061 612.0 552.000061 613.0 551.665222 605.968384 572.665222 604.968384 Small_Car Vehicle 1
612.000061 675.0 603.058899 677.235352 599.000061 661.0 607.941223 658.764648 Small_Car Vehicle 1
609.109253 657.928345 600.0 659.0 598.0 642.0 607.109253 640.928345 Small_Car Vehicle 1
645.027222 631.435852 636.0 632.000061 635.0 616.000061 644.027222 615.435852 Small_Car Vehicle 1
648.0 667.0 638.0 667.0 638.0 649.0 648.0 649.0 Van Vehicle 1
658.0 744.0 609.0 749.0 603.888672 698.909302 652.888672 693.909302 Intersection Road 1
630.84613 849.230774 621.999939 851.000061 618.999939 836.000061 627.84613 834.230774 Small_Car Vehicle 1
664.999939 823.0 661.047424 830.026733 644.999939 821.0 648.952454 813.973267 Van Vehicle 1
677.0 930.000061 669.0 931.000061 667.49231 918.938538 675.49231 917.938538 Small_Car Vehicle 1
626.0 812.000122 617.015381 813.123169 615.0 797.000122 623.984619 795.877075 Small_Car Vehicle 1
624.0 795.999939 615.045654 796.639587 614.0 781.999939 622.954346 781.360291 Small_Car Vehicle 1
647.0 778.000061 638.968994 778.472473 637.968994 761.472473 646.0 761.000061 Small_Car Vehicle 1
659.859985 775.02002 652.859985 776.02002 651.0 763.0 658.0 762.0 Small_Car Vehicle 1
662.0 790.999878 654.02002 792.139893 652.0 777.999878 659.97998 776.859863 Van Vehicle 1
517.0 678.0 509.033203 680.124512 505.000031 665.0 512.966858 662.875488 Small_Car Vehicle 1
710.000061 834.000061 700.604065 847.572083 694.000061 843.000061 703.396057 829.42804 Small_Car Vehicle 1
729.06366 828.913391 718.000061 844.000061 709.936462 838.086731 721.000061 823.000061 Small_Car Vehicle 1
741.999939 827.0 734.965515 844.586182 724.965515 840.586182 731.999939 823.0 Small_Car Vehicle 1
774.070374 820.399414 764.999939 822.000122 761.999939 805.000122 771.070374 803.399414 Van Vehicle 1
692.008179 796.090271 682.0 797.000061 680.991821 785.909851 691.0 785.000061 Small_Car Vehicle 1
713.0 792.000122 704.058838 794.235474 700.0 778.000122 708.941162 775.764771 Small_Car Vehicle 1
730.999939 784.999878 721.890198 786.012085 719.890198 768.012085 728.999939 766.999878 Small_Car Vehicle 1
743.000061 783.999939 734.000061 785.999939 730.000061 767.999939 739.000061 765.999939 Small_Car Vehicle 1
770.0 772.000061 762.008789 773.065613 760.0 758.000061 767.991211 756.934509 Small_Car Vehicle 1
777.015442 763.123047 770.000061 764.0 767.98468 747.876953 775.000061 747.0 Small_Car Vehicle 1
795.999878 753.999939 789.134766 755.584167 785.999878 741.999939 792.86499 740.41571 Van Vehicle 1
857.016357 777.102722 845.000122 779.000061 841.983887 759.8974 854.000122 758.000061 Cargo_Truck Vehicle 1
906.000122 730.000061 886.496094 734.10614 885.000122 727.000061 904.50415 722.893982 Van Vehicle 1
905.000061 741.0 889.000061 743.0 888.000061 735.0 904.000061 733.0 Small_Car Vehicle 1
796.0 719.0 782.0 721.0 780.839966 712.880005 794.839966 710.880005 Small_Car Vehicle 1
753.140015 722.979919 746.0 723.999939 745.0 716.999939 752.140015 715.979919 Small_Car Vehicle 1
684.0 678.000061 674.886841 680.603821 668.886841 659.603821 678.0 657.000061 Dump_Truck Vehicle 1
695.000061 671.0 687.000061 672.0 685.492371 659.938477 693.492371 658.938477 Van Vehicle 1
693.399353 587.929565 676.000061 591.0 674.600769 583.070435 692.000061 580.0 Van Vehicle 1
673.0 592.0 656.876953 594.015381 656.0 587.0 672.123047 584.984619 Van Vehicle 1
639.031006 584.4646 631.0 585.0 630.0 570.0 638.031006 569.4646 Van Vehicle 1
637.0 567.0 628.026245 568.196533 626.0 553.0 634.973755 551.803467 Van Vehicle 1
635.102356 547.477966 627.999939 548.999939 624.897522 534.521912 631.999939 532.999939 Small_Car Vehicle 1
622.090576 535.483032 614.0 537.0 611.0 521.0 619.090576 519.483032 Van Vehicle 1
613.02655 579.398315 604.000061 580.000122 602.973572 564.601929 612.000061 564.000122 Van Vehicle 1
599.000061 574.999939 590.877747 576.082947 588.877747 561.082947 597.000061 559.999939 Van Vehicle 1
592.006836 513.058105 584.0 514.000061 581.993164 496.941986 590.0 496.0 Small_Car Vehicle 1
589.000061 490.000061 580.969055 490.535461 579.969055 475.535461 588.000061 475.000061 Van Vehicle 1
628.0 481.000061 619.015381 482.123108 617.0 466.000061 625.984619 464.877014 Small_Car Vehicle 1
625.027527 464.524811 615.999939 464.999969 614.999939 445.999969 624.027527 445.524811 Dump_Truck Vehicle 1
586.999939 464.999969 578.122864 466.044342 576.122864 449.044342 584.999939 447.999969 Small_Car Vehicle 1
623.0 443.999939 615.964722 444.541138 614.964722 431.541138 622.0 430.999939 Small_Car Vehicle 1
587.006775 383.058014 578.999939 383.999969 576.993103 366.941925 584.999939 365.999969 Small_Car Vehicle 1
618.0 403.0 562.819702 408.016418 558.0 355.0 613.180298 349.983582 Intersection Road 1
658.0 364.0 638.843872 366.016418 638.0 358.0 657.156128 355.983582 Small_Car Vehicle 1
682.0 361.0 662.843872 363.016418 662.0 355.0 681.156128 352.983582 Van Vehicle 1
586.000061 269.0 578.035461 269.530945 577.000061 254.0 584.964661 253.469055 Van Vehicle 1
608.027649 264.331055 600.000061 265.000031 598.972473 252.669006 607.000061 252.000031 Van Vehicle 1
602.012207 211.109772 593.012207 212.109772 591.0 194.0 600.0 193.0 Small_Car Vehicle 1
595.027283 167.435806 586.000061 168.000015 585.000061 152.000015 594.027283 151.435806 Van Vehicle 1
593.984741 146.876923 585.984741 147.876923 584.000122 132.0 592.000122 131.0 Small_Car Vehicle 1
808.0 682.999939 785.746094 689.069153 783.0 678.999939 805.253906 672.930725 Small_Car Vehicle 1
836.000061 681.0 816.589294 684.064819 815.000061 674.0 834.410828 670.935181 Van Vehicle 1
868.697754 675.063721 849.697754 679.063721 848.000122 671.0 867.000122 667.0 Van Vehicle 1
947.075439 647.26416 940.075439 649.26416 936.0 635.0 943.0 633.0 Van Vehicle 1
959.000061 645.000061 951.033264 647.124573 947.000061 632.000061 954.966858 629.875549 Van Vehicle 1
798.000122 526.0 789.05896 528.235352 785.000122 512.0 793.941284 509.764648 Small_Car Vehicle 1
864.0 531.0 843.901001 533.009888 843.0 524.0 863.098999 521.990112 Small_Car Vehicle 1
829.000122 501.000092 821.000122 503.000092 816.000122 483.000092 824.000122 481.000092 Small_Car Vehicle 1
787.000061 486.0 767.923157 488.384644 766.923157 480.384644 786.000061 478.0 Small_Car Vehicle 1
849.963745 467.062195 842.963745 479.062195 836.0 475.0 843.0 463.0 Van Vehicle 1
861.029358 466.617615 860.029358 479.617615 851.999939 478.999939 852.999939 465.999939 Small_Car Vehicle 1
874.0 477.0 866.040649 477.568542 865.0 463.0 872.959351 462.431458 Van Vehicle 1
887.000122 475.000031 877.000122 476.000031 875.495117 460.950531 885.495117 459.950531 Van Vehicle 1
760.0 486.0 745.0 486.0 745.0 479.0 760.0 479.0 Van Vehicle 1
760.0 477.999969 742.825928 480.020477 742.0 472.999969 759.174072 470.979462 Small_Car Vehicle 1
757.469116 471.035461 742.469116 472.035461 742.000122 465.000061 757.000122 464.000061 Small_Car Vehicle 1
736.0 464.0 727.0 464.0 727.0 447.0 736.0 447.0 Small_Car Vehicle 1
731.0 353.999969 711.923096 356.384613 710.923096 348.384613 730.0 345.999969 Small_Car Vehicle 1
775.399048 348.980042 755.0 350.0 754.600952 342.019958 775.0 341.0 Small_Car Vehicle 1
702.027588 336.468994 693.0 337.0 691.972412 319.531006 701.0 319.0 Small_Car Vehicle 1
783.000122 315.000031 774.05896 317.235321 770.000122 301.000031 778.941284 298.76474 Van Vehicle 1
792.000122 314.0 784.000122 315.0 782.000122 299.0 790.000122 298.0 Small_Car Vehicle 1
814.0 342.999969 801.918091 344.098358 800.918091 333.098358 813.0 331.999969 Small_Car Vehicle 1
884.399353 333.929535 867.000061 337.000031 865.600769 329.070526 883.000061 326.000031 Small_Car Vehicle 1
904.435791 331.972748 888.0 332.999969 887.564209 326.027191 904.0 324.999969 Van Vehicle 1
948.000122 327.0 930.531128 328.027588 930.000122 319.0 947.469116 317.972412 Van Vehicle 1
972.000061 324.0 952.843933 326.016418 952.000061 318.0 971.156189 315.983582 Small_Car Vehicle 1
991.0 321.0 973.825928 323.020508 973.0 316.0 990.174072 313.979492 Small_Car Vehicle 1
937.900024 408.700012 928.0 412.0 921.0 391.0 930.900024 387.700012 Small_Car Vehicle 1
941.108215 388.648621 933.000061 390.0 930.000061 372.0 938.108215 370.648621 Small_Car Vehicle 1
994.604065 383.039612 984.604065 384.039612 983.000061 368.0 993.000061 367.0 Small_Car Vehicle 1
839.000122 235.000015 829.910889 236.435165 826.910889 217.435165 836.000122 216.000015 Small_Car Vehicle 1
834.000061 209.000061 826.000061 210.000061 824.000061 194.000061 832.000061 193.000061 Van Vehicle 1
795.0 213.0 775.947998 215.005493 775.0 206.0 794.052002 203.994507 Small_Car Vehicle 1
798.4198 229.977921 778.999878 231.000015 778.579956 223.02211 797.999878 222.000015 Van Vehicle 1
802.000061 238.999969 782.000061 240.999969 781.108948 232.089081 801.108948 230.089081 Van Vehicle 1
834.999939 127.0 825.999939 129.0 821.999939 111.0 830.999939 109.0 Small_Car Vehicle 1
818.0 145.999985 808.780518 147.024368 808.0 139.999985 817.219482 138.975601 Van Vehicle 1
811.351257 101.108093 799.351257 103.108093 797.999939 94.999985 809.999939 92.999985 Van Vehicle 1
806.0 84.0 795.0 84.0 795.0 77.0 806.0 77.0 Small_Car Vehicle 1
723.999939 47.000004 702.299988 50.100002 700.999939 41.000004 722.69989 37.900005 Van Vehicle 1
771.999878 1.000011 771.922974 8e-06 784.923096 -0.999997 785.0 6e-06 Van Vehicle 1
791.564758 1.910827 791.263 8e-06 803.364929 -1.910742 803.666687 7.7e-05 Small_Car Vehicle 1
940.483093 20.909428 924.000061 23.999994 922.517029 16.090561 939.000061 12.999994 Van Vehicle 1
