340.369873 981.986389 313.0 983.000061 312.630127 973.013733 340.0 972.000061 Small_Car Vehicle 1
49.000019 413.000031 30.653866 427.269257 25.000019 420.000031 43.346172 405.730804 Dump_Truck Vehicle 1
150.306885 261.284973 145.000031 267.000031 130.693176 253.715088 136.000031 248.000031 Van Vehicle 1
131.0 489.0 116.0 501.0 111.512192 495.390259 126.512192 483.390259 Dump_Truck Vehicle 1
26.999985 477.0 22.207653 482.191711 8.999985 470.0 13.792316 464.808289 Small_Car Vehicle 1
44.000004 494.000061 39.500004 498.500061 27.500004 486.500061 32.000004 482.000061 Small_Car Vehicle 1
318.0 648.000122 302.0 658.000122 298.629211 652.606812 314.629211 642.606812 Small_Car Vehicle 1
566.0 621.000061 562.345093 624.37384 550.0 611.000061 553.654907 607.626282 Van Vehicle 1
717.026733 889.047424 710.0 892.999939 700.973267 876.952454 708.0 872.999939 Van Vehicle 1
848.100037 810.30011 830.100037 816.30011 828.000061 810.000061 846.000061 804.000061 Van Vehicle 1
958.054138 582.984192 940.999939 588.000061 938.94574 581.01593 955.999939 576.000061 Van Vehicle 1
828.0 339.000031 810.355225 340.037933 810.0 334.000031 827.644775 332.962128 Van Vehicle 1
996.000122 295.0 994.972534 277.531006 1000.0 277.235291 1001.027588 294.704285 Small_Car Vehicle 1
420.0 297.0 414.059387 297.594055 413.0 287.0 418.940613 286.405945 Small_Car Vehicle 1
256.0 631.000061 215.000015 672.000061 152.000015 609.000061 193.000015 568.000061 Intersection Road 1
448.247986 467.281525 385.0 523.0 310.752014 438.718536 374.0 383.000061 Intersection Road 1
