1033.0 275.0 785.0 148.0 767.0 183.0 1015.0 310.0 Dry_Cargo_Ship Ship 1
691.0 128.0 418.0 209.0 429.0 249.0 702.0 168.0 Dry_Cargo_Ship Ship 1
104.0 345.0 308.0 285.0 298.0 253.0 94.0 312.0 Liquid_Cargo_Ship Ship 1
597.0 1357.0 553.0 1358.0 553.0 1369.0 598.0 1367.0 Fishing_Boat Ship 1
606.0 1367.0 551.0 1372.0 552.0 1381.0 607.0 1376.0 Fishing_Boat Ship 1
573.0 1379.0 541.0 1400.0 547.0 1410.0 579.0 1388.0 Fishing_Boat Ship 1
613.0 1376.0 580.0 1381.0 581.0 1390.0 615.0 1385.0 Fishing_Boat Ship 1
581.0 1390.0 549.0 1410.0 555.0 1420.0 587.0 1400.0 Fishing_Boat Ship 1
618.0 1383.0 585.0 1401.0 590.0 1409.0 623.0 1392.0 Fishing_Boat Ship 1
585.0 1405.0 548.0 1424.0 553.0 1433.0 590.0 1414.0 Fishing_Boat Ship 1
622.0 1396.0 585.0 1416.0 590.0 1427.0 627.0 1407.0 Fishing_Boat Ship 1
584.0 1419.0 544.0 1439.0 549.0 1450.0 590.0 1430.0 Fishing_Boat Ship 1
581.0 1445.0 560.0 1491.0 572.0 1496.0 593.0 1451.0 Fishing_Boat Ship 1
580.0 1449.0 631.0 1422.0 626.0 1411.0 575.0 1438.0 Fishing_Boat Ship 1
609.0 1450.0 639.0 1433.0 633.0 1422.0 603.0 1439.0 Fishing_Boat Ship 1
601.0 1440.0 579.0 1487.0 590.0 1492.0 612.0 1445.0 Fishing_Boat Ship 1
612.0 1447.0 592.0 1495.0 603.0 1499.0 623.0 1451.0 Fishing_Boat Ship 1
651.0 1353.0 624.0 1412.0 632.0 1416.0 659.0 1357.0 Fishing_Boat Ship 1
651.0 1378.0 631.0 1421.0 640.0 1425.0 659.0 1382.0 Fishing_Boat Ship 1
660.0 1391.0 642.0 1423.0 653.0 1429.0 670.0 1396.0 Fishing_Boat Ship 1
670.0 1438.0 681.0 1418.0 675.0 1415.0 665.0 1436.0 Fishing_Boat Ship 1
675.0 1441.0 684.0 1425.0 679.0 1423.0 671.0 1439.0 Fishing_Boat Ship 1
680.0 1447.0 691.0 1426.0 686.0 1423.0 675.0 1444.0 Fishing_Boat Ship 1
685.0 1451.0 696.0 1432.0 691.0 1430.0 681.0 1449.0 Fishing_Boat Ship 1
692.0 1454.0 706.0 1433.0 700.0 1430.0 687.0 1450.0 Fishing_Boat Ship 1
698.0 1458.0 708.0 1441.0 704.0 1438.0 693.0 1455.0 Fishing_Boat Ship 1
693.0 1462.0 670.0 1447.0 665.0 1453.0 688.0 1469.0 Fishing_Boat Ship 1
688.0 1469.0 661.0 1460.0 660.0 1465.0 686.0 1474.0 Fishing_Boat Ship 1
686.0 1475.0 660.0 1466.0 657.0 1472.0 684.0 1481.0 Fishing_Boat Ship 1
694.0 1464.0 677.0 1498.0 683.0 1501.0 700.0 1467.0 Fishing_Boat Ship 1
699.0 1473.0 696.0 1503.0 701.0 1503.0 704.0 1474.0 Fishing_Boat Ship 1
705.0 1477.0 703.0 1504.0 708.0 1505.0 711.0 1477.0 Fishing_Boat Ship 1
724.0 1481.0 736.0 1461.0 732.0 1459.0 720.0 1478.0 Motorboat Ship 1
730.0 1485.0 742.0 1464.0 738.0 1461.0 726.0 1482.0 Motorboat Ship 1
736.0 1487.0 747.0 1467.0 743.0 1465.0 732.0 1485.0 Motorboat Ship 1
736.0 1457.0 749.0 1439.0 744.0 1436.0 732.0 1454.0 Motorboat Ship 1
741.0 1459.0 753.0 1441.0 750.0 1439.0 738.0 1457.0 Motorboat Ship 1
748.0 1461.0 759.0 1445.0 755.0 1442.0 744.0 1458.0 Motorboat Ship 1
748.0 1437.0 757.0 1419.0 753.0 1417.0 744.0 1434.0 Motorboat Ship 1
753.0 1439.0 765.0 1415.0 762.0 1414.0 750.0 1437.0 Motorboat Ship 1
758.0 1441.0 770.0 1418.0 767.0 1417.0 755.0 1439.0 Motorboat Ship 1
765.0 1442.0 776.0 1421.0 771.0 1419.0 761.0 1440.0 Motorboat Ship 1
757.0 1412.0 782.0 1421.0 784.0 1415.0 760.0 1406.0 Motorboat Ship 1
