953.248962 18.271698 946.999939 24.0 935.750916 11.728302 941.999939 6.0 Van Vehicle 1
970.411865 34.647118 962.835449 41.141235 949.000122 25.000061 956.576538 18.505943 Small_Car Vehicle 1
773.571533 0.0 767.48291 14.206895 760.000122 10.999998 764.714355 1e-06 Van Vehicle 1
763.000061 19.000065 755.977112 35.052525 749.000061 32.000065 756.02301 15.947605 Small_Car Vehicle 1
804.000061 3.999974 796.862366 20.314724 787.000061 15.99997 794.000061 0.0 Small_Car Vehicle 1
772.28241 64.329407 764.28241 83.329407 754.000061 79.0 762.000061 60.0 Small_Car Vehicle 1
740.0 123.000015 734.932129 137.190048 726.0 134.000015 731.067871 119.809982 Small_Car Vehicle 1
731.999939 148.999985 726.936218 166.216537 715.999939 162.999985 721.06366 145.783432 Small_Car Vehicle 1
742.27832 262.876343 733.27832 266.876343 724.0 246.000046 733.0 242.000031 Dump_Truck Vehicle 1
756.206482 283.530823 746.169006 287.434326 738.962585 268.903503 749.000061 265.0 Small_Car Vehicle 1
771.000061 303.999969 765.541199 308.435272 752.541199 292.435272 758.000061 287.999969 Small_Car Vehicle 1
810.000122 336.000031 804.000122 342.000031 791.000122 329.000031 797.000122 323.000031 Small_Car Vehicle 1
835.999939 353.0 831.127258 360.087524 814.999939 349.0 819.87262 341.912476 Small_Car Vehicle 1
880.246094 383.569183 876.246094 390.569183 856.0 378.999969 860.0 371.999969 Small_Car Vehicle 1
923.569214 417.753845 920.0 424.0 899.0 412.0 902.569214 405.753845 Small_Car Vehicle 1
940.999939 460.000031 928.999939 480.000031 921.352844 475.411774 933.352844 455.411774 Small_Car Vehicle 1
943.0 508.0 933.90271 525.183838 926.0 521.0 935.09729 503.816162 Van Vehicle 1
914.000244 503.000122 905.000244 521.000122 896.60022 516.80011 905.60022 498.80011 Small_Car Vehicle 1
922.000061 551.000061 909.126648 575.06781 866.000061 552.000061 878.873474 527.932312 Intersection Road 1
959.033325 265.124512 952.000122 267.0 947.966919 251.875549 955.000122 250.000061 Van Vehicle 1
988.165466 209.85408 971.000061 224.999985 965.834656 219.145889 983.000061 203.999985 Small_Car Vehicle 1
992.000061 213.000046 990.771912 206.040329 1000.000061 204.411819 1001.22821 211.371536 Small_Car Vehicle 1
965.000061 8.000014 958.333313 3.1e-05 965.415222 -5.901606 972.08197 2.098378 Van Vehicle 1
0.0 176.500031 0.0 176.500031 0.0 176.500031 0.0 176.500031 Small_Car Vehicle 1
21.393429 185.32785 9.59015 199.491791 2.999986 194.0 14.803264 179.83606 Small_Car Vehicle 1
47.724136 194.689667 41.724136 209.689667 35.0 207.0 41.0 192.0 Small_Car Vehicle 1
0.0 228.499985 0.0 218.333298 4.692309 218.333298 4.692309 228.499985 Small_Car Vehicle 1
20.999985 231.999969 10.999986 246.999969 4.538445 242.692291 14.538444 227.692291 Van Vehicle 1
29.999994 234.000015 21.815378 248.323105 15.999994 245.000015 24.18461 230.676926 Van Vehicle 1
54.227432 240.64621 45.227432 254.64621 37.999992 250.0 46.999992 236.0 Small_Car Vehicle 1
62.000008 244.000031 55.000008 258.000031 49.000008 255.000031 56.000008 241.000031 Small_Car Vehicle 1
71.200012 249.600037 64.000015 264.000031 56.800018 260.400024 64.000015 246.000031 Small_Car Vehicle 1
91.000008 258.0 83.977058 274.052429 77.000008 271.0 84.022957 254.947571 Small_Car Vehicle 1
90.199997 278.600006 82.199997 294.600006 75.0 291.000031 83.0 275.000031 Small_Car Vehicle 1
71.0 203.0 62.323074 218.184601 54.569229 213.753845 63.246155 198.569244 Small_Car Vehicle 1
80.281036 205.397812 73.281036 220.397812 66.000015 217.000015 73.000015 202.000015 Small_Car Vehicle 1
89.246155 210.56926 81.246155 224.56926 75.0 221.000015 83.0 207.000015 Van Vehicle 1
100.246155 213.569229 92.0 227.999985 85.753845 224.43074 94.0 209.999985 Small_Car Vehicle 1
120.000008 219.999985 111.818703 237.385269 102.909355 233.192642 111.09066 215.807358 Van Vehicle 1
128.0 296.0 120.831108 314.434326 112.000008 311.0 119.168907 292.565674 Van Vehicle 1
116.0 331.0 106.708115 348.551331 100.0 345.0 109.291885 327.448669 Small_Car Vehicle 1
135.0 339.0 126.323082 354.184631 119.323082 350.184631 128.0 335.0 Small_Car Vehicle 1
174.000015 330.000061 171.000015 336.000061 154.200027 327.600037 157.200027 321.600037 Van Vehicle 1
185.178909 315.096344 181.357803 322.192657 168.000015 314.999969 171.821121 307.903656 Van Vehicle 1
929.344849 955.137939 927.0 961.0 906.655151 952.862061 909.0 947.0 Small_Car Vehicle 1
936.999939 944.0 934.100525 951.041382 917.100525 944.041382 919.999939 937.0 Small_Car Vehicle 1
948.0 940.0 946.113892 946.035645 930.0 941.0 931.886108 934.964355 Van Vehicle 1
931.0 935.0 928.649536 940.288696 910.649536 932.288696 913.0 927.0 Small_Car Vehicle 1
851.246216 922.569275 843.000122 937.000061 836.000122 933.000061 844.246216 918.569275 Small_Car Vehicle 1
832.135132 914.810791 822.0 929.0 815.0 924.0 825.135132 909.810791 Small_Car Vehicle 1
810.000061 907.000122 802.977112 923.052612 796.000061 920.000122 803.02301 903.947632 Small_Car Vehicle 1
799.332153 904.377197 791.0 920.0 784.667847 916.622803 793.0 901.0 Van Vehicle 1
771.0 893.0 760.831421 909.269653 754.0 905.0 764.168579 888.730347 Small_Car Vehicle 1
761.176453 889.705872 751.999939 904.999939 745.823425 901.294006 754.999939 885.999939 Small_Car Vehicle 1
879.000061 869.0 869.000061 886.0 861.614441 881.655518 871.614441 864.655518 Small_Car Vehicle 1
868.000183 866.000122 859.000183 884.000122 851.000183 880.000122 860.000183 862.000122 Small_Car Vehicle 1
876.999939 844.0 874.717834 851.226685 855.717834 845.226685 857.999939 838.0 Small_Car Vehicle 1
837.0 860.000122 830.0 874.000122 822.0 870.000122 829.0 856.000122 Van Vehicle 1
828.0 853.000122 818.215332 870.123169 810.461548 865.692383 820.246216 848.569336 Small_Car Vehicle 1
818.999939 851.0 808.189148 866.135132 800.527039 860.662109 811.33783 845.526978 Small_Car Vehicle 1
803.999939 852.999939 797.6922 862.461487 790.999939 857.999939 797.307678 848.538391 Van Vehicle 1
792.102661 848.773865 786.999878 859.999939 780.897095 857.226013 785.999878 845.999939 Small_Car Vehicle 1
783.0 843.0 777.328735 858.123291 769.328735 855.123291 775.0 840.0 Small_Car Vehicle 1
952.30011 932.099976 950.000061 939.0 934.700012 933.900024 937.000061 927.0 Small_Car Vehicle 1
998.276001 759.310303 992.276001 774.310303 984.000122 771.0 990.000122 756.0 Small_Car Vehicle 1
983.102234 764.781128 976.102234 779.781128 968.000061 776.000122 975.000061 761.000122 Van Vehicle 1
987.529419 696.882324 969.0 701.0 967.470581 694.117676 986.0 690.0 Small_Car Vehicle 1
999.000061 686.000122 991.878479 682.229858 999.999939 666.88916 1007.121521 670.659424 Small_Car Vehicle 1
1000.0 664.000061 1000.0 664.000061 1000.0 664.000061 1000.0 664.000061 Small_Car Vehicle 1
978.300049 607.900085 972.0 610.000061 967.0 595.000061 973.300049 592.900085 Small_Car Vehicle 1
826.050232 516.02063 823.999939 520.999939 806.949646 513.979248 808.999939 508.999939 Van Vehicle 1
648.0 487.000031 638.0 504.000031 631.794312 500.34964 641.794312 483.34964 Van Vehicle 1
592.84491 549.362061 590.000061 556.0 568.155212 546.637939 571.000061 540.0 Dump_Truck Vehicle 1
627.705933 540.176514 607.705933 552.176514 604.0 546.0 624.0 534.0 Dump_Truck Vehicle 1
588.230774 598.15387 579.000061 612.000061 572.538513 607.692322 581.769226 593.84613 Van Vehicle 1
689.0 520.000061 675.495605 535.433655 667.495605 528.433655 681.0 513.000061 Dump_Truck Vehicle 1
707.572083 528.604065 694.000061 538.000061 689.42804 531.396057 703.000061 522.000061 Van Vehicle 1
727.000061 532.000061 709.000061 541.000061 706.000061 535.000061 724.000061 526.000061 Small_Car Vehicle 1
741.0 537.0 723.356812 546.340576 720.0 540.0 737.643188 530.659424 Small_Car Vehicle 1
751.547363 544.186401 734.547363 551.186401 732.0 545.0 749.0 538.0 Small_Car Vehicle 1
767.0 548.000061 751.800049 555.600037 748.800049 549.600037 764.0 542.000061 Small_Car Vehicle 1
784.0 552.0 766.547363 559.186401 764.0 553.0 781.452637 545.813599 Small_Car Vehicle 1
796.284851 556.839661 779.999939 565.999939 776.715027 560.160217 792.999939 550.999939 Small_Car Vehicle 1
809.172363 567.93103 789.172363 575.93103 786.0 568.0 806.0 560.0 Van Vehicle 1
803.000061 596.0 796.043274 601.059448 788.000061 590.0 794.956848 584.940552 Small_Car Vehicle 1
792.176514 602.294128 786.0 606.000061 776.823486 590.705994 783.0 587.000061 Van Vehicle 1
775.053711 594.082886 769.0 598.0 757.946289 580.917114 764.0 577.0 Small_Car Vehicle 1
756.033264 593.124512 749.000061 595.0 744.966858 579.875488 752.000061 578.0 Small_Car Vehicle 1
640.093872 673.758728 633.0 692.000061 625.906128 689.241394 633.0 671.000061 Small_Car Vehicle 1
606.0 667.0 604.0 683.0 596.0 682.0 598.0 666.0 Small_Car Vehicle 1
594.000061 683.0 586.965027 683.439697 585.965027 667.439697 593.000061 667.0 Van Vehicle 1
584.02771 666.501587 583.02771 684.501587 574.0 684.0 575.0 666.0 Van Vehicle 1
562.0 683.0 553.0 683.0 553.0 667.0 562.0 667.0 Van Vehicle 1
545.0 682.0 536.0 682.0 536.0 665.0 545.0 665.0 Van Vehicle 1
585.0 736.0 574.864868 750.189209 569.0 746.0 579.135132 731.810791 Small_Car Vehicle 1
575.470642 732.882324 566.470642 747.882324 560.000061 744.0 569.000061 729.0 Small_Car Vehicle 1
564.308899 730.497742 556.308899 743.497742 548.999939 738.999939 556.999939 725.999939 Van Vehicle 1
555.430786 724.246094 546.32312 740.18457 538.892334 735.938477 548.0 720.0 Small_Car Vehicle 1
430.285156 777.398193 421.285156 796.398193 412.000061 792.0 421.000061 773.0 Van Vehicle 1
418.000061 801.0 409.000061 816.0 401.647095 811.588257 410.647095 796.588257 Small_Car Vehicle 1
454.000031 850.999939 445.000031 865.999939 439.26474 862.558777 448.26474 847.558777 Small_Car Vehicle 1
476.000061 860.000061 466.000061 877.000061 457.871521 872.218567 467.871521 855.218567 Van Vehicle 1
485.0 863.999939 476.862671 877.223083 470.0 872.999939 478.137329 859.776794 Van Vehicle 1
459.0 889.0 457.0 896.0 436.0 890.0 438.0 883.0 Small_Car Vehicle 1
384.10849 880.793945 374.000031 900.0 364.891571 895.206055 375.000031 876.0 Small_Car Vehicle 1
404.882324 879.529419 392.0 901.0 382.0 895.0 394.882324 873.529419 Cargo_Truck Vehicle 1
410.000031 893.0 401.753876 907.430786 394.000031 903.0 402.246185 888.569214 Small_Car Vehicle 1
430.400055 897.200073 423.400055 911.200073 417.000031 908.000122 424.000031 894.000122 Small_Car Vehicle 1
443.999969 901.999878 433.999969 915.999878 427.66214 911.4729 437.66214 897.4729 Small_Car Vehicle 1
456.000031 906.000122 446.928009 919.104126 441.000031 915.000122 450.072052 901.896118 Van Vehicle 1
187.350525 919.711365 181.0 934.000061 172.0 930.000061 178.350525 915.711365 Small_Car Vehicle 1
160.0 916.0 155.913513 929.281128 148.956757 927.140625 153.043243 913.859497 Small_Car Vehicle 1
151.069 911.827576 144.931061 927.172424 137.000031 924.000061 143.13797 908.655212 Small_Car Vehicle 1
118.0 904.000122 113.941177 920.235474 105.0 918.000122 109.058823 901.764771 Small_Car Vehicle 1
88.461571 898.692261 82.000038 910.0 75.000038 906.0 81.461571 894.692261 Small_Car Vehicle 1
41.000031 1000.0 35.000034 998.0 37.000034 992.0 55.000027 998.0 Small_Car Vehicle 1
838.511047 1057.620239 739.522278 1000.0 773.062439 942.379639 872.051208 999.999878 Football_Field Court 1
