17.924683 1007.094604 9.999969 996.0 19.932407 988.905396 27.857121 1000.0 Small_Car Vehicle 1
20.249088 938.72821 9.000032 950.999939 2.750977 945.271667 14.000032 932.999939 Small_Car Vehicle 1
22.247068 952.211853 7.000008 970.000061 0.0 964.0 14.752951 945.788269 Dump_Truck Vehicle 1
6.408517 961.727356 -1e-06 961.727356 0.0 948.000061 6.408518 948.000061 Dump_Truck Vehicle 1
0.0 944.153748 0.0 929.999939 6.999982 929.999939 6.999982 944.153748 Small_Car Vehicle 1
1.070643 915.082397 -5.929443 906.915649 -2e-06 901.833252 7.000084 910.0 Van Vehicle 1
1e-06 900.000122 0.0 897.000183 5.000031 892.000122 18.000031 905.000122 Van Vehicle 1
29.999939 904.0 24.268311 909.290771 12.268311 896.290771 17.999939 891.0 Van Vehicle 1
0.0 880.000122 0.0 876.000122 3.0 873.000122 14.999998 885.000122 Van Vehicle 1
241.0 965.0 220.0 965.0 220.0 956.0 241.0 956.0 Small_Car Vehicle 1
216.0 966.0 194.0 966.0 194.0 957.0 216.0 957.0 Van Vehicle 1
238.399017 848.980103 218.0 850.0 217.600983 842.019897 238.0 841.0 Small_Car Vehicle 1
269.849457 848.919128 248.849457 850.919128 248.000031 842.000061 269.000031 840.000061 Small_Car Vehicle 1
443.999969 738.000061 418.999969 740.000061 418.437164 732.965027 443.437164 730.965027 Dump_Truck Vehicle 1
481.0 738.0 461.0 739.0 460.598511 730.970093 480.598511 729.970093 Small_Car Vehicle 1
351.0 728.0 343.0 728.0 343.0 711.0 351.0 711.0 Small_Car Vehicle 1
642.325745 572.915039 619.000061 579.0 616.674377 570.084961 640.000061 564.0 Small_Car Vehicle 1
701.0 502.0 683.0 502.0 683.0 494.0 701.0 494.0 Small_Car Vehicle 1
879.0 554.0 859.0 554.0 859.0 546.0 879.0 546.0 Small_Car Vehicle 1
885.399109 544.980042 865.000061 545.999939 864.601013 538.019836 885.000061 536.999939 Van Vehicle 1
736.000061 381.000031 714.000061 383.000031 713.270569 374.975433 735.270569 372.975433 Van Vehicle 1
535.000061 381.000031 534.570251 390.027191 513.000061 389.000031 513.429871 379.97287 Small_Car Vehicle 1
510.429932 389.027222 489.429932 390.027222 489.000061 381.000061 510.000061 380.000061 Van Vehicle 1
381.000031 305.0 330.755646 306.025391 330.000031 269.0 380.244415 267.974609 Intersection Road 1
820.0 294.999969 774.866699 296.00296 774.0 257.000031 819.133301 255.99704 Intersection Road 1
983.000061 242.000031 972.046204 243.369263 970.000061 227.000031 980.953918 225.630798 Van Vehicle 1
992.0 236.0 983.0 236.0 983.0 220.0 992.0 220.0 Van Vehicle 1
859.000061 179.0 837.764099 181.022461 837.000061 173.0 858.236023 170.977539 Van Vehicle 1
701.0 201.0 690.0 201.0 690.0 184.0 701.0 184.0 Van Vehicle 1
674.0 201.0 665.0 201.0 665.0 186.0 674.0 186.0 Van Vehicle 1
892.0 16.0 874.0 16.0 874.0 8.0 892.0 8.0 Van Vehicle 1
871.0 28.0 850.0 28.0 850.0 20.0 871.0 20.0 Small_Car Vehicle 1
322.0 144.0 299.0 144.0 299.0 135.0 322.0 135.0 Van Vehicle 1
454.020752 137.248276 445.000061 138.000015 443.97937 125.751724 453.000061 124.999985 Small_Car Vehicle 1
437.0 105.0 430.0 105.0 430.0 92.0 437.0 92.0 Small_Car Vehicle 1
427.0 142.0 419.0 142.0 419.0 130.0 427.0 130.0 Van Vehicle 1
273.0 197.000031 252.0 198.000031 251.665161 190.968353 272.665161 189.968353 Van Vehicle 1
111.023354 267.373566 101.000008 268.000031 100.000008 252.000031 110.023354 251.373566 Small_Car Vehicle 1
131.0 646.0 100.0 647.0 99.547821 632.9823 130.547821 631.9823 Small_Car Vehicle 1
6.472962 849.400024 -1e-06 849.400024 0.0 835.714233 6.472964 835.714233 Small_Car Vehicle 1
18.999977 841.0 8.999978 856.0 1.846131 851.230713 11.846129 836.230713 Small_Car Vehicle 1
36.499969 838.500122 22.999969 852.000122 17.499969 846.500122 30.999969 833.000122 Small_Car Vehicle 1
48.24292 841.690857 37.000015 856.000061 29.757111 850.309265 41.000015 836.000061 Van Vehicle 1
61.000015 844.0 49.000015 860.0 40.360016 853.52002 52.360016 837.52002 Small_Car Vehicle 1
