607.175964 546.295044 487.0 618.0 308.0 318.000031 428.175964 246.295044 Bridge Road 1
637.000061 986.0 607.655457 999.154419 604.000061 991.0 633.344666 977.845581 Bus Vehicle 1
591.000244 1000.0 591.000244 994.400146 604.999878 994.400146 604.999878 1000.0 Van Vehicle 1
579.200134 1000.0 579.200134 999.000122 581.555359 999.000122 581.555359 1000.0 Cargo_Truck Vehicle 1
866.0 860.000122 849.0 869.000122 846.275635 863.854126 863.275635 854.854126 Van Vehicle 1
838.0 873.000061 820.770264 882.121643 817.0 875.000061 834.229736 865.878479 Van Vehicle 1
999.999939 108.999985 954.82489 126.066101 947.999939 107.999985 993.174988 90.933868 other-vehicle Vehicle 1
904.501953 133.346527 881.501953 149.346527 875.0 140.000031 898.0 124.000031 Motorboat Ship 1
797.999939 185.999985 771.746277 198.11705 767.999939 189.999985 794.253601 177.882919 other-vehicle Vehicle 1
799.000122 193.000031 779.000122 204.000031 775.769775 198.126709 795.769775 187.126709 other-vehicle Vehicle 1
644.28894 7.864 627.0 15.999979 624.71106 11.135956 642.0 2.999977 Van Vehicle 1
612.000061 29.000004 598.724182 34.310349 596.724182 29.310349 610.000061 24.000004 Van Vehicle 1
601.000061 15.999985 587.761536 23.128426 585.000061 17.999985 598.238586 10.871544 Van Vehicle 1
601.155762 7.916933 586.0 15.999979 582.844238 10.083023 598.0 1.999977 Van Vehicle 1
596.0 0.0 580.0 8.999995 576.715088 3.160233 582.333252 0.0 Van Vehicle 1
559.000061 8.000017 543.000061 16.000015 540.000061 10.000015 556.000061 2.000017 Van Vehicle 1
592.155762 61.916946 577.0 70.0 573.844238 64.083038 589.0 55.999985 Van Vehicle 1
601.000061 73.999977 584.667664 83.186928 580.715149 76.160225 597.047546 66.973274 Van Vehicle 1
603.740479 81.138412 588.740479 89.138412 586.0 84.0 601.0 76.0 Van Vehicle 1
608.155762 89.916962 593.0 98.000015 589.844238 92.083054 605.0 84.0 Van Vehicle 1
377.460754 100.337067 369.460754 105.337067 353.000061 78.999985 361.000061 73.999985 Cargo_Truck Vehicle 1
54.576462 19.7547 7.000002 40.000004 2.423536 29.245308 50.0 9.000004 Cargo_Truck Vehicle 1
348.0 130.0 330.0 138.0 326.0 129.0 344.0 121.0 Van Vehicle 1
338.0 112.000015 326.0 116.000015 324.0 110.000015 336.0 106.000015 Van Vehicle 1
830.0 976.999939 818.857422 983.765076 801.857422 955.765076 813.0 948.999939 Cargo_Truck Vehicle 1
972.0 368.0 961.082031 376.110474 935.0 341.0 945.917969 332.889526 Cargo_Truck Vehicle 1
982.0 362.999939 974.029175 369.038452 949.029175 336.038452 957.0 329.999939 other-vehicle Vehicle 1
989.0 350.999969 982.06189 357.07077 961.0 332.999969 967.93811 326.929169 other-vehicle Vehicle 1
1000.0 345.666626 1000.0 355.947296 996.051147 359.064789 966.0 320.999969 other-vehicle Vehicle 1
618.0 593.0 611.088257 597.147095 602.0 582.0 608.911743 577.852905 Van Vehicle 1
658.852905 573.088257 653.852905 576.088257 646.0 563.0 651.0 560.0 Van Vehicle 1
671.0 572.0 664.088257 576.147095 655.0 561.0 661.911743 556.852905 Van Vehicle 1
690.0 564.0 682.246094 568.430786 674.0 554.0 681.753906 549.569214 Van Vehicle 1
706.538391 555.692261 699.538391 559.692261 689.999939 543.0 696.999939 539.0 Van Vehicle 1
715.0 552.0 710.0 555.0 700.294067 538.823486 705.294067 535.823486 Small_Car Vehicle 1
725.0 548.000061 718.168579 552.269714 708.0 536.000061 714.831421 531.730408 Van Vehicle 1
732.999939 543.0 727.999939 546.0 718.999939 531.0 723.999939 528.0 other-vehicle Vehicle 1
742.999939 539.0 735.999939 543.0 727.323059 527.81543 734.323059 523.81543 Van Vehicle 1
753.12854 536.218567 745.0 541.000061 734.87146 523.781555 743.0 519.000061 Van Vehicle 1
763.000061 533.000061 756.000061 537.000061 744.676941 517.184631 751.676941 513.184631 Van Vehicle 1
770.332153 527.622803 764.0 531.0 756.0 516.0 762.332153 512.622803 Van Vehicle 1
975.999939 904.999878 969.307678 909.461426 958.999939 893.999878 965.6922 889.53833 Van Vehicle 1
393.999969 658.0 388.264679 661.441162 379.264679 646.441162 384.999969 643.0 Van Vehicle 1
414.047241 652.084961 407.000061 656.0 396.952881 637.915039 404.000061 634.0 Van Vehicle 1
423.0 647.0 416.051392 651.087402 406.0 634.0 412.948608 629.912598 Van Vehicle 1
432.0 643.0 425.0 647.0 416.138489 631.49231 423.138489 627.49231 Van Vehicle 1
462.000031 631.0 453.000031 636.0 443.000031 618.0 452.000031 613.0 Small_Car Vehicle 1
470.0 628.0 463.659485 631.356812 454.659485 614.356812 461.0 611.0 Van Vehicle 1
557.826904 1005.468933 548.372314 997.468933 552.999878 991.999939 562.454468 999.999939 Van Vehicle 1
612.19165 984.207581 607.0 988.999939 594.80835 975.792297 600.0 970.999939 Small_Car Vehicle 1
629.000061 975.0 624.500061 979.5 614.000061 969.0 618.500061 964.5 Van Vehicle 1
620.000061 979.000122 614.500061 984.500122 603.000061 973.000122 608.500061 967.500122 Van Vehicle 1
638.000061 971.000122 633.000061 976.000122 622.000061 965.000122 627.000061 960.000122 Van Vehicle 1
602.480042 989.640137 598.000061 993.000122 589.840027 982.120117 594.320007 978.760132 Van Vehicle 1
646.0 968.0 641.082397 971.129395 634.0 960.0 638.917603 956.870605 Van Vehicle 1
665.104675 952.963135 648.000061 959.0 645.895447 953.036865 663.000061 947.0 Van Vehicle 1
436.000244 1004.000061 432.000244 1000.000061 438.000122 994.000183 442.000122 998.000183 Van Vehicle 1
