968.000122 188.000031 957.288086 195.416016 939.288086 169.416016 950.000122 162.000031 Cargo_Truck Vehicle 1
996.692139 202.538422 989.999878 206.999969 979.999878 191.999969 986.692139 187.538422 Small_Car Vehicle 1
986.000061 212.000061 979.292786 217.365906 967.000061 202.000061 973.707336 196.634216 Small_Car Vehicle 1
1000.0 227.999969 995.0 232.999969 986.0 223.999969 991.0 218.999969 Van Vehicle 1
991.344604 300.38562 974.344604 310.38562 970.000122 303.0 987.000122 293.0 Small_Car Vehicle 1
995.396118 304.428009 986.396118 317.428009 980.000122 313.000031 989.000122 300.000031 Small_Car Vehicle 1
163.0 780.0 144.0 780.0 144.0 773.0 163.0 773.0 Small_Car Vehicle 1
167.0 794.0 147.0 794.0 147.0 787.0 167.0 787.0 Small_Car Vehicle 1
221.119965 776.839905 205.999969 778.999939 204.999969 771.999939 220.119965 769.839905 Van Vehicle 1
6.0 798.0 -0.0 798.0 0.0 786.0 6.0 786.0 Cargo_Truck Vehicle 1
115.000008 875.000183 104.200005 880.400208 87.000008 846.000183 97.800011 840.600159 Trailer Vehicle 1
135.000015 899.000122 128.249344 905.268555 115.249329 891.268555 122.0 885.000122 Small_Car Vehicle 1
206.000015 955.000122 197.000015 964.000122 167.000015 934.000122 176.000015 925.000122 Bus Vehicle 1
268.999969 917.0 236.999969 941.0 229.679962 931.23999 261.679962 907.23999 Bus Vehicle 1
327.0 782.0 311.0 782.0 311.0 776.0 327.0 776.0 Small_Car Vehicle 1
416.089264 761.987854 394.000031 765.000061 392.910797 757.012268 415.000031 754.000061 Small_Car Vehicle 1
496.000061 764.000122 477.917847 770.780884 474.917847 762.780884 493.000061 756.000122 Small_Car Vehicle 1
207.000015 987.000122 201.000015 993.000122 188.500015 980.500122 194.500015 974.500122 Small_Car Vehicle 1
263.195282 1006.689514 257.195282 999.689392 264.999908 992.999817 270.999908 999.999939 Small_Car Vehicle 1
299.44165 946.653015 285.0 958.000061 280.55835 952.347107 295.0 941.000061 Small_Car Vehicle 1
327.999969 933.999939 315.508148 944.409729 310.999969 938.999939 323.491791 928.590149 Small_Car Vehicle 1
312.082397 948.929382 298.000061 960.999939 292.917725 955.070496 307.000061 942.999939 Small_Car Vehicle 1
370.500031 909.500122 357.500031 922.500122 352.000031 917.000122 365.000031 904.000122 Small_Car Vehicle 1
352.576477 926.505859 338.0 939.0 332.0 932.0 346.576477 919.505859 Small_Car Vehicle 1
333.0 943.000061 319.0 953.000061 314.472961 946.66217 328.472961 936.66217 Small_Car Vehicle 1
318.114227 955.901001 303.000031 969.0 297.885834 963.098999 313.000031 950.0 Small_Car Vehicle 1
609.0 95.0 602.0 95.0 602.0 79.0 609.0 79.0 Small_Car Vehicle 1
943.910889 148.829117 934.0 153.999985 922.0 130.999985 931.910889 125.829117 Trailer Vehicle 1
521.0 781.0 516.362427 789.204834 493.0 776.0 497.637573 767.795166 Cargo_Truck Vehicle 1
830.12439 633.919556 813.0 645.0 807.87561 637.080444 825.0 626.0 other-vehicle Vehicle 1
63.0 810.0 19.0 810.0 19.0 797.0 63.0 797.0 Bus Vehicle 1
