563.0 309.0 472.0 309.0 472.0 249.0 563.0 249.0 Intersection Road 1
563.0 132.0 556.0 132.0 556.0 120.0 563.0 120.0 Van Vehicle 1
523.0 190.0 515.0 190.0 515.0 176.0 523.0 176.0 Van Vehicle 1
547.0 251.000031 544.987793 269.109772 535.987793 268.109772 538.0 250.000031 Van Vehicle 1
490.099976 291.699982 474.0 293.999969 473.0 286.999969 489.099976 284.699982 Van Vehicle 1
375.0 294.0 354.902222 297.014648 354.0 291.0 374.097778 287.985352 Cargo_Truck Vehicle 1
418.192322 295.961548 398.192322 299.961548 397.0 294.0 417.0 290.0 Van Vehicle 1
422.0 285.999969 393.859985 290.019989 392.859985 283.019989 421.0 278.999969 other-vehicle Vehicle 1
387.000031 301.0 367.9487 304.008118 367.000031 298.0 386.051361 294.991882 Van Vehicle 1
365.102722 305.983765 346.102722 308.983765 345.0 302.0 364.0 299.0 other-vehicle Vehicle 1
329.000031 312.0 312.630829 314.046143 312.000031 309.0 328.369232 306.953857 other-vehicle Vehicle 1
295.803467 318.026184 280.803467 320.026184 280.0 314.0 295.0 312.0 Small_Car Vehicle 1
253.000015 322.000031 236.75386 324.030792 236.000015 318.000031 252.24617 315.969269 Small_Car Vehicle 1
169.102692 325.983795 150.0 329.000031 148.897308 322.016266 168.0 319.000031 other-vehicle Vehicle 1
105.057068 455.010101 104.000015 461.000031 87.000015 458.000031 88.057068 452.010101 Van Vehicle 1
11.413795 489.034485 11.000002 494.0 0.0 493.083344 -0.0 488.083344 Small_Car Vehicle 1
60.999977 579.000122 58.999977 585.000122 51.79998 582.600098 53.79998 576.600098 Small_Car Vehicle 1
66.092308 622.661499 62.999996 634.0 56.907692 632.338501 60.000004 621.0 Small_Car Vehicle 1
110.48278 962.206909 108.000023 968.0 93.517265 961.793091 96.000023 956.0 Van Vehicle 1
146.674225 955.317261 144.0 961.0 126.325775 952.682739 129.0 947.0 Small_Car Vehicle 1
277.606232 758.896423 276.000031 765.000061 257.000031 760.000061 258.606232 753.896423 Small_Car Vehicle 1
328.0 617.000061 326.705872 622.176575 310.705872 618.176575 312.0 613.000061 Small_Car Vehicle 1
316.126678 513.045227 313.999969 519.0 299.87326 513.954773 301.999969 508.0 Van Vehicle 1
423.0 522.000061 421.299988 527.100037 409.0 523.000061 410.700012 517.900085 Van Vehicle 1
396.299988 514.099976 395.0 518.0 382.700012 513.900024 384.0 510.0 Small_Car Vehicle 1
355.0 519.0 351.0 529.0 346.862061 527.344849 350.862061 517.344849 Small_Car Vehicle 1
403.999969 431.0 403.341461 436.926819 385.341461 434.926819 385.999969 429.0 Small_Car Vehicle 1
421.999908 424.999939 417.999908 430.999939 402.999908 420.999939 406.999908 414.999939 Small_Car Vehicle 1
481.0 432.0 478.062195 437.036255 466.0 430.0 468.937805 424.963745 Small_Car Vehicle 1
471.66217 487.472931 462.0 500.999969 455.0 495.999969 464.66217 482.472931 Small_Car Vehicle 1
330.461548 699.307678 318.0 717.999939 311.538452 713.6922 324.0 694.999939 Van Vehicle 1
284.0 793.0 274.0 808.0 267.538452 803.692261 277.538452 788.692261 Van Vehicle 1
472.000061 516.000061 467.000061 521.000061 461.000061 515.000061 466.000061 510.000061 Van Vehicle 1
474.0 695.0 461.0 695.0 461.0 689.0 474.0 689.0 Van Vehicle 1
358.000031 720.999939 357.000031 725.999939 342.000031 722.999939 343.000031 717.999939 Van Vehicle 1
314.057068 791.010071 313.0 797.000061 295.942932 793.990051 297.0 788.000061 Van Vehicle 1
310.192383 806.038452 309.000061 812.0 288.807739 807.961548 290.000061 802.0 Small_Car Vehicle 1
305.192322 815.038452 304.0 821.0 288.807678 817.961548 290.0 812.0 Small_Car Vehicle 1
279.722626 876.262817 277.999969 881.0 266.277313 876.737183 267.999969 872.0 Small_Car Vehicle 1
248.000061 901.000122 246.504028 908.106201 227.504028 904.106201 229.000061 897.000122 Small_Car Vehicle 1
238.0 914.999939 237.2901 921.034119 220.0 918.999939 220.7099 912.965759 Small_Car Vehicle 1
259.0 903.999939 255.875473 920.664124 247.0 918.999939 250.124527 902.335754 Small_Car Vehicle 1
348.120758 935.022583 347.000031 941.0 330.879303 937.977417 332.000031 932.0 Van Vehicle 1
330.0 992.0 311.0 992.0 311.0 986.0 330.0 986.0 Small_Car Vehicle 1
467.314911 949.983398 447.999969 951.0 447.685028 945.016602 466.999969 944.0 Small_Car Vehicle 1
472.387695 941.978516 454.0 943.0 453.612305 936.021484 472.0 935.0 Dump_Truck Vehicle 1
452.0 945.0 432.370178 946.033203 432.0 939.0 451.629822 937.966797 other-vehicle Vehicle 1
448.439728 938.035034 432.439728 939.035034 432.000031 932.0 448.000031 931.0 Small_Car Vehicle 1
471.000061 905.0 469.975952 922.4104 463.000061 922.0 464.02417 904.5896 Van Vehicle 1
460.0 922.0 452.0 922.0 452.0 906.0 460.0 906.0 Van Vehicle 1
438.0 924.0 431.0 924.0 431.0 911.0 438.0 911.0 Van Vehicle 1
205.277771 1001.0 187.277771 1000.0 187.335358 998.963135 205.335358 999.963135 Van Vehicle 1
520.0 373.0 518.968872 389.498047 511.0 389.0 512.031128 372.501953 Van Vehicle 1
520.968994 464.527618 519.968994 481.527618 511.0 481.000031 512.0 464.000031 Van Vehicle 1
500.0 862.0 498.968872 878.498047 491.0 878.0 492.031128 861.501953 other-vehicle Vehicle 1
512.0 880.0 504.0 880.0 504.0 865.0 512.0 865.0 Van Vehicle 1
511.0 907.0 503.0 907.0 503.0 892.0 511.0 892.0 Van Vehicle 1
529.0 709.0 521.0 709.0 521.0 693.0 529.0 693.0 Small_Car Vehicle 1
542.0 707.0 535.0 707.0 535.0 693.0 542.0 693.0 Van Vehicle 1
529.0 684.0 521.0 684.0 521.0 668.0 529.0 668.0 Small_Car Vehicle 1
542.0 681.0 535.0 681.0 535.0 668.0 542.0 668.0 Small_Car Vehicle 1
530.0 638.0 522.0 638.0 522.0 626.0 530.0 626.0 Van Vehicle 1
535.0 561.0 527.0 561.0 527.0 549.0 535.0 549.0 Van Vehicle 1
549.0 437.0 542.0 437.0 542.0 423.0 549.0 423.0 Small_Car Vehicle 1
539.0 398.0 532.0 398.0 532.0 386.0 539.0 386.0 Small_Car Vehicle 1
747.0 442.0 739.0 442.0 739.0 430.0 747.0 430.0 Small_Car Vehicle 1
737.000061 430.0 735.951843 442.579285 729.000061 442.0 730.048279 429.420715 Small_Car Vehicle 1
727.0 441.0 720.0 441.0 720.0 431.0 727.0 431.0 Small_Car Vehicle 1
765.0 502.999939 763.964722 516.45874 758.0 515.999939 759.035278 502.541138 Van Vehicle 1
756.000061 502.000061 755.000061 518.000061 747.965027 517.560364 748.965027 501.560364 Small_Car Vehicle 1
746.0 517.0 738.0 517.0 738.0 501.0 746.0 501.0 Small_Car Vehicle 1
736.0 515.0 728.0 515.0 728.0 502.0 736.0 502.0 Van Vehicle 1
764.0 582.0 758.0 582.0 758.0 569.0 764.0 569.0 Van Vehicle 1
744.0 583.0 736.0 583.0 736.0 568.0 744.0 568.0 Small_Car Vehicle 1
788.0 600.0 787.0 612.0 779.965576 611.413818 780.965576 599.413818 Small_Car Vehicle 1
952.0 451.0 945.0 451.0 945.0 439.0 952.0 439.0 Van Vehicle 1
962.033997 478.287384 961.033997 499.287384 955.000061 499.000031 956.000061 478.000031 other-vehicle Vehicle 1
915.0 576.0 907.0 576.0 907.0 559.0 915.0 559.0 Small_Car Vehicle 1
879.0 453.0 857.0 453.0 857.0 447.0 879.0 447.0 Small_Car Vehicle 1
877.0 459.0 858.0 459.0 858.0 454.0 877.0 454.0 Van Vehicle 1
878.0 468.0 857.0 468.0 857.0 462.0 878.0 462.0 Van Vehicle 1
876.314941 471.016571 876.0 476.999969 856.685059 475.983368 857.0 469.999969 Small_Car Vehicle 1
875.311401 479.019531 875.000122 484.000061 858.688843 482.980591 859.000122 478.000061 Small_Car Vehicle 1
875.0 500.0 856.0 500.0 856.0 493.0 875.0 493.0 Small_Car Vehicle 1
876.299255 502.014954 876.000061 508.0 855.700867 506.985046 856.000061 501.0 Small_Car Vehicle 1
875.0 517.0 856.0 517.0 856.0 510.0 875.0 510.0 Small_Car Vehicle 1
874.0 532.0 856.0 532.0 856.0 526.0 874.0 526.0 Van Vehicle 1
874.0 548.0 855.0 548.0 855.0 541.0 874.0 541.0 Small_Car Vehicle 1
872.0 556.0 858.0 556.0 858.0 550.0 872.0 550.0 Small_Car Vehicle 1
875.285095 559.013489 875.000061 564.999939 853.715027 563.986389 854.000061 557.999939 Small_Car Vehicle 1
985.0 389.0 978.0 389.0 978.0 372.0 985.0 372.0 Van Vehicle 1
996.0 388.0 988.0 388.0 988.0 372.0 996.0 372.0 Van Vehicle 1
1000.0 387.0 998.0 387.0 998.0 372.0 1000.0 372.0 Van Vehicle 1
881.0 606.0 865.0 606.0 865.0 600.0 881.0 600.0 Van Vehicle 1
884.0 622.0 864.0 622.0 864.0 616.0 884.0 616.0 Small_Car Vehicle 1
885.0 638.0 867.0 638.0 867.0 632.0 885.0 632.0 Van Vehicle 1
886.0 656.0 865.0 656.0 865.0 650.0 886.0 650.0 Van Vehicle 1
887.0 694.0 868.0 694.0 868.0 687.0 887.0 687.0 Van Vehicle 1
885.0 704.0 867.0 704.0 867.0 698.0 885.0 698.0 Van Vehicle 1
885.0 711.0 868.0 711.0 868.0 705.0 885.0 705.0 Small_Car Vehicle 1
584.317566 780.964172 583.999939 787.000061 564.999939 786.000061 565.317566 779.964172 Small_Car Vehicle 1
625.332275 779.981567 607.0 781.0 606.667725 775.018433 625.0 774.0 Small_Car Vehicle 1
572.398254 795.02655 572.000061 801.000061 557.000061 800.000061 557.398254 794.02655 Van Vehicle 1
587.0 813.0 572.0 813.0 572.0 808.0 587.0 808.0 Small_Car Vehicle 1
620.0 802.0 604.0 802.0 604.0 796.0 620.0 796.0 Small_Car Vehicle 1
623.0 815.0 602.0 815.0 602.0 808.0 623.0 808.0 Van Vehicle 1
657.332581 798.01593 657.000061 805.000061 635.667419 803.984192 635.999939 797.000061 Cargo_Truck Vehicle 1
691.317627 798.96405 691.0 804.999939 672.0 803.999939 672.317627 797.96405 Small_Car Vehicle 1
722.387695 799.021484 722.0 806.0 704.0 805.0 704.387695 798.021484 Van Vehicle 1
758.251282 800.968628 757.999939 806.999878 733.999939 805.999878 734.251282 799.968628 Small_Car Vehicle 1
786.0 807.0 771.0 807.0 771.0 801.0 786.0 801.0 Van Vehicle 1
592.0 988.0 578.0 988.0 578.0 982.0 592.0 982.0 Small_Car Vehicle 1
745.0 923.0 738.0 923.0 738.0 912.0 745.0 912.0 Small_Car Vehicle 1
728.029663 923.296997 721.0 924.0 719.970337 913.703003 727.0 913.0 Van Vehicle 1
710.0 926.0 703.0 926.0 703.0 914.0 710.0 914.0 Van Vehicle 1
673.0 929.0 667.0 929.0 667.0 917.0 673.0 917.0 Van Vehicle 1
664.0 928.0 658.0 928.0 658.0 917.0 664.0 917.0 Van Vehicle 1
647.0 929.0 640.0 929.0 640.0 918.0 647.0 918.0 Van Vehicle 1
629.000061 931.0 622.048279 931.579346 621.000061 919.0 627.951843 918.420654 Van Vehicle 1
925.0 857.0 905.0 857.0 905.0 851.0 925.0 851.0 Small_Car Vehicle 1
928.0 942.0 913.0 942.0 913.0 936.0 928.0 936.0 Van Vehicle 1
928.0 966.0 913.0 966.0 913.0 960.0 928.0 960.0 Van Vehicle 1
929.0 974.0 913.0 974.0 913.0 967.0 929.0 967.0 Van Vehicle 1
928.0 982.0 914.0 982.0 914.0 976.0 928.0 976.0 Van Vehicle 1
889.0 957.0 881.0 957.0 881.0 941.0 889.0 941.0 Small_Car Vehicle 1
888.0 976.0 882.0 976.0 882.0 965.0 888.0 965.0 Van Vehicle 1
999.0 877.0 981.0 877.0 981.0 870.0 999.0 870.0 Van Vehicle 1
998.0 886.0 980.0 886.0 980.0 880.0 998.0 880.0 Small_Car Vehicle 1
998.0 904.0 983.0 904.0 983.0 899.0 998.0 899.0 Van Vehicle 1
999.0 913.0 981.0 913.0 981.0 906.0 999.0 906.0 Van Vehicle 1
998.0 920.0 984.0 920.0 984.0 915.0 998.0 915.0 Small_Car Vehicle 1
963.0 907.0 944.0 907.0 944.0 901.0 963.0 901.0 Van Vehicle 1
959.0 882.0 944.0 882.0 944.0 876.0 959.0 876.0 Van Vehicle 1
959.0 857.0 943.0 857.0 943.0 852.0 959.0 852.0 Van Vehicle 1
944.0 958.0 942.964478 972.497437 936.0 972.0 937.035522 957.502563 Small_Car Vehicle 1
943.0 988.0 937.0 988.0 937.0 973.0 943.0 973.0 Small_Car Vehicle 1
