33.0 913.0 23.0 913.0 23.0 898.0 33.0 898.0 Van Vehicle 1
325.027618 973.468994 316.000031 974.0 315.000031 957.0 324.027618 956.468994 Van Vehicle 1
337.0 974.0 327.0 974.0 327.0 958.0 337.0 958.0 Van Vehicle 1
689.0 800.0 682.24292 805.309204 671.0 791.0 677.75708 785.690796 Small_Car Vehicle 1
158.0 804.0 137.0 804.0 137.0 796.0 158.0 796.0 Small_Car Vehicle 1
354.0 715.0 342.0 715.0 342.0 693.0 354.0 693.0 Van Vehicle 1
369.0 698.0 360.0 698.0 360.0 684.0 369.0 684.0 Van Vehicle 1
193.153824 745.230713 179.999985 754.0 175.538437 747.307739 188.692276 738.538452 Van Vehicle 1
-0.0 406.588318 -2.006829 389.530273 2.993168 388.942017 4.999997 406.000061 Small_Car Vehicle 1
-1e-06 366.750061 -1.000002 346.750061 5.022447 346.448914 6.022448 366.448914 Van Vehicle 1
136.0 492.0 126.0 492.0 126.0 469.0 136.0 469.0 Dump_Truck Vehicle 1
162.999985 470.0 161.999985 490.0 150.977554 489.448853 151.977554 469.448853 Van Vehicle 1
160.0 425.0 150.0 425.0 150.0 409.0 160.0 409.0 Small_Car Vehicle 1
160.026566 427.601807 159.000015 443.000061 149.973465 442.398315 151.000015 427.000061 Van Vehicle 1
149.000015 366.000031 148.000015 381.000031 139.039841 380.402679 140.039841 365.402679 Van Vehicle 1
92.0 428.0 71.0 428.0 71.0 421.0 92.0 421.0 Van Vehicle 1
97.0 418.0 73.0 418.0 73.0 411.0 97.0 411.0 Small_Car Vehicle 1
96.362885 401.016479 96.0 409.0 73.637115 407.983521 74.0 400.0 Small_Car Vehicle 1
98.0 399.0 72.0 399.0 72.0 392.0 98.0 392.0 Van Vehicle 1
97.319489 387.987213 72.0 388.999969 71.680511 381.012726 97.0 379.999969 Dump_Truck Vehicle 1
97.291161 378.987854 73.000008 380.0 72.708839 373.012146 96.999992 372.0 Van Vehicle 1
94.0 371.0 72.0 371.0 72.0 364.0 94.0 364.0 Small_Car Vehicle 1
213.0 490.0 203.0 490.0 203.0 472.0 213.0 472.0 Small_Car Vehicle 1
172.0 442.0 164.0 442.0 164.0 425.0 172.0 425.0 Small_Car Vehicle 1
198.0 422.0 188.0 422.0 188.0 405.0 198.0 405.0 Van Vehicle 1
210.0 424.0 202.0 424.0 202.0 407.0 210.0 407.0 Van Vehicle 1
224.006821 424.058014 215.999985 424.999969 213.993149 407.941925 221.999985 406.999969 Dump_Truck Vehicle 1
237.0 441.0 227.0 441.0 227.0 423.0 237.0 423.0 Small_Car Vehicle 1
185.0 381.0 176.0 381.0 176.0 365.0 185.0 365.0 Small_Car Vehicle 1
213.0 384.0 203.0 384.0 203.0 366.0 213.0 366.0 Van Vehicle 1
198.999985 361.0 189.030746 361.553833 187.999985 343.0 197.969223 342.446167 Van Vehicle 1
238.0 361.0 229.0 361.0 229.0 347.0 238.0 347.0 Van Vehicle 1
263.0 376.0 254.0 376.0 254.0 364.0 263.0 364.0 Van Vehicle 1
171.026596 359.398285 162.000046 360.000031 160.973495 344.601776 170.000046 344.000031 Van Vehicle 1
27.023527 211.305862 17.999998 211.999985 16.976469 198.694107 25.999998 197.999985 Small_Car Vehicle 1
3.000001 128.000015 -1.020673 127.763496 0.0 110.411774 4.020675 110.648293 Small_Car Vehicle 1
98.562805 360.034973 73.562805 362.034973 73.0 355.0 98.0 353.0 Dump_Truck Vehicle 1
96.268829 342.989685 70.0 344.0 69.731171 337.010315 96.0 336.0 Dump_Truck Vehicle 1
335.0 471.0 312.0 471.0 312.0 464.0 335.0 464.0 Dump_Truck Vehicle 1
338.0 463.0 315.0 463.0 315.0 455.0 338.0 455.0 Small_Car Vehicle 1
338.0 452.0 317.0 452.0 317.0 446.0 338.0 446.0 Small_Car Vehicle 1
336.0 443.0 314.0 443.0 314.0 436.0 336.0 436.0 Small_Car Vehicle 1
336.0 434.0 313.0 434.0 313.0 427.0 336.0 427.0 Van Vehicle 1
336.0 423.0 316.0 423.0 316.0 416.0 336.0 416.0 Small_Car Vehicle 1
336.0 415.0 315.0 415.0 315.0 409.0 336.0 409.0 Van Vehicle 1
339.0 405.0 309.0 405.0 309.0 397.0 339.0 397.0 Dump_Truck Vehicle 1
339.794922 380.063568 339.0 389.999969 314.0 387.999969 314.794922 378.063568 Van Vehicle 1
338.0 378.0 316.0 378.0 316.0 370.0 338.0 370.0 Small_Car Vehicle 1
338.0 369.0 314.0 369.0 314.0 361.0 338.0 361.0 Van Vehicle 1
337.0 360.0 315.0 360.0 315.0 353.0 337.0 353.0 Small_Car Vehicle 1
338.999969 341.0 314.376068 342.026001 313.999969 333.0 338.623871 331.973999 Dump_Truck Vehicle 1
338.0 332.0 317.0 332.0 317.0 325.0 338.0 325.0 Dump_Truck Vehicle 1
169.073547 63.892456 155.999969 83.0 145.926392 76.107544 158.999969 57.0 Dump_Truck Vehicle 1
182.000031 68.0 170.000031 84.0 161.360016 77.520004 173.360016 61.520004 Small_Car Vehicle 1
315.346985 67.558365 304.0 82.0 295.653015 75.441635 307.0 61.0 Van Vehicle 1
268.0 36.999992 261.200012 40.399994 253.0 23.999996 259.799988 20.599995 Small_Car Vehicle 1
357.0 30.0 351.070618 35.082352 339.0 21.0 344.929382 15.917648 Small_Car Vehicle 1
419.0 34.000004 411.103577 37.251484 403.958618 19.899414 411.855042 16.647934 Small_Car Vehicle 1
506.0 48.0 486.0 48.0 486.0 42.0 506.0 42.0 Van Vehicle 1
508.0 58.0 484.0 58.0 484.0 52.0 508.0 52.0 Small_Car Vehicle 1
506.0 95.0 485.0 95.0 485.0 89.0 506.0 89.0 Small_Car Vehicle 1
505.0 105.0 484.0 105.0 484.0 99.0 505.0 99.0 Van Vehicle 1
433.0 65.0 423.0 84.0 414.674622 79.618225 424.674622 60.618225 Dump_Truck Vehicle 1
575.06897 120.172417 567.137939 123.344826 561.0 107.999992 568.93103 104.827583 Van Vehicle 1
616.999939 116.999954 610.307678 121.461487 601.999939 108.999954 608.6922 104.538422 Van Vehicle 1
645.0 118.000031 638.036255 122.06221 631.0 110.000031 637.963745 105.937851 Van Vehicle 1
673.258484 120.732315 664.000061 124.000015 658.000061 107.000015 667.258484 103.732315 Small_Car Vehicle 1
686.400024 114.800034 678.0 119.000031 671.0 105.000031 679.400024 100.800034 Van Vehicle 1
716.0 70.999985 705.0 85.999985 697.58667 80.563568 708.58667 65.563568 Van Vehicle 1
703.02771 66.960747 691.0 84.000008 683.97229 79.039268 696.0 62.000008 Small_Car Vehicle 1
687.153748 68.76918 676.999939 83.999954 669.84613 79.230728 679.999939 63.999954 Small_Car Vehicle 1
672.000061 68.000031 662.000061 84.000031 654.719177 79.449463 664.719177 63.449463 Small_Car Vehicle 1
661.120056 66.839996 649.000061 83.0 641.000061 77.0 653.120056 60.839996 Van Vehicle 1
641.0 69.999985 630.0 84.999985 622.58667 79.563568 633.58667 64.563568 Small_Car Vehicle 1
612.393372 69.327873 600.590149 83.491814 593.999939 78.000008 605.803162 63.836067 Van Vehicle 1
582.072083 69.895988 573.000061 82.999992 565.92804 78.103996 575.000061 64.999992 Van Vehicle 1
648.999939 36.999985 642.591492 41.405823 631.591492 25.405821 637.999939 20.999985 Small_Car Vehicle 1
664.400085 36.200001 658.000061 41.0 646.000061 25.0 652.400085 20.200001 Small_Car Vehicle 1
390.599426 119.287811 384.0 122.999985 375.0 106.999985 381.599426 103.287811 Small_Car Vehicle 1
406.065033 117.101082 400.000031 120.999992 390.935028 106.898903 397.000031 102.999992 Small_Car Vehicle 1
420.0 116.000031 411.897827 119.781052 404.897827 104.781052 413.0 101.000031 Small_Car Vehicle 1
437.000061 115.0 428.332214 119.622833 420.332214 104.622833 429.000061 100.0 Small_Car Vehicle 1
387.435333 66.658844 375.435333 80.658844 370.000031 76.000015 382.000031 62.000015 Van Vehicle 1
372.365875 64.292694 362.609772 76.487823 357.000031 72.000015 366.756134 59.804886 Small_Car Vehicle 1
358.0 65.0 347.692322 80.461533 341.0 76.0 351.307678 60.538467 Small_Car Vehicle 1
344.000031 64.999992 335.000031 79.999992 326.911774 75.147057 335.911774 60.147057 Small_Car Vehicle 1
336.999939 699.000061 333.999939 717.000061 324.918884 715.486511 327.918884 697.486511 Van Vehicle 1
327.026215 689.88855 322.999969 707.0 314.973724 705.11145 318.999969 688.0 Dump_Truck Vehicle 1
949.0 691.0 939.0 691.0 939.0 675.0 949.0 675.0 Van Vehicle 1
977.0 138.0 968.0 138.0 968.0 124.0 977.0 124.0 Small_Car Vehicle 1
877.962036 25.644833 876.962036 42.644833 866.0 42.000004 867.0 25.000004 Van Vehicle 1
864.0 43.0 854.0 43.0 854.0 25.0 864.0 25.0 Small_Car Vehicle 1
850.0 41.0 840.0 41.0 840.0 27.0 850.0 27.0 Small_Car Vehicle 1
838.0 41.999996 829.031006 42.527584 828.0 24.999996 836.968994 24.472408 Small_Car Vehicle 1
826.027283 40.435799 817.000061 41.0 816.000061 25.0 825.027283 24.435799 Small_Car Vehicle 1
811.0 40.0 802.0 40.0 802.0 26.0 811.0 26.0 Small_Car Vehicle 1
800.0 39.0 792.0 39.0 792.0 25.0 800.0 25.0 Van Vehicle 1
728.0 373.0 671.0 373.0 671.0 364.0 728.0 364.0 Cargo_Truck Vehicle 1
542.0 462.0 540.99646 531.246338 524.0 531.0 525.00354 461.753662 Cargo_Truck Vehicle 1
595.999939 560.999939 499.999939 562.999939 499.791687 553.004333 595.791687 551.004333 Cargo_Truck Vehicle 1
914.0 19.909086 914.0 0.0 1000.0 0.0 1000.0 19.909086 Intersection Road 1
62.561852 3.707867 -0.0 3.707867 0.0 0.0 62.561852 0.0 Intersection Road 1
179.999985 1000.0 179.999985 1000.0 179.999985 1000.0 179.999985 1000.0 Cargo_Truck Vehicle 1
200.000015 1000.0 200.000015 1000.0 200.000015 1000.0 200.000015 1000.0 Cargo_Truck Vehicle 1
502.40271 353.71814 491.731567 361.187927 472.0 333.0 482.671143 325.530212 Dump_Truck Vehicle 1
