21.000002 385.000031 9.871598 387.406158 1.871597 350.406158 13.000001 348.000031 Bus Vehicle 1
37.070591 382.317627 25.000004 385.0 16.929417 348.682373 29.000004 346.0 Bus Vehicle 1
547.000061 159.000015 536.926697 160.511032 533.926697 140.511032 544.000061 139.000015 Dump_Truck Vehicle 1
541.044067 191.253204 531.0 193.0 526.955933 169.746796 537.0 168.0 Dump_Truck Vehicle 1
913.0 939.0 906.24353 940.876831 901.24353 922.876831 908.0 921.0 other-vehicle Vehicle 1
76.0 145.0 56.317677 146.035919 56.000004 140.0 75.682327 138.964081 Small_Car Vehicle 1
75.0 154.0 60.860001 156.019989 60.0 150.0 74.139999 147.980011 Van Vehicle 1
73.108109 169.648651 59.0 172.0 58.0 166.0 72.108109 163.648651 Small_Car Vehicle 1
81.000015 61.0 73.768692 63.259789 68.768692 47.259789 76.000015 45.0 Dump_Truck Vehicle 1
93.247711 58.825687 86.0 60.999996 80.0 40.999996 87.247711 38.825687 Dump_Truck Vehicle 1
105.131332 54.412754 97.0 56.999996 89.868668 34.587238 98.0 31.999996 Dump_Truck Vehicle 1
117.136162 49.567322 107.000008 52.0 101.000008 27.0 111.136162 24.567322 Dump_Truck Vehicle 1
130.039398 47.123825 121.000008 50.0 113.960609 27.876173 123.000008 25.0 Dump_Truck Vehicle 1
141.0 41.0 132.0 44.0 125.0 22.999998 134.0 20.0 Dump_Truck Vehicle 1
154.100006 39.299995 146.0 41.999996 138.0 17.999998 146.100006 15.299999 Dump_Truck Vehicle 1
272.83783 17.027031 254.83783 20.027031 254.0 15.000004 272.0 12.000004 other-vehicle Vehicle 1
275.050415 23.989395 256.000031 28.000004 254.949631 23.010612 274.000031 19.000004 other-vehicle Vehicle 1
275.360413 40.045677 261.360413 41.045677 261.0 35.999992 275.0 34.999992 Small_Car Vehicle 1
280.0 47.0 262.0 50.0 261.0 44.0 279.0 41.0 Van Vehicle 1
283.000031 61.000008 265.000031 62.000008 264.720001 56.960007 282.720001 55.960007 Small_Car Vehicle 1
284.560944 69.048782 266.560944 71.048782 265.999969 66.0 283.999969 64.0 Small_Car Vehicle 1
289.548767 83.939034 271.0 86.000008 270.451233 81.060982 289.0 79.000008 other-vehicle Vehicle 1
292.000031 106.0 277.000031 108.0 276.345001 103.087341 291.345001 101.087341 Van Vehicle 1
327.105896 94.976479 309.0 99.000008 307.894104 94.023537 326.0 90.000008 Small_Car Vehicle 1
325.0 86.999992 307.0 88.999992 306.548767 84.939018 324.548767 82.939018 other-vehicle Vehicle 1
320.615356 73.923088 304.0 76.000008 303.384644 71.076927 320.0 69.000008 Small_Car Vehicle 1
316.0 53.0 298.7099 55.034126 298.0 49.0 315.2901 46.965874 Van Vehicle 1
313.0 39.0 293.739746 41.027397 293.0 34.0 312.260254 31.972603 Van Vehicle 1
309.843811 25.016434 290.843811 27.016434 290.0 18.999996 309.0 16.999996 Small_Car Vehicle 1
307.332367 14.981539 289.000031 16.0 288.667694 10.018461 307.000031 9.0 other-vehicle Vehicle 1
330.693024 12.930693 309.999969 15.0 309.306915 8.069307 329.999969 6.0 Small_Car Vehicle 1
334.000031 28.000002 314.000031 29.000002 313.648407 21.967581 333.648407 20.967581 Van Vehicle 1
337.16217 41.972977 319.16217 44.972977 318.0 38.0 336.0 35.0 Small_Car Vehicle 1
341.0 56.999992 323.0 57.999992 322.609253 50.966148 340.609253 49.966148 Small_Car Vehicle 1
342.0 71.000008 326.803467 73.026207 326.0 67.000008 341.196533 64.973808 Van Vehicle 1
348.102722 85.98378 329.102722 88.98378 328.0 82.0 347.0 79.0 Van Vehicle 1
382.370178 84.033142 363.370178 85.033142 363.0 78.0 382.0 77.0 Small_Car Vehicle 1
381.0 74.0 363.885925 77.020142 363.0 72.000015 380.114075 68.979874 other-vehicle Vehicle 1
380.000031 67.0 359.902252 70.014664 359.000031 64.0 379.097809 60.985336 Small_Car Vehicle 1
377.000031 57.999992 359.885956 61.020126 359.000031 55.999992 376.114105 52.979858 Small_Car Vehicle 1
376.119965 45.84 355.119965 48.84 353.999969 40.999996 374.999969 37.999996 Small_Car Vehicle 1
370.000031 32.0 350.000031 34.0 349.198029 25.980198 369.198029 23.980198 Small_Car Vehicle 1
368.000031 15.0 346.764069 17.022472 346.000031 9.0 367.235992 6.977528 Small_Car Vehicle 1
479.0 93.0 456.0 93.0 456.0 86.0 479.0 86.0 Truck_Tractor Vehicle 1
506.0 89.0 483.955383 92.006088 483.0 85.0 505.044617 81.993912 Truck_Tractor Vehicle 1
507.000061 99.000015 481.960632 102.004745 481.000061 94.000015 506.03949 90.995285 Truck_Tractor Vehicle 1
478.858978 104.029053 444.858978 111.029053 443.000031 102.0 477.000031 95.0 Cargo_Truck Vehicle 1
400.000061 86.000008 392.000061 88.000008 387.941223 71.764717 395.941223 69.764717 Cargo_Truck Vehicle 1
545.265991 73.957687 501.0 81.0 499.734009 73.042313 544.0 66.0 Truck_Tractor Vehicle 1
560.51355 81.081093 512.51355 89.081093 511.0 80.000008 559.0 72.000008 Truck_Tractor Vehicle 1
542.0 92.999992 516.0 96.999992 514.924805 90.011559 540.924805 86.011559 Truck_Tractor Vehicle 1
544.0 103.000008 520.914551 106.011162 520.0 99.000008 543.085449 95.988853 Truck_Tractor Vehicle 1
489.000031 156.0 478.038483 158.192322 470.000031 118.0 480.961578 115.807678 Truck_Tractor Vehicle 1
473.0 154.0 466.0 156.0 462.0 142.0 469.0 140.0 Truck_Tractor Vehicle 1
498.999969 196.0 488.848297 198.342682 479.848297 159.342682 489.999969 157.0 Truck_Tractor Vehicle 1
518.0 153.0 508.010101 155.04921 499.969696 115.852364 509.959625 113.803146 Truck_Tractor Vehicle 1
526.0 127.999992 517.124512 129.664139 514.0 112.999992 522.875488 111.335846 Truck_Tractor Vehicle 1
530.0 150.000015 521.064819 151.410812 518.0 132.000015 526.935181 130.589218 Truck_Tractor Vehicle 1
528.0 193.000031 518.033447 195.154938 510.000031 158.000031 519.966553 155.845123 Truck_Tractor Vehicle 1
534.000061 165.999985 526.000061 167.999985 522.000061 151.999985 530.000061 149.999985 Truck_Tractor Vehicle 1
541.146362 137.682922 535.0 139.0 532.0 125.0 538.146362 123.682922 Truck_Tractor Vehicle 1
552.999939 135.0 546.102356 136.478058 542.999939 121.999992 549.897522 120.521942 Truck_Tractor Vehicle 1
557.000061 155.000015 550.09552 156.453598 546.000061 137.000015 552.904602 135.546432 Truck_Tractor Vehicle 1
553.000061 180.000015 544.100769 181.57048 541.000061 164.000015 549.899353 162.42955 Truck_Tractor Vehicle 1
562.000061 173.0 554.000061 174.0 552.000061 158.0 560.000061 157.0 Truck_Tractor Vehicle 1
565.02002 190.139999 559.0 190.999985 556.97998 176.85997 563.0 175.999985 Truck_Tractor Vehicle 1
555.999878 201.0 548.159912 202.119995 545.579956 184.059998 553.419922 182.940002 Truck_Tractor Vehicle 1
560.0 219.0 553.056641 220.30188 550.0 204.0 556.943359 202.69812 Truck_Tractor Vehicle 1
569.0 210.0 562.026978 211.16217 559.0 193.0 565.973022 191.83783 Truck_Tractor Vehicle 1
563.0 236.0 553.961548 237.807678 550.961548 222.807678 560.0 221.0 Truck_Tractor Vehicle 1
574.0 230.999969 567.117676 232.529388 563.0 213.999969 569.882324 212.470551 Truck_Tractor Vehicle 1
566.0 259.0 558.864868 260.189209 555.864868 242.189194 563.0 241.0 Truck_Tractor Vehicle 1
578.862122 251.344833 571.000061 253.000015 567.000061 234.000015 574.862122 232.344833 Truck_Tractor Vehicle 1
570.05896 276.235321 563.000122 278.000031 559.941284 265.76474 567.000122 264.000031 Truck_Tractor Vehicle 1
582.000061 272.0 573.891907 273.351349 570.891907 255.351334 579.000061 253.999969 Truck_Tractor Vehicle 1
574.0 295.0 566.0 296.0 564.369263 282.953857 572.369263 281.953857 Truck_Tractor Vehicle 1
587.0 295.999969 577.894043 297.187714 574.894043 274.187714 584.0 272.999969 Truck_Tractor Vehicle 1
487.914185 211.639496 478.0 214.0 473.0 193.0 482.914185 190.639496 Truck_Tractor Vehicle 1
478.874603 234.462585 467.999969 237.0 460.999969 207.0 471.874603 204.462585 Truck_Tractor Vehicle 1
489.0 228.999969 482.011536 230.075104 480.0 216.999969 486.988464 215.924835 Truck_Tractor Vehicle 1
508.0 233.0 496.854797 235.294617 489.854797 201.294617 501.0 199.0 Truck_Tractor Vehicle 1
515.952942 263.788239 506.0 266.0 500.0 239.0 509.952942 236.788239 Truck_Tractor Vehicle 1
470.046204 261.267883 460.0 263.0 454.953796 233.732086 465.0 231.999969 Truck_Tractor Vehicle 1
486.0 264.0 476.016663 266.079895 471.0 242.0 480.983337 239.920105 Truck_Tractor Vehicle 1
478.03714 292.207672 468.000031 294.000031 462.962921 265.792389 473.000031 264.000031 Truck_Tractor Vehicle 1
493.999939 305.999969 483.964294 307.801239 476.964294 268.801239 486.999939 266.999969 Truck_Tractor Vehicle 1
508.849854 307.129333 498.0 309.0 493.0 280.0 503.849854 278.129333 Truck_Tractor Vehicle 1
545.0 277.0 534.051758 278.403625 529.0 239.0 539.948242 237.596375 Truck_Tractor Vehicle 1
538.850098 234.33374 527.0 237.0 518.0 197.0 529.850098 194.33374 Truck_Tractor Vehicle 1
445.000031 158.0 434.038483 160.192322 429.000031 135.0 439.961578 132.807678 Cargo_Truck Vehicle 1
460.0 159.0 448.877441 161.441544 439.877441 120.441551 451.0 118.000015 Cargo_Truck Vehicle 1
482.023651 186.097763 470.000031 189.000015 462.97641 159.902267 475.000031 157.000015 Cargo_Truck Vehicle 1
470.0 200.999985 458.927002 203.700729 448.927002 162.700729 460.0 159.999985 Cargo_Truck Vehicle 1
451.0 186.0 440.807678 188.038452 435.807678 163.038452 446.0 161.0 Cargo_Truck Vehicle 1
464.073029 229.299225 453.000031 231.999969 442.927032 190.700714 454.000031 187.999969 Cargo_Truck Vehicle 1
501.0 271.0 489.076904 273.384644 481.0 233.0 492.923096 230.615356 Cargo_Truck Vehicle 1
533.012756 283.072784 522.000061 285.0 514.987366 244.927216 526.000061 243.0 Cargo_Truck Vehicle 1
524.160706 240.713882 514.000061 243.000015 504.839417 202.286148 515.000061 200.000015 Cargo_Truck Vehicle 1
515.138 195.655182 504.000061 198.0 495.862122 159.344818 507.000061 157.0 Cargo_Truck Vehicle 1
504.104858 152.408997 494.0 154.999985 483.895142 115.590973 494.0 112.999985 Cargo_Truck Vehicle 1
605.057068 79.989929 588.057068 82.989929 587.000061 77.0 604.000061 74.0 Small_Car Vehicle 1
608.0 88.999992 590.593872 91.047768 590.0 85.999992 607.406128 83.952217 Van Vehicle 1
609.999939 97.000008 592.999939 100.000008 591.942932 94.010078 608.942932 91.010078 Van Vehicle 1
589.000061 108.999977 571.000061 111.999977 570.000061 105.999977 588.000061 102.999977 Small_Car Vehicle 1
591.102722 117.983772 572.102722 120.983772 571.000061 113.999992 590.000061 110.999992 Small_Car Vehicle 1
609.786011 113.89521 594.0 116.000008 593.213989 110.104805 609.0 108.000008 Van Vehicle 1
593.000061 134.0 574.780579 136.024384 574.000061 129.0 592.219543 126.975616 Van Vehicle 1
597.367432 141.980652 578.0 143.0 577.632568 136.019348 597.0 135.0 Van Vehicle 1
599.000061 148.0 579.000061 152.0 578.000061 147.0 598.000061 143.0 Small_Car Vehicle 1
600.0 158.0 579.902222 161.014679 579.0 155.0 599.097778 151.985321 Small_Car Vehicle 1
600.63562 167.038361 581.63562 169.038361 581.0 163.0 600.0 161.0 Small_Car Vehicle 1
602.057129 173.989914 585.000122 176.999985 583.943115 171.010056 601.000122 167.999985 Small_Car Vehicle 1
603.655029 181.912659 588.0 184.0 587.344971 179.087341 603.0 177.0 Van Vehicle 1
607.000061 190.000015 587.948669 193.008133 587.000061 187.000015 606.051453 183.991898 Small_Car Vehicle 1
606.999939 199.0 593.774475 201.034668 592.999939 196.0 606.225403 193.965332 Van Vehicle 1
612.000061 210.000031 590.764099 212.022491 590.000061 204.000031 611.236023 201.97757 Small_Car Vehicle 1
612.000061 217.000015 592.000061 219.000015 591.396057 212.960403 611.396057 210.960403 Small_Car Vehicle 1
617.0 232.0 596.604004 234.039612 596.0 228.0 616.395996 225.960388 Small_Car Vehicle 1
615.672485 240.043686 600.672485 242.043686 600.0 237.000015 615.0 235.000015 Small_Car Vehicle 1
619.635681 249.038391 600.635681 251.038391 600.000061 245.000031 619.000061 243.000031 Van Vehicle 1
618.382202 256.970581 604.999878 258.0 604.617554 253.029404 617.999878 251.999969 Van Vehicle 1
622.0 266.0 604.0 267.0 603.664673 260.963074 621.664673 259.963074 Small_Car Vehicle 1
624.0 272.999969 609.0 274.999969 608.327515 269.956329 623.327515 267.956329 Small_Car Vehicle 1
628.0 281.0 610.0 284.0 609.0 278.0 627.0 275.0 Small_Car Vehicle 1
628.16217 290.972961 610.16217 293.972961 609.000061 287.0 627.000061 284.0 Small_Car Vehicle 1
23.0 346.0 1.0 346.0 1.0 336.0 23.0 336.0 Cargo_Truck Vehicle 1
287.046906 440.16626 277.000031 443.0 265.953156 403.83374 276.000031 401.0 Cargo_Truck Vehicle 1
312.112457 432.499756 301.000031 435.000061 292.000031 395.000061 303.112457 392.499756 Cargo_Truck Vehicle 1
440.0 375.0 431.909424 376.516968 428.909424 360.516968 437.0 359.0 other-vehicle Vehicle 1
444.000061 393.0 436.235352 394.941162 432.235352 378.941162 440.000061 377.0 Small_Car Vehicle 1
444.999969 406.999939 440.060944 407.548706 438.999969 397.999939 443.938995 397.451172 other-vehicle Vehicle 1
453.000031 388.000031 447.041412 388.496613 446.000031 376.000031 451.958649 375.503448 other-vehicle Vehicle 1
457.0 406.0 449.090576 407.483032 446.090576 391.483032 454.0 390.0 other-vehicle Vehicle 1
465.046997 386.611755 459.999939 387.0 458.952881 373.388245 463.999939 373.0 Van Vehicle 1
466.0 406.0 460.0 407.0 457.864868 394.189209 463.864868 393.189209 Van Vehicle 1
481.802002 333.019745 431.802002 338.019745 431.0 329.999969 481.0 324.999969 Cargo_Truck Vehicle 1
688.52832 17.849049 680.3396 20.188671 675.811279 4.339615 684.0 1.999992 Cargo_Truck Vehicle 1
725.043274 33.140556 718.086487 35.281097 713.999939 22.000013 720.956726 19.85947 other-vehicle Vehicle 1
774.080933 386.849457 762.0 388.000031 758.0 346.000031 770.080933 344.849457 Cargo_Truck Vehicle 1
796.030518 469.426392 788.0 470.0 787.0 456.0 795.030518 455.426392 Small_Car Vehicle 1
804.035095 528.560364 797.000061 529.000061 795.965027 512.439758 803.000061 512.000061 Van Vehicle 1
904.0 752.0 897.056641 753.30188 894.0 737.0 900.943359 735.69812 Small_Car Vehicle 1
955.0 980.0 937.825928 982.020508 937.0 975.0 954.174072 972.979492 Van Vehicle 1
989.769165 1000.0 983.307556 1000.0 980.999878 989.999939 987.134766 988.584167 Van Vehicle 1
998.999939 1000.0 992.428589 1000.0 989.0 988.0 995.075439 986.26416 Van Vehicle 1
67.028122 575.15271 56.999992 577.0 49.971863 538.84729 59.999992 537.0 Cargo_Truck Vehicle 1
91.009186 663.047119 81.000015 665.000122 72.990845 623.953125 83.000015 622.000122 Cargo_Truck Vehicle 1
120.139984 796.979919 112.999985 797.999939 110.999985 783.999939 118.139984 782.979919 Small_Car Vehicle 1
115.009026 836.041504 106.000008 838.0 100.990974 814.958496 109.999992 813.0 Cargo_Truck Vehicle 1
126.131699 879.614563 114.999985 881.999939 105.999985 839.999939 117.131699 837.614563 Cargo_Truck Vehicle 1
144.0 884.0 133.086823 886.39563 124.000008 845.0 134.913177 842.60437 Cargo_Truck Vehicle 1
616.113892 417.035583 613.0 427.0 596.886108 421.964417 600.0 412.0 Excavator Vehicle 1
728.000061 872.000122 724.000061 876.000122 712.000061 864.000122 716.000061 860.000122 Cargo_Truck Vehicle 1
