933.977051 756.010986 863.0 790.0 817.022949 693.989014 888.0 660.0 Intersection Road 1
945.999878 816.999878 939.307617 821.461426 930.53833 808.307617 937.230591 803.846069 Small_Car Vehicle 1
932.153687 695.769226 921.999878 710.999939 914.846069 706.230652 924.999878 690.999939 Small_Car Vehicle 1
870.0 712.000061 862.064941 717.101135 853.0 703.000061 860.935059 697.898987 Small_Car Vehicle 1
826.0 651.0 817.286133 657.390137 806.286133 642.390137 815.0 636.0 Van Vehicle 1
544.423584 881.50592 532.423584 895.50592 526.0 890.000061 538.0 876.000061 Small_Car Vehicle 1
894.082458 468.929352 880.000061 480.999969 874.917664 475.070587 889.000061 462.999969 Small_Car Vehicle 1
980.000061 257.999969 968.000061 269.999969 963.500061 265.499969 975.500061 253.499969 Small_Car Vehicle 1
924.000122 289.000031 911.000122 302.000031 905.000122 296.000031 918.000122 283.000031 Small_Car Vehicle 1
830.500122 410.500061 818.500122 422.500061 813.000122 417.000061 825.000122 405.000061 Small_Car Vehicle 1
485.0 780.0 464.0 780.0 464.0 773.0 485.0 773.0 Small_Car Vehicle 1
689.000061 571.000061 676.000061 584.000061 670.000061 578.000061 683.000061 565.000061 Small_Car Vehicle 1
