848.0 502.999939 842.0 507.999939 832.40979 496.49176 838.40979 491.49176 Van Vehicle 1
805.000122 459.000061 799.000122 465.000061 786.000122 452.000061 792.000122 446.000061 Van Vehicle 1
788.0 471.000092 768.697632 475.063751 767.0 467.000092 786.302368 462.936432 Van Vehicle 1
772.999939 455.000061 757.999939 458.000061 756.807678 452.038513 771.807678 449.038513 Van Vehicle 1
764.0 451.000031 746.825928 453.020538 746.0 446.000031 763.174072 443.979523 Van Vehicle 1
753.999939 439.000061 738.999939 442.000061 737.807678 436.038513 752.807678 433.038513 Van Vehicle 1
691.859741 404.115417 674.859741 418.115417 669.0 410.999939 686.0 396.999939 Dump_Truck Vehicle 1
682.000061 395.000031 666.786316 409.199554 661.000061 403.000031 676.213806 388.800507 Dump_Truck Vehicle 1
665.000061 383.000031 648.811829 396.152985 643.000061 389.000031 659.188293 375.847076 Dump_Truck Vehicle 1
648.000061 368.000031 633.000061 383.000031 626.000061 376.000031 641.000061 361.000031 Dump_Truck Vehicle 1
613.000061 365.000031 608.0672 372.047028 588.000061 358.000031 592.932922 350.953033 Dump_Truck Vehicle 1
589.0 379.000031 584.121948 385.097565 569.0 373.000031 573.878052 366.902496 Dump_Truck Vehicle 1
554.0 409.999939 550.0 415.999939 535.0 405.999939 539.0 399.999939 Van Vehicle 1
544.000061 424.000031 538.70929 429.731659 525.70929 417.731659 531.000061 412.000031 Van Vehicle 1
512.000061 413.000061 502.000061 423.000061 496.000061 417.000061 506.000061 407.000061 Van Vehicle 1
538.0 344.0 527.5 354.5 521.5 348.5 532.0 338.0 Small_Car Vehicle 1
1000.0 951.06665 989.0 943.0 993.609863 936.713867 1000.0 941.399963 Van Vehicle 1
992.800171 903.600098 988.000122 910.000122 972.000122 898.000122 976.800171 891.600098 Dump_Truck Vehicle 1
910.680054 845.760071 906.0 852.000061 890.0 840.000061 894.680054 833.760071 Small_Car Vehicle 1
860.0 824.000061 853.576416 831.494202 840.646973 820.411804 847.070557 812.917664 Van Vehicle 1
827.0 779.0 822.319946 785.23999 806.0 773.0 810.680054 766.76001 Dump_Truck Vehicle 1
937.0 954.0 931.47998 961.359985 915.47998 949.359985 921.0 942.0 Van Vehicle 1
955.653748 940.730652 949.999939 947.999939 931.999939 933.999939 937.653748 926.730652 Dump_Truck Vehicle 1
898.491699 909.409729 892.999878 915.999939 879.917969 905.098328 885.40979 898.508118 Small_Car Vehicle 1
856.299316 907.28064 850.0 914.0 834.0 899.0 840.299316 892.28064 Dump_Truck Vehicle 1
740.054504 820.044617 736.000061 825.000061 724.945618 815.955505 729.000061 811.000061 Van Vehicle 1
616.306824 727.284851 610.999939 732.999939 596.999939 719.999939 602.306824 714.284851 Van Vehicle 1
656.044739 665.037903 650.999939 670.999939 637.955139 659.961975 642.999939 653.999939 Van Vehicle 1
542.5 652.5 537.0 658.0 527.0 648.0 532.5 642.5 Van Vehicle 1
496.0 596.0 490.140198 603.115479 473.0 589.0 478.859802 581.884521 Van Vehicle 1
330.680054 468.760071 326.000061 475.000061 310.000061 463.000061 314.680054 456.760071 Small_Car Vehicle 1
320.65387 405.730804 315.0 413.000031 297.0 399.000031 302.65387 391.730804 Dump_Truck Vehicle 1
224.0 401.999969 219.0 407.999969 207.0 397.999969 212.0 391.999969 Van Vehicle 1
96.393448 303.327881 90.0 311.0 71.606552 295.672119 78.0 288.0 Dump_Truck Vehicle 1
48.000004 286.0 42.346157 293.269226 24.346157 279.269226 30.000004 272.0 Dump_Truck Vehicle 1
940.54303 250.604034 934.999939 256.999969 919.999939 243.999969 925.54303 237.604034 Small_Car Vehicle 1
835.230042 61.750809 823.000061 75.000008 816.770081 69.249207 829.000061 56.000008 Small_Car Vehicle 1
316.0 7.0 302.433655 22.504425 294.433655 15.504425 308.0 0.0 Dump_Truck Vehicle 1
328.0 16.0 311.800415 31.187111 306.0 25.0 322.199585 9.812889 Dump_Truck Vehicle 1
365.0 51.000008 353.0 63.000008 347.5 57.500008 359.5 45.500008 Van Vehicle 1
379.999969 64.000008 369.999969 76.000008 362.819611 70.016396 372.819611 58.016396 Van Vehicle 1
397.230042 74.750801 385.0 88.000008 378.769958 82.249214 391.0 69.000008 Dump_Truck Vehicle 1
314.000031 72.000015 300.500031 85.500015 294.000031 79.000015 307.500031 65.500015 Van Vehicle 1
323.500031 79.499985 310.500031 92.499985 305.000031 86.999985 318.000031 73.999985 Small_Car Vehicle 1
339.0 90.999985 327.962097 104.044815 322.0 98.999985 333.037903 85.955154 Dump_Truck Vehicle 1
393.999969 135.0 379.999969 149.0 372.999969 142.0 386.999969 128.0 Van Vehicle 1
452.276306 9.248642 448.000061 14.000023 437.723816 4.751404 442.000061 2.4e-05 Van Vehicle 1
460.152954 29.988251 454.152954 36.988251 439.0 24.000015 445.0 17.000015 Dump_Truck Vehicle 1
464.470612 0.0 472.857178 0.0 485.000031 10.0 479.140228 17.115463 Dump_Truck Vehicle 1
529.000061 62.000023 523.500061 67.500023 509.500061 53.500023 515.000061 48.000023 Small_Car Vehicle 1
491.000031 243.0 479.000031 255.0 473.000031 249.0 485.000031 237.0 Van Vehicle 1
500.000031 345.0 489.500031 355.5 484.500031 350.5 495.000031 340.0 Van Vehicle 1
520.0 359.999969 508.962067 373.044769 503.0 367.999969 514.037964 354.95517 Van Vehicle 1
