831.0 -1.0 798.0 87.0 823.0 97.0 856.0 9.0 Passenger_Ship Ship 1
855.0 17.0 823.0 102.0 846.0 110.0 878.0 26.0 Passenger_Ship Ship 1
878.0 24.0 844.0 110.0 865.0 118.0 899.0 32.0 Passenger_Ship Ship 1
898.0 34.0 865.0 119.0 885.0 126.0 917.0 42.0 Passenger_Ship Ship 1
920.0 44.0 882.0 125.0 901.0 134.0 939.0 52.0 Passenger_Ship Ship 1
934.0 68.0 902.0 134.0 918.0 141.0 950.0 75.0 Passenger_Ship Ship 1
957.0 62.0 918.0 142.0 937.0 151.0 975.0 71.0 Passenger_Ship Ship 1
975.0 73.0 936.0 151.0 954.0 160.0 993.0 82.0 Passenger_Ship Ship 1
988.0 95.0 956.0 157.0 971.0 165.0 1003.0 103.0 Passenger_Ship Ship 1
1069.0 190.0 991.0 154.0 982.0 171.0 1060.0 208.0 Passenger_Ship Ship 1
1202.0 376.0 1254.0 257.0 1225.0 245.0 1173.0 364.0 Warship Ship 1
1213.0 254.0 1136.0 220.0 1128.0 239.0 1205.0 273.0 Passenger_Ship Ship 1
1356.0 450.0 1273.0 411.0 1264.0 431.0 1346.0 470.0 Passenger_Ship Ship 1
1466.0 372.0 1432.0 454.0 1452.0 462.0 1486.0 381.0 Passenger_Ship Ship 1
1483.0 387.0 1456.0 453.0 1472.0 460.0 1500.0 394.0 Passenger_Ship Ship 1
200.0 1239.0 143.0 1276.0 150.0 1287.0 207.0 1250.0 Liquid_Cargo_Ship Ship 1
215.0 1263.0 159.0 1301.0 166.0 1312.0 223.0 1274.0 Liquid_Cargo_Ship Ship 1
176.0 973.0 83.0 1016.0 91.0 1034.0 185.0 990.0 Dry_Cargo_Ship Ship 1
166.0 951.0 87.0 959.0 89.0 975.0 167.0 967.0 Dry_Cargo_Ship Ship 1
148.0 934.0 95.0 939.0 96.0 957.0 149.0 952.0 Tugboat Ship 1
186.0 913.0 165.0 909.0 164.0 915.0 185.0 919.0 Fishing_Boat Ship 1
165.0 915.0 166.0 893.0 159.0 893.0 158.0 915.0 Fishing_Boat Ship 1
188.0 907.0 166.0 903.0 165.0 908.0 187.0 912.0 Fishing_Boat Ship 1
17.0 174.0 17.0 191.0 22.0 191.0 23.0 174.0 Fishing_Boat Ship 1
148.0 244.0 112.0 256.0 115.0 263.0 150.0 250.0 Fishing_Boat Ship 1
150.0 250.0 122.0 260.0 124.0 267.0 152.0 257.0 Fishing_Boat Ship 1
174.0 251.0 119.0 268.0 123.0 280.0 177.0 263.0 Dry_Cargo_Ship Ship 1
173.0 266.0 109.0 283.0 112.0 295.0 176.0 278.0 Liquid_Cargo_Ship Ship 1
173.0 279.0 119.0 294.0 122.0 306.0 176.0 291.0 Liquid_Cargo_Ship Ship 1
177.0 306.0 135.0 324.0 139.0 333.0 181.0 315.0 Fishing_Boat Ship 1
184.0 313.0 140.0 333.0 143.0 341.0 188.0 321.0 Fishing_Boat Ship 1
188.0 321.0 150.0 338.0 153.0 346.0 192.0 329.0 Fishing_Boat Ship 1
190.0 330.0 164.0 341.0 167.0 347.0 192.0 336.0 Fishing_Boat Ship 1
194.0 335.0 152.0 353.0 156.0 362.0 198.0 343.0 Fishing_Boat Ship 1
234.0 518.0 203.0 521.0 204.0 529.0 234.0 526.0 Motorboat Ship 1
225.0 568.0 194.0 567.0 194.0 573.0 225.0 575.0 Motorboat Ship 1
244.0 576.0 195.0 574.0 194.0 583.0 244.0 585.0 Motorboat Ship 1
225.0 585.0 195.0 583.0 195.0 593.0 225.0 594.0 Motorboat Ship 1
150.0 886.0 185.0 897.0 187.0 892.0 152.0 881.0 Fishing_Boat Ship 1
163.0 884.0 183.0 891.0 184.0 886.0 165.0 879.0 Fishing_Boat Ship 1
189.0 898.0 171.0 895.0 170.0 898.0 189.0 901.0 Fishing_Boat Ship 1
187.0 901.0 170.0 899.0 169.0 902.0 186.0 905.0 Fishing_Boat Ship 1
195.0 844.0 213.0 840.0 212.0 833.0 193.0 837.0 Motorboat Ship 1
223.0 594.0 192.0 593.0 192.0 601.0 223.0 602.0 Fishing_Boat Ship 1
218.0 602.0 189.0 602.0 189.0 608.0 218.0 608.0 Fishing_Boat Ship 1
190.0 614.0 208.0 614.0 208.0 609.0 190.0 609.0 Motorboat Ship 1
146.0 199.0 115.0 204.0 117.0 212.0 148.0 207.0 Fishing_Boat Ship 1
160.0 188.0 166.0 172.0 159.0 169.0 153.0 185.0 Motorboat Ship 1
191.0 737.0 216.0 739.0 217.0 731.0 192.0 729.0 Motorboat Ship 1
198.0 751.0 219.0 752.0 219.0 746.0 199.0 744.0 Motorboat Ship 1
