398.0 208.0 381.0 211.0 380.0 204.0 396.0 201.0 other-vehicle 1
483.0 180.0 472.0 184.0 471.0 179.0 482.0 176.0 other-vehicle 1
553.0 590.0 547.0 593.0 541.0 580.0 547.0 577.0 other-vehicle 1
433.0 701.0 412.0 707.0 410.0 700.0 430.0 693.0 other-vehicle 1
927.0 168.0 921.0 170.0 916.0 157.0 922.0 155.0 other-vehicle 1
932.0 182.0 927.0 184.0 922.0 172.0 928.0 170.0 other-vehicle 1
924.0 182.0 916.0 185.0 909.0 165.0 916.0 162.0 other-vehicle 1
914.0 186.0 908.0 189.0 903.0 175.0 909.0 173.0 other-vehicle 1
1000.0 159.454575 998.000061 160.000015 994.97699 148.91539 1000.0 147.545486 other-vehicle 1
820.0 860.0 803.0 866.0 801.0 861.0 818.0 854.0 other-vehicle 1
630.0 258.0 614.0 263.0 612.0 257.0 628.0 253.0 other-vehicle 1
713.0 972.0 694.0 972.0 694.0 965.0 713.0 966.0 other-vehicle 1
567.0 984.0 560.0 987.0 554.0 972.0 560.0 969.0 other-vehicle 1
576.0 981.0 569.0 984.0 563.0 969.0 570.0 966.0 other-vehicle 1
586.0 979.0 579.0 982.0 572.0 967.0 579.0 964.0 other-vehicle 1
605.0 973.0 599.0 976.0 592.0 961.0 599.0 958.0 other-vehicle 1
