136.0 156.0 118.0 161.0 116.0 154.0 134.0 148.0 other-vehicle 1
163.0 567.0 156.0 570.0 147.0 548.0 155.0 545.0 other-vehicle 1
256.0 576.0 249.0 578.0 244.0 564.0 250.0 561.0 other-vehicle 1
310.0 560.0 307.0 567.0 284.0 556.0 287.0 550.0 other-vehicle 1
353.0 572.0 334.0 578.0 332.0 570.0 351.0 564.0 other-vehicle 1
426.0 587.0 420.0 590.0 414.0 575.0 419.0 573.0 other-vehicle 1
339.0 610.0 333.0 612.0 329.0 601.0 335.0 599.0 other-vehicle 1
429.0 771.0 421.0 773.0 417.0 760.0 424.0 758.0 other-vehicle 1
376.0 877.0 366.0 881.0 358.0 861.0 367.0 857.0 other-vehicle 1
495.0 488.0 490.0 490.0 483.0 472.0 488.0 470.0 other-vehicle 1
698.0 954.0 693.0 956.0 686.0 938.0 691.0 936.0 other-vehicle 1
516.0 338.0 492.0 344.0 490.0 337.0 514.0 331.0 other-vehicle 1
