3917.0 5154.0 3852.0 5189.0 3892.0 5256.0 3952.0 5221.0 A330 1
2269.0 3965.0 2232.0 3904.0 2168.0 3939.0 2200.0 4004.0 A330 1
1675.0 4062.0 1741.0 4028.0 1702.0 3962.0 1640.0 3995.0 A330 1
1754.0 3055.0 1717.0 2987.0 1650.0 3022.0 1689.0 3094.0 A330 1
1251.0 3279.0 1220.0 3214.0 1150.0 3249.0 1184.0 3312.0 A330 1
2823.0 3054.0 2753.0 3095.0 2794.0 3161.0 2860.0 3120.0 A330 1
3908.0 3437.0 3945.0 3499.0 4010.0 3462.0 3976.0 3398.0 A330 1
3799.0 3204.0 3867.0 3163.0 3826.0 3095.0 3758.0 3136.0 A330 1
3675.0 2974.0 3738.0 2938.0 3699.0 2871.0 3634.0 2907.0 A330 1
3590.0 2823.0 3651.0 2789.0 3614.0 2721.0 3551.0 2755.0 A330 1
3075.0 1995.0 3138.0 1961.0 3100.0 1893.0 3035.0 1929.0 A330 1
2940.0 1079.0 2999.0 1021.0 2945.0 969.0 2885.0 1026.0 A330 1
2938.0 1054.0 2869.0 1095.0 2905.0 1162.0 2976.0 1120.0 A330 1
2638.0 1214.0 2675.0 1277.0 2740.0 1237.0 2702.0 1177.0 A330 1
2682.0 1220.0 2645.0 1151.0 2576.0 1187.0 2618.0 1257.0 A330 1
2348.0 1082.0 2382.0 1145.0 2450.0 1105.0 2414.0 1045.0 A330 1
