1361.0 605.0 1326.0 568.0 1314.0 579.0 1349.0 617.0 Motorboat 1
1428.0 577.0 1398.0 548.0 1391.0 556.0 1421.0 585.0 Motorboat 1
1399.0 547.0 1371.0 519.0 1363.0 527.0 1391.0 555.0 Motorboat 1
1437.0 575.0 1411.0 550.0 1405.0 556.0 1431.0 581.0 Motorboat 1
1445.0 567.0 1418.0 540.0 1412.0 547.0 1438.0 573.0 Motorboat 1
1453.0 564.0 1428.0 539.0 1422.0 545.0 1447.0 570.0 Motorboat 1
1460.0 560.0 1434.0 534.0 1429.0 539.0 1455.0 565.0 Motorboat 1
1466.0 554.0 1442.0 530.0 1438.0 535.0 1462.0 559.0 Motorboat 1
1474.0 547.0 1448.0 522.0 1443.0 528.0 1468.0 553.0 Motorboat 1
1475.0 539.0 1457.0 521.0 1453.0 525.0 1471.0 543.0 Motorboat 1
1411.0 547.0 1388.0 524.0 1382.0 530.0 1405.0 553.0 Motorboat 1
1418.0 539.0 1394.0 516.0 1388.0 522.0 1412.0 545.0 Motorboat 1
1424.0 536.0 1403.0 510.0 1398.0 515.0 1418.0 541.0 Motorboat 1
1367.0 520.0 1346.0 492.0 1340.0 497.0 1362.0 525.0 Motorboat 1
1385.0 519.0 1359.0 485.0 1350.0 493.0 1376.0 526.0 Motorboat 1
1392.0 513.0 1368.0 482.0 1362.0 486.0 1386.0 518.0 Motorboat 1
1403.0 507.0 1379.0 477.0 1371.0 483.0 1395.0 513.0 Motorboat 1
1433.0 535.0 1413.0 510.0 1408.0 514.0 1427.0 539.0 Motorboat 1
1440.0 530.0 1420.0 505.0 1415.0 509.0 1435.0 534.0 Motorboat 1
1443.0 523.0 1428.0 504.0 1424.0 507.0 1439.0 526.0 Motorboat 1
1451.0 521.0 1436.0 502.0 1431.0 506.0 1445.0 525.0 Motorboat 1
1462.0 518.0 1442.0 498.0 1437.0 503.0 1457.0 524.0 Motorboat 1
1410.0 500.0 1392.0 477.0 1386.0 482.0 1404.0 505.0 Motorboat 1
1423.0 501.0 1401.0 473.0 1394.0 479.0 1415.0 507.0 Motorboat 1
1438.0 500.0 1416.0 471.0 1407.0 477.0 1430.0 506.0 Motorboat 1
1470.0 517.0 1453.0 495.0 1447.0 499.0 1464.0 521.0 Motorboat 1
1370.0 450.0 1399.0 435.0 1396.0 429.0 1367.0 444.0 Motorboat 1
1286.0 485.0 1292.0 519.0 1302.0 517.0 1296.0 483.0 Motorboat 1
1085.0 27.0 1119.0 55.0 1125.0 48.0 1091.0 20.0 Motorboat 1
1095.0 23.0 1128.0 50.0 1135.0 42.0 1101.0 14.0 Motorboat 1
1106.0 17.0 1139.0 44.0 1146.0 35.0 1114.0 8.0 Motorboat 1
1119.0 11.0 1151.0 38.0 1157.0 31.0 1124.0 4.0 Motorboat 1
1131.0 8.0 1162.0 34.0 1168.0 27.0 1137.0 1.0 Motorboat 1
1142.0 5.0 1173.0 27.0 1178.0 19.0 1148.0 -3.0 Motorboat 1
963.0 75.0 988.0 93.0 992.0 87.0 967.0 69.0 Motorboat 1
965.0 68.0 995.0 89.0 1000.0 82.0 970.0 61.0 Motorboat 1
977.0 65.0 999.0 81.0 1003.0 76.0 980.0 60.0 Motorboat 1
983.0 60.0 1005.0 76.0 1010.0 70.0 987.0 54.0 Motorboat 1
984.0 52.0 1009.0 70.0 1015.0 62.0 989.0 44.0 Motorboat 1
989.0 43.0 1013.0 60.0 1018.0 54.0 994.0 36.0 Motorboat 1
988.0 32.0 1025.0 58.0 1031.0 50.0 994.0 23.0 Motorboat 1
991.0 21.0 1031.0 49.0 1038.0 40.0 998.0 12.0 Motorboat 1
1037.0 64.0 1073.0 90.0 1079.0 81.0 1043.0 56.0 Motorboat 1
1045.0 57.0 1076.0 79.0 1082.0 72.0 1050.0 50.0 Motorboat 1
1045.0 45.0 1087.0 75.0 1093.0 67.0 1051.0 37.0 Motorboat 1
960.0 311.0 929.0 328.0 934.0 337.0 965.0 320.0 Motorboat 1
