576.0 476.0 584.0 501.0 592.0 499.0 585.0 474.0 Passenger_Ship 1
86.0 963.0 196.0 959.0 195.0 944.0 85.0 948.0 Passenger_Ship 1
585.0 457.0 593.0 499.0 612.0 495.0 604.0 453.0 Passenger_Ship 1
578.0 517.0 649.0 515.0 649.0 506.0 578.0 509.0 Passenger_Ship 1
677.0 541.0 675.0 501.0 658.0 502.0 661.0 542.0 Passenger_Ship 1
697.0 534.0 697.0 503.0 685.0 503.0 684.0 534.0 Passenger_Ship 1
716.0 534.0 713.0 499.0 699.0 500.0 701.0 535.0 Passenger_Ship 1
740.0 541.0 743.0 498.0 727.0 497.0 725.0 541.0 Passenger_Ship 1
748.0 463.0 750.0 491.0 760.0 490.0 758.0 463.0 Passenger_Ship 1
1126.0 915.0 944.0 929.0 946.0 948.0 1128.0 934.0 Passenger_Ship 1
1371.0 895.0 1301.0 900.0 1301.0 912.0 1372.0 907.0 Passenger_Ship 1
1357.0 909.0 1307.0 912.0 1307.0 922.0 1358.0 918.0 Passenger_Ship 1
