1146.0 916.0 1130.0 890.0 1125.0 894.0 1141.0 920.0 Passenger_Ship 1
1152.0 912.0 1135.0 887.0 1130.0 890.0 1147.0 915.0 Passenger_Ship 1
1158.0 909.0 1140.0 881.0 1134.0 885.0 1152.0 913.0 Passenger_Ship 1
1165.0 905.0 1147.0 877.0 1140.0 881.0 1159.0 909.0 Passenger_Ship 1
1172.0 901.0 1151.0 871.0 1145.0 875.0 1166.0 905.0 Passenger_Ship 1
1151.0 871.0 1169.0 895.0 1174.0 892.0 1156.0 867.0 Passenger_Ship 1
1211.0 870.0 1193.0 842.0 1187.0 846.0 1205.0 874.0 Passenger_Ship 1
1204.0 873.0 1188.0 846.0 1182.0 850.0 1199.0 876.0 Passenger_Ship 1
1198.0 876.0 1183.0 849.0 1178.0 852.0 1193.0 878.0 Passenger_Ship 1
1192.0 878.0 1178.0 852.0 1173.0 854.0 1188.0 880.0 Passenger_Ship 1
1162.0 862.0 1177.0 887.0 1182.0 884.0 1167.0 858.0 Passenger_Ship 1
1156.0 866.0 1173.0 891.0 1179.0 888.0 1162.0 862.0 Passenger_Ship 1
1187.0 879.0 1172.0 853.0 1166.0 856.0 1181.0 882.0 Passenger_Ship 1
