831.0 -1.0 798.0 87.0 823.0 97.0 856.0 9.0 Passenger_Ship 1
855.0 17.0 823.0 102.0 846.0 110.0 878.0 26.0 Passenger_Ship 1
878.0 24.0 844.0 110.0 865.0 118.0 899.0 32.0 Passenger_Ship 1
898.0 34.0 865.0 119.0 885.0 126.0 917.0 42.0 Passenger_Ship 1
920.0 44.0 882.0 125.0 901.0 134.0 939.0 52.0 Passenger_Ship 1
934.0 68.0 902.0 134.0 918.0 141.0 950.0 75.0 Passenger_Ship 1
957.0 62.0 918.0 142.0 937.0 151.0 975.0 71.0 Passenger_Ship 1
975.0 73.0 936.0 151.0 954.0 160.0 993.0 82.0 Passenger_Ship 1
988.0 95.0 956.0 157.0 971.0 165.0 1003.0 103.0 Passenger_Ship 1
1069.0 190.0 991.0 154.0 982.0 171.0 1060.0 208.0 Passenger_Ship 1
1213.0 254.0 1136.0 220.0 1128.0 239.0 1205.0 273.0 Passenger_Ship 1
1356.0 450.0 1273.0 411.0 1264.0 431.0 1346.0 470.0 Passenger_Ship 1
1466.0 372.0 1432.0 454.0 1452.0 462.0 1486.0 381.0 Passenger_Ship 1
1483.0 387.0 1456.0 453.0 1472.0 460.0 1500.0 394.0 Passenger_Ship 1
