784.0 5252.0 814.0 5210.0 930.0 5291.0 900.0 5333.0 Road 1
1038.0 527.0 1015.0 512.0 1028.0 488.0 1052.0 504.0 Road 1
976.0 623.0 953.0 609.0 968.0 587.0 992.0 602.0 Road 1
1110.0 410.0 1088.0 395.0 1101.0 371.0 1125.0 387.0 Road 1
911.0 726.0 889.0 711.0 902.0 687.0 926.0 703.0 Road 1
5222.0 5767.0 4920.0 5221.0 5031.0 5159.0 5333.0 5706.0 Road 1
5412.0 5756.0 5064.0 5135.0 5169.0 5077.0 5517.0 5698.0 Road 1
994.0 335.0 1004.0 316.0 1022.0 326.0 1012.0 345.0 Road 1
742.0 479.0 754.0 458.0 774.0 469.0 762.0 490.0 Road 1
804.0 382.0 815.0 362.0 834.0 373.0 823.0 392.0 Road 1
1212.0 212.0 1212.0 186.0 1239.0 187.0 1238.0 213.0 Road 1
881.0 208.0 881.0 179.0 911.0 178.0 911.0 207.0 Road 1
