5199.0 4310.0 5197.0 4273.0 5208.0 4272.0 5209.0 4308.0 Road 1
469.0 817.0 470.0 780.0 479.0 781.0 478.0 818.0 Road 1
1013.0 819.0 1014.0 782.0 1024.0 782.0 1024.0 819.0 Road 1
1889.0 823.0 1890.0 787.0 1900.0 788.0 1899.0 824.0 Road 1
1249.0 3008.0 1305.0 2985.0 1330.0 3040.0 1274.0 3064.0 Road 1
1387.0 3308.0 1454.0 3279.0 1483.0 3345.0 1416.0 3374.0 Road 1
1747.0 2774.0 1802.0 2749.0 1827.0 2805.0 1772.0 2830.0 Road 1
1557.0 3627.0 1599.0 3608.0 1617.0 3651.0 1575.0 3670.0 Road 1
2233.0 2541.0 2273.0 2523.0 2290.0 2564.0 2249.0 2582.0 Road 1
2376.0 2843.0 2426.0 2821.0 2447.0 2870.0 2398.0 2893.0 Road 1
2538.0 3157.0 2576.0 3140.0 2594.0 3179.0 2555.0 3197.0 Road 1
3001.0 2637.0 2985.0 2580.0 3011.0 2573.0 3026.0 2630.0 Road 1
1494.0 3489.0 1527.0 3474.0 1542.0 3507.0 1509.0 3522.0 Road 1
2323.0 2699.0 2353.0 2685.0 2367.0 2717.0 2336.0 2731.0 Road 1
2957.0 2999.0 2942.0 2967.0 2959.0 2958.0 2975.0 2991.0 Road 1
