235.0 183.0 186.0 205.0 161.0 150.0 211.0 128.0 other-airplane 1
318.0 148.0 270.0 169.0 248.0 118.0 295.0 97.0 other-airplane 1
395.0 106.0 356.0 124.0 333.0 73.0 373.0 56.0 other-airplane 1
800.0 316.562561 782.790222 324.091827 760.000061 272.000031 800.0 254.500061 other-airplane 1
749.0 345.0 703.0 366.0 679.0 312.0 725.0 292.0 other-airplane 1
650.0 381.0 627.0 391.0 613.0 359.0 636.0 349.0 other-airplane 1
789.0 53.0 755.0 69.0 738.0 33.0 772.0 17.0 other-airplane 1
640.0 138.0 592.0 161.0 572.0 119.0 620.0 96.0 other-airplane 1
553.0 176.0 510.0 196.0 493.0 160.0 535.0 140.0 other-airplane 1
452.0 201.0 420.0 216.0 407.0 190.0 439.0 175.0 other-airplane 1
375.0 232.0 343.0 248.0 334.0 227.0 365.0 212.0 other-airplane 1
690.0 506.0 647.0 527.0 632.0 496.0 675.0 476.0 other-airplane 1
458.0 468.0 447.0 518.0 393.0 506.0 404.0 456.0 other-airplane 1
334.0 307.0 272.0 342.0 236.0 278.0 298.0 243.0 other-airplane 1
362.0 388.0 314.0 414.0 290.0 369.0 338.0 343.0 other-airplane 1
