1994.0 2884.0 1960.0 2845.0 1916.0 2885.0 1951.0 2923.0 other-airplane 1
2143.0 2777.0 2106.0 2737.0 2063.0 2775.0 2100.0 2816.0 other-airplane 1
168.0 1142.0 217.0 1195.0 266.0 1151.0 217.0 1097.0 other-airplane 1
972.0 954.0 921.0 895.0 871.0 939.0 923.0 998.0 other-airplane 1
1045.0 1019.0 1102.0 971.0 1068.0 930.0 1011.0 978.0 other-airplane 1
1082.0 392.0 1122.0 364.0 1098.0 330.0 1058.0 357.0 other-airplane 1
1112.0 422.0 1150.0 395.0 1129.0 365.0 1091.0 391.0 other-airplane 1
1144.0 455.0 1183.0 427.0 1161.0 396.0 1122.0 423.0 other-airplane 1
1175.0 483.0 1217.0 454.0 1196.0 424.0 1154.0 453.0 other-airplane 1
1208.0 513.0 1248.0 485.0 1227.0 454.0 1187.0 482.0 other-airplane 1
1307.0 607.0 1349.0 579.0 1326.0 546.0 1284.0 575.0 other-airplane 1
1338.0 637.0 1377.0 610.0 1354.0 578.0 1316.0 604.0 other-airplane 1
1371.0 669.0 1411.0 641.0 1389.0 609.0 1349.0 637.0 other-airplane 1
1405.0 698.0 1442.0 673.0 1418.0 638.0 1381.0 664.0 other-airplane 1
1400.0 758.0 1439.0 731.0 1415.0 696.0 1376.0 723.0 other-airplane 1
1439.0 727.0 1476.0 701.0 1453.0 667.0 1415.0 694.0 other-airplane 1
