519.0 458.0 458.0 460.0 456.0 412.0 518.0 410.0 other-airplane 1
625.0 573.0 567.0 580.0 559.0 512.0 618.0 506.0 other-airplane 1
695.0 533.0 659.0 536.0 656.0 498.0 692.0 496.0 other-airplane 1
731.0 522.0 701.0 526.0 696.0 492.0 726.0 487.0 other-airplane 1
762.0 521.0 732.0 523.0 730.0 488.0 760.0 486.0 other-airplane 1
806.0 527.0 769.0 531.0 765.0 491.0 803.0 488.0 other-airplane 1
710.0 532.0 684.0 533.0 683.0 507.0 709.0 506.0 other-airplane 1
697.0 531.0 694.0 549.0 671.0 546.0 673.0 528.0 other-airplane 1
686.0 565.0 650.0 568.0 648.0 537.0 684.0 534.0 other-airplane 1
701.0 588.0 664.0 591.0 661.0 554.0 698.0 551.0 other-airplane 1
767.0 631.0 749.0 654.0 729.0 637.0 747.0 614.0 other-airplane 1
774.0 664.0 752.0 666.0 750.0 644.0 772.0 642.0 other-airplane 1
735.0 688.0 713.0 691.0 710.0 672.0 733.0 669.0 other-airplane 1
848.0 656.0 813.0 659.0 811.0 629.0 846.0 626.0 other-airplane 1
897.0 658.0 871.0 659.0 870.0 634.0 896.0 633.0 other-airplane 1
114.0 713.0 81.0 728.0 69.0 700.0 102.0 685.0 other-airplane 1
