76.0 13.0 55.0 29.0 59.0 34.0 80.0 18.0 Motorboat 1
76.0 22.0 57.0 34.0 61.0 40.0 80.0 27.0 Motorboat 1
857.0 261.0 848.0 295.0 863.0 299.0 871.0 265.0 Motorboat 1
832.0 295.0 823.0 325.0 834.0 327.0 842.0 297.0 Motorboat 1
821.0 334.0 813.0 363.0 825.0 365.0 832.0 338.0 Motorboat 1
813.0 400.0 823.0 370.0 813.0 365.0 803.0 397.0 Motorboat 1
755.0 309.0 736.0 331.0 744.0 338.0 763.0 315.0 Motorboat 1
728.0 341.0 717.0 356.0 721.0 359.0 732.0 345.0 Motorboat 1
709.0 388.0 725.0 370.0 719.0 365.0 703.0 381.0 Motorboat 1
721.0 381.0 701.0 395.0 705.0 400.0 725.0 386.0 Motorboat 1
682.0 365.0 690.0 343.0 684.0 340.0 676.0 363.0 Motorboat 1
665.0 331.0 671.0 309.0 665.0 306.0 659.0 329.0 Motorboat 1
688.0 249.0 667.0 231.0 661.0 240.0 682.0 256.0 Motorboat 1
