176.0 496.0 175.0 503.0 153.0 499.0 154.0 492.0 Motorboat 1
175.0 503.0 174.0 509.0 152.0 506.0 152.0 500.0 Motorboat 1
172.0 515.0 149.0 512.0 149.0 506.0 172.0 509.0 Motorboat 1
171.0 516.0 170.0 522.0 149.0 520.0 150.0 514.0 Motorboat 1
169.0 528.0 147.0 527.0 147.0 521.0 169.0 522.0 Motorboat 1
169.0 529.0 168.0 535.0 145.0 532.0 145.0 526.0 Motorboat 1
167.0 542.0 143.0 541.0 143.0 534.0 167.0 535.0 Motorboat 1
166.0 548.0 142.0 546.0 142.0 540.0 166.0 542.0 Motorboat 1
523.0 474.0 491.0 476.0 490.0 467.0 522.0 465.0 Motorboat 1
519.0 454.0 485.0 458.0 484.0 449.0 518.0 446.0 Motorboat 1
510.0 424.0 479.0 429.0 477.0 421.0 509.0 416.0 Motorboat 1
551.0 358.0 524.0 361.0 522.0 352.0 550.0 348.0 Motorboat 1
562.0 420.0 528.0 422.0 528.0 415.0 562.0 413.0 Motorboat 1
568.0 438.0 535.0 439.0 535.0 431.0 568.0 430.0 Motorboat 1
570.0 450.0 537.0 451.0 537.0 443.0 570.0 442.0 Motorboat 1
574.0 468.0 541.0 469.0 541.0 460.0 574.0 459.0 Motorboat 1
701.0 420.0 683.0 420.0 684.0 413.0 701.0 414.0 Motorboat 1
701.0 413.0 684.0 412.0 685.0 406.0 701.0 407.0 Motorboat 1
702.0 404.0 684.0 405.0 684.0 398.0 702.0 397.0 Motorboat 1
702.0 396.0 684.0 397.0 684.0 390.0 702.0 390.0 Motorboat 1
704.0 374.0 703.0 381.0 685.0 380.0 685.0 373.0 Motorboat 1
703.0 373.0 684.0 372.0 684.0 365.0 703.0 366.0 Motorboat 1
703.0 365.0 685.0 365.0 685.0 357.0 703.0 358.0 Motorboat 1
703.0 357.0 686.0 357.0 686.0 350.0 703.0 350.0 Motorboat 1
702.0 349.0 685.0 350.0 684.0 342.0 702.0 342.0 Motorboat 1
703.0 340.0 685.0 341.0 685.0 335.0 702.0 334.0 Motorboat 1
702.0 333.0 684.0 333.0 684.0 327.0 702.0 327.0 Motorboat 1
701.0 326.0 685.0 326.0 685.0 319.0 701.0 319.0 Motorboat 1
730.0 420.0 711.0 420.0 711.0 413.0 730.0 414.0 Motorboat 1
730.0 412.0 712.0 413.0 712.0 406.0 730.0 405.0 Motorboat 1
730.0 405.0 711.0 405.0 710.0 397.0 729.0 397.0 Motorboat 1
730.0 396.0 710.0 397.0 709.0 390.0 730.0 389.0 Motorboat 1
730.0 389.0 710.0 389.0 711.0 382.0 730.0 382.0 Motorboat 1
730.0 382.0 712.0 381.0 712.0 373.0 730.0 374.0 Motorboat 1
730.0 373.0 711.0 373.0 711.0 365.0 730.0 366.0 Motorboat 1
730.0 365.0 712.0 365.0 712.0 359.0 730.0 358.0 Motorboat 1
730.0 358.0 712.0 358.0 712.0 351.0 730.0 351.0 Motorboat 1
731.0 349.0 712.0 349.0 712.0 343.0 731.0 343.0 Motorboat 1
731.0 343.0 711.0 341.0 712.0 334.0 731.0 335.0 Motorboat 1
730.0 334.0 710.0 333.0 710.0 326.0 730.0 327.0 Motorboat 1
730.0 325.0 712.0 326.0 711.0 320.0 730.0 318.0 Motorboat 1
