470.0 25.0 459.0 26.0 456.0 5.0 467.0 4.0 Motorboat 1
415.0 32.0 407.0 34.0 402.0 11.0 410.0 9.0 Motorboat 1
401.0 29.0 394.0 30.0 390.0 13.0 397.0 11.0 Motorboat 1
388.0 37.0 378.0 39.0 373.0 12.0 383.0 11.0 Motorboat 1
336.0 47.0 325.0 49.0 318.0 16.0 329.0 14.0 Motorboat 1
321.0 48.0 311.0 51.0 307.0 33.0 317.0 31.0 Motorboat 1
306.0 51.0 296.0 53.0 290.0 26.0 300.0 24.0 Motorboat 1
257.0 72.0 242.0 78.0 239.0 71.0 254.0 64.0 Motorboat 1
373.0 39.0 364.0 42.0 359.0 21.0 368.0 18.0 Motorboat 1
518.0 19.0 510.0 20.0 507.0 2.0 514.0 0.0 Motorboat 1
359.0 39.0 352.0 41.0 348.0 26.0 355.0 24.0 Motorboat 1
