3215.0 1024.0 3253.0 1024.0 3253.0 1002.0 3215.0 1002.0 Tugboat 1
3217.0 1054.0 3263.0 1054.0 3263.0 1031.0 3217.0 1031.0 Tugboat 1
3382.0 1050.0 3413.0 1050.0 3413.0 1029.0 3382.0 1029.0 Tugboat 1
3417.0 1049.0 3450.0 1049.0 3450.0 1029.0 3417.0 1029.0 Tugboat 1
3328.0 1020.0 3369.0 1020.0 3369.0 1002.0 3328.0 1002.0 Tugboat 1
3376.0 1020.0 3411.0 1020.0 3411.0 1002.0 3376.0 1002.0 Tugboat 1
3453.0 1015.0 3490.0 1015.0 3490.0 1002.0 3453.0 1002.0 Tugboat 1
3494.0 1015.0 3530.0 1015.0 3530.0 999.0 3494.0 999.0 Tugboat 1
3534.0 1018.0 3569.0 1018.0 3569.0 997.0 3534.0 997.0 Tugboat 1
3569.0 1018.0 3605.0 1018.0 3605.0 999.0 3569.0 999.0 Tugboat 1
3521.0 1045.0 3561.0 1045.0 3561.0 1029.0 3521.0 1029.0 Tugboat 1
540.0 2415.0 515.0 2390.0 501.0 2406.0 526.0 2431.0 Tugboat 1
