1619.0 1204.0 1657.0 1236.0 1671.0 1218.0 1634.0 1188.0 Tugboat 1
976.0 1059.0 996.0 1009.0 984.0 1004.0 965.0 1054.0 Tugboat 1
957.0 1120.0 971.0 1077.0 957.0 1072.0 944.0 1115.0 Tugboat 1
890.0 1250.0 905.0 1211.0 894.0 1206.0 878.0 1243.0 Tugboat 1
903.0 1254.0 915.0 1218.0 905.0 1213.0 892.0 1250.0 Tugboat 1
865.0 1302.0 884.0 1265.0 873.0 1259.0 853.0 1297.0 Tugboat 1
880.0 1306.0 896.0 1268.0 884.0 1263.0 867.0 1300.0 Tugboat 1
911.0 1329.0 928.0 1286.0 911.0 1279.0 894.0 1322.0 Tugboat 1
928.0 1334.0 944.0 1290.0 926.0 1286.0 911.0 1329.0 Tugboat 1
869.0 1370.0 861.0 1422.0 878.0 1425.0 888.0 1372.0 Tugboat 1
