927.999939 397.999939 920.999939 398.999939 919.419983 387.939941 926.419983 386.939941 other-vehicle 1
937.000061 396.999969 931.016052 398.087982 929.016052 387.087982 935.000061 385.999969 other-vehicle 1
946.0 396.0 940.015991 397.088013 938.0 386.0 943.984009 384.911987 other-vehicle 1
890.897583 430.521973 884.0 432.0 881.0 418.0 887.897583 416.521973 other-vehicle 1
900.999878 429.999969 893.999878 430.999969 891.999878 416.999969 898.999878 415.999969 other-vehicle 1
586.0 19.999996 567.0 21.999996 566.468506 16.95068 585.468506 14.95068 other-vehicle 1
657.0 9.0 651.0 9.0 651.0 0.0 657.0 0.0 other-vehicle 1
660.0 40.0 653.0 40.0 653.0 30.0 660.0 30.0 other-vehicle 1
416.0 253.0 408.0 253.0 408.0 237.0 416.0 237.0 other-vehicle 1
872.999939 454.999939 867.035217 455.45874 865.999939 441.999939 871.964661 441.541138 other-vehicle 1
958.000122 489.0 952.049316 489.540955 951.000122 478.0 956.950928 477.459045 other-vehicle 1
772.041138 506.535278 766.0 507.0 765.0 494.0 771.041138 493.535278 other-vehicle 1
709.045654 774.360352 708.0 789.0 702.954346 788.639648 704.0 774.0 other-vehicle 1
508.0 799.0 501.0 799.0 501.0 790.0 508.0 790.0 other-vehicle 1
488.0 801.0 481.0 801.0 481.0 792.0 488.0 792.0 other-vehicle 1
618.049255 688.458984 617.049255 699.458984 612.000061 699.0 613.000061 688.0 other-vehicle 1
643.999939 630.999939 642.999939 643.999939 635.964661 643.458801 636.964661 630.458801 other-vehicle 1
653.0 640.0 647.0 640.0 647.0 632.0 653.0 632.0 other-vehicle 1
963.0 586.0 957.015991 587.088013 955.0 576.0 960.984009 574.911987 other-vehicle 1
972.0 584.0 966.0 585.0 964.0 573.0 970.0 572.0 other-vehicle 1
994.859924 582.02002 987.859924 583.02002 985.999939 570.0 992.999939 569.0 other-vehicle 1
552.999939 908.0 551.999939 921.0 545.958801 920.535278 546.958801 907.535278 other-vehicle 1
728.471924 933.9552 707.0 936.000122 706.528076 931.045044 728.0 929.000122 other-vehicle 1
957.336487 941.955872 957.000183 947.000061 942.000183 946.000061 942.336487 940.955872 other-vehicle 1
206.000015 575.000122 190.000015 583.000122 186.600021 576.200073 202.600021 568.200073 other-vehicle 1
