851.0 777.0 653.0 669.0 627.0 718.0 825.0 826.0 Dry_Cargo_Ship 1
622.0 361.0 732.0 420.0 747.0 391.0 637.0 332.0 Dry_Cargo_Ship 1
541.0 524.0 612.0 389.0 584.0 374.0 513.0 510.0 Dry_Cargo_Ship 1
1437.0 1081.0 1313.0 1015.0 1296.0 1048.0 1420.0 1114.0 Dry_Cargo_Ship 1
1085.0 1293.0 1144.0 1176.0 1121.0 1164.0 1062.0 1282.0 Dry_Cargo_Ship 1
882.0 1440.0 665.0 1320.0 642.0 1361.0 859.0 1481.0 Dry_Cargo_Ship 1
629.0 1320.0 394.0 1205.0 379.0 1235.0 615.0 1350.0 Dry_Cargo_Ship 1
236.0 1136.0 18.0 1194.0 28.0 1231.0 246.0 1173.0 Dry_Cargo_Ship 1
851.0 777.0 653.0 669.0 627.0 718.0 825.0 826.0 Dry_Cargo_Ship 1
622.0 361.0 732.0 420.0 747.0 391.0 637.0 332.0 Dry_Cargo_Ship 1
541.0 524.0 612.0 389.0 584.0 374.0 513.0 510.0 Dry_Cargo_Ship 1
1437.0 1081.0 1313.0 1015.0 1296.0 1048.0 1420.0 1114.0 Dry_Cargo_Ship 1
1085.0 1293.0 1144.0 1176.0 1121.0 1164.0 1062.0 1282.0 Dry_Cargo_Ship 1
882.0 1440.0 665.0 1320.0 642.0 1361.0 859.0 1481.0 Dry_Cargo_Ship 1
629.0 1320.0 394.0 1205.0 379.0 1235.0 615.0 1350.0 Dry_Cargo_Ship 1
236.0 1136.0 18.0 1194.0 28.0 1231.0 246.0 1173.0 Dry_Cargo_Ship 1
