247.0 57.0 158.0 13.0 150.0 29.0 238.0 73.0 Dry_Cargo_Ship 1
230.0 761.0 174.0 737.0 169.0 749.0 225.0 773.0 Dry_Cargo_Ship 1
26.0 696.0 53.0 652.0 43.0 646.0 16.0 690.0 Dry_Cargo_Ship 1
152.0 720.0 197.0 665.0 186.0 657.0 141.0 711.0 Dry_Cargo_Ship 1
94.0 694.0 145.0 627.0 133.0 618.0 83.0 685.0 Dry_Cargo_Ship 1
154.0 650.0 116.0 697.0 138.0 715.0 176.0 669.0 Dry_Cargo_Ship 1
228.0 774.0 168.0 747.0 163.0 760.0 223.0 787.0 Dry_Cargo_Ship 1
518.0 910.0 554.0 836.0 531.0 824.0 494.0 898.0 Dry_Cargo_Ship 1
556.0 927.0 586.0 864.0 548.0 846.0 518.0 909.0 Dry_Cargo_Ship 1
587.0 944.0 613.0 893.0 587.0 880.0 561.0 931.0 Dry_Cargo_Ship 1
623.0 955.0 657.0 886.0 626.0 871.0 592.0 940.0 Dry_Cargo_Ship 1
1345.0 815.0 1446.0 875.0 1461.0 851.0 1359.0 790.0 Dry_Cargo_Ship 1
1154.0 271.0 1202.0 290.0 1206.0 280.0 1158.0 261.0 Dry_Cargo_Ship 1
1152.0 283.0 1215.0 309.0 1219.0 297.0 1157.0 271.0 Dry_Cargo_Ship 1
1100.0 245.0 1097.0 307.0 1109.0 307.0 1113.0 246.0 Dry_Cargo_Ship 1
1113.0 245.0 1108.0 311.0 1121.0 312.0 1125.0 246.0 Dry_Cargo_Ship 1
1123.0 253.0 1120.0 311.0 1135.0 311.0 1138.0 254.0 Dry_Cargo_Ship 1
883.0 100.0 863.0 337.0 915.0 341.0 935.0 104.0 Dry_Cargo_Ship 1
1279.0 24.0 1268.0 280.0 1313.0 282.0 1324.0 26.0 Dry_Cargo_Ship 1
1220.0 425.0 1212.0 513.0 1228.0 514.0 1236.0 426.0 Dry_Cargo_Ship 1
