893.0 955.0 935.0 968.0 939.0 956.0 897.0 943.0 Dry_Cargo_Ship 1
5.0 694.0 409.0 817.0 421.0 777.0 17.0 654.0 Dry_Cargo_Ship 1
336.0 802.0 383.0 817.0 385.0 810.0 338.0 795.0 Dry_Cargo_Ship 1
281.0 632.0 230.0 618.0 227.0 628.0 278.0 643.0 Dry_Cargo_Ship 1
589.0 887.0 550.0 875.0 548.0 882.0 587.0 894.0 Dry_Cargo_Ship 1
667.0 883.0 619.0 869.0 617.0 878.0 664.0 892.0 Dry_Cargo_Ship 1
560.0 793.0 627.0 813.0 631.0 800.0 564.0 779.0 Dry_Cargo_Ship 1
661.0 780.0 603.0 768.0 600.0 784.0 658.0 796.0 Dry_Cargo_Ship 1
591.0 660.0 640.0 660.0 640.0 650.0 591.0 650.0 Dry_Cargo_Ship 1
594.0 667.0 640.0 667.0 640.0 660.0 594.0 660.0 Dry_Cargo_Ship 1
647.0 653.0 702.0 653.0 702.0 644.0 647.0 644.0 Dry_Cargo_Ship 1
668.0 702.0 601.0 685.0 598.0 696.0 665.0 713.0 Dry_Cargo_Ship 1
833.0 653.0 797.0 655.0 797.0 662.0 834.0 660.0 Dry_Cargo_Ship 1
838.0 659.0 881.0 659.0 881.0 652.0 838.0 652.0 Dry_Cargo_Ship 1
883.0 659.0 925.0 659.0 925.0 651.0 883.0 651.0 Dry_Cargo_Ship 1
929.0 652.0 977.0 652.0 977.0 645.0 929.0 645.0 Dry_Cargo_Ship 1
931.0 660.0 976.0 660.0 976.0 653.0 931.0 653.0 Dry_Cargo_Ship 1
359.0 1379.0 283.0 1352.0 277.0 1369.0 353.0 1396.0 Dry_Cargo_Ship 1
441.0 1409.0 359.0 1379.0 354.0 1393.0 435.0 1423.0 Dry_Cargo_Ship 1
526.0 1434.0 444.0 1408.0 439.0 1425.0 521.0 1450.0 Dry_Cargo_Ship 1
