787.0 121.0 739.0 89.0 733.0 98.0 781.0 130.0 Dry_Cargo_Ship 1
775.0 126.0 733.0 97.0 726.0 107.0 768.0 136.0 Dry_Cargo_Ship 1
785.0 145.0 721.0 105.0 715.0 115.0 778.0 155.0 Dry_Cargo_Ship 1
796.0 153.0 875.0 187.0 881.0 172.0 803.0 138.0 Dry_Cargo_Ship 1
786.0 162.0 862.0 197.0 868.0 184.0 792.0 149.0 Dry_Cargo_Ship 1
54.0 213.0 50.0 256.0 68.0 258.0 72.0 215.0 Dry_Cargo_Ship 1
98.0 404.0 115.0 407.0 123.0 363.0 106.0 360.0 Dry_Cargo_Ship 1
90.0 368.0 84.0 398.0 98.0 400.0 104.0 370.0 Dry_Cargo_Ship 1
47.0 730.0 32.0 765.0 45.0 771.0 61.0 736.0 Dry_Cargo_Ship 1
71.0 732.0 41.0 773.0 53.0 782.0 83.0 741.0 Dry_Cargo_Ship 1
