410.0 879.0 270.0 816.0 262.0 834.0 402.0 897.0 Engineering_Ship 1
403.0 857.0 310.0 816.0 304.0 831.0 397.0 872.0 Engineering_Ship 1
410.0 872.0 406.0 918.0 416.0 919.0 420.0 873.0 Engineering_Ship 1
429.0 925.0 434.0 868.0 422.0 867.0 417.0 924.0 Engineering_Ship 1
405.0 981.0 415.0 920.0 406.0 918.0 396.0 980.0 Engineering_Ship 1
412.0 981.0 421.0 924.0 415.0 923.0 405.0 980.0 Engineering_Ship 1
573.0 972.0 618.0 991.0 624.0 977.0 578.0 959.0 Engineering_Ship 1
807.0 878.0 740.0 1045.0 788.0 1064.0 855.0 898.0 Engineering_Ship 1
791.0 1187.0 830.0 1088.0 799.0 1076.0 759.0 1174.0 Engineering_Ship 1
974.0 1193.0 959.0 1186.0 928.0 1254.0 944.0 1261.0 Engineering_Ship 1
1050.0 1309.0 1082.0 1231.0 1063.0 1224.0 1031.0 1301.0 Engineering_Ship 1
1084.0 1228.0 1050.0 1309.0 1069.0 1317.0 1103.0 1236.0 Engineering_Ship 1
1101.0 1323.0 1121.0 1278.0 1111.0 1274.0 1091.0 1319.0 Engineering_Ship 1
