108.0 533.0 31.0 557.0 53.0 628.0 130.0 604.0 Airplane 1
133.0 619.0 56.0 644.0 80.0 716.0 157.0 690.0 Airplane 1
159.0 705.0 89.0 728.0 113.0 800.0 183.0 776.0 Airplane 1
187.0 792.0 110.0 817.0 135.0 890.0 211.0 864.0 Airplane 1
226.0 664.0 297.0 642.0 275.0 570.0 204.0 592.0 Airplane 1
237.0 761.0 312.0 737.0 287.0 657.0 211.0 681.0 Airplane 1
263.0 842.0 333.0 820.0 310.0 747.0 240.0 770.0 Airplane 1
-1.0 134.0 89.0 113.0 66.0 14.0 -24.0 35.0 Airplane 1
19.0 241.0 106.0 220.0 83.0 124.0 -4.0 144.0 Airplane 1
63.0 352.0 134.0 312.0 96.0 246.0 25.0 287.0 Airplane 1
147.0 418.0 248.0 415.0 246.0 325.0 145.0 328.0 Airplane 1
285.0 395.0 327.0 387.0 317.0 336.0 275.0 344.0 Airplane 1
