577.0 513.0 534.0 516.0 531.0 471.0 574.0 468.0 Airplane 1
677.0 502.0 632.0 505.0 630.0 460.0 675.0 458.0 Airplane 1
804.0 458.0 759.0 497.0 726.0 459.0 771.0 420.0 Airplane 1
800.0 301.0 794.0 346.0 740.0 339.0 746.0 294.0 Airplane 1
186.0 752.0 133.0 806.0 73.0 748.0 127.0 693.0 Airplane 1
213.0 755.0 169.0 767.0 155.0 719.0 199.0 707.0 Airplane 1
249.0 699.0 244.0 744.0 208.0 741.0 212.0 695.0 Airplane 1
172.0 817.0 163.0 867.0 95.0 853.0 105.0 804.0 Airplane 1
348.0 743.0 306.0 767.0 284.0 730.0 327.0 705.0 Airplane 1
344.0 801.0 288.0 810.0 281.0 765.0 337.0 756.0 Airplane 1
422.0 769.0 378.0 774.0 372.0 723.0 416.0 717.0 Airplane 1
522.0 670.0 484.0 695.0 462.0 660.0 500.0 635.0 Airplane 1
495.0 692.0 478.0 733.0 438.0 717.0 455.0 675.0 Airplane 1
493.0 771.0 446.0 774.0 443.0 730.0 490.0 727.0 Airplane 1
498.0 823.0 454.0 826.0 451.0 781.0 495.0 778.0 Airplane 1
504.0 874.0 464.0 875.0 463.0 832.0 503.0 831.0 Airplane 1
