939.0 278.0 985.0 276.0 983.0 237.0 937.0 239.0 Airplane 1
942.0 335.0 990.0 333.0 988.0 295.0 940.0 298.0 Airplane 1
904.0 261.0 866.0 263.0 867.0 297.0 905.0 296.0 Airplane 1
334.0 320.0 427.0 313.0 421.0 229.0 328.0 236.0 Airplane 1
342.0 425.0 423.0 421.0 419.0 342.0 338.0 347.0 Airplane 1
353.0 544.0 444.0 539.0 438.0 437.0 347.0 443.0 Airplane 1
355.0 640.0 437.0 635.0 432.0 557.0 350.0 562.0 Airplane 1
459.0 702.0 406.0 705.0 409.0 751.0 462.0 748.0 Airplane 1
192.0 -18.0 114.0 -14.0 118.0 66.0 196.0 62.0 Airplane 1
217.0 226.0 121.0 231.0 125.0 315.0 221.0 311.0 Airplane 1
216.0 326.0 144.0 329.0 147.0 392.0 218.0 389.0 Airplane 1
224.0 406.0 141.0 410.0 144.0 492.0 228.0 488.0 Airplane 1
228.0 499.0 153.0 502.0 156.0 579.0 230.0 576.0 Airplane 1
238.0 587.0 155.0 593.0 160.0 669.0 243.0 663.0 Airplane 1
