246.0 33.0 166.0 40.0 173.0 115.0 252.0 108.0 Airplane 1
262.0 143.0 168.0 153.0 176.0 234.0 271.0 224.0 Airplane 1
731.0 205.0 781.0 203.0 779.0 156.0 729.0 158.0 Airplane 1
908.0 144.0 857.0 150.0 861.0 194.0 912.0 189.0 Airplane 1
649.0 169.0 569.0 178.0 578.0 253.0 658.0 244.0 Airplane 1
276.0 240.0 181.0 250.0 192.0 350.0 286.0 340.0 Airplane 1
283.0 348.0 191.0 358.0 202.0 458.0 294.0 448.0 Airplane 1
296.0 464.0 204.0 475.0 214.0 555.0 306.0 545.0 Airplane 1
383.0 445.0 473.0 436.0 465.0 354.0 375.0 363.0 Airplane 1
370.0 510.0 455.0 543.0 484.0 466.0 400.0 434.0 Airplane 1
655.0 353.0 601.0 344.0 593.0 388.0 648.0 398.0 Airplane 1
640.0 389.0 592.0 404.0 604.0 445.0 653.0 430.0 Airplane 1
658.0 438.0 610.0 451.0 622.0 493.0 670.0 479.0 Airplane 1
648.0 481.0 610.0 521.0 641.0 551.0 679.0 511.0 Airplane 1
752.0 408.0 807.0 406.0 805.0 361.0 750.0 364.0 Airplane 1
759.0 446.0 798.0 466.0 818.0 426.0 778.0 407.0 Airplane 1
686.0 463.0 693.0 537.0 769.0 530.0 762.0 456.0 Airplane 1
840.0 217.0 806.0 249.0 836.0 281.0 870.0 248.0 Airplane 1
931.0 322.0 877.0 329.0 882.0 374.0 937.0 367.0 Airplane 1
940.0 379.0 883.0 386.0 889.0 433.0 946.0 426.0 Airplane 1
928.0 439.0 894.0 484.0 932.0 513.0 966.0 468.0 Airplane 1
247.0 724.0 196.0 729.0 200.0 774.0 251.0 769.0 Airplane 1
390.0 709.0 347.0 714.0 353.0 755.0 395.0 749.0 Airplane 1
707.0 674.0 651.0 679.0 655.0 727.0 711.0 723.0 Airplane 1
689.0 626.0 772.0 615.0 762.0 534.0 678.0 545.0 Airplane 1
839.0 580.0 845.0 632.0 897.0 625.0 891.0 573.0 Airplane 1
934.0 581.0 987.0 575.0 982.0 530.0 929.0 537.0 Airplane 1
