320.0 584.0 270.0 588.0 265.0 545.0 316.0 540.0 Airplane 1
796.0 303.0 750.0 369.0 688.0 326.0 732.0 260.0 Airplane 1
741.0 273.0 693.0 280.0 685.0 237.0 733.0 229.0 Airplane 1
729.0 175.0 725.0 218.0 672.0 212.0 675.0 170.0 Airplane 1
708.0 46.0 654.0 50.0 652.0 5.0 705.0 3.0 Airplane 1
578.0 46.0 525.0 51.0 522.0 5.0 575.0 3.0 Airplane 1
586.0 115.0 539.0 120.0 534.0 76.0 581.0 70.0 Airplane 1
583.0 137.0 579.0 173.0 532.0 169.0 536.0 131.0 Airplane 1
594.0 230.0 546.0 232.0 544.0 189.0 592.0 187.0 Airplane 1
589.0 289.0 550.0 293.0 548.0 261.0 585.0 256.0 Airplane 1
577.0 437.0 534.0 439.0 534.0 406.0 576.0 405.0 Airplane 1
457.0 210.0 452.0 253.0 402.0 247.0 407.0 204.0 Airplane 1
455.0 185.0 407.0 197.0 396.0 155.0 444.0 142.0 Airplane 1
300.0 77.0 251.0 84.0 247.0 46.0 295.0 39.0 Airplane 1
315.0 154.0 248.0 156.0 247.0 95.0 313.0 94.0 Airplane 1
323.0 214.0 265.0 220.0 258.0 170.0 317.0 164.0 Airplane 1
327.0 270.0 277.0 280.0 270.0 238.0 320.0 229.0 Airplane 1
336.0 330.0 289.0 340.0 279.0 300.0 327.0 289.0 Airplane 1
350.0 370.0 309.0 414.0 261.0 370.0 302.0 326.0 Airplane 1
275.0 403.0 232.0 407.0 226.0 357.0 270.0 353.0 Airplane 1
236.0 387.0 171.0 429.0 125.0 361.0 192.0 318.0 Airplane 1
185.0 329.0 139.0 335.0 134.0 293.0 181.0 287.0 Airplane 1
181.0 271.0 132.0 276.0 129.0 240.0 178.0 236.0 Airplane 1
102.0 235.0 70.0 237.0 67.0 197.0 100.0 195.0 Airplane 1
184.0 220.0 125.0 228.0 119.0 179.0 178.0 171.0 Airplane 1
185.0 162.0 118.0 170.0 111.0 110.0 180.0 103.0 Airplane 1
54.0 312.0 9.0 312.0 9.0 263.0 54.0 263.0 Airplane 1
70.0 331.0 50.0 372.0 1.0 348.0 22.0 307.0 Airplane 1
76.0 404.0 41.0 434.0 7.0 392.0 44.0 362.0 Airplane 1
