108.0 951.0 169.0 949.0 166.0 895.0 106.0 898.0 Airplane 1
103.0 759.0 186.0 756.0 183.0 673.0 100.0 676.0 Airplane 1
89.0 655.0 180.0 653.0 179.0 552.0 87.0 553.0 Airplane 1
90.0 520.0 161.0 519.0 160.0 442.0 89.0 443.0 Airplane 1
83.0 404.0 152.0 401.0 149.0 340.0 80.0 344.0 Airplane 1
87.0 303.0 153.0 303.0 153.0 240.0 87.0 240.0 Airplane 1
79.0 210.0 158.0 207.0 155.0 129.0 76.0 132.0 Airplane 1
417.0 665.0 336.0 667.0 338.0 747.0 419.0 745.0 Airplane 1
409.0 566.0 353.0 568.0 354.0 621.0 410.0 619.0 Airplane 1
406.0 442.0 337.0 443.0 339.0 505.0 407.0 504.0 Airplane 1
403.0 330.0 310.0 333.0 313.0 417.0 405.0 414.0 Airplane 1
391.0 252.0 325.0 252.0 325.0 312.0 391.0 312.0 Airplane 1
744.0 520.0 781.0 542.0 804.0 505.0 767.0 483.0 Airplane 1
972.0 709.0 993.0 645.0 935.0 626.0 914.0 689.0 Airplane 1
