989.0 142.0 987.0 97.0 942.0 99.0 944.0 144.0 Airplane 1
1025.0 395.0 938.0 373.0 918.0 451.0 1005.0 474.0 Airplane 1
551.0 236.0 472.0 240.0 477.0 320.0 556.0 316.0 Airplane 1
548.0 339.0 482.0 341.0 484.0 402.0 551.0 399.0 Airplane 1
437.0 322.0 434.0 251.0 359.0 254.0 362.0 325.0 Airplane 1
244.0 335.0 322.0 331.0 318.0 256.0 241.0 260.0 Airplane 1
253.0 426.0 319.0 424.0 316.0 364.0 251.0 366.0 Airplane 1
237.0 239.0 325.0 235.0 321.0 135.0 232.0 139.0 Airplane 1
235.0 117.0 304.0 113.0 300.0 38.0 230.0 43.0 Airplane 1
125.0 163.0 54.0 165.0 56.0 226.0 127.0 224.0 Airplane 1
129.0 264.0 39.0 269.0 42.0 349.0 133.0 345.0 Airplane 1
137.0 364.0 45.0 367.0 48.0 448.0 139.0 445.0 Airplane 1
