641.0 304.0 635.0 341.0 591.0 333.0 598.0 297.0 Airplane 1
75.0 498.0 13.0 504.0 6.0 435.0 68.0 429.0 Airplane 1
124.0 394.0 65.0 399.0 61.0 348.0 120.0 343.0 Airplane 1
215.0 537.0 148.0 538.0 147.0 477.0 215.0 476.0 Airplane 1
214.0 690.0 139.0 690.0 139.0 624.0 214.0 624.0 Airplane 1
667.0 401.0 611.0 458.0 553.0 401.0 609.0 344.0 Airplane 1
668.0 495.0 607.0 567.0 541.0 511.0 602.0 439.0 Airplane 1
840.0 497.0 794.0 541.0 745.0 491.0 790.0 446.0 Airplane 1
213.0 703.0 212.0 764.0 145.0 763.0 146.0 703.0 Airplane 1
851.0 686.0 789.0 739.0 731.0 671.0 793.0 618.0 Airplane 1
