117.0 51.0 90.0 8.0 51.0 33.0 78.0 76.0 Airplane 1
38.0 259.0 81.0 326.0 145.0 286.0 103.0 219.0 Airplane 1
220.0 342.0 260.0 316.0 236.0 279.0 196.0 305.0 Airplane 1
226.0 155.0 252.0 193.0 289.0 168.0 263.0 130.0 Airplane 1
300.0 102.0 331.0 149.0 366.0 126.0 336.0 79.0 Airplane 1
546.0 884.0 468.0 897.0 481.0 973.0 559.0 959.0 Airplane 1
539.0 591.0 513.0 515.0 442.0 539.0 467.0 615.0 Airplane 1
626.0 612.0 699.0 557.0 640.0 477.0 567.0 532.0 Airplane 1
652.0 644.0 698.0 624.0 680.0 585.0 634.0 605.0 Airplane 1
679.0 932.0 767.0 895.0 734.0 816.0 646.0 852.0 Airplane 1
811.0 985.0 812.0 932.0 769.0 931.0 768.0 984.0 Airplane 1
929.0 992.0 934.0 901.0 834.0 895.0 829.0 986.0 Airplane 1
988.0 986.0 997.0 937.0 953.0 929.0 945.0 978.0 Airplane 1
