577.0 109.0 486.0 116.0 480.0 30.0 571.0 23.0 Airplane 1
598.0 357.0 505.0 363.0 499.0 277.0 592.0 271.0 Airplane 1
511.000061 454.0 504.454773 367.041077 598.000061 360.000061 604.545349 446.958984 Airplane 1
600.0 533.700012 519.000061 540.0 512.541199 456.957886 600.0 450.155548 Airplane 1
600.0 624.108826 525.000061 629.000061 519.523865 545.031067 600.0 539.782654 Airplane 1
600.0 711.000061 539.505005 717.049561 532.0 642.0 600.0 635.200012 Airplane 1
235.0 120.0 163.0 123.0 160.0 47.0 232.0 44.0 Airplane 1
269.0 389.0 177.0 395.0 171.0 313.0 264.0 307.0 Airplane 1
277.0 501.0 185.0 505.0 182.0 423.0 273.0 418.0 Airplane 1
288.0 608.0 196.0 617.0 188.0 535.0 279.0 525.0 Airplane 1
297.0 641.0 281.0 721.0 191.0 703.0 207.0 623.0 Airplane 1
42.999996 422.999969 0.0 426.999969 0.0 382.627899 38.907772 379.008575 Airplane 1
60.0 526.0 6.0 530.0 2.0 487.0 57.0 483.0 Airplane 1
58.0 643.0 16.0 644.0 15.0 608.0 57.0 607.0 Airplane 1
