726.0 79.0 692.0 113.0 657.0 78.0 690.0 44.0 Airplane 1
636.0 172.0 594.0 210.0 565.0 177.0 607.0 139.0 Airplane 1
707.0 253.0 665.0 286.0 638.0 252.0 680.0 219.0 Airplane 1
736.0 297.0 696.0 329.0 669.0 293.0 707.0 262.0 Airplane 1
771.0 336.0 734.0 368.0 701.0 329.0 740.0 296.0 Airplane 1
548.0 387.0 511.0 417.0 478.0 379.0 515.0 347.0 Airplane 1
623.0 495.0 582.0 526.0 553.0 489.0 596.0 459.0 Airplane 1
205.0 394.0 159.0 423.0 134.0 385.0 180.0 354.0 Airplane 1
238.0 432.0 196.0 463.0 169.0 428.0 209.0 396.0 Airplane 1
203.0 529.0 161.0 560.0 134.0 523.0 176.0 493.0 Airplane 1
196.000031 603.0 168.499298 566.905273 210.499298 534.905273 238.000031 571.0 Airplane 1
