799.0 157.0 840.0 119.0 803.0 79.0 762.0 116.0 Airplane 1
853.0 190.0 893.0 149.0 853.0 110.0 813.0 151.0 Airplane 1
962.0 138.0 928.0 87.0 884.0 116.0 918.0 167.0 Airplane 1
937.0 83.0 984.0 106.0 1004.0 66.0 957.0 42.0 Airplane 1
926.0 237.0 985.0 222.0 971.0 170.0 913.0 186.0 Airplane 1
792.0 246.0 757.0 308.0 815.0 341.0 850.0 278.0 Airplane 1
869.0 318.0 877.0 365.0 923.0 357.0 916.0 310.0 Airplane 1
928.0 554.0 953.0 506.0 905.0 481.0 880.0 529.0 Airplane 1
286.0 341.0 312.0 437.0 394.0 415.0 368.0 318.0 Airplane 1
201.0 468.0 280.0 505.0 312.0 437.0 233.0 400.0 Airplane 1
154.0 535.0 243.0 588.0 282.0 522.0 194.0 469.0 Airplane 1
493.0 364.0 459.0 408.0 495.0 436.0 529.0 392.0 Airplane 1
554.0 531.0 576.0 483.0 527.0 461.0 505.0 510.0 Airplane 1
526.0 531.0 490.0 496.0 453.0 534.0 489.0 569.0 Airplane 1
