214.0 927.0 166.0 931.0 170.0 978.0 219.0 973.0 Airplane 1
204.0 872.0 157.0 874.0 159.0 919.0 206.0 918.0 Airplane 1
201.0 818.0 144.0 821.0 147.0 866.0 204.0 862.0 Airplane 1
210.0 785.0 165.0 758.0 142.0 797.0 187.0 823.0 Airplane 1
258.0 764.0 235.0 715.0 192.0 735.0 215.0 784.0 Airplane 1
306.0 775.0 319.0 733.0 275.0 720.0 262.0 762.0 Airplane 1
343.0 804.0 379.0 779.0 353.0 743.0 317.0 768.0 Airplane 1
344.0 897.0 396.0 894.0 394.0 848.0 342.0 851.0 Airplane 1
422.0 759.0 425.0 808.0 471.0 806.0 468.0 756.0 Airplane 1
540.0 485.0 485.0 489.0 489.0 532.0 543.0 528.0 Airplane 1
812.0 436.0 781.0 463.0 804.0 491.0 836.0 463.0 Airplane 1
544.0 759.0 500.0 757.0 499.0 802.0 543.0 803.0 Airplane 1
558.0 803.0 516.0 807.0 520.0 851.0 562.0 847.0 Airplane 1
545.0 887.0 503.0 890.0 506.0 934.0 548.0 932.0 Airplane 1
514.0 947.0 482.0 924.0 455.0 960.0 488.0 984.0 Airplane 1
753.0 913.0 748.0 866.0 702.0 870.0 707.0 918.0 Airplane 1
642.0 873.0 687.0 874.0 688.0 829.0 643.0 828.0 Airplane 1
644.0 823.0 688.0 822.0 687.0 776.0 643.0 778.0 Airplane 1
641.0 771.0 691.0 768.0 689.0 724.0 639.0 726.0 Airplane 1
