53.0 673.0 31.0 622.0 -9.0 640.0 13.0 691.0 Airplane 1
100.0 642.0 79.0 595.0 38.0 612.0 59.0 659.0 Airplane 1
206.0 622.0 232.0 559.0 177.0 536.0 151.0 599.0 Airplane 1
228.0 662.0 274.0 642.0 256.0 601.0 210.0 622.0 Airplane 1
251.0 705.0 295.0 684.0 278.0 648.0 234.0 669.0 Airplane 1
250.0 763.0 287.0 787.0 309.0 754.0 271.0 730.0 Airplane 1
69.0 875.0 116.0 895.0 133.0 854.0 86.0 835.0 Airplane 1
272.0 918.0 318.0 896.0 298.0 854.0 252.0 875.0 Airplane 1
95.0 355.0 56.0 371.0 74.0 413.0 113.0 396.0 Airplane 1
433.0 358.0 415.0 319.0 376.0 337.0 393.0 376.0 Airplane 1
1016.0 320.0 991.0 267.0 947.0 287.0 972.0 341.0 Airplane 1
