331.0 45.0 289.0 47.0 287.0 4.0 330.0 2.0 Airplane 1
335.0 98.0 293.0 99.0 292.0 56.0 334.0 55.0 Airplane 1
349.0 266.0 305.0 269.0 303.0 225.0 346.0 223.0 Airplane 1
279.0 335.0 224.0 338.0 222.0 295.0 276.0 292.0 Airplane 1
312.0 391.0 270.0 393.0 268.0 351.0 310.0 349.0 Airplane 1
141.0 412.0 98.0 413.0 97.0 367.0 139.0 366.0 Airplane 1
104.0 285.0 61.0 286.0 59.0 232.0 102.0 230.0 Airplane 1
165.0 282.0 123.0 283.0 122.0 229.0 164.0 228.0 Airplane 1
205.0 675.0 192.0 719.0 149.0 707.0 161.0 663.0 Airplane 1
301.0 653.0 235.0 658.0 231.0 598.0 297.0 593.0 Airplane 1
