748.0 2520.0 818.0 2570.0 866.0 2504.0 795.0 2454.0 Airplane 1
1591.0 3213.0 1558.0 3154.0 1502.0 3180.0 1533.0 3243.0 Airplane 1
1667.0 3169.0 1632.0 3110.0 1580.0 3137.0 1614.0 3196.0 Airplane 1
1750.0 3120.0 1714.0 3051.0 1647.0 3087.0 1682.0 3154.0 Airplane 1
1796.0 2894.0 1727.0 2929.0 1766.0 2995.0 1830.0 2959.0 Airplane 1
2008.0 2976.0 1973.0 2904.0 1905.0 2939.0 1944.0 3011.0 Airplane 1
2176.0 2887.0 2131.0 2806.0 2064.0 2845.0 2107.0 2926.0 Airplane 1
1984.0 3363.0 2068.0 3320.0 2027.0 3247.0 1947.0 3292.0 Airplane 1
2081.0 3529.0 2159.0 3486.0 2119.0 3412.0 2042.0 3454.0 Airplane 1
2171.0 3684.0 2249.0 3642.0 2210.0 3570.0 2131.0 3612.0 Airplane 1
2221.0 3755.0 2280.0 3720.0 2244.0 3655.0 2181.0 3693.0 Airplane 1
2345.0 4047.0 2410.0 4006.0 2373.0 3944.0 2303.0 3986.0 Airplane 1
2670.0 3872.0 2634.0 3811.0 2569.0 3846.0 2601.0 3910.0 Airplane 1
2744.0 3829.0 2709.0 3770.0 2657.0 3797.0 2692.0 3859.0 Airplane 1
2378.0 3538.0 2453.0 3492.0 2409.0 3421.0 2334.0 3470.0 Airplane 1
2197.0 3322.0 2268.0 3263.0 2216.0 3202.0 2145.0 3262.0 Airplane 1
2588.0 3268.0 2552.0 3195.0 2485.0 3229.0 2521.0 3301.0 Airplane 1
3335.0 4301.0 3275.0 4252.0 3226.0 4311.0 3290.0 4360.0 Airplane 1
2798.0 1663.0 2753.0 1688.0 2775.0 1728.0 2820.0 1703.0 Airplane 1
2733.0 2045.0 2709.0 2002.0 2672.0 2021.0 2697.0 2068.0 Airplane 1
3141.0 2270.0 3107.0 2289.0 3125.0 2319.0 3156.0 2297.0 Airplane 1
3178.0 2525.0 3143.0 2493.0 3115.0 2525.0 3151.0 2555.0 Airplane 1
3390.0 2589.0 3353.0 2529.0 3302.0 2561.0 3338.0 2620.0 Airplane 1
3319.0 2618.0 3296.0 2575.0 3255.0 2595.0 3278.0 2637.0 Airplane 1
3256.0 2646.0 3234.0 2603.0 3196.0 2620.0 3218.0 2667.0 Airplane 1
3224.0 2664.0 3175.0 2650.0 3163.0 2689.0 3208.0 2705.0 Airplane 1
3234.0 2710.0 3188.0 2722.0 3200.0 2763.0 3248.0 2751.0 Airplane 1
3282.0 2747.0 3203.0 2795.0 3245.0 2862.0 3324.0 2813.0 Airplane 1
3328.0 2795.0 3306.0 2836.0 3345.0 2854.0 3366.0 2813.0 Airplane 1
3131.0 3003.0 3106.0 2959.0 3070.0 2979.0 3094.0 3025.0 Airplane 1
3471.0 2925.0 3400.0 2962.0 3439.0 3029.0 3505.0 2992.0 Airplane 1
3515.0 3043.0 3438.0 3025.0 3421.0 3100.0 3498.0 3117.0 Airplane 1
3513.0 3170.0 3460.0 3209.0 3498.0 3256.0 3550.0 3219.0 Airplane 1
3546.0 3197.0 3519.0 3270.0 3591.0 3295.0 3617.0 3225.0 Airplane 1
3663.0 3262.0 3603.0 3294.0 3631.0 3345.0 3691.0 3314.0 Airplane 1
3705.0 3338.0 3640.0 3379.0 3677.0 3444.0 3745.0 3404.0 Airplane 1
3747.0 3462.0 3699.0 3462.0 3698.0 3504.0 3747.0 3504.0 Airplane 1
3725.0 3537.0 3675.0 3545.0 3683.0 3593.0 3731.0 3584.0 Airplane 1
3760.0 3652.0 3742.0 3694.0 3779.0 3712.0 3800.0 3670.0 Airplane 1
3820.0 3643.0 3842.0 3681.0 3877.0 3662.0 3856.0 3621.0 Airplane 1
3960.0 3546.0 3985.0 3595.0 4025.0 3572.0 3999.0 3527.0 Airplane 1
3851.0 3845.0 3809.0 3870.0 3832.0 3906.0 3875.0 3880.0 Airplane 1
4244.0 3627.0 4198.0 3645.0 4215.0 3687.0 4259.0 3668.0 Airplane 1
4455.0 3278.0 4476.0 3319.0 4516.0 3300.0 4494.0 3259.0 Airplane 1
4593.0 3189.0 4625.0 3251.0 4691.0 3214.0 4658.0 3154.0 Airplane 1
4666.0 3155.0 4685.0 3196.0 4725.0 3178.0 4702.0 3137.0 Airplane 1
4728.0 3122.0 4751.0 3163.0 4790.0 3144.0 4767.0 3103.0 Airplane 1
4603.0 3025.0 4574.0 2985.0 4540.0 3012.0 4572.0 3052.0 Airplane 1
4508.0 3062.0 4516.0 3009.0 4472.0 3004.0 4466.0 3059.0 Airplane 1
4356.0 2909.0 4419.0 2871.0 4380.0 2809.0 4320.0 2844.0 Airplane 1
4393.0 2989.0 4469.0 2942.0 4426.0 2878.0 4350.0 2926.0 Airplane 1
4309.0 2835.0 4378.0 2796.0 4344.0 2729.0 4275.0 2768.0 Airplane 1
4275.0 2760.0 4341.0 2718.0 4300.0 2654.0 4233.0 2695.0 Airplane 1
4185.0 2606.0 4248.0 2570.0 4207.0 2504.0 4149.0 2542.0 Airplane 1
4056.0 2396.0 4133.0 2417.0 4152.0 2343.0 4075.0 2321.0 Airplane 1
4146.0 2285.0 4190.0 2362.0 4254.0 2325.0 4213.0 2246.0 Airplane 1
4242.0 2259.0 4257.0 2293.0 4299.0 2271.0 4279.0 2237.0 Airplane 1
4374.0 2419.0 4330.0 2443.0 4351.0 2479.0 4396.0 2454.0 Airplane 1
4214.0 2104.0 4179.0 2044.0 4127.0 2071.0 4159.0 2131.0 Airplane 1
4038.0 2022.0 3995.0 2046.0 4017.0 2087.0 4058.0 2062.0 Airplane 1
4071.0 1880.0 4033.0 1904.0 4057.0 1943.0 4096.0 1919.0 Airplane 1
4030.0 1796.0 3974.0 1831.0 4002.0 1885.0 4063.0 1850.0 Airplane 1
3706.0 1835.0 3751.0 1813.0 3733.0 1775.0 3690.0 1795.0 Airplane 1
3616.0 1688.0 3675.0 1654.0 3643.0 1601.0 3582.0 1637.0 Airplane 1
3900.0 1581.0 3842.0 1617.0 3872.0 1670.0 3929.0 1636.0 Airplane 1
2959.0 1154.0 2940.0 1112.0 2900.0 1130.0 2921.0 1172.0 Airplane 1
3272.0 989.0 3238.0 927.0 3171.0 962.0 3202.0 1027.0 Airplane 1
3228.0 989.0 3273.0 1069.0 3341.0 1029.0 3297.0 953.0 Airplane 1
3532.0 862.0 3593.0 809.0 3541.0 753.0 3480.0 806.0 Airplane 1
3525.0 839.0 3464.0 879.0 3501.0 943.0 3566.0 904.0 Airplane 1
3598.0 889.0 3628.0 860.0 3600.0 829.0 3568.0 859.0 Airplane 1
3332.0 612.0 3275.0 670.0 3329.0 725.0 3388.0 669.0 Airplane 1
5323.0 4155.0 5252.0 4195.0 5292.0 4262.0 5359.0 4222.0 Airplane 1
5399.0 4360.0 5458.0 4321.0 5422.0 4259.0 5358.0 4295.0 Airplane 1
5401.0 4317.0 5344.0 4353.0 5381.0 4414.0 5442.0 4379.0 Airplane 1
5445.0 4437.0 5509.0 4394.0 5468.0 4329.0 5401.0 4375.0 Airplane 1
5452.0 4392.0 5374.0 4436.0 5410.0 4504.0 5492.0 4461.0 Airplane 1
5775.0 5212.0 5734.0 5143.0 5670.0 5179.0 5707.0 5250.0 Airplane 1
5782.0 6004.0 5819.0 5970.0 5791.0 5938.0 5753.0 5970.0 Airplane 1
5747.0 6245.0 5803.0 6189.0 5751.0 6137.0 5695.0 6194.0 Airplane 1
5601.0 6194.0 5625.0 6170.0 5600.0 6145.0 5575.0 6169.0 Airplane 1
5720.0 6386.0 5688.0 6354.0 5656.0 6387.0 5689.0 6418.0 Airplane 1
5842.0 6429.0 5817.0 6455.0 5842.0 6479.0 5867.0 6452.0 Airplane 1
4518.0 5014.0 4494.0 5079.0 4565.0 5104.0 4589.0 5042.0 Airplane 1
4470.0 4867.0 4401.0 4906.0 4442.0 4972.0 4508.0 4931.0 Airplane 1
4348.0 5725.0 4368.0 5768.0 4405.0 5750.0 4385.0 5705.0 Airplane 1
926.0 1855.0 958.0 1837.0 941.0 1804.0 907.0 1827.0 Airplane 1
605.0 1464.0 618.0 1486.0 640.0 1475.0 628.0 1454.0 Airplane 1
700.0 1505.0 721.0 1535.0 750.0 1512.0 730.0 1485.0 Airplane 1
698.0 1611.0 717.0 1639.0 747.0 1620.0 726.0 1592.0 Airplane 1
751.0 1578.0 771.0 1604.0 796.0 1587.0 776.0 1561.0 Airplane 1
799.0 1651.0 819.0 1679.0 848.0 1660.0 827.0 1629.0 Airplane 1
654.0 1437.0 675.0 1464.0 703.0 1445.0 685.0 1418.0 Airplane 1
639.0 1337.0 607.0 1361.0 630.0 1387.0 660.0 1363.0 Airplane 1
