274.0 363.0 205.0 370.0 199.0 306.0 268.0 299.0 Airplane 1
290.0 490.0 217.0 500.0 207.0 425.0 279.0 415.0 Airplane 1
519.0 345.0 426.0 356.0 416.0 275.0 509.0 264.0 Airplane 1
519.0 471.0 426.0 479.0 419.0 397.0 511.0 389.0 Airplane 1
785.0 332.0 692.0 342.0 683.0 261.0 776.0 251.0 Airplane 1
792.0 417.0 707.0 427.0 699.0 352.0 783.0 342.0 Airplane 1
805.0 508.0 711.0 514.0 705.0 435.0 799.0 429.0 Airplane 1
400.0 675.0 347.0 690.0 335.0 644.0 388.0 630.0 Airplane 1
465.0 718.0 421.0 723.0 415.0 675.0 459.0 670.0 Airplane 1
454.0 600.0 414.0 621.0 392.0 578.0 432.0 557.0 Airplane 1
598.0 561.0 548.0 566.0 542.0 512.0 592.0 507.0 Airplane 1
812.0 597.0 729.0 607.0 720.0 533.0 804.0 523.0 Airplane 1
