252.0 108.0 173.0 115.0 166.0 40.0 246.0 33.0 Airplane 1
271.0 224.0 176.0 234.0 168.0 153.0 262.0 143.0 Airplane 1
658.0 244.0 578.0 253.0 569.0 178.0 649.0 169.0 Airplane 1
286.0 340.0 192.0 350.0 181.0 250.0 276.0 240.0 Airplane 1
294.0 448.0 202.0 458.0 191.0 358.0 283.0 348.0 Airplane 1
306.0 545.0 214.0 555.0 204.0 475.0 296.0 464.0 Airplane 1
473.0 436.0 383.0 445.0 375.0 363.0 465.0 354.0 Airplane 1
484.0 466.0 455.0 543.0 370.0 510.0 400.0 434.0 Airplane 1
655.0 353.0 648.0 398.0 593.0 388.0 601.0 344.0 Airplane 1
653.0 430.0 604.0 445.0 592.0 404.0 640.0 389.0 Airplane 1
670.0 479.0 622.0 493.0 610.0 451.0 658.0 438.0 Airplane 1
679.0 511.0 641.0 551.0 610.0 521.0 648.0 481.0 Airplane 1
