278.0 201.0 319.0 169.0 292.0 137.0 253.0 169.0 Airplane 1
309.0 245.0 350.0 213.0 323.0 179.0 282.0 212.0 Airplane 1
371.0 323.0 417.0 286.0 390.0 252.0 344.0 289.0 Airplane 1
421.0 71.0 455.0 45.0 428.0 11.0 394.0 37.0 Airplane 1
546.0 230.0 586.0 197.0 557.0 162.0 515.0 194.0 Airplane 1
482.0 301.0 532.0 303.0 534.0 250.0 484.0 248.0 Airplane 1
338.0 727.0 276.0 788.0 338.0 851.0 400.0 787.0 Airplane 1
265.0 772.0 253.0 828.0 304.0 839.0 315.0 782.0 Airplane 1
405.0 836.0 415.0 792.0 365.0 779.0 355.0 823.0 Airplane 1
359.0 889.0 411.0 955.0 471.0 906.0 417.0 842.0 Airplane 1
369.0 946.0 311.0 872.0 242.0 929.0 301.0 1002.0 Airplane 1
415.0 947.0 378.0 903.0 338.0 935.0 376.0 979.0 Airplane 1
340.0 286.0 380.0 255.0 351.0 220.0 311.0 250.0 Airplane 1
