551.0 859.0 484.0 896.0 519.0 960.0 587.0 922.0 Airplane 1
500.0 791.0 456.0 814.0 477.0 853.0 521.0 829.0 Airplane 1
398.0 714.0 373.0 776.0 429.0 799.0 454.0 737.0 Airplane 1
358.0 685.0 303.0 722.0 336.0 773.0 392.0 736.0 Airplane 1
333.0 617.0 267.0 637.0 285.0 694.0 351.0 674.0 Airplane 1
319.0 442.0 259.0 473.0 286.0 526.0 346.0 496.0 Airplane 1
171.0 301.0 148.0 345.0 186.0 366.0 209.0 322.0 Airplane 1
62.0 174.0 15.0 158.0 1.0 198.0 48.0 214.0 Airplane 1
96.0 156.0 76.0 111.0 35.0 129.0 55.0 174.0 Airplane 1
160.0 124.0 137.0 80.0 96.0 101.0 119.0 144.0 Airplane 1
246.0 102.0 207.0 33.0 138.0 71.0 177.0 140.0 Airplane 1
286.0 41.0 254.0 4.0 220.0 33.0 253.0 70.0 Airplane 1
