678.0 1790.0 694.0 1681.0 551.0 1660.0 535.0 1769.0 Airplane 1
504.0 1815.0 421.0 1839.0 435.0 1886.0 517.0 1862.0 Airplane 1
672.0 1943.0 665.0 1999.0 749.0 2009.0 756.0 1954.0 Airplane 1
1565.0 1985.0 1550.0 2088.0 1695.0 2109.0 1710.0 2006.0 Airplane 1
1777.0 1870.0 1794.0 1761.0 1649.0 1738.0 1631.0 1847.0 Airplane 1
1776.0 1420.0 1715.0 1372.0 1670.0 1427.0 1731.0 1476.0 Airplane 1
1508.0 2844.0 1506.0 2903.0 1589.0 2907.0 1592.0 2848.0 Airplane 1
1629.0 2855.0 1625.0 2904.0 1696.0 2910.0 1699.0 2860.0 Airplane 1
1955.0 2875.0 1949.0 2933.0 2010.0 2938.0 2016.0 2880.0 Airplane 1
2035.0 2882.0 2031.0 2939.0 2099.0 2943.0 2102.0 2886.0 Airplane 1
2382.0 3245.0 2391.0 3186.0 2307.0 3174.0 2298.0 3232.0 Airplane 1
2166.0 3231.0 2174.0 3172.0 2091.0 3161.0 2083.0 3219.0 Airplane 1
2064.0 3232.0 2072.0 3168.0 1988.0 3158.0 1980.0 3222.0 Airplane 1
1785.0 3204.0 1795.0 3139.0 1729.0 3129.0 1719.0 3194.0 Airplane 1
1696.0 3192.0 1703.0 3125.0 1614.0 3116.0 1608.0 3184.0 Airplane 1
1825.0 3300.0 1820.0 3362.0 1904.0 3369.0 1909.0 3307.0 Airplane 1
2115.0 3349.0 2108.0 3406.0 2190.0 3416.0 2197.0 3359.0 Airplane 1
2144.0 3705.0 2156.0 3628.0 2072.0 3615.0 2060.0 3692.0 Airplane 1
1938.0 3696.0 1945.0 3639.0 1861.0 3629.0 1854.0 3685.0 Airplane 1
1704.0 3654.0 1711.0 3598.0 1623.0 3587.0 1616.0 3643.0 Airplane 1
1597.0 3647.0 1606.0 3584.0 1521.0 3573.0 1513.0 3636.0 Airplane 1
1925.0 3883.0 1917.0 3936.0 2000.0 3949.0 2008.0 3896.0 Airplane 1
67.0 3866.0 122.0 3879.0 132.0 3834.0 78.0 3821.0 Airplane 1
3400.0 2976.0 3437.0 3013.0 3472.0 2977.0 3435.0 2941.0 Airplane 1
3639.0 2996.0 3677.0 3030.0 3714.0 2989.0 3676.0 2955.0 Airplane 1
3939.0 2883.0 3859.0 2896.0 3868.0 2953.0 3948.0 2941.0 Airplane 1
