328.0 3218.0 303.0 3172.0 263.0 3192.0 288.0 3240.0 Airplane 1
114.0 1060.0 51.0 1095.0 84.0 1152.0 145.0 1117.0 Airplane 1
70.0 977.0 -1.0 1017.0 36.0 1087.0 109.0 1045.0 Airplane 1
469.0 179.0 429.0 105.0 360.0 142.0 401.0 215.0 Airplane 1
793.0 62.0 830.0 22.0 796.0 -7.0 760.0 30.0 Airplane 1
853.0 67.0 769.0 115.0 809.0 187.0 894.0 140.0 Airplane 1
690.0 645.0 753.0 605.0 710.0 537.0 648.0 577.0 Airplane 1
725.0 705.0 770.0 680.0 749.0 640.0 704.0 665.0 Airplane 1
866.0 960.0 930.0 925.0 890.0 855.0 826.0 890.0 Airplane 1
906.0 1019.0 948.0 995.0 925.0 955.0 884.0 979.0 Airplane 1
950.0 1095.0 991.0 1072.0 968.0 1032.0 928.0 1055.0 Airplane 1
996.0 1245.0 1085.0 1272.0 1110.0 1190.0 1020.0 1164.0 Airplane 1
1335.0 1317.0 1310.0 1270.0 1269.0 1292.0 1293.0 1339.0 Airplane 1
1414.0 1290.0 1383.0 1227.0 1326.0 1255.0 1356.0 1317.0 Airplane 1
1439.0 1442.0 1460.0 1480.0 1500.0 1457.0 1480.0 1420.0 Airplane 1
1343.0 1470.0 1389.0 1550.0 1456.0 1512.0 1410.0 1432.0 Airplane 1
1258.0 1589.0 1334.0 1607.0 1353.0 1529.0 1275.0 1510.0 Airplane 1
1333.0 1727.0 1415.0 1684.0 1378.0 1615.0 1295.0 1659.0 Airplane 1
1389.0 1797.0 1450.0 1764.0 1413.0 1695.0 1350.0 1730.0 Airplane 1
1425.0 1877.0 1495.0 1835.0 1455.0 1770.0 1385.0 1810.0 Airplane 1
1474.0 1952.0 1536.0 1915.0 1499.0 1849.0 1435.0 1885.0 Airplane 1
1513.0 2030.0 1581.0 1992.0 1544.0 1922.0 1475.0 1960.0 Airplane 1
1556.0 2097.0 1616.0 2062.0 1585.0 2009.0 1525.0 2044.0 Airplane 1
1710.0 2270.0 1719.0 2210.0 1674.0 2204.0 1665.0 2264.0 Airplane 1
1810.0 2222.0 1776.0 2175.0 1740.0 2202.0 1773.0 2250.0 Airplane 1
1916.0 2309.0 1950.0 2368.0 2005.0 2337.0 1973.0 2279.0 Airplane 1
1813.0 2390.0 1838.0 2435.0 1879.0 2413.0 1854.0 2368.0 Airplane 1
1710.0 2420.0 1749.0 2492.0 1819.0 2453.0 1780.0 2382.0 Airplane 1
1628.0 2458.0 1670.0 2535.0 1740.0 2497.0 1698.0 2420.0 Airplane 1
1156.0 2748.0 1184.0 2797.0 1225.0 2772.0 1199.0 2725.0 Airplane 1
1015.0 2842.0 1035.0 2887.0 1076.0 2867.0 1055.0 2822.0 Airplane 1
960.0 2848.0 936.0 2897.0 978.0 2917.0 1001.0 2870.0 Airplane 1
921.0 2745.0 883.0 2753.0 890.0 2787.0 928.0 2780.0 Airplane 1
956.0 2652.0 885.0 2652.0 885.0 2715.0 955.0 2717.0 Airplane 1
906.0 2545.0 846.0 2580.0 878.0 2635.0 939.0 2598.0 Airplane 1
860.0 2457.0 798.0 2492.0 828.0 2547.0 890.0 2512.0 Airplane 1
680.0 2290.0 600.0 2314.0 624.0 2390.0 704.0 2367.0 Airplane 1
709.0 2247.0 640.0 2230.0 625.0 2290.0 695.0 2307.0 Airplane 1
510.0 1965.0 473.0 2037.0 543.0 2074.0 580.0 2002.0 Airplane 1
469.0 1962.0 424.0 1990.0 446.0 2027.0 490.0 2000.0 Airplane 1
428.0 1902.0 378.0 1912.0 388.0 1957.0 438.0 1947.0 Airplane 1
415.0 1857.0 365.0 1840.0 350.0 1884.0 400.0 1900.0 Airplane 1
511.0 1809.0 488.0 1762.0 448.0 1784.0 470.0 1830.0 Airplane 1
950.0 497.0 911.0 522.0 935.0 560.0 975.0 537.0 Airplane 1
1099.0 759.0 1036.0 794.0 1066.0 849.0 1130.0 815.0 Airplane 1
1626.0 1672.0 1563.0 1707.0 1591.0 1760.0 1655.0 1727.0 Airplane 1
1886.0 1920.0 1860.0 1874.0 1820.0 1895.0 1845.0 1944.0 Airplane 1
1804.0 2120.0 1809.0 2069.0 1763.0 2065.0 1758.0 2115.0 Airplane 1
2243.0 2852.0 2288.0 2825.0 2265.0 2785.0 2220.0 2810.0 Airplane 1
3366.0 3772.0 3327.0 3702.0 3259.0 3740.0 3297.0 3810.0 Airplane 1
3225.0 4968.0 3246.0 5007.0 3286.0 4983.0 3265.0 4945.0 Airplane 1
1859.0 1712.0 1885.0 1757.0 1925.0 1735.0 1899.0 1689.0 Airplane 1
1335.0 4660.0 1311.0 4597.0 1254.0 4618.0 1279.0 4682.0 Airplane 1
