766.0 736.0 792.0 775.0 827.0 752.0 801.0 712.0 Airplane 1
706.0 771.0 733.0 812.0 769.0 788.0 742.0 747.0 Airplane 1
590.0 851.0 615.0 886.0 651.0 861.0 626.0 826.0 Airplane 1
534.0 890.0 565.0 936.0 601.0 911.0 570.0 865.0 Airplane 1
746.0 551.0 717.0 509.0 680.0 534.0 708.0 576.0 Airplane 1
698.0 581.0 669.0 534.0 633.0 557.0 662.0 604.0 Airplane 1
636.0 584.0 604.0 539.0 570.0 563.0 602.0 608.0 Airplane 1
602.0 640.0 577.0 601.0 541.0 625.0 566.0 664.0 Airplane 1
557.0 666.0 529.0 625.0 492.0 650.0 519.0 691.0 Airplane 1
468.0 725.0 444.0 690.0 408.0 715.0 432.0 750.0 Airplane 1
247.0 666.0 292.0 643.0 273.0 604.0 227.0 626.0 Airplane 1
