49.164604 677.045105 -4e-06 679.702637 0.0 602.432373 45.0 599.999939 Airplane 1
287.0 763.0 220.0 765.0 218.0 703.0 284.0 701.0 Airplane 1
469.0 749.0 408.0 751.0 406.0 698.0 466.0 695.0 Airplane 1
290.0 671.0 209.0 671.0 209.0 593.0 290.0 593.0 Airplane 1
486.0 556.0 403.0 559.0 400.0 476.0 483.0 473.0 Airplane 1
287.0 557.0 210.0 560.0 207.0 486.0 284.0 483.0 Airplane 1
480.0 453.0 389.0 455.0 387.0 353.0 479.0 352.0 Airplane 1
163.0 360.0 127.0 384.0 103.0 349.0 139.0 325.0 Airplane 1
240.0 317.0 179.0 361.0 128.0 290.0 189.0 246.0 Airplane 1
461.0 319.0 390.0 320.0 389.0 243.0 460.0 242.0 Airplane 1
42.043327 231.039856 4e-06 232.791656 0.0 183.666672 40.0 182.0 Airplane 1
273.0 218.0 204.0 221.0 200.0 143.0 270.0 140.0 Airplane 1
452.0 201.0 383.0 204.0 380.0 144.0 449.0 140.0 Airplane 1
2.346502 82.498085 -29.999998 35.999996 6.653509 10.501907 39.000008 56.999996 Airplane 1
453.0 103.0 387.0 103.0 387.0 40.0 453.0 40.0 Airplane 1
