691.0 393.0 735.0 401.0 741.0 364.0 698.0 357.0 Airplane 1
175.0 558.0 168.0 489.0 106.0 495.0 113.0 564.0 Airplane 1
165.0 459.0 224.0 454.0 220.0 403.0 161.0 408.0 Airplane 1
248.0 598.0 315.0 597.0 315.0 536.0 247.0 537.0 Airplane 1
239.0 750.0 314.0 750.0 314.0 684.0 239.0 684.0 Airplane 1
711.0 518.0 767.0 461.0 709.0 404.0 653.0 461.0 Airplane 1
707.0 627.0 768.0 555.0 702.0 499.0 641.0 571.0 Airplane 1
940.0 557.0 890.0 506.0 845.0 551.0 894.0 601.0 Airplane 1
245.0 823.0 312.0 824.0 313.0 763.0 246.0 763.0 Airplane 1
951.0 746.0 893.0 678.0 831.0 731.0 889.0 799.0 Airplane 1
