127.0 10.0 118.0 58.0 71.0 49.0 81.0 1.0 Airplane 1
7.166609 152.326828 -18.999994 101.0 22.833372 79.673187 48.999977 131.000015 Airplane 1
72.0 391.0 27.0 415.0 2.0 368.0 46.0 344.0 Airplane 1
220.0 277.0 219.0 327.0 164.0 326.0 165.0 276.0 Airplane 1
294.0 338.0 263.0 384.0 221.0 355.0 252.0 309.0 Airplane 1
119.0 361.0 74.0 384.0 50.0 339.0 94.0 315.0 Airplane 1
169.0 339.0 126.0 363.0 100.0 314.0 143.0 291.0 Airplane 1
424.0 578.0 415.0 660.0 338.0 652.0 347.0 569.0 Airplane 1
297.0 674.0 256.0 699.0 227.0 652.0 268.0 627.0 Airplane 1
261.692841 843.734131 194.692841 785.734131 248.999969 723.0 315.999969 781.0 Airplane 1
524.0 129.0 502.0 171.0 456.0 147.0 478.0 106.0 Airplane 1
512.0 187.0 510.0 239.0 452.0 237.0 454.0 184.0 Airplane 1
