100.0 816.0 70.0 779.0 36.0 807.0 66.0 843.0 Airplane 1
55.0 593.0 38.0 572.0 17.0 589.0 33.0 610.0 Airplane 1
223.0 723.0 171.0 658.0 110.0 708.0 162.0 773.0 Airplane 1
435.0 550.0 388.0 491.0 326.0 541.0 373.0 600.0 Airplane 1
529.0 479.0 488.0 427.0 448.0 459.0 490.0 511.0 Airplane 1
586.0 430.0 557.0 393.0 521.0 422.0 551.0 458.0 Airplane 1
253.0 416.0 236.0 431.0 255.0 452.0 271.0 436.0 Airplane 1
447.0 299.0 413.0 257.0 375.0 288.0 409.0 330.0 Airplane 1
488.0 267.0 455.0 225.0 418.0 254.0 452.0 296.0 Airplane 1
570.0 202.0 542.0 167.0 507.0 196.0 535.0 230.0 Airplane 1
706.0 334.0 672.0 292.0 635.0 321.0 670.0 364.0 Airplane 1
864.0 204.0 825.0 156.0 783.0 189.0 823.0 238.0 Airplane 1
950.0 151.0 904.0 94.0 839.0 145.0 885.0 202.0 Airplane 1
1021.0 598.0 966.0 525.0 897.0 577.0 952.0 650.0 Airplane 1
848.0 733.0 796.0 664.0 727.0 716.0 779.0 785.0 Airplane 1
775.0 795.0 722.0 724.0 654.0 775.0 707.0 846.0 Airplane 1
