941.0 447.0 944.0 537.0 1020.0 534.0 1017.0 444.0 Airplane 1
859.0 329.0 821.0 358.0 847.0 392.0 885.0 363.0 Airplane 1
704.0 543.0 772.0 490.0 724.0 427.0 655.0 479.0 Airplane 1
546.0 431.0 481.0 475.0 522.0 536.0 588.0 492.0 Airplane 1
435.0 279.0 370.0 326.0 415.0 388.0 480.0 340.0 Airplane 1
376.0 201.0 300.0 257.0 347.0 319.0 422.0 263.0 Airplane 1
396.0 128.0 460.0 83.0 417.0 21.0 353.0 66.0 Airplane 1
512.0 266.0 566.0 228.0 534.0 182.0 479.0 220.0 Airplane 1
563.0 353.0 627.0 308.0 584.0 248.0 520.0 293.0 Airplane 1
572.0 177.0 628.0 252.0 690.0 205.0 633.0 130.0 Airplane 1
715.0 66.0 650.0 114.0 694.0 174.0 759.0 126.0 Airplane 1
663.0 -7.0 591.0 45.0 641.0 114.0 713.0 61.0 Airplane 1
579.0 80.0 543.0 12.0 485.0 42.0 520.0 110.0 Airplane 1
147.0 784.0 188.0 781.0 185.0 737.0 144.0 740.0 Airplane 1
