108.0 160.0 98.0 180.0 81.0 172.0 91.0 152.0 Airplane 1
226.0 103.0 208.0 111.0 199.0 91.0 217.0 83.0 Airplane 1
459.999969 84.999985 381.917084 46.959618 415.999969 -22.999996 494.082855 15.040371 Airplane 1
673.0 78.0 633.0 146.0 565.0 106.0 604.0 38.0 Airplane 1
705.0 160.0 670.0 226.0 595.0 187.0 630.0 120.0 Airplane 1
631.0 170.0 589.0 243.0 511.0 198.0 553.0 125.0 Airplane 1
666.0 239.0 627.0 308.0 551.0 265.0 590.0 196.0 Airplane 1
578.0 264.0 538.0 332.0 464.0 288.0 505.0 220.0 Airplane 1
300.0 252.0 284.0 282.0 252.0 266.0 268.0 235.0 Airplane 1
169.0 215.0 152.0 225.0 138.0 203.0 156.0 192.0 Airplane 1
157.0 237.0 137.0 246.0 128.0 227.0 148.0 218.0 Airplane 1
131.0 284.0 112.0 296.0 101.0 278.0 120.0 266.0 Airplane 1
65.0 250.0 55.0 270.0 31.0 257.0 41.0 238.0 Airplane 1
233.0 379.0 217.0 411.0 180.0 393.0 196.0 361.0 Airplane 1
618.0 317.0 583.0 381.0 516.0 343.0 551.0 280.0 Airplane 1
582.0 395.0 545.0 464.0 468.0 423.0 505.0 354.0 Airplane 1
415.0 548.0 359.0 566.0 337.0 497.0 394.0 479.0 Airplane 1
