495.0 565.0 487.0 580.0 483.0 579.0 491.0 563.0 other-ship 1
491.0 564.0 483.0 578.0 479.0 575.0 486.0 561.0 other-ship 1
509.0 537.0 498.0 554.0 494.0 551.0 506.0 535.0 other-ship 1
513.0 540.0 501.0 557.0 498.0 555.0 510.0 538.0 other-ship 1
517.0 543.0 506.0 559.0 503.0 557.0 513.0 541.0 other-ship 1
520.0 520.0 509.0 535.0 506.0 532.0 517.0 518.0 other-ship 1
526.0 523.0 513.0 539.0 510.0 537.0 522.0 520.0 other-ship 1
530.0 525.0 517.0 542.0 514.0 540.0 527.0 523.0 other-ship 1
534.0 527.0 521.0 543.0 518.0 540.0 531.0 525.0 other-ship 1
536.0 529.0 523.0 546.0 521.0 544.0 534.0 527.0 other-ship 1
