535.0 286.0 510.0 301.0 502.0 289.0 527.0 273.0 other-ship 1
504.0 304.0 483.0 315.0 477.0 304.0 498.0 293.0 other-ship 1
438.0 343.0 415.0 356.0 409.0 346.0 432.0 333.0 other-ship 1
395.0 395.0 386.0 402.0 376.0 388.0 384.0 382.0 other-ship 1
319.0 411.0 302.0 421.0 296.0 412.0 313.0 402.0 other-ship 1
287.0 430.0 262.0 445.0 255.0 434.0 280.0 419.0 other-ship 1
253.0 452.0 230.0 466.0 222.0 452.0 245.0 438.0 other-ship 1
272.0 458.0 252.0 471.0 246.0 462.0 265.0 448.0 other-ship 1
248.0 474.0 228.0 487.0 221.0 476.0 241.0 463.0 other-ship 1
102.0 525.0 83.0 537.0 76.0 526.0 95.0 514.0 other-ship 1
