686.000061 699.000061 669.600037 707.200012 665.000061 698.000061 681.400085 689.80011 Van 1
625.300049 699.899963 601.0 707.999939 598.0 698.999939 622.300049 690.899963 Van 1
717.999939 656.999878 701.999939 667.999878 697.127258 660.912354 713.127258 649.912354 Van 1
473.0 670.0 470.100586 677.041382 453.0 670.0 455.899414 662.958618 Van 1
554.400085 754.80011 538.400085 762.80011 535.000061 756.000061 551.000061 748.000061 Van 1
454.200043 785.400085 439.000031 793.000061 435.600006 786.200012 450.800018 778.600037 Van 1
113.000008 928.000122 95.000008 937.000122 91.000008 929.000122 109.000008 920.000122 Van 1
226.0 835.0 218.249481 842.266113 203.0 826.0 210.750519 818.733887 Van 1
247.000031 824.0 240.000031 830.0 228.000031 816.0 235.000031 810.0 Van 1
266.538452 781.307617 251.538452 791.307617 246.0 782.999878 261.0 772.999878 Van 1
605.0 429.0 600.141235 433.164734 588.0 419.0 592.858765 414.835266 Van 1
620.0 446.999939 613.0 451.999939 603.0 437.999939 610.0 432.999939 Van 1
712.213745 484.230194 706.0 490.000031 692.786255 475.769867 699.0 470.000031 Van 1
66.096512 136.037537 63.0 144.0 44.903488 136.962463 48.0 129.0 Van 1
247.0 199.999985 243.568054 208.236679 219.568054 198.236679 223.0 189.999985 Van 1
302.000061 219.0 298.623047 227.254852 276.623047 218.254852 280.000061 210.0 Van 1
839.0 679.0 833.140259 686.115479 816.0 672.0 821.859741 664.884521 Van 1
847.260193 671.190796 843.000061 677.0 827.739929 665.809204 832.000061 660.0 Van 1
853.487854 663.39032 849.000061 669.000061 835.707336 658.365906 840.195129 652.756165 Van 1
937.999878 600.0 924.999878 610.0 919.275024 602.557617 932.275024 592.557617 Van 1
919.24884 612.773743 907.999939 622.999939 902.751038 617.226135 913.999939 606.999939 Van 1
686.000061 699.000061 669.600037 707.200012 665.000061 698.000061 681.400085 689.80011 Van 1
625.300049 699.899963 601.0 707.999939 598.0 698.999939 622.300049 690.899963 Van 1
717.999939 656.999878 701.999939 667.999878 697.127258 660.912354 713.127258 649.912354 Van 1
473.0 670.0 470.100586 677.041382 453.0 670.0 455.899414 662.958618 Van 1
554.400085 754.80011 538.400085 762.80011 535.000061 756.000061 551.000061 748.000061 Van 1
454.200043 785.400085 439.000031 793.000061 435.600006 786.200012 450.800018 778.600037 Van 1
113.000008 928.000122 95.000008 937.000122 91.000008 929.000122 109.000008 920.000122 Van 1
226.0 835.0 218.249481 842.266113 203.0 826.0 210.750519 818.733887 Van 1
247.000031 824.0 240.000031 830.0 228.000031 816.0 235.000031 810.0 Van 1
266.538452 781.307617 251.538452 791.307617 246.0 782.999878 261.0 772.999878 Van 1
605.0 429.0 600.141235 433.164734 588.0 419.0 592.858765 414.835266 Van 1
620.0 446.999939 613.0 451.999939 603.0 437.999939 610.0 432.999939 Van 1
712.213745 484.230194 706.0 490.000031 692.786255 475.769867 699.0 470.000031 Van 1
66.096512 136.037537 63.0 144.0 44.903488 136.962463 48.0 129.0 Van 1
247.0 199.999985 243.568054 208.236679 219.568054 198.236679 223.0 189.999985 Van 1
302.000061 219.0 298.623047 227.254852 276.623047 218.254852 280.000061 210.0 Van 1
839.0 679.0 833.140259 686.115479 816.0 672.0 821.859741 664.884521 Van 1
847.260193 671.190796 843.000061 677.0 827.739929 665.809204 832.000061 660.0 Van 1
853.487854 663.39032 849.000061 669.000061 835.707336 658.365906 840.195129 652.756165 Van 1
937.999878 600.0 924.999878 610.0 919.275024 602.557617 932.275024 592.557617 Van 1
919.24884 612.773743 907.999939 622.999939 902.751038 617.226135 913.999939 606.999939 Van 1
686.000061 699.000061 669.600037 707.200012 665.000061 698.000061 681.400085 689.80011 Van 1
625.300049 699.899963 601.0 707.999939 598.0 698.999939 622.300049 690.899963 Van 1
717.999939 656.999878 701.999939 667.999878 697.127258 660.912354 713.127258 649.912354 Van 1
473.0 670.0 470.100586 677.041382 453.0 670.0 455.899414 662.958618 Van 1
554.400085 754.80011 538.400085 762.80011 535.000061 756.000061 551.000061 748.000061 Van 1
454.200043 785.400085 439.000031 793.000061 435.600006 786.200012 450.800018 778.600037 Van 1
113.000008 928.000122 95.000008 937.000122 91.000008 929.000122 109.000008 920.000122 Van 1
226.0 835.0 218.249481 842.266113 203.0 826.0 210.750519 818.733887 Van 1
247.000031 824.0 240.000031 830.0 228.000031 816.0 235.000031 810.0 Van 1
266.538452 781.307617 251.538452 791.307617 246.0 782.999878 261.0 772.999878 Van 1
605.0 429.0 600.141235 433.164734 588.0 419.0 592.858765 414.835266 Van 1
620.0 446.999939 613.0 451.999939 603.0 437.999939 610.0 432.999939 Van 1
712.213745 484.230194 706.0 490.000031 692.786255 475.769867 699.0 470.000031 Van 1
66.096512 136.037537 63.0 144.0 44.903488 136.962463 48.0 129.0 Van 1
247.0 199.999985 243.568054 208.236679 219.568054 198.236679 223.0 189.999985 Van 1
302.000061 219.0 298.623047 227.254852 276.623047 218.254852 280.000061 210.0 Van 1
839.0 679.0 833.140259 686.115479 816.0 672.0 821.859741 664.884521 Van 1
847.260193 671.190796 843.000061 677.0 827.739929 665.809204 832.000061 660.0 Van 1
853.487854 663.39032 849.000061 669.000061 835.707336 658.365906 840.195129 652.756165 Van 1
937.999878 600.0 924.999878 610.0 919.275024 602.557617 932.275024 592.557617 Van 1
919.24884 612.773743 907.999939 622.999939 902.751038 617.226135 913.999939 606.999939 Van 1
