416.0 29.000004 411.0 43.000004 402.954773 40.126698 407.954773 26.126698 Van 1
954.0 317.0 940.0 317.0 940.0 311.0 954.0 311.0 Van 1
919.0 311.0 900.0 311.0 900.0 304.0 919.0 304.0 Van 1
513.000061 328.0 511.470642 334.117676 495.470642 330.117676 497.000061 324.0 Van 1
457.0 163.0 440.0 163.0 440.0 157.0 457.0 157.0 Van 1
456.0 156.0 440.0 156.0 440.0 150.0 456.0 150.0 Van 1
455.0 150.0 441.0 150.0 441.0 143.0 455.0 143.0 Van 1
455.0 141.0 437.0 141.0 437.0 134.0 455.0 134.0 Van 1
455.0 133.0 436.0 133.0 436.0 127.0 455.0 127.0 Van 1
453.0 126.0 440.0 126.0 440.0 121.0 453.0 121.0 Van 1
448.0 59.0 431.0 59.0 431.0 52.0 448.0 52.0 Van 1
448.0 50.0 431.0 50.0 431.0 43.0 448.0 43.0 Van 1
451.0 34.0 437.0 34.0 437.0 28.0 451.0 28.0 Van 1
451.0 27.0 437.0 27.0 437.0 21.0 451.0 21.0 Van 1
450.0 19.0 436.0 19.0 436.0 14.0 450.0 14.0 Van 1
537.317627 759.035828 518.317627 760.035828 518.0 753.999939 537.0 752.999939 Van 1
416.0 29.000004 411.0 43.000004 402.954773 40.126698 407.954773 26.126698 Van 1
954.0 317.0 940.0 317.0 940.0 311.0 954.0 311.0 Van 1
919.0 311.0 900.0 311.0 900.0 304.0 919.0 304.0 Van 1
513.000061 328.0 511.470642 334.117676 495.470642 330.117676 497.000061 324.0 Van 1
457.0 163.0 440.0 163.0 440.0 157.0 457.0 157.0 Van 1
456.0 156.0 440.0 156.0 440.0 150.0 456.0 150.0 Van 1
455.0 150.0 441.0 150.0 441.0 143.0 455.0 143.0 Van 1
455.0 141.0 437.0 141.0 437.0 134.0 455.0 134.0 Van 1
455.0 133.0 436.0 133.0 436.0 127.0 455.0 127.0 Van 1
453.0 126.0 440.0 126.0 440.0 121.0 453.0 121.0 Van 1
448.0 59.0 431.0 59.0 431.0 52.0 448.0 52.0 Van 1
448.0 50.0 431.0 50.0 431.0 43.0 448.0 43.0 Van 1
451.0 34.0 437.0 34.0 437.0 28.0 451.0 28.0 Van 1
451.0 27.0 437.0 27.0 437.0 21.0 451.0 21.0 Van 1
450.0 19.0 436.0 19.0 436.0 14.0 450.0 14.0 Van 1
537.317627 759.035828 518.317627 760.035828 518.0 753.999939 537.0 752.999939 Van 1
416.0 29.000004 411.0 43.000004 402.954773 40.126698 407.954773 26.126698 Van 1
954.0 317.0 940.0 317.0 940.0 311.0 954.0 311.0 Van 1
919.0 311.0 900.0 311.0 900.0 304.0 919.0 304.0 Van 1
513.000061 328.0 511.470642 334.117676 495.470642 330.117676 497.000061 324.0 Van 1
457.0 163.0 440.0 163.0 440.0 157.0 457.0 157.0 Van 1
456.0 156.0 440.0 156.0 440.0 150.0 456.0 150.0 Van 1
455.0 150.0 441.0 150.0 441.0 143.0 455.0 143.0 Van 1
455.0 141.0 437.0 141.0 437.0 134.0 455.0 134.0 Van 1
455.0 133.0 436.0 133.0 436.0 127.0 455.0 127.0 Van 1
453.0 126.0 440.0 126.0 440.0 121.0 453.0 121.0 Van 1
448.0 59.0 431.0 59.0 431.0 52.0 448.0 52.0 Van 1
448.0 50.0 431.0 50.0 431.0 43.0 448.0 43.0 Van 1
451.0 34.0 437.0 34.0 437.0 28.0 451.0 28.0 Van 1
451.0 27.0 437.0 27.0 437.0 21.0 451.0 21.0 Van 1
450.0 19.0 436.0 19.0 436.0 14.0 450.0 14.0 Van 1
537.317627 759.035828 518.317627 760.035828 518.0 753.999939 537.0 752.999939 Van 1
