78.0 676.0 70.0 676.0 70.0 661.0 78.0 661.0 Van 1
104.0 677.0 95.0 677.0 95.0 660.0 104.0 660.0 Van 1
116.027245 660.564148 115.000008 676.999939 105.972771 676.43573 107.000008 659.999939 Van 1
127.000023 660.000122 125.964622 675.531128 118.000023 675.000122 119.035423 659.469116 Van 1
139.0 674.0 131.0 674.0 131.0 659.0 139.0 659.0 Van 1
153.0 674.0 145.040619 674.568481 144.0 660.0 151.959381 659.431519 Van 1
179.0 674.0 169.0 674.0 169.0 660.0 179.0 660.0 Van 1
352.076935 892.615417 333.000031 895.000061 332.000031 887.000061 351.076935 884.615417 Van 1
367.271667 803.750916 355.271667 814.750916 349.999939 808.999939 361.999939 797.999939 Van 1
209.0 703.0 190.0 703.0 190.0 698.0 209.0 698.0 Van 1
208.0 639.0 187.0 639.0 187.0 633.0 208.0 633.0 Van 1
215.0 513.0 188.0 513.0 188.0 504.0 215.0 504.0 Van 1
213.999985 493.999969 188.999985 494.999969 188.678909 486.972809 213.678909 485.972809 Van 1
375.035034 594.560303 368.0 595.0 367.0 579.0 374.035034 578.560303 Van 1
406.0 407.0 397.0 407.0 397.0 390.0 406.0 390.0 Van 1
308.0 332.0 301.0 332.0 301.0 318.0 308.0 318.0 Van 1
297.030975 332.46463 289.000031 333.000031 287.969086 317.535431 296.000031 317.000031 Van 1
103.279564 299.011169 103.000008 306.0 77.720451 304.988831 78.000008 298.0 Van 1
515.0 128.0 505.0 128.0 505.0 113.0 515.0 113.0 Van 1
413.0 56.0 406.0 56.0 406.0 41.0 413.0 41.0 Van 1
884.0 607.0 876.0 607.0 876.0 591.0 884.0 591.0 Van 1
981.384705 824.923157 961.000061 829.000061 959.615417 822.076965 980.000061 818.000061 Van 1
999.287537 911.034058 999.000183 905.000122 1000.000061 904.952515 1000.287415 910.98645 Van 1
875.0 821.0 873.230347 827.067261 849.0 820.0 850.769653 813.932739 Van 1
907.0 873.0 898.916992 888.155762 893.0 885.0 901.083008 869.844238 Van 1
878.026794 930.952515 869.000061 947.0 861.973328 943.047485 871.000061 927.0 Van 1
584.027771 580.501648 583.027771 598.501648 574.000061 598.000061 575.000061 580.000061 Van 1
587.000061 160.999985 578.969299 161.446152 577.969299 143.446152 586.000061 142.999985 Van 1
564.999939 170.999985 553.999939 170.999985 553.999939 128.999985 564.999939 128.999985 Van 1
730.0 646.0 708.0 646.0 708.0 639.0 730.0 639.0 Van 1
763.999939 595.000122 758.045227 597.126831 752.932068 582.810059 758.88678 580.68335 Van 1
716.0 499.0 707.0 499.0 707.0 484.0 716.0 484.0 Van 1
728.029419 499.382263 720.0 499.999939 718.970581 486.617615 727.0 485.999939 Van 1
929.0 553.0 920.0 553.0 920.0 538.0 929.0 538.0 Van 1
939.0 554.0 932.0 554.0 932.0 539.0 939.0 539.0 Van 1
1000.0 513.0 992.0 513.0 992.0 500.0 1000.0 500.0 Van 1
964.0 513.0 955.0 513.0 955.0 499.0 964.0 499.0 Van 1
904.349121 484.017456 904.0 491.0 883.650879 489.982544 884.0 483.0 Van 1
904.0 444.0 882.0 444.0 882.0 437.0 904.0 437.0 Van 1
899.0 416.0 880.0 416.0 880.0 410.0 899.0 410.0 Van 1
834.0 446.0 814.0 446.0 814.0 440.0 834.0 440.0 Van 1
835.0 427.0 816.0 427.0 816.0 421.0 835.0 421.0 Van 1
833.317627 401.964111 833.0 408.0 814.0 407.0 814.317627 400.964111 Van 1
830.4104 388.975891 813.0 390.0 812.5896 383.024109 830.0 382.0 Van 1
836.0 380.0 816.0 380.0 816.0 374.0 836.0 374.0 Van 1
904.285095 357.01358 904.000061 363.000031 882.715027 361.986481 883.000061 356.000031 Van 1
909.0 343.0 887.0 343.0 887.0 336.0 909.0 336.0 Van 1
839.0 346.0 820.0 346.0 820.0 340.0 839.0 340.0 Van 1
839.0 334.0 817.0 334.0 817.0 327.0 839.0 327.0 Van 1
862.0 249.000031 860.975342 267.443085 853.0 267.000031 854.024658 248.556976 Van 1
899.999939 307.0 898.954285 321.639587 889.999939 321.0 891.045593 306.360413 Van 1
979.0 321.0 971.0 321.0 971.0 305.0 979.0 305.0 Van 1
929.000061 250.0 926.98468 266.123108 918.000061 265.000061 920.015442 248.876953 Van 1
982.0 208.0 981.329224 214.036591 963.0 212.0 963.670776 205.963409 Van 1
809.272217 122.987625 787.0 124.0 786.727783 118.012375 809.0 117.0 Van 1
856.000061 64.999977 840.138 71.34481 837.655212 65.137917 853.517273 58.793083 Van 1
108.000023 614.000061 106.964622 629.531067 99.000023 629.000061 100.035423 613.469055 Van 1
83.0 595.000061 81.968872 611.498108 74.0 611.000061 75.031128 594.502014 Van 1
58.0 630.0 48.0 630.0 48.0 613.0 58.0 613.0 Van 1
57.0 609.0 49.0 609.0 49.0 594.0 57.0 594.0 Van 1
33.0 629.0 26.0 629.0 26.0 614.0 33.0 614.0 Van 1
112.0 560.0 105.0 560.0 105.0 544.0 112.0 544.0 Van 1
44.0 932.0 24.0 932.0 24.0 925.0 44.0 925.0 Van 1
423.0 969.0 415.0 969.0 415.0 952.0 423.0 952.0 Van 1
78.0 676.0 70.0 676.0 70.0 661.0 78.0 661.0 Van 1
104.0 677.0 95.0 677.0 95.0 660.0 104.0 660.0 Van 1
116.027245 660.564148 115.000008 676.999939 105.972771 676.43573 107.000008 659.999939 Van 1
127.000023 660.000122 125.964622 675.531128 118.000023 675.000122 119.035423 659.469116 Van 1
139.0 674.0 131.0 674.0 131.0 659.0 139.0 659.0 Van 1
153.0 674.0 145.040619 674.568481 144.0 660.0 151.959381 659.431519 Van 1
179.0 674.0 169.0 674.0 169.0 660.0 179.0 660.0 Van 1
352.076935 892.615417 333.000031 895.000061 332.000031 887.000061 351.076935 884.615417 Van 1
367.271667 803.750916 355.271667 814.750916 349.999939 808.999939 361.999939 797.999939 Van 1
209.0 703.0 190.0 703.0 190.0 698.0 209.0 698.0 Van 1
208.0 639.0 187.0 639.0 187.0 633.0 208.0 633.0 Van 1
215.0 513.0 188.0 513.0 188.0 504.0 215.0 504.0 Van 1
213.999985 493.999969 188.999985 494.999969 188.678909 486.972809 213.678909 485.972809 Van 1
375.035034 594.560303 368.0 595.0 367.0 579.0 374.035034 578.560303 Van 1
406.0 407.0 397.0 407.0 397.0 390.0 406.0 390.0 Van 1
308.0 332.0 301.0 332.0 301.0 318.0 308.0 318.0 Van 1
297.030975 332.46463 289.000031 333.000031 287.969086 317.535431 296.000031 317.000031 Van 1
103.279564 299.011169 103.000008 306.0 77.720451 304.988831 78.000008 298.0 Van 1
515.0 128.0 505.0 128.0 505.0 113.0 515.0 113.0 Van 1
413.0 56.0 406.0 56.0 406.0 41.0 413.0 41.0 Van 1
884.0 607.0 876.0 607.0 876.0 591.0 884.0 591.0 Van 1
981.384705 824.923157 961.000061 829.000061 959.615417 822.076965 980.000061 818.000061 Van 1
999.287537 911.034058 999.000183 905.000122 1000.000061 904.952515 1000.287415 910.98645 Van 1
875.0 821.0 873.230347 827.067261 849.0 820.0 850.769653 813.932739 Van 1
907.0 873.0 898.916992 888.155762 893.0 885.0 901.083008 869.844238 Van 1
878.026794 930.952515 869.000061 947.0 861.973328 943.047485 871.000061 927.0 Van 1
584.027771 580.501648 583.027771 598.501648 574.000061 598.000061 575.000061 580.000061 Van 1
587.000061 160.999985 578.969299 161.446152 577.969299 143.446152 586.000061 142.999985 Van 1
564.999939 170.999985 553.999939 170.999985 553.999939 128.999985 564.999939 128.999985 Van 1
730.0 646.0 708.0 646.0 708.0 639.0 730.0 639.0 Van 1
763.999939 595.000122 758.045227 597.126831 752.932068 582.810059 758.88678 580.68335 Van 1
716.0 499.0 707.0 499.0 707.0 484.0 716.0 484.0 Van 1
728.029419 499.382263 720.0 499.999939 718.970581 486.617615 727.0 485.999939 Van 1
929.0 553.0 920.0 553.0 920.0 538.0 929.0 538.0 Van 1
939.0 554.0 932.0 554.0 932.0 539.0 939.0 539.0 Van 1
1000.0 513.0 992.0 513.0 992.0 500.0 1000.0 500.0 Van 1
964.0 513.0 955.0 513.0 955.0 499.0 964.0 499.0 Van 1
904.349121 484.017456 904.0 491.0 883.650879 489.982544 884.0 483.0 Van 1
904.0 444.0 882.0 444.0 882.0 437.0 904.0 437.0 Van 1
899.0 416.0 880.0 416.0 880.0 410.0 899.0 410.0 Van 1
834.0 446.0 814.0 446.0 814.0 440.0 834.0 440.0 Van 1
835.0 427.0 816.0 427.0 816.0 421.0 835.0 421.0 Van 1
833.317627 401.964111 833.0 408.0 814.0 407.0 814.317627 400.964111 Van 1
830.4104 388.975891 813.0 390.0 812.5896 383.024109 830.0 382.0 Van 1
836.0 380.0 816.0 380.0 816.0 374.0 836.0 374.0 Van 1
904.285095 357.01358 904.000061 363.000031 882.715027 361.986481 883.000061 356.000031 Van 1
909.0 343.0 887.0 343.0 887.0 336.0 909.0 336.0 Van 1
839.0 346.0 820.0 346.0 820.0 340.0 839.0 340.0 Van 1
839.0 334.0 817.0 334.0 817.0 327.0 839.0 327.0 Van 1
862.0 249.000031 860.975342 267.443085 853.0 267.000031 854.024658 248.556976 Van 1
899.999939 307.0 898.954285 321.639587 889.999939 321.0 891.045593 306.360413 Van 1
979.0 321.0 971.0 321.0 971.0 305.0 979.0 305.0 Van 1
929.000061 250.0 926.98468 266.123108 918.000061 265.000061 920.015442 248.876953 Van 1
982.0 208.0 981.329224 214.036591 963.0 212.0 963.670776 205.963409 Van 1
809.272217 122.987625 787.0 124.0 786.727783 118.012375 809.0 117.0 Van 1
856.000061 64.999977 840.138 71.34481 837.655212 65.137917 853.517273 58.793083 Van 1
108.000023 614.000061 106.964622 629.531067 99.000023 629.000061 100.035423 613.469055 Van 1
83.0 595.000061 81.968872 611.498108 74.0 611.000061 75.031128 594.502014 Van 1
58.0 630.0 48.0 630.0 48.0 613.0 58.0 613.0 Van 1
57.0 609.0 49.0 609.0 49.0 594.0 57.0 594.0 Van 1
33.0 629.0 26.0 629.0 26.0 614.0 33.0 614.0 Van 1
112.0 560.0 105.0 560.0 105.0 544.0 112.0 544.0 Van 1
44.0 932.0 24.0 932.0 24.0 925.0 44.0 925.0 Van 1
423.0 969.0 415.0 969.0 415.0 952.0 423.0 952.0 Van 1
78.0 676.0 70.0 676.0 70.0 661.0 78.0 661.0 Van 1
104.0 677.0 95.0 677.0 95.0 660.0 104.0 660.0 Van 1
116.027245 660.564148 115.000008 676.999939 105.972771 676.43573 107.000008 659.999939 Van 1
127.000023 660.000122 125.964622 675.531128 118.000023 675.000122 119.035423 659.469116 Van 1
139.0 674.0 131.0 674.0 131.0 659.0 139.0 659.0 Van 1
153.0 674.0 145.040619 674.568481 144.0 660.0 151.959381 659.431519 Van 1
179.0 674.0 169.0 674.0 169.0 660.0 179.0 660.0 Van 1
352.076935 892.615417 333.000031 895.000061 332.000031 887.000061 351.076935 884.615417 Van 1
367.271667 803.750916 355.271667 814.750916 349.999939 808.999939 361.999939 797.999939 Van 1
209.0 703.0 190.0 703.0 190.0 698.0 209.0 698.0 Van 1
208.0 639.0 187.0 639.0 187.0 633.0 208.0 633.0 Van 1
215.0 513.0 188.0 513.0 188.0 504.0 215.0 504.0 Van 1
213.999985 493.999969 188.999985 494.999969 188.678909 486.972809 213.678909 485.972809 Van 1
375.035034 594.560303 368.0 595.0 367.0 579.0 374.035034 578.560303 Van 1
406.0 407.0 397.0 407.0 397.0 390.0 406.0 390.0 Van 1
308.0 332.0 301.0 332.0 301.0 318.0 308.0 318.0 Van 1
297.030975 332.46463 289.000031 333.000031 287.969086 317.535431 296.000031 317.000031 Van 1
103.279564 299.011169 103.000008 306.0 77.720451 304.988831 78.000008 298.0 Van 1
515.0 128.0 505.0 128.0 505.0 113.0 515.0 113.0 Van 1
413.0 56.0 406.0 56.0 406.0 41.0 413.0 41.0 Van 1
884.0 607.0 876.0 607.0 876.0 591.0 884.0 591.0 Van 1
981.384705 824.923157 961.000061 829.000061 959.615417 822.076965 980.000061 818.000061 Van 1
999.287537 911.034058 999.000183 905.000122 1000.000061 904.952515 1000.287415 910.98645 Van 1
875.0 821.0 873.230347 827.067261 849.0 820.0 850.769653 813.932739 Van 1
907.0 873.0 898.916992 888.155762 893.0 885.0 901.083008 869.844238 Van 1
878.026794 930.952515 869.000061 947.0 861.973328 943.047485 871.000061 927.0 Van 1
584.027771 580.501648 583.027771 598.501648 574.000061 598.000061 575.000061 580.000061 Van 1
587.000061 160.999985 578.969299 161.446152 577.969299 143.446152 586.000061 142.999985 Van 1
564.999939 170.999985 553.999939 170.999985 553.999939 128.999985 564.999939 128.999985 Van 1
730.0 646.0 708.0 646.0 708.0 639.0 730.0 639.0 Van 1
763.999939 595.000122 758.045227 597.126831 752.932068 582.810059 758.88678 580.68335 Van 1
716.0 499.0 707.0 499.0 707.0 484.0 716.0 484.0 Van 1
728.029419 499.382263 720.0 499.999939 718.970581 486.617615 727.0 485.999939 Van 1
929.0 553.0 920.0 553.0 920.0 538.0 929.0 538.0 Van 1
939.0 554.0 932.0 554.0 932.0 539.0 939.0 539.0 Van 1
1000.0 513.0 992.0 513.0 992.0 500.0 1000.0 500.0 Van 1
964.0 513.0 955.0 513.0 955.0 499.0 964.0 499.0 Van 1
904.349121 484.017456 904.0 491.0 883.650879 489.982544 884.0 483.0 Van 1
904.0 444.0 882.0 444.0 882.0 437.0 904.0 437.0 Van 1
899.0 416.0 880.0 416.0 880.0 410.0 899.0 410.0 Van 1
834.0 446.0 814.0 446.0 814.0 440.0 834.0 440.0 Van 1
835.0 427.0 816.0 427.0 816.0 421.0 835.0 421.0 Van 1
833.317627 401.964111 833.0 408.0 814.0 407.0 814.317627 400.964111 Van 1
830.4104 388.975891 813.0 390.0 812.5896 383.024109 830.0 382.0 Van 1
836.0 380.0 816.0 380.0 816.0 374.0 836.0 374.0 Van 1
904.285095 357.01358 904.000061 363.000031 882.715027 361.986481 883.000061 356.000031 Van 1
909.0 343.0 887.0 343.0 887.0 336.0 909.0 336.0 Van 1
839.0 346.0 820.0 346.0 820.0 340.0 839.0 340.0 Van 1
839.0 334.0 817.0 334.0 817.0 327.0 839.0 327.0 Van 1
862.0 249.000031 860.975342 267.443085 853.0 267.000031 854.024658 248.556976 Van 1
899.999939 307.0 898.954285 321.639587 889.999939 321.0 891.045593 306.360413 Van 1
979.0 321.0 971.0 321.0 971.0 305.0 979.0 305.0 Van 1
929.000061 250.0 926.98468 266.123108 918.000061 265.000061 920.015442 248.876953 Van 1
982.0 208.0 981.329224 214.036591 963.0 212.0 963.670776 205.963409 Van 1
809.272217 122.987625 787.0 124.0 786.727783 118.012375 809.0 117.0 Van 1
856.000061 64.999977 840.138 71.34481 837.655212 65.137917 853.517273 58.793083 Van 1
108.000023 614.000061 106.964622 629.531067 99.000023 629.000061 100.035423 613.469055 Van 1
83.0 595.000061 81.968872 611.498108 74.0 611.000061 75.031128 594.502014 Van 1
58.0 630.0 48.0 630.0 48.0 613.0 58.0 613.0 Van 1
57.0 609.0 49.0 609.0 49.0 594.0 57.0 594.0 Van 1
33.0 629.0 26.0 629.0 26.0 614.0 33.0 614.0 Van 1
112.0 560.0 105.0 560.0 105.0 544.0 112.0 544.0 Van 1
44.0 932.0 24.0 932.0 24.0 925.0 44.0 925.0 Van 1
423.0 969.0 415.0 969.0 415.0 952.0 423.0 952.0 Van 1
