171.0 14.0 163.0 14.0 163.0 0.0 171.0 0.0 Van 1
140.0 227.000015 131.968964 227.472427 130.968964 210.472427 139.0 210.000015 Van 1
139.0 328.0 131.0 328.0 131.0 312.0 139.0 312.0 Van 1
192.000015 852.0 184.031143 852.498047 183.000015 836.0 190.968887 835.501953 Van 1
196.999985 761.000061 194.97377 776.196594 185.999985 775.000061 188.026199 759.803528 Van 1
196.0 367.0 188.0 367.0 188.0 353.0 196.0 353.0 Van 1
196.0 157.0 186.0 157.0 186.0 139.0 196.0 139.0 Van 1
197.0 91.0 187.0 91.0 187.0 72.0 197.0 72.0 Van 1
914.0 295.0 906.0 295.0 906.0 282.0 914.0 282.0 Van 1
650.0 431.0 642.0 431.0 642.0 415.0 650.0 415.0 Van 1
684.069031 416.827576 678.000061 432.0 670.931091 429.172424 677.000061 414.0 Van 1
631.0 482.0 629.095703 488.030212 610.0 482.0 611.904297 475.969788 Van 1
760.20697 419.482758 754.000061 434.999969 744.862122 431.344818 751.069031 415.827606 Van 1
806.342468 418.753448 801.000061 433.000031 793.000061 430.000031 798.342468 415.753448 Van 1
712.0 475.0 692.0 475.0 692.0 468.0 712.0 468.0 Van 1
713.0 520.0 692.0 520.0 692.0 513.0 713.0 513.0 Van 1
774.0 485.0 753.0 485.0 753.0 479.0 774.0 479.0 Van 1
771.0 502.0 751.0 502.0 751.0 497.0 771.0 497.0 Van 1
770.0 520.0 752.0 520.0 752.0 513.0 770.0 513.0 Van 1
769.317505 579.985657 747.0 581.000061 746.682495 574.014465 769.0 573.000061 Van 1
769.0 596.0 749.0 596.0 749.0 589.0 769.0 589.0 Van 1
853.0 444.0 834.0 444.0 834.0 437.0 853.0 437.0 Van 1
854.0 453.0 834.0 453.0 834.0 446.0 854.0 446.0 Van 1
848.422119 624.728027 845.0 632.0 828.0 624.0 831.422119 616.728027 Van 1
793.04895 654.992737 772.902222 658.014709 771.853271 651.022034 792.0 648.000061 Van 1
763.398376 659.02655 763.000183 665.000061 747.60199 663.973572 748.000183 658.000061 Van 1
849.68457 686.924927 848.0 694.0 827.0 689.0 828.68457 681.924927 Van 1
171.0 14.0 163.0 14.0 163.0 0.0 171.0 0.0 Van 1
140.0 227.000015 131.968964 227.472427 130.968964 210.472427 139.0 210.000015 Van 1
139.0 328.0 131.0 328.0 131.0 312.0 139.0 312.0 Van 1
192.000015 852.0 184.031143 852.498047 183.000015 836.0 190.968887 835.501953 Van 1
196.999985 761.000061 194.97377 776.196594 185.999985 775.000061 188.026199 759.803528 Van 1
196.0 367.0 188.0 367.0 188.0 353.0 196.0 353.0 Van 1
196.0 157.0 186.0 157.0 186.0 139.0 196.0 139.0 Van 1
197.0 91.0 187.0 91.0 187.0 72.0 197.0 72.0 Van 1
914.0 295.0 906.0 295.0 906.0 282.0 914.0 282.0 Van 1
650.0 431.0 642.0 431.0 642.0 415.0 650.0 415.0 Van 1
684.069031 416.827576 678.000061 432.0 670.931091 429.172424 677.000061 414.0 Van 1
631.0 482.0 629.095703 488.030212 610.0 482.0 611.904297 475.969788 Van 1
760.20697 419.482758 754.000061 434.999969 744.862122 431.344818 751.069031 415.827606 Van 1
806.342468 418.753448 801.000061 433.000031 793.000061 430.000031 798.342468 415.753448 Van 1
712.0 475.0 692.0 475.0 692.0 468.0 712.0 468.0 Van 1
713.0 520.0 692.0 520.0 692.0 513.0 713.0 513.0 Van 1
774.0 485.0 753.0 485.0 753.0 479.0 774.0 479.0 Van 1
771.0 502.0 751.0 502.0 751.0 497.0 771.0 497.0 Van 1
770.0 520.0 752.0 520.0 752.0 513.0 770.0 513.0 Van 1
769.317505 579.985657 747.0 581.000061 746.682495 574.014465 769.0 573.000061 Van 1
769.0 596.0 749.0 596.0 749.0 589.0 769.0 589.0 Van 1
853.0 444.0 834.0 444.0 834.0 437.0 853.0 437.0 Van 1
854.0 453.0 834.0 453.0 834.0 446.0 854.0 446.0 Van 1
848.422119 624.728027 845.0 632.0 828.0 624.0 831.422119 616.728027 Van 1
793.04895 654.992737 772.902222 658.014709 771.853271 651.022034 792.0 648.000061 Van 1
763.398376 659.02655 763.000183 665.000061 747.60199 663.973572 748.000183 658.000061 Van 1
849.68457 686.924927 848.0 694.0 827.0 689.0 828.68457 681.924927 Van 1
171.0 14.0 163.0 14.0 163.0 0.0 171.0 0.0 Van 1
140.0 227.000015 131.968964 227.472427 130.968964 210.472427 139.0 210.000015 Van 1
139.0 328.0 131.0 328.0 131.0 312.0 139.0 312.0 Van 1
192.000015 852.0 184.031143 852.498047 183.000015 836.0 190.968887 835.501953 Van 1
196.999985 761.000061 194.97377 776.196594 185.999985 775.000061 188.026199 759.803528 Van 1
196.0 367.0 188.0 367.0 188.0 353.0 196.0 353.0 Van 1
196.0 157.0 186.0 157.0 186.0 139.0 196.0 139.0 Van 1
197.0 91.0 187.0 91.0 187.0 72.0 197.0 72.0 Van 1
914.0 295.0 906.0 295.0 906.0 282.0 914.0 282.0 Van 1
650.0 431.0 642.0 431.0 642.0 415.0 650.0 415.0 Van 1
684.069031 416.827576 678.000061 432.0 670.931091 429.172424 677.000061 414.0 Van 1
631.0 482.0 629.095703 488.030212 610.0 482.0 611.904297 475.969788 Van 1
760.20697 419.482758 754.000061 434.999969 744.862122 431.344818 751.069031 415.827606 Van 1
806.342468 418.753448 801.000061 433.000031 793.000061 430.000031 798.342468 415.753448 Van 1
712.0 475.0 692.0 475.0 692.0 468.0 712.0 468.0 Van 1
713.0 520.0 692.0 520.0 692.0 513.0 713.0 513.0 Van 1
774.0 485.0 753.0 485.0 753.0 479.0 774.0 479.0 Van 1
771.0 502.0 751.0 502.0 751.0 497.0 771.0 497.0 Van 1
770.0 520.0 752.0 520.0 752.0 513.0 770.0 513.0 Van 1
769.317505 579.985657 747.0 581.000061 746.682495 574.014465 769.0 573.000061 Van 1
769.0 596.0 749.0 596.0 749.0 589.0 769.0 589.0 Van 1
853.0 444.0 834.0 444.0 834.0 437.0 853.0 437.0 Van 1
854.0 453.0 834.0 453.0 834.0 446.0 854.0 446.0 Van 1
848.422119 624.728027 845.0 632.0 828.0 624.0 831.422119 616.728027 Van 1
793.04895 654.992737 772.902222 658.014709 771.853271 651.022034 792.0 648.000061 Van 1
763.398376 659.02655 763.000183 665.000061 747.60199 663.973572 748.000183 658.000061 Van 1
849.68457 686.924927 848.0 694.0 827.0 689.0 828.68457 681.924927 Van 1
