14.812286 40.095562 14.0 46.999996 0.0 45.352936 0.0 38.35294 Van 1
108.351738 273.020691 108.000008 279.0 90.648277 277.979309 91.000008 272.0 Van 1
108.0 260.0 102.0 260.0 102.0 249.0 108.0 249.0 Van 1
140.367401 246.980667 121.0 248.000015 120.632599 241.019363 140.0 240.000015 Van 1
73.036278 192.937836 66.000008 205.0 60.963737 202.062164 68.000008 190.0 Van 1
109.471489 127.191711 101.999992 140.0 96.528496 136.808289 103.999992 124.0 Van 1
328.969055 144.464615 327.969055 159.464615 321.0 159.000015 322.0 144.000015 Van 1
287.0 981.0 279.0 981.0 279.0 967.0 287.0 967.0 Van 1
333.102753 944.016235 332.000031 951.0 312.897308 947.983765 314.000031 941.0 Van 1
264.0 745.0 256.0 745.0 256.0 730.0 264.0 730.0 Van 1
254.0 729.0 252.0 743.0 245.0 742.0 247.0 728.0 Van 1
240.034515 786.586182 239.000031 799.0 231.965546 798.413818 233.000031 786.0 Van 1
574.0 748.0 555.0 748.0 555.0 742.0 574.0 742.0 Van 1
576.0 708.0 558.0 708.0 558.0 701.0 576.0 701.0 Van 1
576.387695 694.021484 576.0 701.0 557.612305 699.978516 558.0 693.0 Van 1
577.0 684.0 559.0 684.0 559.0 677.0 577.0 677.0 Van 1
576.373535 662.023438 576.0 668.000122 559.626465 666.976807 560.0 661.000122 Van 1
576.0 660.0 560.0 660.0 560.0 653.0 576.0 653.0 Van 1
577.0 651.0 559.0 651.0 559.0 645.0 577.0 645.0 Van 1
187.0 547.0 172.0 547.0 172.0 542.0 187.0 542.0 Van 1
444.041412 471.496613 438.000031 472.000031 437.000031 460.000031 443.041412 459.496613 Van 1
478.031128 431.498077 470.0 432.000031 469.0 416.000031 477.031128 415.498077 Van 1
493.027588 431.468994 484.0 432.0 482.972412 414.531006 492.0 414.0 Van 1
507.0 382.0 487.947937 384.005493 487.0 375.0 506.052063 372.994507 Van 1
554.000061 416.000061 537.877014 418.015442 537.000061 411.000061 553.123108 408.98468 Van 1
552.102661 398.983826 533.102661 401.983826 532.0 395.000061 551.0 392.000061 Van 1
549.351562 383.03241 529.351562 384.03241 529.0 377.0 549.0 376.0 Van 1
547.755005 374.928101 526.755005 376.928101 526.0 369.0 547.0 367.0 Van 1
532.999939 359.0 513.999939 360.0 513.577332 351.969604 532.577332 350.969604 Van 1
531.0 350.0 511.739746 352.027405 511.0 345.0 530.260254 342.972595 Van 1
527.0 343.000031 511.469086 344.035431 511.000092 337.000031 526.531006 335.96463 Van 1
523.0 317.0 504.780487 319.024414 503.999969 312.0 522.219482 309.975586 Van 1
507.999969 309.0 501.011505 310.075134 498.988373 296.924866 505.976837 295.849731 Van 1
483.861542 285.892365 467.000031 288.000031 466.138519 281.107697 483.000031 279.000031 Van 1
731.000061 400.000061 716.000061 401.000061 715.531067 393.964661 730.531067 392.964661 Van 1
734.0 389.0 714.739746 391.027405 714.0 384.0 733.260254 381.972595 Van 1
644.999939 480.0 637.159973 481.119995 635.159973 467.119995 642.999939 466.0 Van 1
915.0 167.000015 894.604004 169.039627 894.0 163.000015 914.395996 160.960403 Van 1
904.000061 129.0 888.803528 131.026215 888.000061 125.0 903.196594 122.973785 Van 1
14.812286 40.095562 14.0 46.999996 0.0 45.352936 0.0 38.35294 Van 1
108.351738 273.020691 108.000008 279.0 90.648277 277.979309 91.000008 272.0 Van 1
108.0 260.0 102.0 260.0 102.0 249.0 108.0 249.0 Van 1
140.367401 246.980667 121.0 248.000015 120.632599 241.019363 140.0 240.000015 Van 1
73.036278 192.937836 66.000008 205.0 60.963737 202.062164 68.000008 190.0 Van 1
109.471489 127.191711 101.999992 140.0 96.528496 136.808289 103.999992 124.0 Van 1
328.969055 144.464615 327.969055 159.464615 321.0 159.000015 322.0 144.000015 Van 1
287.0 981.0 279.0 981.0 279.0 967.0 287.0 967.0 Van 1
333.102753 944.016235 332.000031 951.0 312.897308 947.983765 314.000031 941.0 Van 1
264.0 745.0 256.0 745.0 256.0 730.0 264.0 730.0 Van 1
254.0 729.0 252.0 743.0 245.0 742.0 247.0 728.0 Van 1
240.034515 786.586182 239.000031 799.0 231.965546 798.413818 233.000031 786.0 Van 1
574.0 748.0 555.0 748.0 555.0 742.0 574.0 742.0 Van 1
576.0 708.0 558.0 708.0 558.0 701.0 576.0 701.0 Van 1
576.387695 694.021484 576.0 701.0 557.612305 699.978516 558.0 693.0 Van 1
577.0 684.0 559.0 684.0 559.0 677.0 577.0 677.0 Van 1
576.373535 662.023438 576.0 668.000122 559.626465 666.976807 560.0 661.000122 Van 1
576.0 660.0 560.0 660.0 560.0 653.0 576.0 653.0 Van 1
577.0 651.0 559.0 651.0 559.0 645.0 577.0 645.0 Van 1
187.0 547.0 172.0 547.0 172.0 542.0 187.0 542.0 Van 1
444.041412 471.496613 438.000031 472.000031 437.000031 460.000031 443.041412 459.496613 Van 1
478.031128 431.498077 470.0 432.000031 469.0 416.000031 477.031128 415.498077 Van 1
493.027588 431.468994 484.0 432.0 482.972412 414.531006 492.0 414.0 Van 1
507.0 382.0 487.947937 384.005493 487.0 375.0 506.052063 372.994507 Van 1
554.000061 416.000061 537.877014 418.015442 537.000061 411.000061 553.123108 408.98468 Van 1
552.102661 398.983826 533.102661 401.983826 532.0 395.000061 551.0 392.000061 Van 1
549.351562 383.03241 529.351562 384.03241 529.0 377.0 549.0 376.0 Van 1
547.755005 374.928101 526.755005 376.928101 526.0 369.0 547.0 367.0 Van 1
532.999939 359.0 513.999939 360.0 513.577332 351.969604 532.577332 350.969604 Van 1
531.0 350.0 511.739746 352.027405 511.0 345.0 530.260254 342.972595 Van 1
527.0 343.000031 511.469086 344.035431 511.000092 337.000031 526.531006 335.96463 Van 1
523.0 317.0 504.780487 319.024414 503.999969 312.0 522.219482 309.975586 Van 1
507.999969 309.0 501.011505 310.075134 498.988373 296.924866 505.976837 295.849731 Van 1
483.861542 285.892365 467.000031 288.000031 466.138519 281.107697 483.000031 279.000031 Van 1
731.000061 400.000061 716.000061 401.000061 715.531067 393.964661 730.531067 392.964661 Van 1
734.0 389.0 714.739746 391.027405 714.0 384.0 733.260254 381.972595 Van 1
644.999939 480.0 637.159973 481.119995 635.159973 467.119995 642.999939 466.0 Van 1
915.0 167.000015 894.604004 169.039627 894.0 163.000015 914.395996 160.960403 Van 1
904.000061 129.0 888.803528 131.026215 888.000061 125.0 903.196594 122.973785 Van 1
14.812286 40.095562 14.0 46.999996 0.0 45.352936 0.0 38.35294 Van 1
108.351738 273.020691 108.000008 279.0 90.648277 277.979309 91.000008 272.0 Van 1
108.0 260.0 102.0 260.0 102.0 249.0 108.0 249.0 Van 1
140.367401 246.980667 121.0 248.000015 120.632599 241.019363 140.0 240.000015 Van 1
73.036278 192.937836 66.000008 205.0 60.963737 202.062164 68.000008 190.0 Van 1
109.471489 127.191711 101.999992 140.0 96.528496 136.808289 103.999992 124.0 Van 1
328.969055 144.464615 327.969055 159.464615 321.0 159.000015 322.0 144.000015 Van 1
287.0 981.0 279.0 981.0 279.0 967.0 287.0 967.0 Van 1
333.102753 944.016235 332.000031 951.0 312.897308 947.983765 314.000031 941.0 Van 1
264.0 745.0 256.0 745.0 256.0 730.0 264.0 730.0 Van 1
254.0 729.0 252.0 743.0 245.0 742.0 247.0 728.0 Van 1
240.034515 786.586182 239.000031 799.0 231.965546 798.413818 233.000031 786.0 Van 1
574.0 748.0 555.0 748.0 555.0 742.0 574.0 742.0 Van 1
576.0 708.0 558.0 708.0 558.0 701.0 576.0 701.0 Van 1
576.387695 694.021484 576.0 701.0 557.612305 699.978516 558.0 693.0 Van 1
577.0 684.0 559.0 684.0 559.0 677.0 577.0 677.0 Van 1
576.373535 662.023438 576.0 668.000122 559.626465 666.976807 560.0 661.000122 Van 1
576.0 660.0 560.0 660.0 560.0 653.0 576.0 653.0 Van 1
577.0 651.0 559.0 651.0 559.0 645.0 577.0 645.0 Van 1
187.0 547.0 172.0 547.0 172.0 542.0 187.0 542.0 Van 1
444.041412 471.496613 438.000031 472.000031 437.000031 460.000031 443.041412 459.496613 Van 1
478.031128 431.498077 470.0 432.000031 469.0 416.000031 477.031128 415.498077 Van 1
493.027588 431.468994 484.0 432.0 482.972412 414.531006 492.0 414.0 Van 1
507.0 382.0 487.947937 384.005493 487.0 375.0 506.052063 372.994507 Van 1
554.000061 416.000061 537.877014 418.015442 537.000061 411.000061 553.123108 408.98468 Van 1
552.102661 398.983826 533.102661 401.983826 532.0 395.000061 551.0 392.000061 Van 1
549.351562 383.03241 529.351562 384.03241 529.0 377.0 549.0 376.0 Van 1
547.755005 374.928101 526.755005 376.928101 526.0 369.0 547.0 367.0 Van 1
532.999939 359.0 513.999939 360.0 513.577332 351.969604 532.577332 350.969604 Van 1
531.0 350.0 511.739746 352.027405 511.0 345.0 530.260254 342.972595 Van 1
527.0 343.000031 511.469086 344.035431 511.000092 337.000031 526.531006 335.96463 Van 1
523.0 317.0 504.780487 319.024414 503.999969 312.0 522.219482 309.975586 Van 1
507.999969 309.0 501.011505 310.075134 498.988373 296.924866 505.976837 295.849731 Van 1
483.861542 285.892365 467.000031 288.000031 466.138519 281.107697 483.000031 279.000031 Van 1
731.000061 400.000061 716.000061 401.000061 715.531067 393.964661 730.531067 392.964661 Van 1
734.0 389.0 714.739746 391.027405 714.0 384.0 733.260254 381.972595 Van 1
644.999939 480.0 637.159973 481.119995 635.159973 467.119995 642.999939 466.0 Van 1
915.0 167.000015 894.604004 169.039627 894.0 163.000015 914.395996 160.960403 Van 1
904.000061 129.0 888.803528 131.026215 888.000061 125.0 903.196594 122.973785 Van 1
