846.999878 56.999992 835.859741 63.076424 831.999878 55.999992 843.140015 49.923561 Van 1
809.569153 71.136017 790.569153 77.136017 787.999939 69.0 806.999939 63.0 Van 1
823.400024 79.800011 803.0 90.000008 799.599976 83.200005 820.0 73.000008 Van 1
833.33783 96.868637 815.000061 104.0 811.903503 96.037537 830.241272 88.906174 Van 1
855.000122 116.999985 833.000122 127.999985 829.000122 119.999985 851.000122 108.999985 Van 1
874.000061 140.000031 857.103455 147.241425 853.948303 139.879364 870.84491 132.63797 Van 1
851.999939 63.000023 838.809753 69.087822 835.999939 63.000023 849.190125 56.912224 Van 1
871.000061 85.000038 855.061584 94.107735 851.061584 87.107735 867.000061 78.000038 Van 1
885.0 97.999969 867.0 109.999969 862.230713 102.84613 880.230713 90.84613 Van 1
911.434326 129.831116 893.0 137.0 889.565674 128.168915 908.0 121.000031 Van 1
933.999939 69.999992 921.928894 75.029579 918.999939 67.999992 931.070984 62.970406 Van 1
919.000122 47.000008 900.000122 55.000008 896.687134 47.131775 915.687134 39.131775 Van 1
865.636475 0.0 882.476196 0.0 883.0 1.000016 862.0 12.000016 Van 1
813.000122 22.000031 797.835938 29.076675 795.000122 23.000034 810.164307 15.923389 Van 1
758.29303 9.318089 738.29303 18.318087 734.999939 11.0 754.999939 2.000002 Van 1
887.999939 219.999985 886.421936 229.07338 862.999939 224.999985 864.577942 215.92659 Van 1
887.18927 211.864868 886.000061 219.0 868.000061 216.0 869.18927 208.864868 Van 1
892.366943 205.110107 890.0 213.000031 869.633057 206.889954 872.0 199.000031 Van 1
893.098511 196.02594 891.000122 204.000031 871.901733 198.974121 874.000122 191.000031 Van 1
898.0 187.0 896.041504 196.009033 873.0 191.0 874.958496 181.990967 Van 1
833.0 245.999969 831.527954 254.095978 809.527954 250.095978 811.0 241.999969 Van 1
806.924316 284.981873 805.0 293.0 780.0 287.0 781.924316 278.981873 Van 1
793.397949 148.281021 778.397949 155.281021 775.000122 147.999985 790.000122 140.999985 Van 1
782.2547 170.858566 763.9151 181.047256 760.000061 174.000076 778.339661 163.811386 Van 1
771.33783 159.868607 753.000061 166.999985 749.903503 159.037521 768.241272 151.906143 Van 1
759.524414 143.691513 742.0 153.999985 737.475586 146.308456 755.0 135.999985 Van 1
732.219055 114.897827 717.000061 122.000015 713.781067 115.102203 729.000061 108.000015 Van 1
758.000061 102.999985 741.000061 112.999985 737.60675 107.231354 754.60675 97.231354 Van 1
752.0 96.0 735.952515 105.026703 732.0 98.0 748.047485 88.973297 Van 1
702.137817 76.927032 684.770264 86.121628 681.0 79.0 698.367554 69.805405 Van 1
682.0 56.000046 661.0 65.000046 658.0 58.000046 679.0 49.000046 Van 1
645.202332 104.876389 627.000061 115.999985 622.797791 109.123581 641.000061 97.999985 Van 1
654.280334 122.847107 643.000061 128.999969 638.719788 121.152832 650.000061 114.999969 Van 1
664.000061 128.000015 645.600037 137.200027 642.000061 130.000015 660.400085 120.800003 Van 1
670.000061 135.0 651.600037 144.200012 648.000061 137.0 666.400085 127.799988 Van 1
676.0 206.0 673.0 215.0 652.0 208.0 655.0 199.0 Van 1
618.03302 186.038055 610.000061 192.999969 596.967102 177.961914 605.000061 171.0 Van 1
588.000122 153.000031 581.000122 159.000031 569.917725 146.070618 576.917725 140.070618 Van 1
573.000061 136.999985 566.336487 142.414108 553.000061 125.999985 559.663635 120.585861 Van 1
618.712158 120.599419 602.0 130.000015 598.287842 123.400597 615.0 114.0 Van 1
602.362122 99.844818 581.362122 108.844818 578.000061 100.999985 599.000061 91.999985 Van 1
595.0 93.0 576.0 101.0 572.536499 92.774124 591.536499 84.774124 Van 1
963.000061 325.0 962.302185 333.026245 939.000061 331.0 939.697937 322.973755 Van 1
140.054047 102.675674 137.0 121.0 126.945946 119.324326 130.0 101.0 Van 1
162.0 111.000015 159.0 126.000015 149.961548 124.192322 152.961548 109.192322 Van 1
209.071991 126.896011 200.071991 139.896011 193.0 135.000015 202.0 122.000015 Van 1
242.280914 136.550583 232.000031 153.000015 224.719116 148.449448 235.0 132.000015 Van 1
143.103073 161.731979 137.999985 175.000015 130.896896 172.268051 135.999985 159.000015 Van 1
133.0 158.999985 125.782394 171.373032 120.000008 167.999985 127.217621 155.626938 Van 1
589.251465 324.896423 572.0 332.0 568.748535 324.103577 586.0 317.0 Van 1
622.104919 407.786011 613.000061 409.0 610.895203 393.213989 620.000061 392.0 Van 1
647.0 420.999969 636.033813 421.609222 635.033813 403.609222 646.0 402.999969 Van 1
658.000061 423.000031 649.035095 423.560333 648.000061 407.000031 656.965027 406.439728 Van 1
684.0 441.000031 676.031128 441.498077 675.0 425.000031 682.968872 424.501984 Van 1
579.000061 420.000092 557.000061 427.000092 554.412781 418.868744 576.412781 411.868744 Van 1
588.000061 425.000061 572.000061 433.000061 569.000061 427.000061 585.000061 419.000061 Van 1
602.0 429.999969 581.0 437.999969 578.623779 431.76236 599.623779 423.76236 Van 1
520.0 418.999969 517.046387 427.017059 498.0 419.999969 500.953613 411.98288 Van 1
520.000061 431.0 516.742126 437.877808 497.742126 428.877808 501.000061 422.0 Van 1
517.0 439.000031 514.241333 446.093842 496.241272 439.093842 498.999939 432.000031 Van 1
579.000061 439.000061 561.000061 445.000061 559.000061 439.000061 577.000061 433.000061 Van 1
600.509766 449.812256 581.0 457.000061 578.490234 450.187866 598.0 443.000061 Van 1
638.0 466.000061 621.876953 468.015442 621.0 461.000061 637.123047 458.98468 Van 1
652.20636 468.934357 629.999939 476.000031 627.793518 469.065704 649.999939 462.000031 Van 1
695.087402 470.948669 678.087402 480.948669 674.0 474.000061 691.0 464.000061 Van 1
768.022217 472.331909 758.000122 473.000061 757.000122 458.000061 767.022217 457.331909 Van 1
779.0 478.0 770.0 478.0 770.0 462.0 779.0 462.0 Van 1
794.0 483.0 783.0 483.0 783.0 465.0 794.0 465.0 Van 1
734.119446 484.963684 711.000061 492.0 708.880676 485.036316 732.000061 478.0 Van 1
779.0 505.0 758.482788 513.206909 756.0 507.0 776.517212 498.793091 Van 1
793.000122 511.0 770.587402 518.131348 768.000122 510.0 790.412842 502.868652 Van 1
834.609131 535.527893 829.0 541.999939 813.390869 528.471985 819.0 521.999939 Van 1
820.038086 575.032959 814.0 582.0 798.961914 568.967041 805.0 562.0 Van 1
814.537842 597.455139 808.999878 603.999939 795.461914 592.544739 800.999878 585.999939 Van 1
808.087402 614.051392 804.0 621.0 786.912598 610.948608 791.0 604.0 Van 1
801.271729 623.249023 796.0 629.0 783.728271 617.750977 789.0 612.0 Van 1
795.000061 642.0 787.811829 650.847046 771.811829 637.847046 779.000061 629.0 Van 1
516.0 459.0 513.034912 466.624695 495.034882 459.624695 498.0 452.0 Van 1
515.927856 469.412354 513.000061 476.0 495.000031 468.0 497.927856 461.412354 Van 1
516.509766 479.187836 514.0 486.000031 494.490265 478.812225 497.000061 472.000031 Van 1
514.478516 519.151123 511.999969 527.0 492.521393 520.848877 494.999969 513.0 Van 1
562.0 486.0 552.0 486.0 552.0 469.0 562.0 469.0 Van 1
574.000061 488.000092 566.000061 489.000092 564.000061 473.000092 572.000061 472.000092 Van 1
586.0 491.999969 577.006836 493.058014 575.0 475.999969 583.993164 474.941925 Van 1
598.0 498.0 588.0 498.0 588.0 481.0 598.0 481.0 Van 1
622.368896 505.057373 611.368896 506.057373 610.0 491.0 621.0 490.0 Van 1
634.000061 514.0 624.000061 515.0 622.396057 498.960388 632.396057 497.960388 Van 1
657.999939 524.0 647.034119 525.290161 644.999939 508.0 655.965759 506.709839 Van 1
716.000061 546.000061 705.945984 547.67572 702.945984 529.67572 713.000061 528.000061 Van 1
611.023315 519.373535 601.0 520.0 599.976685 503.626465 610.0 503.0 Van 1
624.023438 526.373596 614.000122 527.000061 612.976807 510.626526 623.000122 510.000061 Van 1
635.0 531.0 626.035034 531.560303 625.0 515.0 633.964966 514.439697 Van 1
646.0 533.0 636.0 533.0 636.0 518.0 646.0 518.0 Van 1
682.670837 557.036621 673.670837 558.036621 672.000061 543.0 681.000061 542.0 Van 1
706.901611 564.918091 695.901611 565.918091 694.0 545.0 705.0 544.0 Van 1
754.0 587.0 744.0 587.0 744.0 571.0 754.0 571.0 Van 1
764.022583 573.520691 753.0 573.999939 752.0 550.999939 763.022583 550.520691 Van 1
746.400085 609.799988 726.000061 619.999939 722.600037 613.19989 743.000061 602.999939 Van 1
711.495789 595.175476 688.495789 603.175476 686.000061 596.000061 709.000061 588.000061 Van 1
699.999939 590.0 677.919617 598.029175 674.999939 590.0 697.080261 581.970825 Van 1
664.0 574.000061 644.871094 583.061096 642.0 577.000061 661.128906 567.939026 Van 1
673.021484 595.612244 672.021484 613.612244 661.0 612.999939 662.0 594.999939 Van 1
602.000061 579.999939 592.000061 580.999939 590.297058 563.970276 600.297058 562.970276 Van 1
577.000061 566.000061 568.09967 568.373474 564.000061 553.000061 572.900452 550.626648 Van 1
592.0 544.999939 571.0 552.999939 568.291138 545.889099 589.291138 537.889099 Van 1
582.400085 538.80011 562.000061 549.000061 558.000061 541.000061 578.400085 530.80011 Van 1
570.495361 535.842468 548.0 543.000061 545.504639 535.157654 568.0 528.000061 Van 1
585.0 601.0 569.609863 612.286133 565.0 606.0 580.390137 594.713867 Van 1
573.0 598.000061 556.0 607.000061 551.40271 598.316223 568.40271 589.316223 Van 1
559.0 592.000061 543.0 600.000061 539.800049 593.600037 555.800049 585.600037 Van 1
549.609863 586.286133 534.609863 597.286133 530.0 591.0 545.0 580.0 Van 1
916.019409 735.688721 915.0 752.0 903.980591 751.311279 905.0 735.0 Van 1
811.0 842.0 790.401489 843.029907 790.0 835.0 810.598511 833.970093 Van 1
837.0 823.0 810.0 823.0 810.0 815.0 837.0 815.0 Van 1
602.349121 835.017456 602.0 842.0 581.650879 840.982544 582.0 834.0 Van 1
404.390564 853.983032 381.0 855.0 380.609436 846.016968 404.0 845.0 Van 1
933.0 901.000061 932.0 918.000061 920.97937 917.351746 921.97937 900.351746 Van 1
917.0 914.0 907.020508 915.174072 905.0 898.0 914.979492 896.825928 Van 1
789.626038 44.705414 771.999939 53.000031 768.37384 45.294647 785.999939 37.000031 Van 1
846.999878 56.999992 835.859741 63.076424 831.999878 55.999992 843.140015 49.923561 Van 1
809.569153 71.136017 790.569153 77.136017 787.999939 69.0 806.999939 63.0 Van 1
823.400024 79.800011 803.0 90.000008 799.599976 83.200005 820.0 73.000008 Van 1
833.33783 96.868637 815.000061 104.0 811.903503 96.037537 830.241272 88.906174 Van 1
855.000122 116.999985 833.000122 127.999985 829.000122 119.999985 851.000122 108.999985 Van 1
874.000061 140.000031 857.103455 147.241425 853.948303 139.879364 870.84491 132.63797 Van 1
851.999939 63.000023 838.809753 69.087822 835.999939 63.000023 849.190125 56.912224 Van 1
871.000061 85.000038 855.061584 94.107735 851.061584 87.107735 867.000061 78.000038 Van 1
885.0 97.999969 867.0 109.999969 862.230713 102.84613 880.230713 90.84613 Van 1
911.434326 129.831116 893.0 137.0 889.565674 128.168915 908.0 121.000031 Van 1
933.999939 69.999992 921.928894 75.029579 918.999939 67.999992 931.070984 62.970406 Van 1
919.000122 47.000008 900.000122 55.000008 896.687134 47.131775 915.687134 39.131775 Van 1
865.636475 0.0 882.476196 0.0 883.0 1.000016 862.0 12.000016 Van 1
813.000122 22.000031 797.835938 29.076675 795.000122 23.000034 810.164307 15.923389 Van 1
758.29303 9.318089 738.29303 18.318087 734.999939 11.0 754.999939 2.000002 Van 1
887.999939 219.999985 886.421936 229.07338 862.999939 224.999985 864.577942 215.92659 Van 1
887.18927 211.864868 886.000061 219.0 868.000061 216.0 869.18927 208.864868 Van 1
892.366943 205.110107 890.0 213.000031 869.633057 206.889954 872.0 199.000031 Van 1
893.098511 196.02594 891.000122 204.000031 871.901733 198.974121 874.000122 191.000031 Van 1
898.0 187.0 896.041504 196.009033 873.0 191.0 874.958496 181.990967 Van 1
833.0 245.999969 831.527954 254.095978 809.527954 250.095978 811.0 241.999969 Van 1
806.924316 284.981873 805.0 293.0 780.0 287.0 781.924316 278.981873 Van 1
793.397949 148.281021 778.397949 155.281021 775.000122 147.999985 790.000122 140.999985 Van 1
782.2547 170.858566 763.9151 181.047256 760.000061 174.000076 778.339661 163.811386 Van 1
771.33783 159.868607 753.000061 166.999985 749.903503 159.037521 768.241272 151.906143 Van 1
759.524414 143.691513 742.0 153.999985 737.475586 146.308456 755.0 135.999985 Van 1
732.219055 114.897827 717.000061 122.000015 713.781067 115.102203 729.000061 108.000015 Van 1
758.000061 102.999985 741.000061 112.999985 737.60675 107.231354 754.60675 97.231354 Van 1
752.0 96.0 735.952515 105.026703 732.0 98.0 748.047485 88.973297 Van 1
702.137817 76.927032 684.770264 86.121628 681.0 79.0 698.367554 69.805405 Van 1
682.0 56.000046 661.0 65.000046 658.0 58.000046 679.0 49.000046 Van 1
645.202332 104.876389 627.000061 115.999985 622.797791 109.123581 641.000061 97.999985 Van 1
654.280334 122.847107 643.000061 128.999969 638.719788 121.152832 650.000061 114.999969 Van 1
664.000061 128.000015 645.600037 137.200027 642.000061 130.000015 660.400085 120.800003 Van 1
670.000061 135.0 651.600037 144.200012 648.000061 137.0 666.400085 127.799988 Van 1
676.0 206.0 673.0 215.0 652.0 208.0 655.0 199.0 Van 1
618.03302 186.038055 610.000061 192.999969 596.967102 177.961914 605.000061 171.0 Van 1
588.000122 153.000031 581.000122 159.000031 569.917725 146.070618 576.917725 140.070618 Van 1
573.000061 136.999985 566.336487 142.414108 553.000061 125.999985 559.663635 120.585861 Van 1
618.712158 120.599419 602.0 130.000015 598.287842 123.400597 615.0 114.0 Van 1
602.362122 99.844818 581.362122 108.844818 578.000061 100.999985 599.000061 91.999985 Van 1
595.0 93.0 576.0 101.0 572.536499 92.774124 591.536499 84.774124 Van 1
963.000061 325.0 962.302185 333.026245 939.000061 331.0 939.697937 322.973755 Van 1
140.054047 102.675674 137.0 121.0 126.945946 119.324326 130.0 101.0 Van 1
162.0 111.000015 159.0 126.000015 149.961548 124.192322 152.961548 109.192322 Van 1
209.071991 126.896011 200.071991 139.896011 193.0 135.000015 202.0 122.000015 Van 1
242.280914 136.550583 232.000031 153.000015 224.719116 148.449448 235.0 132.000015 Van 1
143.103073 161.731979 137.999985 175.000015 130.896896 172.268051 135.999985 159.000015 Van 1
133.0 158.999985 125.782394 171.373032 120.000008 167.999985 127.217621 155.626938 Van 1
589.251465 324.896423 572.0 332.0 568.748535 324.103577 586.0 317.0 Van 1
622.104919 407.786011 613.000061 409.0 610.895203 393.213989 620.000061 392.0 Van 1
647.0 420.999969 636.033813 421.609222 635.033813 403.609222 646.0 402.999969 Van 1
658.000061 423.000031 649.035095 423.560333 648.000061 407.000031 656.965027 406.439728 Van 1
684.0 441.000031 676.031128 441.498077 675.0 425.000031 682.968872 424.501984 Van 1
579.000061 420.000092 557.000061 427.000092 554.412781 418.868744 576.412781 411.868744 Van 1
588.000061 425.000061 572.000061 433.000061 569.000061 427.000061 585.000061 419.000061 Van 1
602.0 429.999969 581.0 437.999969 578.623779 431.76236 599.623779 423.76236 Van 1
520.0 418.999969 517.046387 427.017059 498.0 419.999969 500.953613 411.98288 Van 1
520.000061 431.0 516.742126 437.877808 497.742126 428.877808 501.000061 422.0 Van 1
517.0 439.000031 514.241333 446.093842 496.241272 439.093842 498.999939 432.000031 Van 1
579.000061 439.000061 561.000061 445.000061 559.000061 439.000061 577.000061 433.000061 Van 1
600.509766 449.812256 581.0 457.000061 578.490234 450.187866 598.0 443.000061 Van 1
638.0 466.000061 621.876953 468.015442 621.0 461.000061 637.123047 458.98468 Van 1
652.20636 468.934357 629.999939 476.000031 627.793518 469.065704 649.999939 462.000031 Van 1
695.087402 470.948669 678.087402 480.948669 674.0 474.000061 691.0 464.000061 Van 1
768.022217 472.331909 758.000122 473.000061 757.000122 458.000061 767.022217 457.331909 Van 1
779.0 478.0 770.0 478.0 770.0 462.0 779.0 462.0 Van 1
794.0 483.0 783.0 483.0 783.0 465.0 794.0 465.0 Van 1
734.119446 484.963684 711.000061 492.0 708.880676 485.036316 732.000061 478.0 Van 1
779.0 505.0 758.482788 513.206909 756.0 507.0 776.517212 498.793091 Van 1
793.000122 511.0 770.587402 518.131348 768.000122 510.0 790.412842 502.868652 Van 1
834.609131 535.527893 829.0 541.999939 813.390869 528.471985 819.0 521.999939 Van 1
820.038086 575.032959 814.0 582.0 798.961914 568.967041 805.0 562.0 Van 1
814.537842 597.455139 808.999878 603.999939 795.461914 592.544739 800.999878 585.999939 Van 1
808.087402 614.051392 804.0 621.0 786.912598 610.948608 791.0 604.0 Van 1
801.271729 623.249023 796.0 629.0 783.728271 617.750977 789.0 612.0 Van 1
795.000061 642.0 787.811829 650.847046 771.811829 637.847046 779.000061 629.0 Van 1
516.0 459.0 513.034912 466.624695 495.034882 459.624695 498.0 452.0 Van 1
515.927856 469.412354 513.000061 476.0 495.000031 468.0 497.927856 461.412354 Van 1
516.509766 479.187836 514.0 486.000031 494.490265 478.812225 497.000061 472.000031 Van 1
514.478516 519.151123 511.999969 527.0 492.521393 520.848877 494.999969 513.0 Van 1
562.0 486.0 552.0 486.0 552.0 469.0 562.0 469.0 Van 1
574.000061 488.000092 566.000061 489.000092 564.000061 473.000092 572.000061 472.000092 Van 1
586.0 491.999969 577.006836 493.058014 575.0 475.999969 583.993164 474.941925 Van 1
598.0 498.0 588.0 498.0 588.0 481.0 598.0 481.0 Van 1
622.368896 505.057373 611.368896 506.057373 610.0 491.0 621.0 490.0 Van 1
634.000061 514.0 624.000061 515.0 622.396057 498.960388 632.396057 497.960388 Van 1
657.999939 524.0 647.034119 525.290161 644.999939 508.0 655.965759 506.709839 Van 1
716.000061 546.000061 705.945984 547.67572 702.945984 529.67572 713.000061 528.000061 Van 1
611.023315 519.373535 601.0 520.0 599.976685 503.626465 610.0 503.0 Van 1
624.023438 526.373596 614.000122 527.000061 612.976807 510.626526 623.000122 510.000061 Van 1
635.0 531.0 626.035034 531.560303 625.0 515.0 633.964966 514.439697 Van 1
646.0 533.0 636.0 533.0 636.0 518.0 646.0 518.0 Van 1
682.670837 557.036621 673.670837 558.036621 672.000061 543.0 681.000061 542.0 Van 1
706.901611 564.918091 695.901611 565.918091 694.0 545.0 705.0 544.0 Van 1
754.0 587.0 744.0 587.0 744.0 571.0 754.0 571.0 Van 1
764.022583 573.520691 753.0 573.999939 752.0 550.999939 763.022583 550.520691 Van 1
746.400085 609.799988 726.000061 619.999939 722.600037 613.19989 743.000061 602.999939 Van 1
711.495789 595.175476 688.495789 603.175476 686.000061 596.000061 709.000061 588.000061 Van 1
699.999939 590.0 677.919617 598.029175 674.999939 590.0 697.080261 581.970825 Van 1
664.0 574.000061 644.871094 583.061096 642.0 577.000061 661.128906 567.939026 Van 1
673.021484 595.612244 672.021484 613.612244 661.0 612.999939 662.0 594.999939 Van 1
602.000061 579.999939 592.000061 580.999939 590.297058 563.970276 600.297058 562.970276 Van 1
577.000061 566.000061 568.09967 568.373474 564.000061 553.000061 572.900452 550.626648 Van 1
592.0 544.999939 571.0 552.999939 568.291138 545.889099 589.291138 537.889099 Van 1
582.400085 538.80011 562.000061 549.000061 558.000061 541.000061 578.400085 530.80011 Van 1
570.495361 535.842468 548.0 543.000061 545.504639 535.157654 568.0 528.000061 Van 1
585.0 601.0 569.609863 612.286133 565.0 606.0 580.390137 594.713867 Van 1
573.0 598.000061 556.0 607.000061 551.40271 598.316223 568.40271 589.316223 Van 1
559.0 592.000061 543.0 600.000061 539.800049 593.600037 555.800049 585.600037 Van 1
549.609863 586.286133 534.609863 597.286133 530.0 591.0 545.0 580.0 Van 1
916.019409 735.688721 915.0 752.0 903.980591 751.311279 905.0 735.0 Van 1
811.0 842.0 790.401489 843.029907 790.0 835.0 810.598511 833.970093 Van 1
837.0 823.0 810.0 823.0 810.0 815.0 837.0 815.0 Van 1
602.349121 835.017456 602.0 842.0 581.650879 840.982544 582.0 834.0 Van 1
404.390564 853.983032 381.0 855.0 380.609436 846.016968 404.0 845.0 Van 1
933.0 901.000061 932.0 918.000061 920.97937 917.351746 921.97937 900.351746 Van 1
917.0 914.0 907.020508 915.174072 905.0 898.0 914.979492 896.825928 Van 1
789.626038 44.705414 771.999939 53.000031 768.37384 45.294647 785.999939 37.000031 Van 1
