663.0 24.0 636.0 24.0 636.0 18.0 663.0 18.0 Van 1
740.0 24.0 715.0 24.0 715.0 17.0 740.0 17.0 Van 1
664.0 652.0 642.0 652.0 642.0 645.0 664.0 645.0 Van 1
612.260376 646.011353 612.0 652.0 588.739624 650.988647 589.0 645.0 Van 1
477.0 652.0 456.0 652.0 456.0 646.0 477.0 646.0 Van 1
425.0 651.0 395.0 651.0 395.0 643.0 425.0 643.0 Van 1
344.0 651.0 317.0 651.0 317.0 644.0 344.0 644.0 Van 1
868.315002 646.016663 868.000061 652.000061 848.68512 650.983459 849.000061 645.000061 Van 1
225.0 485.0 206.0 485.0 206.0 477.0 225.0 477.0 Van 1
209.0 842.0 201.0 842.0 201.0 827.0 209.0 827.0 Van 1
246.0 787.0 237.0 787.0 237.0 772.0 246.0 772.0 Van 1
247.0 705.0 237.0 705.0 237.0 687.0 247.0 687.0 Van 1
-0.0 975.0 -0.0 975.0 0.0 989.0 0.0 989.0 Van 1
14.0 989.0 3.0 989.0 3.0 974.0 14.0 974.0 Van 1
29.024139 990.410461 19.0 991.000061 18.0 974.000061 28.024139 973.410461 Van 1
40.0 990.0 30.0 990.0 30.0 974.0 40.0 974.0 Van 1
86.0 991.0 75.0 991.0 75.0 973.0 86.0 973.0 Van 1
98.0 992.0 90.0 992.0 90.0 975.0 98.0 975.0 Van 1
245.0 941.0 235.0 941.0 235.0 926.0 245.0 926.0 Van 1
31.999989 726.000061 31.360645 733.032898 8.999995 731.000061 9.639339 723.967224 Van 1
199.000015 570.0 195.171951 578.081421 175.742081 568.877808 179.570145 560.796387 Van 1
663.0 24.0 636.0 24.0 636.0 18.0 663.0 18.0 Van 1
740.0 24.0 715.0 24.0 715.0 17.0 740.0 17.0 Van 1
664.0 652.0 642.0 652.0 642.0 645.0 664.0 645.0 Van 1
612.260376 646.011353 612.0 652.0 588.739624 650.988647 589.0 645.0 Van 1
477.0 652.0 456.0 652.0 456.0 646.0 477.0 646.0 Van 1
425.0 651.0 395.0 651.0 395.0 643.0 425.0 643.0 Van 1
344.0 651.0 317.0 651.0 317.0 644.0 344.0 644.0 Van 1
868.315002 646.016663 868.000061 652.000061 848.68512 650.983459 849.000061 645.000061 Van 1
225.0 485.0 206.0 485.0 206.0 477.0 225.0 477.0 Van 1
209.0 842.0 201.0 842.0 201.0 827.0 209.0 827.0 Van 1
246.0 787.0 237.0 787.0 237.0 772.0 246.0 772.0 Van 1
247.0 705.0 237.0 705.0 237.0 687.0 247.0 687.0 Van 1
-0.0 975.0 -0.0 975.0 0.0 989.0 0.0 989.0 Van 1
14.0 989.0 3.0 989.0 3.0 974.0 14.0 974.0 Van 1
29.024139 990.410461 19.0 991.000061 18.0 974.000061 28.024139 973.410461 Van 1
40.0 990.0 30.0 990.0 30.0 974.0 40.0 974.0 Van 1
86.0 991.0 75.0 991.0 75.0 973.0 86.0 973.0 Van 1
98.0 992.0 90.0 992.0 90.0 975.0 98.0 975.0 Van 1
245.0 941.0 235.0 941.0 235.0 926.0 245.0 926.0 Van 1
31.999989 726.000061 31.360645 733.032898 8.999995 731.000061 9.639339 723.967224 Van 1
199.000015 570.0 195.171951 578.081421 175.742081 568.877808 179.570145 560.796387 Van 1
