925.103149 35.73196 920.103149 48.73196 913.0 46.000004 918.0 33.000004 Van 1
889.517273 53.793106 886.000061 62.0 865.000061 53.0 868.517273 44.793106 Van 1
860.084717 46.058357 855.999878 52.0 839.999878 41.0 844.084717 35.058357 Van 1
826.000122 22.999985 821.544678 28.445526 810.544678 19.445526 815.000122 13.999985 Van 1
812.800049 8.399989 804.800049 4.400024 809.0 -3.999969 817.0 -5e-06 Van 1
1.2e-05 985.000122 -4.147064 978.088379 0.999997 975.000122 5.147074 981.911865 Van 1
15.999939 1005.000061 10.999939 1000.000061 16.999939 994.000061 21.999939 999.000061 Van 1
45.494118 949.576477 38.494118 955.576477 26.0 941.000061 33.0 935.000061 Van 1
52.000031 945.0 46.135162 949.189209 36.000031 935.0 41.864899 930.810791 Van 1
71.0 935.0 64.03299 941.038086 51.0 926.0 57.96701 919.961914 Van 1
67.000031 903.0 49.650414 913.205688 46.000031 907.0 63.349648 896.794312 Van 1
226.875 1000.0 226.875 995.0 237.999969 995.0 237.999969 1000.0 Van 1
375.409851 983.49176 370.0 987.999939 360.0 975.999939 365.409851 971.49176 Van 1
438.000061 914.000122 434.000061 918.000122 425.000061 909.000122 429.000061 905.000122 Van 1
335.341187 851.964722 329.0 856.0 322.0 845.0 328.341187 840.964722 Van 1
190.000015 706.0 184.000015 708.0 180.000015 696.0 186.000015 694.0 Van 1
183.379822 666.933899 160.0 670.999939 158.620178 663.065979 182.0 658.999939 Van 1
225.22818 677.959717 208.0 681.0 206.77182 674.040283 224.0 671.0 Van 1
391.413849 748.965576 391.000031 756.0 374.000031 755.0 374.413849 747.965576 Van 1
405.999969 768.0 384.159943 771.119995 382.999969 763.0 404.839996 759.880005 Van 1
408.048889 775.992676 388.0 779.0 386.951111 772.007324 407.0 769.0 Van 1
415.753906 714.969238 415.000061 721.0 399.000061 719.0 399.753906 712.969238 Van 1
405.029388 726.617615 403.999969 739.999939 395.970551 739.382263 396.999969 725.999939 Van 1
428.0 728.0 424.961548 743.192261 414.961548 741.192261 418.0 726.0 Van 1
436.999939 728.0 432.999939 745.0 423.803223 742.83606 427.803223 725.83606 Van 1
541.0 933.0 526.0 933.0 526.0 924.0 541.0 924.0 Van 1
589.0 908.0 571.0 908.0 571.0 901.0 589.0 901.0 Van 1
590.0 916.0 574.0 916.0 574.0 910.0 590.0 910.0 Van 1
591.0 926.0 571.0 926.0 571.0 918.0 591.0 918.0 Van 1
407.000061 574.000061 401.000061 580.000061 388.000061 567.000061 394.000061 561.000061 Van 1
493.033661 589.853882 489.999969 603.0 481.966278 601.146118 484.999969 588.0 Van 1
526.51355 620.918945 525.0 630.0 507.000031 627.0 508.51355 617.918945 Van 1
517.169312 640.046143 515.000061 648.0 493.000061 642.0 495.169312 634.046143 Van 1
505.000061 667.000061 503.000061 675.000061 483.000061 670.000061 485.000061 662.000061 Van 1
497.000061 675.0 495.845337 681.158447 479.845337 678.158447 481.000061 672.0 Van 1
542.0 686.0 541.044678 693.006104 519.0 690.0 519.955322 682.993896 Van 1
537.0 694.000061 536.246094 700.030823 520.0 698.000061 520.753906 691.969299 Van 1
465.596313 341.321106 462.0 348.0 448.403687 340.678894 452.0 334.0 Van 1
551.0 477.0 530.0 477.0 530.0 470.0 551.0 470.0 Van 1
663.000061 703.0 656.87677 719.328735 648.000061 716.0 654.123352 699.671265 Van 1
641.400085 655.199951 633.000061 672.0 626.600037 668.800049 635.000061 652.0 Van 1
674.0 671.999939 666.024658 672.443054 665.0 653.999939 672.975342 653.556824 Van 1
735.19989 1003.399963 733.000061 999.000183 739.80011 995.600159 741.999939 999.999939 Van 1
735.000061 987.0 728.600037 991.800049 719.600037 979.800049 726.000061 975.0 Van 1
755.195618 990.970703 735.000061 994.0 733.804504 986.029297 754.000061 983.0 Van 1
768.30011 994.900208 756.000061 999.000183 754.000061 993.000183 766.30011 988.900208 Van 1
799.0 984.000122 788.800049 987.400146 782.800049 969.400146 793.0 966.000122 Van 1
881.0 935.000061 859.846191 939.230774 857.846191 929.230774 879.0 925.000061 Van 1
838.000122 928.000122 818.000122 933.000122 816.000122 925.000122 836.000122 920.000122 Van 1
789.0 817.0 780.0 817.0 780.0 801.0 789.0 801.0 Van 1
798.0 816.0 789.0 816.0 789.0 802.0 798.0 802.0 Van 1
971.0 290.0 954.0 290.0 954.0 283.0 971.0 283.0 Van 1
925.103149 35.73196 920.103149 48.73196 913.0 46.000004 918.0 33.000004 Van 1
889.517273 53.793106 886.000061 62.0 865.000061 53.0 868.517273 44.793106 Van 1
860.084717 46.058357 855.999878 52.0 839.999878 41.0 844.084717 35.058357 Van 1
826.000122 22.999985 821.544678 28.445526 810.544678 19.445526 815.000122 13.999985 Van 1
812.800049 8.399989 804.800049 4.400024 809.0 -3.999969 817.0 -5e-06 Van 1
1.2e-05 985.000122 -4.147064 978.088379 0.999997 975.000122 5.147074 981.911865 Van 1
15.999939 1005.000061 10.999939 1000.000061 16.999939 994.000061 21.999939 999.000061 Van 1
45.494118 949.576477 38.494118 955.576477 26.0 941.000061 33.0 935.000061 Van 1
52.000031 945.0 46.135162 949.189209 36.000031 935.0 41.864899 930.810791 Van 1
71.0 935.0 64.03299 941.038086 51.0 926.0 57.96701 919.961914 Van 1
67.000031 903.0 49.650414 913.205688 46.000031 907.0 63.349648 896.794312 Van 1
226.875 1000.0 226.875 995.0 237.999969 995.0 237.999969 1000.0 Van 1
375.409851 983.49176 370.0 987.999939 360.0 975.999939 365.409851 971.49176 Van 1
438.000061 914.000122 434.000061 918.000122 425.000061 909.000122 429.000061 905.000122 Van 1
335.341187 851.964722 329.0 856.0 322.0 845.0 328.341187 840.964722 Van 1
190.000015 706.0 184.000015 708.0 180.000015 696.0 186.000015 694.0 Van 1
183.379822 666.933899 160.0 670.999939 158.620178 663.065979 182.0 658.999939 Van 1
225.22818 677.959717 208.0 681.0 206.77182 674.040283 224.0 671.0 Van 1
391.413849 748.965576 391.000031 756.0 374.000031 755.0 374.413849 747.965576 Van 1
405.999969 768.0 384.159943 771.119995 382.999969 763.0 404.839996 759.880005 Van 1
408.048889 775.992676 388.0 779.0 386.951111 772.007324 407.0 769.0 Van 1
415.753906 714.969238 415.000061 721.0 399.000061 719.0 399.753906 712.969238 Van 1
405.029388 726.617615 403.999969 739.999939 395.970551 739.382263 396.999969 725.999939 Van 1
428.0 728.0 424.961548 743.192261 414.961548 741.192261 418.0 726.0 Van 1
436.999939 728.0 432.999939 745.0 423.803223 742.83606 427.803223 725.83606 Van 1
541.0 933.0 526.0 933.0 526.0 924.0 541.0 924.0 Van 1
589.0 908.0 571.0 908.0 571.0 901.0 589.0 901.0 Van 1
590.0 916.0 574.0 916.0 574.0 910.0 590.0 910.0 Van 1
591.0 926.0 571.0 926.0 571.0 918.0 591.0 918.0 Van 1
407.000061 574.000061 401.000061 580.000061 388.000061 567.000061 394.000061 561.000061 Van 1
493.033661 589.853882 489.999969 603.0 481.966278 601.146118 484.999969 588.0 Van 1
526.51355 620.918945 525.0 630.0 507.000031 627.0 508.51355 617.918945 Van 1
517.169312 640.046143 515.000061 648.0 493.000061 642.0 495.169312 634.046143 Van 1
505.000061 667.000061 503.000061 675.000061 483.000061 670.000061 485.000061 662.000061 Van 1
497.000061 675.0 495.845337 681.158447 479.845337 678.158447 481.000061 672.0 Van 1
542.0 686.0 541.044678 693.006104 519.0 690.0 519.955322 682.993896 Van 1
537.0 694.000061 536.246094 700.030823 520.0 698.000061 520.753906 691.969299 Van 1
465.596313 341.321106 462.0 348.0 448.403687 340.678894 452.0 334.0 Van 1
551.0 477.0 530.0 477.0 530.0 470.0 551.0 470.0 Van 1
663.000061 703.0 656.87677 719.328735 648.000061 716.0 654.123352 699.671265 Van 1
641.400085 655.199951 633.000061 672.0 626.600037 668.800049 635.000061 652.0 Van 1
674.0 671.999939 666.024658 672.443054 665.0 653.999939 672.975342 653.556824 Van 1
735.19989 1003.399963 733.000061 999.000183 739.80011 995.600159 741.999939 999.999939 Van 1
735.000061 987.0 728.600037 991.800049 719.600037 979.800049 726.000061 975.0 Van 1
755.195618 990.970703 735.000061 994.0 733.804504 986.029297 754.000061 983.0 Van 1
768.30011 994.900208 756.000061 999.000183 754.000061 993.000183 766.30011 988.900208 Van 1
799.0 984.000122 788.800049 987.400146 782.800049 969.400146 793.0 966.000122 Van 1
881.0 935.000061 859.846191 939.230774 857.846191 929.230774 879.0 925.000061 Van 1
838.000122 928.000122 818.000122 933.000122 816.000122 925.000122 836.000122 920.000122 Van 1
789.0 817.0 780.0 817.0 780.0 801.0 789.0 801.0 Van 1
798.0 816.0 789.0 816.0 789.0 802.0 798.0 802.0 Van 1
971.0 290.0 954.0 290.0 954.0 283.0 971.0 283.0 Van 1
