339.0 366.0 323.482788 372.206909 321.0 366.0 336.517212 359.793091 Van 1
318.402344 372.83429 301.0 380.0 298.597656 374.16571 316.0 367.0 Van 1
310.21759 398.373077 304.0 402.000031 297.0 390.000031 303.21759 386.373077 Van 1
319.0 416.0 313.21759 419.373047 306.0 407.0 311.78241 403.626953 Van 1
225.999969 544.0 207.758698 551.093872 205.0 544.0 223.241272 536.906128 Van 1
231.282089 557.226685 212.282089 563.226685 209.999985 556.0 228.999985 550.0 Van 1
231.373062 573.782349 219.000015 581.0 215.626968 575.217651 228.000015 568.0 Van 1
262.0 155.000015 246.0 161.000015 243.328766 153.876724 259.328766 147.876724 Van 1
363.271973 304.577881 356.0 308.0 348.0 291.0 355.271973 287.577881 Van 1
748.0 961.0 741.099976 963.300049 735.0 945.0 741.900024 942.699951 Van 1
1000.0 981.000061 1000.0 984.333374 986.0 989.000061 984.0 983.000061 Van 1
990.768738 912.606689 985.000061 916.0 975.000061 899.0 980.768738 895.606689 Van 1
861.0 658.0 856.0 661.0 848.411743 648.352905 853.411743 645.352905 Van 1
897.0 641.999939 891.30896 645.502136 883.0 631.999939 888.69104 628.497742 Van 1
913.999939 631.0 909.153748 634.230713 902.999939 625.0 907.84613 621.769287 Van 1
987.999878 599.999939 981.999878 603.999939 974.307617 592.461487 980.307617 588.461487 Van 1
1000.0 459.571442 996.0 459.000031 998.0 445.000031 1002.0 445.571442 Van 1
994.008789 444.93454 992.0 460.000031 984.991211 459.065521 987.0 444.000031 Van 1
983.0 443.0 981.969482 457.426392 976.0 457.0 977.030518 442.573608 Van 1
901.400146 448.799957 887.000122 455.999969 884.600098 451.199982 899.000122 443.999969 Van 1
826.128418 310.238586 821.0 313.000061 813.871582 299.761536 819.0 297.000061 Van 1
848.240295 316.390564 843.999939 319.0 835.999939 306.0 840.240295 303.390564 Van 1
871.400146 43.79998 858.200195 50.399979 855.800171 45.599976 869.000122 38.999977 Van 1
