212.0 3.999996 204.897552 2.478054 205.7547 -1.52194 212.857147 3e-06 Van 1
68.026222 95.888519 63.999992 113.0 55.973763 111.111481 59.999992 94.0 Van 1
152.0 207.000031 150.334412 214.078705 133.334412 210.078705 135.0 203.000031 Van 1
52.470585 272.117645 47.999996 289.999969 38.823528 287.705841 43.294117 269.823517 Van 1
67.037735 252.867889 62.849056 267.52829 52.811321 264.66037 57.000004 249.999969 Van 1
388.0 770.0 367.0 775.0 364.864807 766.032227 385.864807 761.032227 Van 1
215.0 889.0 205.0 889.0 205.0 872.0 215.0 872.0 Van 1
252.999985 882.0 248.92131 899.334473 238.999985 897.0 243.078659 879.665527 Van 1
497.023376 47.626457 496.000061 64.0 485.976685 63.373543 487.0 47.0 Van 1
363.0 111.0 355.0 111.0 355.0 95.0 363.0 95.0 Van 1
430.334869 206.031693 409.334869 207.031693 409.000031 200.000015 430.000031 199.000015 Van 1
438.000061 218.000031 409.358032 219.022949 409.000061 209.000031 437.64209 207.977112 Van 1
510.119965 442.839996 487.999969 445.999969 486.999969 438.999969 509.119965 435.839996 Van 1
575.999878 546.0 561.999878 549.0 560.682861 542.853638 574.682861 539.853638 Van 1
627.000122 648.0 606.764771 653.058838 604.764771 645.058838 625.000122 640.0 Van 1
665.332764 800.986084 641.332764 801.986084 641.0 794.0 665.0 793.0 Van 1
811.0 912.0 791.0 912.0 791.0 904.0 811.0 904.0 Van 1
774.031189 918.498108 766.000061 919.000061 765.000061 903.000061 773.031189 902.498108 Van 1
762.000061 919.000122 753.058899 921.235474 749.000061 905.000122 757.941223 902.764771 Van 1
810.370056 995.033203 791.370056 996.033203 790.999939 989.0 809.999939 988.0 Van 1
