471.999939 383.999969 465.999939 387.999969 457.538391 375.307648 463.538391 371.307648 Van 1
490.243927 388.804901 484.756134 393.19516 474.512238 380.390289 480.000031 376.000031 Van 1
479.610107 414.393494 474.0 418.0 465.0 404.0 470.610107 400.393494 Van 1
455.137268 419.223206 448.999939 423.0 440.86261 409.776794 446.999939 406.0 Van 1
471.999969 424.0 465.999969 428.0 455.538422 412.307678 461.538422 408.307678 Van 1
426.459503 509.26297 419.999969 513.999939 408.999969 498.999969 415.459503 494.263 Van 1
438.097534 486.121948 432.0 491.0 419.902466 475.878052 426.0 471.0 Van 1
450.158905 505.216766 444.999969 509.000031 433.841034 493.783295 438.999969 490.000031 Van 1
524.0 528.000061 521.0 542.000061 513.146362 540.317078 516.146362 526.317078 Van 1
354.0 593.0 347.960205 593.40271 346.960205 578.40271 353.0 578.0 Van 1
81.000008 467.000092 76.96682 482.124542 69.000008 480.000031 73.033195 464.87558 Van 1
68.999992 467.000061 64.94117 483.235352 55.999992 481.000061 60.058815 464.764771 Van 1
65.0 528.000061 62.984623 544.123108 54.000011 543.000061 56.015392 526.877014 Van 1
108.0 599.0 100.0 599.0 100.0 581.0 108.0 581.0 Van 1
159.000031 526.0 153.82486 543.595581 145.000031 541.0 150.175201 523.404419 Van 1
132.367401 615.980713 112.999992 617.0 112.632591 610.019287 132.0 609.0 Van 1
103.301743 616.034912 83.301743 617.034912 83.0 611.0 103.0 610.0 Van 1
581.139954 775.019958 579.999939 782.999939 558.859924 779.979919 559.999939 771.999939 Van 1
591.102722 718.016235 590.000061 725.0 570.8974 721.983765 572.000061 715.0 Van 1
638.0 780.000061 637.141602 789.013489 616.0 787.000061 616.858398 777.986633 Van 1
645.380127 752.018127 645.0 760.000061 623.619873 758.981995 624.0 751.000061 Van 1
937.0 711.0 930.0 711.0 930.0 694.0 937.0 694.0 Van 1
964.877075 710.955688 956.0 712.0 954.0 695.0 962.877075 693.955688 Van 1
999.0 985.0 977.0 985.0 977.0 977.0 999.0 977.0 Van 1
989.999878 989.0 986.944336 1000.0 976.111023 1000.0 979.942627 986.206299 Van 1
410.0 776.0 409.0 785.0 382.0 782.0 383.0 773.0 Van 1
407.039612 784.604004 406.039612 794.604004 380.0 792.0 381.0 782.0 Van 1
373.265686 781.030518 372.0 791.999878 345.734314 788.969238 347.0 777.999878 Van 1
378.0 770.000122 377.0 780.000122 350.960388 777.396118 351.960388 767.396118 Van 1
366.052063 877.005554 365.0 887.000061 345.947937 884.994568 347.0 875.000061 Van 1
342.729523 884.975586 342.000031 893.000122 320.000031 891.000122 320.729523 882.975586 Van 1
232.0 824.0 223.0 824.0 223.0 805.0 232.0 805.0 Van 1
254.022446 800.551147 253.022446 820.551147 242.000015 820.0 243.000015 800.0 Van 1
158.0 823.0 147.0 823.0 147.0 799.0 158.0 799.0 Van 1
231.560944 825.951111 229.999969 839.999939 220.999969 838.999939 222.560944 824.951111 Van 1
518.0 460.000061 517.000061 468.000061 496.938507 465.492371 497.938477 457.492371 Van 1
551.056641 453.698151 548.056641 469.698151 539.0 468.000031 542.0 452.000031 Van 1
543.52832 474.15094 539.0 490.0 530.811279 487.6604 535.3396 471.81134 Van 1
621.149414 382.439819 617.0 398.0 607.850586 395.560181 612.0 380.0 Van 1
634.16217 234.027023 633.000061 240.999985 614.837952 237.972946 616.000061 230.999985 Van 1
622.739807 261.972595 622.000061 269.0 603.000061 267.0 603.739807 259.972595 Van 1
616.321716 292.06134 615.000061 299.000061 593.678406 294.938782 595.000061 288.000061 Van 1
635.240356 243.867889 634.0 251.0 611.0 247.0 612.240356 239.867889 Van 1
543.0 389.000031 541.249146 397.054169 518.0 392.000031 519.750854 383.945892 Van 1
524.0 442.0 522.648682 450.108093 504.648651 447.108093 506.0 439.0 Van 1
529.081421 425.02124 527.0 433.0 503.918579 426.97876 506.0 419.0 Van 1
544.999939 379.999939 543.999939 386.999939 522.999939 383.999939 523.999939 376.999939 Van 1
513.162109 469.027039 511.999969 476.0 493.837799 472.972961 494.999969 466.0 Van 1
431.16217 354.027039 430.0 361.0 411.83783 357.972961 413.0 351.0 Van 1
0.0 227.0 0.0 219.529419 1.665577 219.529419 1.665577 227.0 Van 1
22.000004 157.000015 20.147671 164.038864 1.000003 159.000015 2.852335 151.961166 Van 1
24.405577 149.096558 22.999998 155.0 1.594421 149.903442 3.0 144.0 Van 1
27.999992 139.000015 26.235287 146.058853 5.999992 141.000046 7.764698 133.941208 Van 1
59.000008 363.000031 57.601166 372.092499 31.601164 368.092499 33.000008 359.000031 Van 1
113.0 338.000031 111.648651 346.108124 87.648651 342.108124 89.0 334.000031 Van 1
122.324318 288.054077 120.999992 296.0 96.675667 291.945923 97.999992 284.0 Van 1
400.176483 459.294159 395.235321 479.058868 386.058868 476.76474 391.000031 457.000031 Van 1
881.070496 127.682343 879.070496 136.682343 848.999939 130.0 850.999939 121.0 Van 1
