171.277924 279.200562 153.277924 284.200562 151.0 276.0 169.0 271.0 Van 1
388.517212 416.793121 385.0 425.000031 364.0 416.000031 367.517212 407.793121 Van 1
460.546875 823.2854 456.000061 832.000122 432.453247 819.714844 437.000061 811.000122 Van 1
137.071991 681.896057 128.071991 694.896057 121.0 690.000061 130.0 677.000061 Van 1
783.400024 743.19989 762.400024 750.19989 760.0 742.999939 781.0 735.999939 Van 1
67.0 214.000031 63.547543 222.822968 40.547543 213.822968 44.000004 205.000031 Van 1
840.97052 328.617676 827.999939 349.0 816.999939 342.0 829.97052 321.617676 Van 1
982.189636 394.775787 970.999939 407.999908 961.810242 400.22403 972.999939 386.999908 Van 1
918.846191 320.230743 908.846191 335.230743 901.0 329.999969 911.0 314.999969 Van 1
729.000061 234.000031 722.000061 248.000031 714.000061 244.000031 721.000061 230.000031 Van 1
1000.000183 261.500061 994.000183 260.000061 996.000183 252.000061 1002.000183 253.500061 Van 1
891.000061 150.0 888.000061 166.0 879.909485 164.483032 882.909485 148.483032 Van 1
912.223633 135.094086 896.000122 148.999969 890.000122 141.999969 906.223633 128.094086 Van 1
876.000061 86.999939 869.628357 92.575165 855.628357 76.575165 862.000061 70.999939 Van 1
861.233276 103.339508 852.999878 108.999985 841.766479 92.660461 849.999878 86.999985 Van 1
84.0 772.0 63.0 772.0 63.0 763.0 84.0 763.0 Van 1
188.999985 855.000122 185.999985 861.000122 167.999985 852.000122 170.999985 846.000122 Van 1
236.813675 1005.7052 229.353012 1000.0 237.539383 989.2948 245.000046 995.0 Van 1
35.00005 877.000061 22.000053 893.000061 14.84711 887.188293 27.847107 871.188293 Van 1
