595.0 990.0 575.0 990.0 575.0 984.0 595.0 984.0 Van 1
567.000061 994.000122 566.714355 1000.0 545.000061 1000.0 545.3349 992.968506 Van 1
568.0 980.0 545.27417 981.032959 545.0 975.0 567.72583 973.967041 Van 1
566.0 972.0 546.0 972.0 546.0 965.0 566.0 965.0 Van 1
596.0 953.0 577.0 953.0 577.0 946.0 596.0 946.0 Van 1
562.0 945.0 544.0 945.0 544.0 937.0 562.0 937.0 Van 1
565.0 935.0 543.0 935.0 543.0 928.0 565.0 928.0 Van 1
589.367432 879.980774 570.0 881.000061 569.632568 874.019348 589.0 873.000061 Van 1
565.0 880.0 545.0 880.0 545.0 874.0 565.0 874.0 Van 1
591.0 871.0 569.0 871.0 569.0 864.0 591.0 864.0 Van 1
596.287354 861.033936 575.287354 862.033936 575.0 856.0 596.0 855.0 Van 1
592.0 852.0 571.0 852.0 571.0 846.0 592.0 846.0 Van 1
593.0 842.0 571.0 842.0 571.0 835.0 593.0 835.0 Van 1
564.0 842.0 542.0 842.0 542.0 836.0 564.0 836.0 Van 1
507.0 908.0 487.0 910.0 486.207947 902.079224 506.207947 900.079224 Van 1
505.0 890.0 484.0 890.0 484.0 883.0 505.0 883.0 Van 1
503.0 881.0 482.0 881.0 482.0 874.0 503.0 874.0 Van 1
506.272125 869.987671 483.999969 871.0 483.727814 865.012329 505.999969 864.0 Van 1
505.0 861.999939 482.274231 863.032898 482.0 856.999939 504.725769 855.96698 Van 1
504.317505 842.985596 482.0 844.0 481.682495 837.014404 504.0 836.0 Van 1
508.0 822.999878 481.617615 825.029297 480.999939 816.999878 507.382324 814.970459 Van 1
506.262329 806.967896 506.000061 813.0 483.000061 812.0 483.262329 805.967896 Van 1
658.260254 812.027344 631.260254 813.027344 631.0 806.0 658.0 805.0 Van 1
655.0 879.0 634.0 879.0 634.0 872.0 655.0 872.0 Van 1
508.000031 929.000061 507.694366 936.030212 484.694366 935.030212 485.000031 928.000061 Van 1
504.0 954.0 482.0 954.0 482.0 947.0 504.0 947.0 Van 1
509.332764 962.986023 485.332764 963.986023 485.0 955.999939 509.0 954.999939 Van 1
504.0 972.0 486.0 972.0 486.0 967.0 504.0 967.0 Van 1
504.0 982.0 484.0 982.0 484.0 976.0 504.0 976.0 Van 1
508.0 1000.0 483.0 1000.0 483.0 993.0 508.0 993.0 Van 1
997.00824 610.090271 987.000061 611.000061 984.991882 588.909851 995.000061 588.000061 Van 1
919.0 564.0 899.0 564.0 899.0 558.0 919.0 558.0 Van 1
73.0 769.000061 69.084908 776.04718 51.000011 766.000061 54.915108 758.952942 Van 1
988.0 123.0 979.0 123.0 979.0 107.0 988.0 107.0 Van 1
