345.0 83.0 335.972412 83.531036 334.972412 66.531036 344.0 66.0 Van 1
913.0 70.0 903.0 70.0 903.0 54.0 913.0 54.0 Van 1
206.0 95.0 197.0 95.0 197.0 78.0 206.0 78.0 Van 1
207.0 68.0 198.0 68.0 198.0 53.0 207.0 53.0 Van 1
272.0 418.0 266.0 418.0 266.0 403.0 272.0 403.0 Van 1
204.901001 422.009888 194.901001 423.009888 193.0 404.0 203.0 403.0 Van 1
683.0 285.000031 658.0 286.000031 657.718872 278.971283 682.718872 277.971283 Van 1
856.000061 511.0 836.000061 512.0 835.698303 505.965088 855.698303 504.965088 Van 1
729.0 495.0 706.0 495.0 706.0 488.0 729.0 488.0 Van 1
362.0 592.0 352.0 592.0 352.0 576.0 362.0 576.0 Van 1
597.0 540.0 577.0 540.0 577.0 533.0 597.0 533.0 Van 1
591.0 698.0 570.0 698.0 570.0 692.0 591.0 692.0 Van 1
591.0 689.0 572.0 689.0 572.0 682.0 591.0 682.0 Van 1
597.0 680.0 570.0 680.0 570.0 672.0 597.0 672.0 Van 1
485.0 723.0 477.0 723.0 477.0 707.0 485.0 707.0 Van 1
499.026581 707.601929 498.026581 722.601929 489.000031 722.000122 490.000031 707.000122 Van 1
524.0 723.0 517.02417 723.4104 516.0 706.0 522.97583 705.5896 Van 1
519.000061 672.000061 510.035095 672.560364 509.000061 656.000061 517.965027 655.439758 Van 1
480.000092 670.000061 472.035492 670.531067 471.035492 655.531067 479.000092 655.000061 Van 1
507.024597 653.443115 497.0 654.0 496.0 636.0 506.024597 635.443115 Van 1
428.176636 691.861145 414.0 702.999939 407.823364 695.138733 422.0 683.999939 Van 1
419.0 684.999939 404.823364 696.138733 400.0 689.999939 414.176636 678.861145 Van 1
407.999969 678.000122 394.49411 689.576538 388.49411 682.576538 401.999969 671.000122 Van 1
399.13446 670.886292 386.0 682.000061 381.86554 677.113831 395.0 666.000061 Van 1
382.000031 658.000061 368.000031 668.000061 363.472992 661.66217 377.472992 651.66217 Van 1
376.24588 650.295105 360.999969 663.000061 355.508148 656.409851 370.754059 643.704895 Van 1
357.576538 637.505859 343.000061 650.0 337.423584 643.494141 352.000061 631.0 Van 1
339.000031 624.0 324.000031 635.0 319.739899 629.190796 334.739899 618.190796 Van 1
305.000061 596.0 286.930847 610.053833 283.000061 605.0 301.069275 590.946167 Van 1
293.758392 592.185913 280.758392 602.185913 276.000031 596.0 289.000031 586.0 Van 1
414.0 611.0 404.0 611.0 404.0 595.0 414.0 595.0 Van 1
450.0 611.0 441.0 611.0 441.0 595.0 450.0 595.0 Van 1
476.0 610.0 466.0 610.0 466.0 593.0 476.0 593.0 Van 1
451.000031 591.000122 443.035431 591.531128 442.000031 576.000122 449.96463 575.469116 Van 1
489.0 590.0 480.0 590.0 480.0 575.0 489.0 575.0 Van 1
504.0 592.0 494.0 592.0 494.0 575.0 504.0 575.0 Van 1
503.000061 546.000061 494.039856 546.597351 493.000061 531.000061 501.960266 530.402771 Van 1
464.0 544.0 454.0 544.0 454.0 528.0 464.0 528.0 Van 1
437.0 547.0 428.0 547.0 428.0 530.0 437.0 530.0 Van 1
411.0 547.0 402.0 547.0 402.0 531.0 411.0 531.0 Van 1
310.0 543.999939 300.0 544.999939 298.297058 527.970276 308.297058 526.970276 Van 1
568.270264 848.621582 563.270264 855.621582 547.0 844.0 552.0 837.0 Van 1
489.472931 792.337891 484.472931 799.337891 469.999969 789.0 474.999969 782.0 Van 1
435.0 751.0 430.810791 756.864868 416.810791 746.864868 421.0 741.0 Van 1
358.386658 695.297424 354.000061 701.000061 340.613464 690.702698 345.000061 685.000061 Van 1
339.000031 682.000061 335.314117 687.221741 318.000031 675.000061 321.685944 669.778381 Van 1
317.000031 666.0 313.216766 671.158936 298.000031 660.0 301.783295 654.841064 Van 1
169.0 607.000061 164.966797 622.124573 157.0 620.000061 161.033203 604.875549 Van 1
141.159988 562.119995 135.999985 569.0 119.839981 556.880005 124.999985 550.0 Van 1
