839.32312 94.815414 825.0 103.000031 821.67688 97.184647 836.0 89.000031 Van 1
910.999939 314.999969 900.999939 326.999969 895.49176 322.409821 905.49176 310.409821 Van 1
795.0 243.999969 778.952515 253.026672 775.0 245.999969 791.047485 236.973267 Van 1
774.000061 220.000031 758.705994 229.176514 755.000061 223.000031 770.294128 213.823547 Van 1
627.0 453.0 606.0 453.0 606.0 446.0 627.0 446.0 Van 1
628.317505 461.985596 606.0 463.0 605.682495 456.014404 628.0 455.0 Van 1
654.999939 532.0 651.792419 543.22644 644.792419 541.22644 647.999939 530.0 Van 1
259.0 563.0 243.792404 571.110718 240.000015 564.0 255.207626 555.889282 Van 1
264.551392 569.70813 247.551361 578.70813 244.000015 572.0 261.000031 563.0 Van 1
295.0 647.0 287.0 647.0 287.0 630.0 295.0 630.0 Van 1
259.0 629.0 253.768707 645.740234 245.000015 643.0 250.231323 626.259766 Van 1
238.32312 623.81543 224.000031 632.0 220.676941 626.18457 235.000031 618.0 Van 1
221.155716 589.917053 206.000015 598.000061 202.844315 592.083069 218.000015 584.000061 Van 1
185.692291 552.538391 169.999969 562.999939 165.999969 556.999939 181.692291 546.538391 Van 1
175.0 507.000031 157.0 517.000061 152.89624 509.613251 170.89624 499.61322 Van 1
68.0 550.0 54.903343 560.074341 51.0 555.0 64.096657 544.925659 Van 1
67.0 976.0 57.020477 977.174072 55.0 960.0 64.979523 958.825928 Van 1
219.000031 964.000122 210.015411 965.123169 208.000031 949.000122 216.98465 947.877075 Van 1
231.246185 960.96936 222.138489 962.107788 219.892334 944.13855 229.000031 943.000122 Van 1
242.07048 959.399353 233.000015 961.000061 229.92955 943.600769 239.000015 942.000061 Van 1
188.000015 981.999939 178.029282 984.136536 175.000015 969.999939 184.970749 967.863342 Van 1
104.087357 989.65509 94.000015 991.000061 91.912674 975.345032 102.000015 974.000061 Van 1
91.000015 993.0 81.000015 994.0 79.297043 976.970337 89.297043 975.970337 Van 1
36.000008 997.0 26.943405 998.69812 23.943405 982.69812 33.000008 981.0 Van 1
0.0 997.999878 0.0 997.999878 0.0 997.999878 0.0 997.999878 Van 1
157.0 907.0 148.124542 908.664185 145.124542 892.664185 154.0 891.0 Van 1
118.0 864.999878 108.0 865.999878 106.396042 849.960327 116.396042 848.960327 Van 1
106.000008 866.000122 96.972771 866.564331 95.972771 850.564331 105.000008 850.000122 Van 1
73.841507 867.154663 64.0 869.0 61.0 853.0 70.841507 851.154663 Van 1
50.014629 869.068237 40.999996 871.0 37.985363 856.931763 46.999996 855.0 Van 1
38.999996 871.000122 29.030766 872.246216 26.999996 856.0 36.969227 854.753906 Van 1
-7e-06 877.52948 -4.026245 860.41803 1.99999 859.000061 6.026228 876.111511 Van 1
179.000031 861.0 170.000031 862.0 168.329285 846.963379 177.329285 845.963379 Van 1
203.081085 859.486511 194.0 861.000061 190.918915 842.513611 200.0 841.000061 Van 1
224.999985 856.000061 216.006821 857.058044 213.993179 839.941956 222.986343 838.883972 Van 1
283.000031 849.000122 274.026215 850.196655 272.000031 835.000122 280.973846 833.803589 Van 1
454.09848 760.02594 452.000031 768.000061 432.901581 762.974182 435.000031 755.000061 Van 1
456.35675 746.877502 455.000061 754.000061 434.000061 750.000061 435.35675 742.877502 Van 1
460.423096 724.884644 459.0 732.0 439.0 728.0 440.423096 720.884644 Van 1
465.191376 720.060364 462.999969 726.999939 443.808563 720.939514 445.999969 713.999939 Van 1
470.09848 710.025879 468.000031 718.0 448.901581 712.974121 451.000031 705.0 Van 1
663.999939 576.0 662.084534 583.023071 639.999939 577.0 641.915344 569.976929 Van 1
666.0 568.0 664.123169 574.75647 646.123169 569.75647 648.0 563.0 Van 1
739.0 582.0 720.0 582.0 720.0 574.0 739.0 574.0 Van 1
774.0 787.0 758.0 787.0 758.0 780.0 774.0 780.0 Van 1
859.852356 462.038879 840.852356 467.038879 839.000061 460.0 858.000061 455.0 Van 1
