433.000031 73.0 427.072052 77.104004 418.000031 64.0 423.928009 59.895996 Van 1
451.0 69.0 443.33783 74.472977 433.33783 60.472977 441.0 55.0 Van 1
637.000061 82.0 629.035461 82.530975 628.000061 67.0 635.964661 66.469025 Van 1
632.0 66.0 625.0 66.0 625.0 50.0 632.0 50.0 Van 1
882.0 28.0 863.0 28.0 863.0 22.0 882.0 22.0 Van 1
921.0 207.0 895.0 207.0 895.0 198.0 921.0 198.0 Van 1
827.0 248.0 809.0 248.0 809.0 242.0 827.0 242.0 Van 1
758.0 297.0 751.0 297.0 751.0 279.0 758.0 279.0 Van 1
475.330383 739.588074 471.999939 745.000061 458.999939 737.000061 462.330383 731.588074 Van 1
453.0 742.0 450.012024 746.31604 437.012024 737.31604 440.0 733.0 Van 1
434.151611 742.097534 430.252686 748.162476 416.0 739.0 419.898926 732.935059 Van 1
367.0 696.0 358.0 696.0 358.0 680.0 367.0 680.0 Van 1
60.0 777.000061 59.629837 784.033264 40.000008 783.000061 40.370171 775.966858 Van 1
62.000004 768.0 61.609234 775.033813 43.000004 774.0 43.390774 766.966187 Van 1
970.0 209.0 960.0 209.0 960.0 195.0 970.0 195.0 Van 1
968.0 236.0 959.0 236.0 959.0 220.0 968.0 220.0 Van 1
968.0 356.0 946.0 356.0 946.0 348.0 968.0 348.0 Van 1
833.000122 366.000061 827.000122 372.000061 815.500122 360.500061 821.500122 354.500061 Van 1
698.000061 495.999969 693.448303 501.379303 680.448303 490.379303 685.000061 484.999969 Van 1
923.298645 488.271515 919.000061 493.000031 907.701477 482.728546 912.000061 478.000031 Van 1
916.000244 505.000122 913.000244 511.000122 896.60022 502.80011 899.60022 496.80011 Van 1
689.999939 692.0 688.999939 699.0 667.999939 696.0 668.999939 689.0 Van 1
772.75116 738.773865 768.000061 744.000061 757.000061 734.000061 761.75116 728.773865 Van 1
835.808228 698.82196 831.0 704.000061 817.0 691.000061 821.808228 685.82196 Van 1
937.298645 825.271606 933.000061 830.000122 921.701477 819.728638 926.000061 815.000122 Van 1
863.0 853.0 848.0 865.0 844.0 860.0 859.0 848.0 Van 1
950.999939 970.0 944.999939 974.0 936.999939 962.0 942.999939 958.0 Van 1
727.000061 982.000122 719.000061 986.000122 711.000061 970.000122 719.000061 966.000122 Van 1
588.0 1000.0 588.0 1000.0 588.0 1000.0 588.0 1000.0 Van 1
391.000031 968.0 383.031158 968.498047 382.000031 952.0 389.968903 951.501953 Van 1
667.0 879.0 649.0 879.0 649.0 873.0 667.0 873.0 Van 1
643.314941 879.983398 624.0 881.0 623.685059 875.016602 643.0 874.0 Van 1
589.0 910.0 569.0 910.0 569.0 904.0 589.0 904.0 Van 1
553.0 883.0 535.0 883.0 535.0 878.0 553.0 878.0 Van 1
503.0 885.0 479.0 885.0 479.0 879.0 503.0 879.0 Van 1
474.0 887.0 455.0 887.0 455.0 880.0 474.0 880.0 Van 1
448.0 885.0 429.0 885.0 429.0 879.0 448.0 879.0 Van 1
423.0 886.0 406.0 886.0 406.0 880.0 423.0 880.0 Van 1
173.0 951.0 165.0 951.0 165.0 935.0 173.0 935.0 Van 1
165.0 893.0 146.0 893.0 146.0 886.0 165.0 886.0 Van 1
204.0 920.0 183.0 920.0 183.0 914.0 204.0 914.0 Van 1
150.0 921.0 132.0 921.0 132.0 915.0 150.0 915.0 Van 1
82.0 923.0 64.0 923.0 64.0 917.0 82.0 917.0 Van 1
207.0 126.999992 202.0 132.0 193.0 122.999992 198.0 117.999985 Van 1
113.773582 51.79245 108.999992 57.0 96.999992 46.0 101.773582 40.79245 Van 1
104.082359 58.070587 99.000008 64.0 84.917656 51.929413 90.000008 46.0 Van 1
94.332275 65.306717 90.0 70.0 76.667725 57.693295 81.0 53.000008 Van 1
50.0 23.0 46.349617 29.205656 28.999998 19.0 32.650383 12.794344 Van 1
278.531616 159.408951 275.0 164.000015 261.468384 153.59108 265.0 149.000015 Van 1
238.500015 176.5 233.500015 181.5 221.000015 169.0 226.000015 164.0 Van 1
200.037674 215.030609 196.000015 220.000031 179.962357 206.969452 184.000015 202.000031 Van 1
317.705872 290.176453 302.705872 299.176453 299.0 293.0 314.0 284.0 Van 1
350.487793 314.609741 335.487793 326.609741 331.0 321.0 346.0 309.0 Van 1
381.0 357.0 379.0 363.0 361.0 357.0 363.0 351.0 Van 1
366.317627 362.070618 365.0 368.0 346.682373 363.929382 348.0 358.0 Van 1
357.999969 367.999969 355.999969 374.999969 336.84903 369.52829 338.84903 362.52829 Van 1
334.000031 387.000031 333.051361 393.008148 314.000031 390.000031 314.9487 383.991913 Van 1
386.999939 388.999969 377.307617 395.461517 372.999939 388.999969 382.692261 382.538422 Van 1
391.0 436.0 369.0 436.0 369.0 429.0 391.0 429.0 Van 1
196.0 383.0 188.0 383.0 188.0 369.0 196.0 369.0 Van 1
174.035034 380.560303 167.0 381.0 165.964966 364.439697 173.0 364.0 Van 1
123.0 375.0 115.0 375.0 115.0 361.0 123.0 361.0 Van 1
-0.0 264.0 -0.0 264.0 -0.0 257.0 -0.0 257.0 Van 1
40.264145 302.9245 33.264145 304.9245 28.999992 290.0 35.999992 288.0 Van 1
6.0 498.0 0.0 498.0 0.0 482.0 6.0 482.0 Van 1
27.0 525.0 21.0 525.0 21.0 510.0 27.0 510.0 Van 1
147.097565 141.121933 141.0 145.999985 128.902435 130.878036 135.0 125.999985 Van 1
