209.0 14.999992 203.217621 18.373049 196.0 5.999993 201.782379 2.626936 Van 1
236.0 40.000008 228.110718 44.207619 220.0 29.000008 227.889282 24.792397 Van 1
250.000031 84.999985 243.000031 88.999985 235.676941 76.184601 242.676941 72.184601 Van 1
249.999985 109.0 244.264694 112.441177 238.264694 102.441177 243.999985 99.0 Van 1
294.000031 80.0 280.000031 87.0 277.000031 81.0 291.000031 74.0 Van 1
317.0 88.0 315.0 94.0 296.700012 87.899994 298.700012 81.899994 Van 1
234.100693 284.570526 226.000015 286.000031 223.000015 269.000031 231.100693 267.570526 Van 1
266.0 299.000031 265.297058 306.029755 245.000015 304.000031 245.702972 296.970306 Van 1
292.000031 303.0 291.622589 309.03894 275.000031 308.000061 275.377472 301.961121 Van 1
320.0 307.999969 319.568542 314.040558 305.0 312.999969 305.431458 306.959381 Van 1
393.000061 300.000031 385.128479 304.238556 378.128479 291.238556 386.000061 287.000031 Van 1
254.298645 19.728518 243.0 30.00001 238.701355 25.271502 250.0 15.00001 Van 1
369.0 190.000015 361.718994 193.397812 354.718994 178.397812 362.0 175.000015 Van 1
522.000061 61.000015 520.600037 65.200012 508.600037 61.200012 510.000061 57.000015 Van 1
520.6604 68.188683 519.0 74.000008 504.3396 69.811333 506.0 64.000008 Van 1
648.647095 0.0 656.166687 0.0 659.000061 1.000003 653.000061 18.0 Van 1
666.0 8.000019 660.768066 21.603109 654.0 19.000017 659.231934 5.396927 Van 1
672.113159 32.603779 670.113159 39.603779 654.0 35.000004 656.0 28.000004 Van 1
547.000061 186.000015 537.000061 196.000015 532.000061 191.000015 542.000061 181.000015 Van 1
578.500061 194.500046 567.000061 206.000046 561.000061 200.000046 572.500061 188.500046 Van 1
611.037964 199.955139 600.037964 212.955139 593.0 206.999969 604.0 193.999969 Van 1
621.000061 201.000031 611.000061 211.000031 606.000061 206.000031 616.000061 196.000031 Van 1
479.328827 211.123306 473.000031 228.000015 464.671234 224.876724 471.000031 208.000015 Van 1
498.275909 216.310333 492.000031 232.0 483.724152 228.689667 490.000031 213.0 Van 1
611.999939 248.999969 609.999939 262.999969 599.919983 261.559967 601.919983 247.559967 Van 1
614.0 242.0 606.0 242.0 606.0 231.0 614.0 231.0 Van 1
603.0 241.0 596.0 241.0 596.0 228.0 603.0 228.0 Van 1
519.0 202.000015 518.000061 217.000015 509.969086 216.464615 510.969055 201.464615 Van 1
529.0 206.0 528.0 220.0 519.969482 219.426392 520.969482 205.426392 Van 1
537.041077 210.54921 536.000061 222.000015 529.959045 221.450821 531.000061 210.000015 Van 1
546.999939 211.999969 545.999939 224.999969 537.97052 224.382324 538.97052 211.382324 Van 1
556.0 227.0 548.0 227.0 548.0 215.0 556.0 215.0 Van 1
574.034485 221.586243 573.000061 234.000031 565.965637 233.413818 567.000061 221.000031 Van 1
656.008728 249.93454 653.999939 265.000031 646.99115 264.065521 648.999939 249.000031 Van 1
703.015381 255.876953 701.0 272.0 693.984619 271.123047 696.0 255.0 Van 1
760.999939 264.999969 758.999939 278.999969 751.999939 277.999969 753.999939 263.999969 Van 1
755.0 325.000031 754.0 333.000031 738.0 331.000031 739.0 323.000031 Van 1
758.059998 316.580017 757.059998 323.580017 738.999939 321.0 739.999939 314.0 Van 1
752.000061 342.999969 751.219543 350.024384 733.219543 348.024384 734.000061 340.999969 Van 1
740.0 142.999985 738.0 156.999985 730.859985 155.979996 732.859985 141.979996 Van 1
764.0 127.0 762.0 135.0 742.0 130.0 744.0 122.0 Van 1
772.000061 59.000023 764.923401 74.164253 756.000061 70.000023 763.076721 54.835793 Van 1
938.0 159.000046 934.0 169.000046 927.275879 166.310379 931.275879 156.310379 Van 1
836.0 270.0 834.470581 276.117676 818.0 272.000061 819.529419 265.882385 Van 1
867.0 292.0 865.52832 297.15094 851.52832 293.15094 853.0 288.0 Van 1
968.000061 294.000031 965.991272 309.065521 958.000061 308.000031 960.00885 292.93454 Van 1
997.0 299.0 995.959351 313.568542 988.0 313.0 989.040649 298.431458 Van 1
19.0 609.0 3.0 609.0 3.0 603.0 19.0 603.0 Van 1
26.0 634.0 10.0 634.0 10.0 628.0 26.0 628.0 Van 1
26.0 643.0 8.0 643.0 8.0 636.0 26.0 636.0 Van 1
255.0 341.0 246.006836 342.058044 244.0 325.0 252.993164 323.941956 Van 1
257.0 365.0 248.968887 365.501953 247.968887 349.501953 256.0 349.0 Van 1
278.000031 353.000031 269.026215 354.196564 267.000031 339.000031 275.973846 337.803497 Van 1
308.0 347.0 307.174072 354.020508 290.0 352.0 290.825928 344.979492 Van 1
311.364655 358.858795 309.999969 364.999969 291.999969 360.999969 293.364655 354.858795 Van 1
315.000061 372.000061 314.531006 379.035461 299.531006 378.035461 300.000061 371.000061 Van 1
382.000031 421.0 375.412384 423.927856 371.000031 414.0 377.587677 411.072144 Van 1
345.0 600.000061 330.0 609.000061 326.117676 602.52948 341.117676 593.52948 Van 1
416.0 591.0 401.0 591.0 401.0 584.0 416.0 584.0 Van 1
464.000061 590.000061 453.000061 601.000061 447.000061 595.000061 458.000061 584.000061 Van 1
480.035065 621.560364 473.000031 622.000061 472.000031 606.000061 479.035065 605.560364 Van 1
504.102722 631.226135 497.171204 634.37677 492.0 623.000061 498.931519 619.849426 Van 1
435.0 688.0 427.0 688.0 427.0 675.0 435.0 675.0 Van 1
341.0 720.999878 324.0 722.999878 323.406128 717.952148 340.406128 715.952148 Van 1
331.0 831.0 317.0 831.0 317.0 826.0 331.0 826.0 Van 1
465.0 927.0 447.0 927.0 447.0 920.0 465.0 920.0 Van 1
457.0 1000.0 457.0 1000.0 474.0 1000.0 474.0 1000.0 Van 1
434.786377 399.620148 427.0 403.999969 418.0 387.999969 425.786377 383.620148 Van 1
589.0 690.0 573.0 690.0 573.0 683.0 589.0 683.0 Van 1
586.015381 763.123047 579.0 764.0 576.984619 747.876953 584.0 747.0 Van 1
528.0 775.0 519.0 775.0 519.0 760.0 528.0 760.0 Van 1
570.0 844.0 554.0 844.0 554.0 837.0 570.0 837.0 Van 1
575.0 881.0 555.370117 882.033203 555.0 875.0 574.629883 873.966797 Van 1
574.0 890.0 559.0 890.0 559.0 884.0 574.0 884.0 Van 1
721.0 956.0 704.0 956.0 704.0 949.0 721.0 949.0 Van 1
726.999939 967.000122 703.999939 969.000122 703.388367 961.966309 726.388367 959.966309 Van 1
505.26413 419.92453 490.999969 424.000031 488.999969 417.000031 503.26413 412.92453 Van 1
622.0 395.999969 613.026245 397.196503 611.0 381.999969 619.973755 380.803436 Van 1
854.029297 445.382294 845.999878 445.999969 844.970459 432.617645 852.999878 431.999969 Van 1
864.035156 445.458771 856.999878 445.999969 855.999878 432.999969 863.035156 432.458771 Van 1
846.034485 478.413849 839.000061 479.000031 837.965637 466.586212 845.000061 466.000031 Van 1
857.029358 478.382263 848.999939 478.999939 847.999939 465.999939 856.029358 465.382263 Van 1
866.034546 476.413849 859.000122 477.000031 857.965698 464.586212 865.000122 464.000031 Van 1
785.351562 406.03241 765.351562 407.03241 765.0 400.0 785.0 399.0 Van 1
825.443115 387.024628 825.0 395.000031 806.556885 393.975433 807.0 386.000031 Van 1
827.0 410.0 812.0 410.0 812.0 403.0 827.0 403.0 Van 1
718.082397 645.129456 712.0 649.000061 705.0 638.000061 711.082397 634.129456 Van 1
746.000061 638.0 733.503479 639.041382 733.000061 633.0 745.496643 631.958618 Van 1
977.000061 591.000122 960.877014 593.015503 960.000061 586.000122 976.123108 583.984741 Van 1
949.0 597.0 940.0 597.0 940.0 582.0 949.0 582.0 Van 1
937.030518 629.426392 929.0 630.0 927.969482 615.573608 936.0 615.0 Van 1
932.999939 667.999939 926.087708 671.190125 919.912048 657.809631 926.82428 654.619446 Van 1
890.999939 698.000061 877.809753 704.08783 874.999939 698.000061 888.190125 691.912292 Van 1
926.000061 710.000061 918.80011 713.600037 910.80011 697.600037 918.000061 694.000061 Van 1
980.000122 688.000061 973.200073 691.400085 967.000122 679.000061 973.800171 675.600037 Van 1
990.000061 684.000061 984.217712 687.373108 977.000061 675.000061 982.78241 671.627014 Van 1
995.0 708.0 978.0 708.0 978.0 702.0 995.0 702.0 Van 1
995.0 718.0 979.0 718.0 979.0 711.0 995.0 711.0 Van 1
999.0 736.0 981.0 736.0 981.0 729.0 999.0 729.0 Van 1
1000.0 744.0 981.0 744.0 981.0 736.0 1000.0 736.0 Van 1
770.0 840.999939 754.482788 847.206848 752.0 840.999939 767.517212 834.79303 Van 1
776.190186 855.91217 763.0 861.999939 759.809814 855.087708 773.0 848.999939 Van 1
784.999878 834.999878 771.809692 841.087646 768.999878 834.999878 782.190063 828.912109 Van 1
788.213196 843.344299 772.213196 850.344299 769.000061 843.000061 785.000061 836.000061 Van 1
793.213257 850.344299 777.213257 857.344299 774.000122 850.000061 790.000122 843.000061 Van 1
806.999939 847.0 799.707214 850.365845 793.707214 837.365845 800.999939 834.0 Van 1
828.000061 839.0 820.000061 844.0 810.000061 828.0 818.000061 823.0 Van 1
837.0 836.000061 828.683838 840.402771 819.683838 823.402771 828.0 819.000061 Van 1
895.102783 813.226135 888.171265 816.37677 883.0 805.000061 889.931519 801.849426 Van 1
867.000061 824.0 860.000061 828.0 854.461609 818.307739 861.461609 814.307739 Van 1
879.344849 831.862061 864.0 838.0 860.827637 830.06897 876.172485 823.93103 Van 1
884.529175 839.166199 867.529175 845.166199 865.0 838.000061 882.0 832.000061 Van 1
956.000183 941.000183 947.200134 945.400208 940.200134 931.400208 949.000183 927.000183 Van 1
784.999756 1000.0 784.999756 997.0 801.5625 997.0 801.5625 1000.0 Van 1
17.999996 852.0 9.031031 852.527588 7.999996 835.0 16.968962 834.472412 Van 1
44.0 867.0 27.0 867.0 27.0 860.0 44.0 860.0 Van 1
53.000008 857.000061 32.000008 859.000061 31.339333 852.062927 52.339333 850.062927 Van 1
53.0 953.0 35.0 953.0 35.0 948.0 53.0 948.0 Van 1
54.999992 962.0 35.739716 964.027344 34.999992 957.0 54.260269 954.972656 Van 1
411.000061 361.0 405.000061 364.0 398.000061 350.0 404.000061 347.0 Van 1
