781.0 5.0 780.051392 11.008108 761.0 8.0 761.948608 1.991892 Van 1
132.000015 3.999998 124.454544 3.999998 124.454544 0.0 132.000015 0.0 Van 1
47.0 90.999992 32.0 94.999992 30.373444 88.900414 45.373444 84.900414 Van 1
153.447052 11.811766 134.0 20.0 131.552948 14.188236 151.0 6.000002 Van 1
416.538391 150.307663 404.538391 158.307663 400.999939 152.999985 412.999939 144.999985 Van 1
464.0 108.000046 454.0 116.000046 450.0 111.000046 460.0 103.000046 Van 1
272.114624 85.210182 267.0 87.999992 260.885376 76.789803 266.0 73.999992 Van 1
165.441147 104.735275 159.705856 108.176453 152.999985 96.999985 158.735275 93.558807 Van 1
202.0 139.0 196.629425 142.417633 189.629425 131.417633 195.0 128.0 Van 1
335.5 233.5 332.0 237.0 322.0 227.0 325.5 223.5 Van 1
113.493225 231.181015 99.493225 236.181015 98.000015 232.000015 112.000015 227.000015 Van 1
21.999994 280.999969 14.999994 281.999969 12.999994 267.999969 19.999994 266.999969 Van 1
93.0 679.0 84.88649 680.281128 81.88649 661.281128 90.0 660.0 Van 1
63.251995 649.364075 57.999996 653.000061 48.747997 639.636047 53.999996 636.000061 Van 1
72.728516 642.701416 68.000008 647.0 58.000004 636.0 62.728508 631.701416 Van 1
20.055771 629.965637 6.999977 637.999939 3.944183 633.034241 16.999977 624.999939 Van 1
127.160004 725.120056 120.160004 726.120056 118.0 711.000061 125.0 710.000061 Van 1
92.135132 740.810791 86.135132 741.810791 84.0 729.0 90.0 728.0 Van 1
72.0 742.999939 64.020004 744.139954 61.999996 729.999939 69.979996 728.859924 Van 1
42.000008 747.0 36.000008 748.0 34.000008 736.0 40.000008 735.0 Van 1
52.0 747.0 45.041176 747.535278 44.0 734.0 50.958824 733.464722 Van 1
148.248291 782.979431 136.000031 784.000061 135.75174 781.020691 148.0 780.000061 Van 1
215.025803 628.067017 210.000015 630.0 205.000015 617.0 210.025803 615.067017 Van 1
233.000046 620.000061 227.103134 622.268127 221.974258 608.933044 227.87117 606.664978 Van 1
198.000015 588.0 191.102219 591.218994 184.000015 576.0 190.897812 572.781006 Van 1
185.000015 509.000061 180.000015 514.000061 168.000015 502.000061 173.000015 497.000061 Van 1
205.0 500.0 200.207672 505.191711 187.207672 493.191711 192.0 488.0 Van 1
280.078644 423.665619 275.999969 441.000031 268.921295 439.334442 272.999969 422.000031 Van 1
322.190247 450.887787 317.0 451.999969 314.0 437.999969 319.190247 436.887787 Van 1
487.217651 501.373047 481.000061 505.0 474.000061 493.0 480.217651 489.373047 Van 1
487.000061 474.000031 471.800049 481.600006 468.800049 475.600006 484.000061 468.000031 Van 1
458.0 483.999969 453.0 486.999969 447.0 476.999969 452.0 473.999969 Van 1
463.147034 504.911774 457.411743 508.352936 450.0 495.999969 455.735291 492.558807 Van 1
443.0 510.000031 437.0 513.0 431.0 501.000031 437.0 498.000061 Van 1
383.000031 378.0 365.000031 380.0 364.548798 375.939026 382.548798 373.939026 Van 1
616.000061 448.000061 600.000061 456.000061 597.000061 450.000061 613.000061 442.000061 Van 1
576.284912 385.839844 560.284912 394.839844 557.0 389.000061 573.0 380.000061 Van 1
535.0 361.000031 527.800049 364.600006 521.800049 352.600006 529.0 349.000031 Van 1
625.000061 328.999969 609.000061 335.999969 607.2099 331.908173 623.2099 324.908173 Van 1
479.000031 260.0 474.500031 264.5 464.500031 254.5 469.000031 250.0 Van 1
495.226257 276.24884 490.0 281.0 479.773743 269.75116 485.0 265.0 Van 1
504.999939 298.0 500.226379 303.20752 487.999939 292.0 492.773499 286.79248 Van 1
807.035156 132.541153 806.035156 145.541153 798.999878 144.999985 799.999878 131.999985 Van 1
791.000061 110.000008 782.100769 111.570473 779.000061 94.000008 787.899353 92.429543 Van 1
836.0 189.0 821.0 189.0 821.0 182.0 836.0 182.0 Van 1
834.0 174.0 820.0 174.0 820.0 168.0 834.0 168.0 Van 1
796.410461 189.975861 779.000061 191.0 778.589661 184.024139 796.000061 183.0 Van 1
933.0 254.999985 917.803467 257.026184 917.0 250.999985 932.196533 248.973785 Van 1
988.000061 129.0 986.964539 143.497467 980.000061 143.0 981.035583 128.502533 Van 1
978.0 143.0 971.0 143.0 971.0 131.0 978.0 131.0 Van 1
666.335632 977.765198 656.000061 985.000061 652.66449 980.234924 663.000061 973.000061 Van 1
696.000122 960.000061 685.000122 968.000061 681.583862 963.302795 692.583862 955.302795 Van 1
779.999939 904.999939 764.999939 914.999939 760.999939 908.999939 775.999939 898.999939 Van 1
795.000061 892.000061 790.500061 896.500061 780.500061 886.500061 785.000061 882.000061 Van 1
716.300049 991.899963 710.300049 993.899963 706.0 980.999939 712.0 978.999939 Van 1
852.000061 852.000061 847.000061 856.000061 835.000061 841.000061 840.000061 837.000061 Van 1
1000.0 471.0 1000.0 471.0 1000.0 489.0 1000.0 489.0 Van 1
862.000122 381.000031 849.700073 385.100006 847.700073 379.100006 860.000122 375.000031 Van 1
870.000061 395.0 858.000061 407.0 852.000061 401.0 864.000061 389.0 Van 1
751.2901 476.497406 746.999939 478.999969 739.709778 466.502533 743.999939 463.999969 Van 1
938.120667 486.977356 921.999939 490.0 920.879211 484.022644 936.999939 481.0 Van 1
911.112183 405.190247 897.112183 408.190247 896.0 403.0 910.0 400.0 Van 1
759.000061 522.0 745.000061 529.0 742.400085 523.800049 756.400085 516.800049 Van 1
378.000031 797.999939 363.000031 807.999939 359.000031 801.999939 374.000031 791.999939 Van 1
369.089935 748.943909 353.000031 759.000061 349.910126 754.056213 366.000031 744.000061 Van 1
422.0 778.0 407.191345 787.519897 403.0 781.0 417.808655 771.480103 Van 1
446.0 764.999939 429.630798 774.353821 425.630798 767.353821 442.0 757.999939 Van 1
469.0 753.999939 463.135132 758.189148 453.0 743.999939 458.864868 739.81073 Van 1
360.000031 679.0 354.09903 684.114258 341.000031 669.0 346.901031 663.885742 Van 1
400.999969 658.000061 384.999969 668.000061 380.449432 660.719177 396.449432 650.719177 Van 1
430.202698 641.283875 425.0 645.000061 414.797302 630.716248 420.0 627.000061 Van 1
297.999969 686.999939 276.999969 689.999939 275.999969 682.999939 296.999969 679.999939 Van 1
300.410339 697.97583 283.0 699.0 282.589661 692.02417 300.0 691.0 Van 1
316.000031 704.000061 298.000031 706.000061 297.219513 698.975647 315.219513 696.975647 Van 1
321.0 715.000061 301.739746 717.027405 301.0 710.000061 320.260254 707.972717 Van 1
280.0 910.0 274.0 910.0 274.0 896.0 280.0 896.0 Van 1
293.0 909.0 286.0 909.0 286.0 896.0 293.0 896.0 Van 1
219.000015 947.000061 211.008743 948.065613 209.000015 933.000061 216.991287 931.934509 Van 1
378.428833 1000.0 378.428833 995.923462 389.066589 995.923462 389.066589 1000.0 Van 1
424.000031 954.000061 419.360016 957.480042 409.519989 944.360046 414.160004 940.880066 Van 1
449.0 988.999878 436.538452 997.307617 433.0 991.999878 445.461548 983.692139 Van 1
447.0 1000.0 444.000031 995.0 459.294159 985.823486 463.000031 992.0 Van 1
495.000061 973.000061 478.820312 983.112366 475.000061 977.000061 491.17981 966.887756 Van 1
550.269653 941.831421 534.0 952.0 529.730347 945.168579 546.0 935.0 Van 1
609.18927 906.864868 595.000061 917.0 590.810852 911.135132 605.000061 901.0 Van 1
612.129333 834.917542 600.999939 841.999939 597.870544 837.082336 608.999939 829.999939 Van 1
582.0 813.0 577.359985 816.47998 569.679932 806.23999 574.319946 802.76001 Van 1
538.264587 840.441101 523.264587 849.441101 519.999939 843.999939 534.999939 834.999939 Van 1
502.538391 861.307617 496.538391 865.307617 488.999939 853.999878 494.999939 849.999878 Van 1
478.999969 872.999939 468.999969 878.999939 465.999969 873.999939 475.999969 867.999939 Van 1
857.426025 568.82251 845.0 574.0 842.573975 568.17749 855.0 563.0 Van 1
725.0 685.0 719.5 690.5 706.5 677.5 712.0 672.0 Van 1
734.0 681.0 729.0 686.0 716.0 673.0 721.0 668.0 Van 1
750.500061 667.500061 745.500061 672.500061 732.000061 659.000061 737.000061 654.000061 Van 1
758.000061 662.000061 753.000061 667.000061 740.000061 654.000061 745.000061 649.000061 Van 1
772.999939 650.0 767.792419 654.77356 756.792419 642.77356 761.999939 638.0 Van 1
780.999939 644.0 775.26825 649.290771 762.999939 636.0 768.731628 630.709229 Van 1
789.386597 689.702637 776.0 700.0 771.613403 694.297363 785.0 684.0 Van 1
795.999878 696.000061 781.999878 706.000061 777.4729 699.66217 791.4729 689.66217 Van 1
839.16394 674.196777 825.0 686.0 820.0 680.0 834.16394 668.196777 Van 1
51.0 990.0 35.0 990.0 35.0 984.0 51.0 984.0 Van 1
27.999992 971.999939 10.709889 974.034119 9.999993 967.999939 27.290096 965.965759 Van 1
49.426399 981.969482 35.0 983.0 34.573601 977.030518 49.0 976.0 Van 1
46.035015 937.560303 38.999996 938.0 37.964977 921.439697 44.999996 921.0 Van 1
94.041191 929.535217 88.000008 929.999939 87.000008 916.999939 93.041191 916.535217 Van 1
