27.000004 36.000004 24.982536 51.131008 16.991268 50.06551 19.008736 34.934505 Van 1
4.999998 130.0 -2.418461 127.381714 -0.0 120.529419 7.418458 123.147705 Van 1
126.0 49.0 115.0 49.0 115.0 30.0 126.0 30.0 Van 1
240.000031 78.000008 238.000031 94.000008 229.015411 92.87693 231.015411 76.87693 Van 1
396.0 145.000015 390.964417 161.113907 381.0 158.000015 386.035583 141.886124 Van 1
328.999969 131.999985 327.999969 138.999985 306.999969 135.999985 307.999969 128.999985 Van 1
593.281067 90.397858 586.000061 106.000046 578.719055 102.602234 586.000061 87.000046 Van 1
616.000061 102.0 609.000061 116.0 601.000061 112.0 608.000061 98.0 Van 1
811.090576 175.516968 808.0 192.0 799.909424 190.483032 803.0 174.0 Van 1
699.496033 340.893921 698.000061 348.0 679.000061 344.0 680.496033 336.893921 Van 1
777.999939 355.000031 776.973083 361.845978 756.973083 358.845978 757.999939 352.000031 Van 1
860.0 371.000061 859.330322 378.031494 838.330322 376.031494 839.0 369.000061 Van 1
894.410767 87.06485 893.0 95.999985 873.589233 92.93512 875.0 83.999985 Van 1
1000.0 46.999992 1000.0 46.999992 1000.0 46.999992 1000.0 46.999992 Van 1
1000.0 66.052612 994.546387 64.904495 996.0 57.999977 1001.453613 59.148094 Van 1
1000.0 101.0 987.83783 98.972969 988.999939 91.999992 1000.0 93.833336 Van 1
851.999939 224.0 851.044617 231.006073 828.999939 228.0 829.955261 220.993927 Van 1
841.042725 257.005554 840.0 265.0 816.957275 261.994446 818.0 254.0 Van 1
838.000061 292.000031 837.330383 299.031464 816.000061 297.000031 816.669739 289.968597 Van 1
899.0 298.0 893.967773 319.135193 885.0 317.0 890.032227 295.864807 Van 1
921.058899 303.764709 917.000061 320.0 909.000061 318.0 913.058899 301.764709 Van 1
933.000061 303.0 929.929626 320.399353 922.000061 319.0 925.070496 301.600647 Van 1
161.0 253.0 157.349609 259.205658 140.349609 249.205658 144.0 243.0 Van 1
152.0 259.0 147.0 266.0 133.472961 256.33783 138.472961 249.33783 Van 1
211.245895 277.704895 205.754105 284.295044 190.508194 271.590149 195.999985 265.0 Van 1
194.461533 293.307648 189.999985 299.999969 173.846146 289.230743 178.307693 282.538422 Van 1
185.087387 300.051392 180.999985 307.0 163.912582 296.948608 167.999985 290.0 Van 1
142.000046 432.000061 138.40004 439.200073 122.40004 431.200073 126.000046 424.000061 Van 1
123.999985 449.0 119.867035 454.635864 103.999985 443.0 108.132935 437.364136 Van 1
105.000023 462.0 101.160027 467.119995 89.000023 458.0 92.840019 452.880005 Van 1
373.0 451.000031 368.241638 457.185883 355.0 447.000031 359.758362 440.814178 Van 1
360.269653 465.168549 356.0 472.000031 339.730347 461.831512 344.0 455.000031 Van 1
352.0 473.0 347.626831 479.758545 330.626831 468.758545 335.0 462.0 Van 1
344.365845 481.292664 339.0 488.0 324.0 476.0 329.365845 469.292664 Van 1
352.307648 540.538391 347.999969 546.999939 332.999969 536.999939 337.307648 530.538391 Van 1
362.461548 535.307739 358.0 542.0 341.84613 531.230713 346.307678 524.538452 Van 1
371.12439 528.080444 366.0 536.0 348.87561 524.919556 354.0 517.0 Van 1
625.008728 444.93457 622.991272 460.065552 615.000061 459.000061 617.017517 443.86908 Van 1
528.0 600.999878 526.999939 607.999878 509.919952 605.559937 510.919983 598.559937 Van 1
499.755127 693.07196 499.000061 701.000061 478.000061 699.000061 478.755127 691.07196 Van 1
461.048767 679.560974 460.048767 688.560974 437.0 686.000061 438.0 677.000061 Van 1
458.999969 690.999939 458.139984 697.019958 436.999969 693.999939 437.859955 687.979919 Van 1
142.0 642.0 129.731628 655.290771 124.0 650.0 136.268372 636.709229 Van 1
-0.0 706.799988 -1e-06 701.749939 2.269675 701.749939 2.269676 706.799988 Van 1
87.999992 928.000061 86.527992 936.096008 64.527992 932.096008 65.999992 924.000061 Van 1
330.0 744.0 329.235962 752.022461 308.0 750.0 308.764038 741.977539 Van 1
248.000015 817.0 247.629837 824.033203 228.000015 823.0 228.370193 815.966797 Van 1
200.122284 793.083069 198.122284 808.083069 190.0 807.000061 192.0 792.000061 Van 1
102.781364 1000.498047 94.812492 1000.0 95.03112 996.501953 102.999992 997.0 Van 1
433.000031 987.000061 432.36441 993.038391 413.000031 991.000061 413.635651 984.961731 Van 1
494.215759 958.190979 490.215759 973.190979 482.0 971.000061 486.0 956.000061 Van 1
419.0 859.000122 418.665161 866.031738 397.665161 865.031738 398.0 858.000122 Van 1
440.7099 798.965759 440.0 804.999939 423.0 802.999939 423.7099 796.965759 Van 1
768.852295 571.038757 749.852295 576.038757 748.0 568.999939 767.0 563.999939 Van 1
659.0 723.0 657.119751 732.024902 633.0 727.0 634.880249 717.975098 Van 1
698.000061 847.0 692.909363 866.344604 684.000061 864.0 689.090759 844.655396 Van 1
880.780518 980.975525 880.0 987.999939 862.0 985.999939 862.780518 978.975525 Van 1
849.102722 976.016296 848.000061 983.000061 828.8974 979.983826 830.000061 973.000061 Van 1
893.3349 915.968384 893.000061 923.0 872.000061 922.0 872.3349 914.968384 Van 1
936.999939 821.0 932.999939 839.0 923.999939 837.0 927.999939 819.0 Van 1
965.999939 797.999878 960.999939 815.999878 951.871033 813.464111 956.871033 795.464111 Van 1
946.660645 682.062927 946.0 689.000061 925.0 687.000061 925.660645 680.062927 Van 1
913.153015 1001.517029 905.062439 1000.000061 905.999939 995.000061 914.090515 996.517029 Van 1
74.806892 486.282776 65.806892 494.282776 61.999992 490.0 70.999992 482.0 Van 1
