93.0 506.0 82.0 506.0 82.0 489.0 93.0 489.0 Van 1
643.0 833.0 631.0 833.0 631.0 827.0 643.0 827.0 Van 1
728.0 559.0 709.0 559.0 709.0 552.0 728.0 552.0 Van 1
602.0 544.0 590.0 544.0 590.0 527.0 602.0 527.0 Van 1
569.0 461.0 544.0 461.0 544.0 452.0 569.0 452.0 Van 1
494.410339 460.975922 477.410339 461.975922 477.0 455.000031 494.0 454.000031 Van 1
376.999969 473.0 361.999969 487.0 354.75058 479.232788 369.75058 465.232788 Van 1
480.0 257.0 469.0 257.0 469.0 241.0 480.0 241.0 Van 1
505.957214 192.684814 504.957214 208.684814 494.0 208.0 495.0 192.0 Van 1
529.0 207.0 518.0 207.0 518.0 192.0 529.0 192.0 Van 1
644.0 222.0 620.0 222.0 620.0 214.0 644.0 214.0 Van 1
647.0 195.0 627.0 195.0 627.0 187.0 647.0 187.0 Van 1
579.0 164.0 567.0 164.0 567.0 146.0 579.0 146.0 Van 1
554.0 163.0 543.0 163.0 543.0 146.0 554.0 146.0 Van 1
542.0 162.0 531.0 162.0 531.0 145.0 542.0 145.0 Van 1
285.0 165.0 274.0 165.0 274.0 149.0 285.0 149.0 Van 1
561.937439 3.398592 549.999939 3.398592 549.999939 0.0 561.937439 0.0 Van 1
905.348999 222.02829 882.348999 223.02829 882.0 215.0 905.0 214.0 Van 1
