345.0 119.0 322.0 119.0 322.0 112.0 345.0 112.0 Van 1
236.0 119.0 214.0 119.0 214.0 110.0 236.0 110.0 Van 1
206.0 119.0 193.0 119.0 193.0 112.0 206.0 112.0 Van 1
190.0 119.0 174.0 119.0 174.0 111.0 190.0 111.0 Van 1
168.349136 118.982544 148.000015 120.0 147.650894 113.017456 168.000015 112.0 Van 1
65.0 117.0 54.0 117.0 54.0 109.0 65.0 109.0 Van 1
106.0 141.0 85.0 141.0 85.0 135.0 106.0 135.0 Van 1
81.0 141.0 61.0 141.0 61.0 135.0 81.0 135.0 Van 1
779.091797 284.027527 777.0 291.0 756.908203 284.972473 759.0 278.0 Van 1
824.024658 330.556976 823.0 349.000031 812.975342 348.443085 814.0 330.000031 Van 1
823.025391 352.644653 822.025391 366.644653 813.0 366.0 814.0 352.0 Van 1
865.0 395.0 864.0 411.0 851.984375 410.249023 852.984375 394.249023 Van 1
694.0 493.0 676.0 493.0 676.0 487.0 694.0 487.0 Van 1
826.0 805.000061 824.955811 820.663757 815.000122 820.000061 816.044312 804.336365 Van 1
848.0 1000.0 848.0 1000.0 859.0 1000.0 859.0 1000.0 Van 1
757.399048 597.019897 757.0 605.0 736.600952 603.980103 737.0 596.0 Van 1
702.0 605.0 681.0 605.0 681.0 598.0 702.0 598.0 Van 1
700.0 596.0 677.0 596.0 677.0 589.0 700.0 589.0 Van 1
672.0 576.0 648.0 576.0 648.0 569.0 672.0 569.0 Van 1
595.0 736.0 569.0 736.0 569.0 727.0 595.0 727.0 Van 1
596.0 723.0 586.0 723.0 586.0 708.0 596.0 708.0 Van 1
568.0 455.0 544.0 455.0 544.0 447.0 568.0 447.0 Van 1
534.0 455.0 510.0 455.0 510.0 448.0 534.0 448.0 Van 1
471.0 454.0 450.0 454.0 450.0 447.0 471.0 447.0 Van 1
456.0 473.0 432.0 473.0 432.0 465.0 456.0 465.0 Van 1
401.0 463.0 376.0 463.0 376.0 455.0 401.0 455.0 Van 1
99.0 406.0 76.0 406.0 76.0 399.0 99.0 399.0 Van 1
105.0 433.0 86.0 433.0 86.0 425.0 105.0 425.0 Van 1
397.0 566.0 388.0 566.0 388.0 548.0 397.0 548.0 Van 1
364.0 895.0 355.0 895.0 355.0 879.0 364.0 879.0 Van 1
400.000031 974.000122 388.923126 975.384766 386.923126 959.384766 398.000031 958.000122 Van 1
648.0 1000.0 626.0 1000.0 626.0 995.0 648.0 995.0 Van 1
