261.200043 127.400009 248.000031 134.000015 245.000031 128.000015 258.200043 121.400009 Van 1
524.000061 64.000008 519.000061 68.000008 508.268372 54.585373 513.268372 50.585373 Van 1
549.114563 88.210182 543.999939 90.999992 537.885315 79.789803 542.999939 76.999992 Van 1
606.999939 103.000008 601.037903 108.044838 589.999939 95.000008 595.961975 89.955177 Van 1
597.0 106.0 591.037964 111.04483 580.0 98.0 585.962036 92.95517 Van 1
580.082397 116.129425 574.0 120.000015 566.917603 108.870605 573.0 105.000015 Van 1
636.0 66.0 631.207642 71.191696 618.0 59.0 622.792358 53.808304 Van 1
733.000061 109.000046 723.000061 119.000046 719.000061 115.000046 729.000061 105.000046 Van 1
775.176453 75.705887 771.911804 81.147064 760.000061 74.0 763.264709 68.558823 Van 1
753.39032 52.487808 738.39032 64.487808 734.000061 59.0 749.000061 47.0 Van 1
816.44104 56.264698 812.999878 61.999989 800.646973 54.588223 804.088135 48.852932 Van 1
858.0 74.999962 847.0 84.999962 842.248901 79.77372 853.248901 69.77372 Van 1
893.5 58.499977 882.0 69.999977 877.5 65.499977 889.0 53.999977 Van 1
910.000122 67.000008 899.000122 78.000008 895.000122 74.000008 906.000122 63.000008 Van 1
943.000122 89.999985 930.000122 102.999985 924.500122 97.499985 937.500122 84.499985 Van 1
962.0 113.000031 946.0 122.000031 942.474731 115.732971 958.474731 106.732971 Van 1
873.590149 86.508232 860.999939 97.000038 856.409729 91.491844 868.999939 81.000038 Van 1
914.000122 114.000046 903.000122 125.000046 898.000122 120.000046 909.000122 109.000046 Van 1
586.252014 181.364044 581.000061 185.000031 571.748108 171.636047 577.000061 168.000061 Van 1
562.000061 193.000046 550.000061 199.000046 547.000061 193.000046 559.000061 187.000046 Van 1
443.0 239.000015 436.022949 242.052475 429.0 226.000015 435.977051 222.947556 Van 1
416.0 288.0 398.0 295.0 395.579102 288.77478 413.579102 281.77478 Van 1
461.0 289.0 444.671204 295.123291 442.0 288.0 458.328796 281.876709 Van 1
482.340515 301.64325 476.0 305.0 467.0 288.0 473.340515 284.64325 Van 1
613.000061 387.999969 606.200012 391.399994 598.600037 376.199982 605.400085 372.799957 Van 1
628.000061 417.0 621.102234 420.218994 614.102234 405.218994 621.000061 402.0 Van 1
563.099976 437.299988 555.0 440.0 549.900024 424.700012 558.0 422.0 Van 1
395.999969 356.0 389.158356 358.44342 383.999969 344.0 390.841583 341.55658 Van 1
375.043274 330.140594 369.0 332.000031 364.956726 318.859467 371.0 317.000031 Van 1
238.0 335.999969 230.0 338.999969 224.0 322.999969 232.0 319.999969 Van 1
258.200012 327.400024 251.000015 331.0 244.800003 318.599976 252.000015 315.0 Van 1
239.0 371.000031 231.876709 373.671234 225.876709 357.671234 233.0 355.000031 Van 1
259.0 364.0 252.100006 366.299988 247.0 351.0 253.899994 348.700012 Van 1
278.262726 356.722626 271.999969 358.999969 267.999969 347.999969 274.262726 345.722626 Van 1
308.822479 345.574005 302.999969 348.000031 297.999969 336.000031 303.822479 333.574005 Van 1
292.0 387.0 286.206909 389.482788 280.0 375.0 285.793091 372.517212 Van 1
311.999969 382.000031 304.896881 384.731964 299.896881 371.731964 306.999969 369.000031 Van 1
326.999969 374.999969 320.768036 377.396881 315.768036 364.396881 321.999969 361.999969 Van 1
349.000031 373.0 342.02298 376.052429 335.000031 360.0 341.977081 356.947571 Van 1
376.045227 363.12674 368.0 366.000031 362.954773 351.873322 371.0 349.000031 Van 1
272.000031 422.0 255.88681 426.60376 253.88681 419.60376 270.000031 415.0 Van 1
350.0 397.999969 330.953674 405.017059 328.0 396.999969 347.046326 389.98288 Van 1
398.299988 378.899994 380.0 384.999969 377.700012 378.099945 396.0 371.999969 Van 1
239.0 451.0 231.07547 453.26416 227.0 439.0 234.92453 436.73584 Van 1
170.999985 412.000061 167.999985 418.000061 155.599991 411.800049 158.599991 405.800049 Van 1
128.999969 206.999985 125.915703 220.365158 119.999977 218.999985 123.084251 205.634811 Van 1
105.0 344.999969 99.896912 358.268036 94.0 355.999969 99.103088 342.731903 Van 1
87.000015 443.0 86.260284 450.027405 67.000015 448.0 67.739746 440.972595 Van 1
80.0 473.0 64.0 473.0 64.0 466.0 80.0 466.0 Van 1
81.367401 475.019379 81.0 482.000031 61.632599 480.980682 62.0 474.000031 Van 1
75.37355 507.023315 75.000008 513.0 58.626465 511.976685 59.000008 506.0 Van 1
125.076935 487.384705 124.076935 495.384705 105.000015 493.000061 106.000015 485.000061 Van 1
267.000061 545.000122 266.586243 552.034546 249.586258 551.034546 250.000061 544.000122 Van 1
356.999969 663.999939 350.087799 667.190125 343.999969 653.999939 350.91214 650.809753 Van 1
43.0 526.0 30.0 526.0 30.0 520.0 43.0 520.0 Van 1
40.000011 275.999969 28.000011 283.999969 24.000011 277.999969 36.000011 269.999969 Van 1
5.7e-05 320.333252 -2.100616 319.962585 0.0 308.058777 2.100674 308.429443 Van 1
444.140564 505.956757 430.859497 510.043243 428.718933 503.086456 442.0 498.999969 Van 1
487.000031 490.0 472.300018 494.900024 469.899994 487.700012 484.600006 482.799988 Van 1
573.0 498.0 558.0 503.0 555.900024 496.700012 570.900024 491.700012 Van 1
580.0 513.000061 565.809937 518.067932 564.0 513.000061 578.190063 507.93219 Van 1
629.0 560.000061 612.890381 566.041199 611.0 561.000061 627.109619 554.958923 Van 1
610.0 566.0 593.890381 572.041138 592.0 567.0 608.109619 560.958862 Van 1
866.087708 592.190125 859.999939 594.999939 853.91217 581.809753 859.999939 578.999939 Van 1
880.999878 623.0 874.137207 627.223145 865.999878 614.0 872.862549 609.776855 Van 1
844.441162 636.735352 839.0 640.0 832.558838 629.264648 838.0 626.0 Van 1
835.217651 640.373047 829.0 644.0 821.782349 631.626953 828.0 628.0 Van 1
607.999939 802.000122 590.999939 808.000122 588.784607 801.723145 605.784607 795.723145 Van 1
613.0 816.000122 598.0 821.000122 595.900024 814.700073 610.900024 809.700073 Van 1
630.0 850.0 615.0 855.0 613.0 849.0 628.0 844.0 Van 1
615.273254 739.941406 601.000061 743.0 599.726868 737.058594 614.000061 734.0 Van 1
621.000061 755.000061 605.000061 759.000061 603.470642 752.882385 619.470642 748.882385 Van 1
625.273254 762.941467 611.000061 766.000061 609.726868 760.058655 624.000061 757.000061 Van 1
636.000061 778.000061 619.000061 781.000061 617.741638 773.869202 634.741638 770.869202 Van 1
645.000061 791.0 627.000061 795.0 625.635315 788.858765 643.635315 784.858765 Van 1
656.206238 814.942688 638.206238 819.942688 635.999939 811.999939 653.999939 806.999939 Van 1
651.0 694.0 632.576416 698.094116 631.0 691.0 649.423584 686.905884 Van 1
674.000061 748.000061 668.000061 751.000061 663.000061 741.000061 669.000061 738.000061 Van 1
756.110718 730.207642 749.0 734.0 740.889282 718.792358 748.0 715.0 Van 1
829.91217 773.809753 822.999939 776.999939 816.999939 763.999939 823.91217 760.809753 Van 1
893.000061 884.999939 887.083069 888.155701 879.000061 872.999939 884.917053 869.844177 Van 1
911.0 953.0 893.899414 960.041382 891.0 953.0 908.100586 945.958618 Van 1
887.0 978.0 875.0 983.0 872.426025 976.82251 884.426025 971.82251 Van 1
901.400146 989.80011 885.000122 998.000061 882.600098 993.200012 899.000122 985.000061 Van 1
906.999939 996.999878 901.856873 1000.0 892.249878 1000.0 904.062073 991.963623 Van 1
911.443054 1001.255554 910.857117 1000.000061 913.547546 998.744568 914.133484 1000.000061 Van 1
779.923035 1000.0 772.307617 1000.0 768.0 992.000061 773.903687 988.821106 Van 1
752.200012 1003.399963 750.000061 999.000183 756.80011 995.600159 759.000061 999.999939 Van 1
764.100098 1003.200073 760.000122 995.000244 766.400146 991.800293 770.500122 1000.000122 Van 1
670.28894 919.864014 653.0 928.0 650.71106 923.135986 668.0 915.0 Van 1
676.000061 967.0 663.000061 973.0 660.57074 967.736572 673.57074 961.736572 Van 1
998.999939 979.999878 986.769226 988.153687 983.999939 983.999878 996.230652 975.846069 Van 1
