566.482788 371.206909 551.482788 377.206909 549.0 371.0 564.0 365.0 Van 1
744.000061 520.000061 737.889343 537.313904 728.944763 534.156921 735.055481 516.843079 Van 1
791.0 338.999969 780.907593 360.194061 770.0 354.999969 780.092407 333.805878 Van 1
919.100037 153.700012 914.000061 169.0 905.000061 166.0 910.100037 150.700012 Van 1
908.103516 142.748535 901.0 160.0 891.896484 156.251465 899.0 139.0 Van 1
787.629211 200.863403 784.999939 208.0 765.999939 201.0 768.629211 193.863403 Van 1
763.006836 153.058014 755.0 154.0 752.993164 136.941986 761.0 136.0 Van 1
823.137817 136.927032 806.0 146.0 802.862183 140.072968 820.0 131.0 Van 1
831.091797 107.027527 829.0 114.0 808.908203 107.972473 811.0 101.0 Van 1
772.0 122.0 757.337891 132.472977 752.0 125.0 766.662109 114.527023 Van 1
728.0 108.0 713.0 117.0 709.558838 111.264709 724.558838 102.264709 Van 1
850.482727 67.842552 848.000061 75.999992 825.000061 68.999992 827.482727 60.842552 Van 1
780.0 12.0 758.0 12.0 758.0 4.0 780.0 4.0 Van 1
638.853638 146.682938 635.853638 160.682938 628.0 159.000015 631.0 145.000015 Van 1
251.0 43.0 242.0 43.0 242.0 27.0 251.0 27.0 Van 1
161.024857 43.472374 150.999985 44.0 149.999985 25.0 160.024857 24.472374 Van 1
67.0 39.0 59.0 39.0 59.0 26.0 67.0 26.0 Van 1
45.0 44.0 36.0 44.0 36.0 29.0 45.0 29.0 Van 1
19.0 39.0 10.0 39.0 10.0 24.0 19.0 24.0 Van 1
9.0 41.0 0.0 41.0 0.0 24.0 9.0 24.0 Van 1
647.185913 255.758362 637.0 269.0 630.814087 264.241638 641.0 251.0 Van 1
632.309204 277.75705 618.309204 288.75705 613.0 281.999969 627.0 270.999969 Van 1
613.000061 289.000092 595.000061 298.000092 591.600037 291.200104 609.600037 282.200104 Van 1
592.0 298.999969 574.0 306.999969 570.907227 300.041229 588.907227 292.041229 Van 1
574.509766 309.812164 555.0 316.999969 552.490234 310.187775 572.0 302.999969 Van 1
554.200012 317.400024 535.000061 327.0 531.600037 320.200012 550.799988 310.600037 Van 1
33.053379 384.829193 27.999996 401.000031 18.946617 398.170868 24.0 382.000031 Van 1
0.0 457.15387 0.0 447.583313 7.230012 439.750793 13.999981 446.0 Van 1
342.0 575.0 341.08551 582.011108 318.08551 579.011108 319.0 572.0 Van 1
126.999985 568.0 107.47998 582.640015 101.47998 574.640015 120.999985 560.0 Van 1
736.06897 707.827637 730.0 723.0 722.93103 720.172363 729.0 705.0 Van 1
822.999878 903.999939 812.999878 925.999939 801.999878 920.999939 811.999878 898.999939 Van 1
837.558777 877.735352 825.558777 897.735352 815.999939 892.0 827.999939 872.0 Van 1
815.0 860.000061 812.39624 869.11322 784.39624 861.11322 787.0 852.000061 Van 1
827.235474 840.05896 825.000122 849.000122 796.764771 841.941284 799.000122 833.000122 Van 1
842.183716 719.580322 835.000122 736.0 826.816528 732.419678 834.000122 716.0 Van 1
767.000061 740.0 765.235413 747.058838 745.000061 742.0 746.764709 734.941162 Van 1
