38.0 198.000031 15.000001 200.000031 14.388368 192.966248 37.388367 190.966248 Van 1
437.000031 320.000031 414.639374 322.032806 414.000031 315.000031 436.360687 312.967255 Van 1
904.662109 40.527023 897.662109 45.527023 888.0 31.999998 895.0 27.0 Van 1
854.999878 60.000015 848.999878 65.000015 837.196655 50.836082 843.196655 45.836082 Van 1
847.442993 85.145889 840.0 90.0 825.0 67.0 832.442993 62.145889 Van 1
986.000122 71.999985 979.662231 76.527008 969.662231 62.527012 976.000122 57.999985 Van 1
967.000061 103.0 959.719177 107.550568 949.719177 91.550568 957.000061 87.0 Van 1
909.500061 605.5 897.000061 618.0 892.000061 613.0 904.500061 600.5 Van 1
954.0 631.000061 941.0 644.000061 935.0 638.000061 948.0 625.000061 Van 1
886.796448 644.27594 875.796448 654.27594 871.000061 648.999939 882.000061 638.999939 Van 1
609.0 940.000061 585.0 955.000061 579.269653 945.831482 603.269653 930.831482 Van 1
665.000061 951.000061 635.000061 968.000061 629.681335 958.614075 659.681335 941.614075 Van 1
