431.999969 515.0 417.859955 517.02002 416.999969 511.0 431.139984 508.97998 Van 1
479.273132 512.941467 464.999939 516.0 463.726746 510.058533 477.999939 507.0 Van 1
617.000061 520.000061 611.000061 526.000061 600.500061 515.500061 606.500061 509.500061 Van 1
567.000061 354.999969 552.000061 357.999969 550.576965 350.884613 565.576965 347.884613 Van 1
612.399414 358.929535 595.000122 362.000031 593.60083 354.070526 611.000122 351.000031 Van 1
519.0 278.000031 510.100677 279.570526 507.0 262.000031 515.899292 260.429535 Van 1
745.0 258.0 730.891846 260.351379 729.891846 254.351364 744.0 252.0 Van 1
748.999939 270.0 734.859924 272.02002 733.999939 266.0 748.139954 263.97998 Van 1
824.999939 540.999878 818.307678 545.461426 809.538391 532.307617 816.230652 527.846069 Van 1
843.000061 533.0 837.070618 538.082397 825.000061 524.0 830.929504 518.917603 Van 1
984.999878 978.0 982.96521 991.225464 974.999878 990.0 977.034546 976.774536 Van 1
973.000061 890.000061 966.000061 892.000061 962.528381 879.84906 969.528381 877.84906 Van 1
960.140015 663.02002 959.140015 670.02002 945.0 668.0 946.0 661.0 Van 1
986.249084 651.066467 984.124573 659.033264 968.875671 654.966858 971.000183 647.000061 Van 1
976.0 510.0 971.841187 516.535278 960.0 509.0 964.158813 502.464722 Van 1
992.223145 508.137268 988.0 514.999939 974.776855 506.86261 979.0 499.999939 Van 1
960.428528 0.0 967.200073 0.0 977.0 6.99994 973.283813 12.202642 Van 1
6.0 61.000004 0.0 61.352943 -0.0 44.294121 5.0 44.000004 Van 1
16.0 61.0 8.0 61.0 8.0 45.0 16.0 45.0 Van 1
41.498055 85.031136 41.0 93.000008 25.0 92.000008 25.498055 84.031136 Van 1
40.0 116.0 23.0 116.0 23.0 109.0 40.0 109.0 Van 1
43.0 132.0 23.0 132.0 23.0 126.0 43.0 126.0 Van 1
66.032791 59.360661 59.000008 60.000004 57.967224 48.639347 65.000008 48.000004 Van 1
79.0 114.0 63.0 114.0 63.0 109.0 79.0 109.0 Van 1
79.0 140.0 64.0 140.0 64.0 132.0 79.0 132.0 Van 1
41.0 1000.0 19.0 1000.0 19.0 996.0 41.0 996.0 Van 1
85.0 993.0 69.0 993.0 69.0 986.0 85.0 986.0 Van 1
102.0 976.0 93.0 976.0 93.0 958.0 102.0 958.0 Van 1
108.000008 909.0 102.041389 909.496582 101.000008 897.0 106.958626 896.503418 Van 1
185.0 606.0 174.0 606.0 174.0 598.0 185.0 598.0 Van 1
198.0 471.0 190.0 471.0 190.0 454.0 198.0 454.0 Van 1
180.0 425.0 158.0 426.0 157.68042 418.969055 179.68042 417.969055 Van 1
178.334839 416.031708 157.334839 417.031708 157.0 410.000031 178.0 409.000031 Van 1
134.0 365.0 117.0 365.0 117.0 357.0 134.0 357.0 Van 1
134.0 356.0 116.0 356.0 116.0 348.0 134.0 348.0 Van 1
181.0 361.999969 174.041168 362.535248 173.0 348.999969 179.958832 348.464691 Van 1
201.008713 361.06546 193.999985 361.999969 191.991257 346.934479 198.999985 345.999969 Van 1
162.030762 331.553833 154.0 332.0 153.0 314.0 161.030762 313.553833 Van 1
181.0 330.0 172.0 330.0 172.0 314.0 181.0 314.0 Van 1
367.500031 58.500008 358.500031 67.500008 353.000031 62.000008 362.000031 53.000008 Van 1
337.799988 100.399994 330.0 103.0 325.0 88.0 332.799988 85.399994 Van 1
365.000031 93.0 357.000031 96.0 351.000031 80.0 359.000031 77.0 Van 1
375.0 90.000008 367.06897 93.172417 361.0 78.000008 368.93103 74.827599 Van 1
329.123291 138.328781 322.0 141.000015 315.876709 124.671249 323.0 122.000015 Van 1
396.000031 118.999992 388.155182 122.362068 382.000031 107.999992 389.844879 104.637917 Van 1
403.999939 117.0 397.087769 120.190247 390.91217 106.809753 397.824341 103.619507 Van 1
249.0 357.0 240.040009 358.280029 238.0 344.0 246.959991 342.719971 Van 1
327.0 350.0 309.825928 352.020508 309.0 345.0 326.174072 342.979492 Van 1
308.30188 382.05661 307.0 389.000031 290.69812 385.943451 292.0 379.000031 Van 1
287.000031 510.000061 278.015411 511.123108 276.000031 495.0 284.98465 493.876953 Van 1
308.000031 510.0 298.972321 510.501526 297.972321 492.501526 307.000031 492.0 Van 1
330.038452 506.192383 321.0 508.000061 317.961548 492.807739 327.0 491.000061 Van 1
232.0 544.0 215.0 544.0 215.0 537.0 232.0 537.0 Van 1
354.40152 531.029907 334.40152 532.029907 334.000031 524.0 354.000031 523.0 Van 1
257.0 956.0 236.0 956.0 236.0 948.0 257.0 948.0 Van 1
392.0 962.0 377.0 962.0 377.0 955.0 392.0 955.0 Van 1
