587.0 980.0 572.0 980.0 572.0 972.0 587.0 972.0 Van 1
553.000061 994.000061 532.604065 996.039612 532.000061 990.000061 552.396057 987.96051 Van 1
510.0 937.0 498.0 937.0 498.0 931.0 510.0 931.0 Van 1
266.164856 500.913208 247.0 511.0 242.835144 503.086792 262.0 493.0 Van 1
281.0 541.0 254.0 541.0 254.0 534.0 281.0 534.0 Van 1
472.999939 729.999939 454.769165 742.153748 449.999939 734.999939 468.230713 722.84613 Van 1
547.0 728.0 528.0 728.0 528.0 719.0 547.0 719.0 Van 1
860.00885 867.065613 853.000061 868.000061 850.991272 852.934509 858.000061 852.000061 Van 1
846.999939 878.0 839.854919 895.352051 831.958435 892.100586 839.103455 874.748535 Van 1
768.390747 39.033848 750.390747 40.033848 750.0 33.000004 768.0 32.000004 Van 1
778.164978 258.371094 770.000061 261.999969 762.000061 243.999985 770.164978 240.371124 Van 1
874.0 390.000031 867.24292 395.309174 856.24292 381.309174 863.0 376.000031 Van 1
917.000061 429.0 912.472961 434.571777 896.472961 421.571777 901.000061 416.0 Van 1
867.0 549.0 849.960693 561.02771 845.0 554.0 862.039307 541.97229 Van 1
