19.230764 402.153839 15.999994 406.999969 6.769227 400.8461 9.999996 395.999969 Van 1
189.0 458.0 177.0 458.0 177.0 452.0 189.0 452.0 Van 1
52.000019 490.0 48.000019 504.0 41.000019 502.0 45.000019 488.0 Van 1
250.0 136.0 242.0 136.0 242.0 119.0 250.0 119.0 Van 1
262.0 135.0 255.0 135.0 255.0 120.0 262.0 120.0 Van 1
275.006836 119.941986 273.006836 136.941986 265.0 136.0 267.0 119.0 Van 1
161.0 527.0 145.0 527.0 145.0 522.0 161.0 522.0 Van 1
110.0 694.0 103.0 694.0 103.0 681.0 110.0 681.0 Van 1
217.0 697.0 207.0 698.0 205.297028 680.970337 215.297028 679.970337 Van 1
229.0 696.0 219.972778 696.564209 218.972778 680.564209 228.0 680.0 Van 1
95.0 793.0 88.0 793.0 88.0 780.0 95.0 780.0 Van 1
166.0 797.0 158.0 797.0 158.0 784.0 166.0 784.0 Van 1
344.0 949.0 324.0 949.0 324.0 941.0 344.0 941.0 Van 1
387.314941 908.983398 368.0 910.0 367.685059 904.016602 387.0 903.0 Van 1
296.0 885.0 277.0 885.0 277.0 878.0 296.0 878.0 Van 1
291.0 756.0 284.0 756.0 284.0 743.0 291.0 743.0 Van 1
336.876923 791.015503 329.000031 792.000122 327.000031 776.000122 334.876923 775.015503 Van 1
315.0 687.0 306.0 687.0 306.0 673.0 315.0 673.0 Van 1
331.284668 600.088989 329.113831 607.035645 312.829163 601.946655 315.0 595.0 Van 1
348.099945 606.700012 345.999969 613.000061 330.999969 608.000061 333.099945 601.700012 Van 1
371.0 541.0 366.0 541.0 366.0 529.0 371.0 529.0 Van 1
301.0 532.0 293.0 532.0 293.0 523.0 301.0 523.0 Van 1
289.0 463.0 271.0 463.0 271.0 458.0 289.0 458.0 Van 1
298.0 138.0 289.0 138.0 289.0 121.0 298.0 121.0 Van 1
309.0 138.0 300.0 138.0 300.0 122.0 309.0 122.0 Van 1
349.0 134.0 342.0 134.0 342.0 120.0 349.0 120.0 Van 1
372.000031 134.0 362.972443 134.531036 361.972443 117.531036 371.000031 117.0 Van 1
390.0 131.0 383.0 131.0 383.0 118.0 390.0 118.0 Van 1
318.0 176.0 309.0 176.0 309.0 161.0 318.0 161.0 Van 1
332.0 174.0 325.0 174.0 325.0 161.0 332.0 161.0 Van 1
346.0 165.0 338.0 165.0 338.0 152.0 346.0 152.0 Van 1
360.0 165.0 353.0 165.0 353.0 151.0 360.0 151.0 Van 1
381.0 168.0 373.0 168.0 373.0 152.0 381.0 152.0 Van 1
392.0 168.0 384.0 168.0 384.0 153.0 392.0 153.0 Van 1
401.0 132.0 393.0 132.0 393.0 116.0 401.0 116.0 Van 1
412.0 131.0 403.0 131.0 403.0 115.0 412.0 115.0 Van 1
422.0 130.0 414.0 130.0 414.0 115.0 422.0 115.0 Van 1
453.0 130.0 445.0 130.0 445.0 113.0 453.0 113.0 Van 1
409.738495 165.907684 401.738495 166.907684 400.000031 153.0 408.000031 152.0 Van 1
422.0 166.0 413.0 166.0 413.0 149.0 422.0 149.0 Van 1
433.0 163.0 425.0 163.0 425.0 150.0 433.0 150.0 Van 1
557.034485 506.586182 556.034485 518.586182 549.000061 518.0 550.000061 506.0 Van 1
567.968872 503.498108 566.968872 519.498108 559.0 519.000061 560.0 503.000061 Van 1
437.390747 897.033813 419.390747 898.033813 419.0 891.0 437.0 890.0 Van 1
394.0 1000.0 387.0 1000.0 387.0 990.0 394.0 990.0 Van 1
395.426361 984.969482 380.999969 986.0 380.573578 980.030518 394.999969 979.0 Van 1
596.0 738.0 588.0 738.0 588.0 723.0 596.0 723.0 Van 1
672.0 733.0 663.035034 733.560303 662.0 717.0 670.964966 716.439697 Van 1
583.0 770.0 574.0 770.0 574.0 755.0 583.0 755.0 Van 1
672.877075 604.955688 664.0 606.0 662.0 589.0 670.877075 587.955688 Van 1
662.0 552.0 645.0 552.0 645.0 545.0 662.0 545.0 Van 1
661.0 560.0 644.0 560.0 644.0 553.0 661.0 553.0 Van 1
660.0 567.0 642.0 567.0 642.0 561.0 660.0 561.0 Van 1
697.0 561.0 684.0 561.0 684.0 555.0 697.0 555.0 Van 1
578.031006 504.472412 577.0 522.0 568.968994 521.527588 570.0 504.0 Van 1
708.0 510.0 700.0 510.0 700.0 494.0 708.0 494.0 Van 1
603.0 258.0 585.0 258.0 585.0 251.0 603.0 251.0 Van 1
873.0 599.0 870.599976 606.199951 853.799927 600.599976 856.199951 593.400024 Van 1
895.158447 717.556519 890.000122 732.0 882.841797 729.443481 888.000122 715.0 Van 1
880.0849 851.05835 876.000061 857.0 859.915222 845.94165 864.000061 840.0 Van 1
899.0 863.0 895.58374 867.697266 884.58374 859.697266 888.0 855.0 Van 1
881.0 918.000122 876.0 922.000122 868.0 912.000122 873.0 908.000122 Van 1
948.0 882.000183 943.248901 887.226379 932.248901 877.226379 937.0 872.000183 Van 1
990.362 752.155212 984.362 766.155212 976.999939 763.000061 982.999939 749.000061 Van 1
999.049011 463.992676 979.000061 467.0 977.951111 460.007324 998.000061 457.0 Van 1
0.0 601.181885 0.0 596.428589 11.999974 587.0 17.309122 593.75708 Van 1
