951.0 1000.0 940.0 1000.0 940.0 994.0 951.0 994.0 Van 1
985.999939 884.0 984.957092 900.684814 973.999939 900.0 975.042786 883.315186 Van 1
984.0 775.0 976.0 775.0 976.0 762.0 984.0 762.0 Van 1
937.0 183.0 927.0 183.0 927.0 165.0 937.0 165.0 Van 1
872.0 846.0 857.0 846.0 857.0 839.0 872.0 839.0 Van 1
686.000061 581.0 676.031921 585.077881 667.000061 563.0 676.968201 558.922119 Van 1
730.0 760.0 720.0 760.0 720.0 746.0 730.0 746.0 Van 1
615.0 743.999939 614.0 759.999939 603.976685 759.373474 604.976685 743.373474 Van 1
830.0 635.0 828.97229 653.498413 820.0 653.0 821.02771 634.501587 Van 1
754.017822 640.734558 753.000122 656.000061 741.982422 655.265564 743.000122 640.000061 Van 1
701.0 640.000061 699.954346 654.639709 691.0 654.000061 692.045654 639.360413 Van 1
687.0 653.0 678.0 653.0 678.0 640.0 687.0 640.0 Van 1
675.0 654.0 665.0 654.0 665.0 637.0 675.0 637.0 Van 1
830.0 635.0 820.0 635.0 820.0 620.0 830.0 620.0 Van 1
791.0 637.0 782.0 637.0 782.0 622.0 791.0 622.0 Van 1
767.0 637.0 756.0 637.0 756.0 620.0 767.0 620.0 Van 1
739.999939 636.0 729.042786 636.684814 728.042786 620.684814 738.999939 620.0 Van 1
701.0 637.0 692.0 637.0 692.0 620.0 701.0 620.0 Van 1
636.0 633.0 627.0 633.0 627.0 618.0 636.0 618.0 Van 1
617.0 594.0 606.0 594.0 606.0 577.0 617.0 577.0 Van 1
141.0 732.0 132.0 732.0 132.0 716.0 141.0 716.0 Van 1
130.0 732.0 120.0 732.0 120.0 718.0 130.0 718.0 Van 1
92.0 735.0 81.0 735.0 81.0 719.0 92.0 719.0 Van 1
