706.019897 813.601013 705.0 834.000061 692.980103 833.399109 694.0 813.000061 Van 1
800.0 665.000061 791.968872 665.502014 790.968872 649.502014 799.0 649.000061 Van 1
677.0 542.0 668.0 542.0 668.0 526.0 677.0 526.0 Van 1
1e-06 439.049957 -0.398979 431.069916 1.000004 430.999969 1.398984 438.980011 Van 1
81.0 96.0 74.0 96.0 74.0 85.0 81.0 85.0 Van 1
193.3629 130.983521 171.000015 132.000015 170.637131 124.016502 193.000015 123.0 Van 1
426.0 29.0 403.0 29.0 403.0 21.0 426.0 21.0 Van 1
269.0 273.0 259.0 273.0 259.0 258.0 269.0 258.0 Van 1
277.0 340.0 268.031006 340.527588 267.0 323.0 275.968994 322.472412 Van 1
478.000031 340.0 468.972809 340.564209 467.972809 324.564209 477.000031 324.0 Van 1
728.000061 265.0 716.000061 266.0 714.413879 246.96553 726.413879 245.965546 Van 1
713.962097 245.644836 712.962097 262.644836 702.000061 262.0 703.000061 245.0 Van 1
661.0 264.0 651.0 264.0 651.0 249.0 661.0 249.0 Van 1
636.0 265.0 625.0 265.0 625.0 249.0 636.0 249.0 Van 1
573.025391 265.355316 564.0 266.0 562.974609 251.644684 572.0 251.0 Van 1
536.999939 268.999969 528.006775 270.058014 525.999939 252.999969 534.993103 251.941925 Van 1
487.0 266.0 478.0 266.0 478.0 251.0 487.0 251.0 Van 1
441.026581 267.398254 432.000031 268.000031 431.000031 253.000046 440.026581 252.398285 Van 1
426.000031 270.000061 416.97348 270.601807 415.97348 255.601822 425.000031 255.000061 Van 1
414.0 269.0 405.0 269.0 405.0 254.0 414.0 254.0 Van 1
403.0 269.0 393.0 269.0 393.0 253.0 403.0 253.0 Van 1
377.0 226.000015 367.0 227.000015 365.0 207.000015 375.0 206.000015 Van 1
413.0 223.0 403.0 223.0 403.0 205.0 413.0 205.0 Van 1
485.0 222.0 476.0 222.0 476.0 207.0 485.0 207.0 Van 1
497.0 220.0 488.0 220.0 488.0 207.0 497.0 207.0 Van 1
537.019409 218.311279 526.0 219.0 524.980591 202.688721 536.0 202.0 Van 1
548.000061 220.000015 539.039856 220.597366 538.000061 205.000015 546.960266 204.402664 Van 1
560.0 219.0 551.0 219.0 551.0 202.0 560.0 202.0 Van 1
597.0 218.0 587.0 218.0 587.0 203.0 597.0 203.0 Van 1
610.0 222.0 601.0 222.0 601.0 208.0 610.0 208.0 Van 1
623.0 217.0 613.972778 217.564209 612.972778 201.564209 622.0 201.0 Van 1
633.0 216.0 625.0 216.0 625.0 203.0 633.0 203.0 Van 1
683.000061 218.000015 674.035095 218.560318 673.000061 202.000015 681.965027 201.439713 Van 1
694.0 217.0 684.0 217.0 684.0 201.0 694.0 201.0 Van 1
706.0 217.0 697.0 217.0 697.0 202.0 706.0 202.0 Van 1
721.023376 217.37355 711.000061 218.000015 710.000061 202.000015 720.023376 201.37355 Van 1
731.0 215.0 722.0 215.0 722.0 201.0 731.0 201.0 Van 1
756.999939 214.000046 749.008728 215.065536 747.008728 200.065536 754.999939 199.000046 Van 1
711.000061 294.0 696.000061 303.0 692.294128 296.823547 707.294128 287.823547 Van 1
821.0 183.0 812.0 183.0 812.0 169.0 821.0 169.0 Van 1
845.0 137.0 834.0 137.0 834.0 119.0 845.0 119.0 Van 1
845.0 112.0 836.0 112.0 836.0 97.0 845.0 97.0 Van 1
845.000061 90.0 835.043762 91.327515 833.000061 76.0 842.95636 74.672485 Van 1
800.0 159.0 781.0 159.0 781.0 151.0 800.0 151.0 Van 1
801.422607 149.03038 782.422607 150.03038 782.0 141.999985 801.0 140.999985 Van 1
800.0 140.0 782.472412 141.031036 782.0 133.0 799.527588 131.968964 Van 1
800.367493 129.980652 781.000061 131.0 780.632629 124.019325 800.000061 122.999985 Van 1
805.0 123.0 778.0 123.0 778.0 113.0 805.0 113.0 Van 1
801.0 111.0 782.0 111.0 782.0 104.0 801.0 104.0 Van 1
800.349182 55.982548 780.000061 57.000004 779.65094 50.01746 800.000061 49.000004 Van 1
799.0 38.0 780.0 38.0 780.0 31.0 799.0 31.0 Van 1
782.0 0.0 782.0 0.0 801.0 0.0 801.0 0.0 Van 1
885.0 7.000001 877.26416 14.280737 863.823547 -1e-06 878.411804 1e-06 Van 1
900.0 7.999969 893.265991 14.285005 879.93335 0.0 892.533386 -0.0 Van 1
973.000244 11.000015 962.000244 -0.0 970.000244 -8.0 981.000244 3.000015 Van 1
1000.0 5.333326 995.428589 5.333326 995.428589 0.0 1000.0 0.0 Van 1
929.0 745.0 902.0 745.0 902.0 735.0 929.0 735.0 Van 1
928.0 716.0 905.0 716.0 905.0 707.0 928.0 707.0 Van 1
930.285522 704.989929 902.285522 705.989929 902.000122 698.000061 930.000122 697.000061 Van 1
241.0 719.0 232.0 719.0 232.0 701.0 241.0 701.0 Van 1
