858.364929 967.971191 857.999939 976.0 835.999939 975.0 836.364929 966.971191 Van 1
875.0 935.0 852.0 935.0 852.0 927.0 875.0 927.0 Van 1
875.0 925.0 854.0 925.0 854.0 915.0 875.0 915.0 Van 1
876.362915 913.983521 854.0 915.0 853.637085 907.016479 876.0 906.0 Van 1
875.0 897.0 855.0 897.0 855.0 888.0 875.0 888.0 Van 1
881.999878 831.000061 881.678833 839.027161 856.678833 838.027161 856.999878 830.000061 Van 1
816.0 934.0 796.0 934.0 796.0 926.0 816.0 926.0 Van 1
820.0 915.0 800.0 915.0 800.0 908.0 820.0 908.0 Van 1
818.0 925.0 796.0 925.0 796.0 917.0 818.0 917.0 Van 1
821.0 905.0 800.351562 906.032471 800.0 899.0 820.648438 897.967529 Van 1
819.0 849.0 802.0 849.0 802.0 842.0 819.0 842.0 Van 1
817.0 831.0 799.0 831.0 799.0 824.0 817.0 824.0 Van 1
815.0 824.0 796.0 824.0 796.0 817.0 815.0 817.0 Van 1
804.000061 817.0 786.000061 818.0 785.553894 809.969238 803.553894 808.969238 Van 1
611.147034 847.911682 590.999939 859.999939 586.852844 853.088196 606.999939 840.999939 Van 1
659.0 860.0 642.924683 873.061157 638.0 867.0 654.075317 853.938843 Van 1
680.430847 871.753967 666.000061 880.000061 661.569275 872.246155 676.000061 864.000061 Van 1
703.999939 869.000122 692.930115 870.476074 690.930115 855.476074 701.999939 854.000122 Van 1
691.0 867.0 680.935181 868.589233 677.935181 849.589233 688.0 848.0 Van 1
640.024841 852.472412 629.999939 853.0 628.999939 834.0 639.024841 833.472412 Van 1
605.0 840.000122 593.0 843.000122 588.705933 825.823608 600.705933 822.823608 Van 1
579.000061 835.000122 567.020203 837.114258 564.000061 820.000122 575.979919 817.885986 Van 1
732.0 796.0 723.178101 804.191772 710.0 790.0 718.821899 781.808228 Van 1
719.285034 809.734009 704.285034 823.734009 698.0 817.0 713.0 803.0 Van 1
707.000122 806.000122 693.000122 819.000122 686.731567 812.24939 700.731567 799.24939 Van 1
694.290833 802.731689 681.000061 815.0 675.70929 809.268311 689.000061 797.0 Van 1
627.231323 769.393372 616.0 776.000061 606.0 759.000061 617.231323 752.393372 Van 1
612.000061 771.0 602.235901 776.424561 592.000061 758.0 601.764221 752.575439 Van 1
538.364014 778.777588 520.0 790.0 514.635986 781.222412 533.0 770.0 Van 1
515.381714 787.325439 496.381744 797.325439 491.999969 789.0 510.999969 779.0 Van 1
635.145935 238.105453 627.999939 247.999985 609.853943 234.894516 616.999939 224.999985 Van 1
557.025879 889.09845 546.0 892.000061 540.974121 872.901672 552.0 870.000061 Van 1
583.837952 898.973083 571.000061 901.000061 568.000061 882.000061 580.837952 879.973083 Van 1
651.081177 911.137146 639.0 912.000061 637.918823 896.862976 650.0 896.000061 Van 1
638.009888 907.098999 629.0 908.0 627.990112 897.901001 637.0 897.0 Van 1
392.153839 952.769104 381.999969 967.999817 374.8461 963.23053 384.999969 947.999817 Van 1
203.223129 809.030396 202.000015 818.0 179.776901 814.969604 181.000015 806.0 Van 1
200.0 818.000122 199.039429 826.004883 174.0 823.000122 174.960571 814.995361 Van 1
198.000015 826.000122 197.141251 834.015259 169.000015 831.000122 169.85878 822.984985 Van 1
189.0 845.000122 187.235291 852.05896 167.0 847.000122 168.764709 839.941284 Van 1
184.093063 858.891174 183.000015 868.000061 158.000015 865.000061 159.093063 855.891174 Van 1
180.561813 869.898926 178.000015 881.0 152.000015 875.0 154.561813 863.898926 Van 1
171.324326 891.054077 170.000015 899.0 145.675705 894.945923 147.000015 887.0 Van 1
145.0 955.000061 142.299988 963.100037 118.299995 955.100037 121.0 947.000061 Van 1
128.0 981.0 125.66037 989.188721 104.66037 983.188721 107.0 975.0 Van 1
121.000031 990.0 117.171982 998.081421 98.000031 989.0 101.828079 980.918579 Van 1
108.269463 1007.846191 94.769234 998.846069 100.000008 990.999878 113.500237 1000.0 Van 1
63.000008 302.000031 53.164955 306.371185 45.000008 288.000031 54.83506 283.628876 Van 1
26.000008 313.0 17.026714 318.047485 8.000008 302.0 16.973301 296.952515 Van 1
0.0 324.21051 0.0 318.777771 2.101807 318.777771 2.101807 324.21051 Van 1
0.0 273.454498 0.0 261.249969 3.919706 261.249969 3.919706 273.454498 Van 1
