899.999939 10.999998 898.999939 17.999998 877.999939 14.999998 878.999939 7.999998 Van 1
706.000061 25.0 705.123108 32.015385 689.000061 30.0 689.877014 22.984615 Van 1
731.877014 26.984623 731.000061 34.000008 715.000061 32.000008 715.877014 24.984623 Van 1
862.999878 110.999985 861.999878 117.999985 840.999878 114.999985 841.999878 107.999985 Van 1
861.140015 119.019989 860.0 126.999985 838.859985 123.97998 840.0 115.999985 Van 1
852.000061 151.000015 850.486511 160.0811 832.000061 157.000015 833.513611 147.91893 Van 1
846.10083 171.42955 843.10083 188.42955 835.000122 187.000015 838.000122 170.000015 Van 1
810.000122 57.000008 807.000122 74.000008 799.869263 72.741615 802.869263 55.741615 Van 1
898.0 220.000015 894.884644 235.57695 887.0 234.000015 890.115356 218.42308 Van 1
889.000061 218.000031 886.000061 235.000031 876.929626 233.399353 879.929626 216.399353 Van 1
825.019958 93.859993 822.999939 107.999992 815.999939 106.999992 818.019958 92.859993 Van 1
933.999939 196.999969 933.139954 203.019958 918.999939 200.999969 919.859924 194.97998 Van 1
703.054138 116.984077 685.999939 122.000008 683.94574 115.015938 700.999939 110.000008 Van 1
249.000015 98.0 241.000015 101.0 234.876724 84.671234 242.876724 81.671234 Van 1
267.0 94.0 259.876709 96.671234 253.876709 80.671234 261.0 78.0 Van 1
302.123291 227.328766 295.0 230.0 288.876709 213.671234 296.0 211.0 Van 1
499.0 172.999969 490.900024 175.699982 484.900024 157.699982 493.0 154.999969 Van 1
508.0 170.000015 501.099976 172.300003 496.0 157.000015 502.900024 154.700027 Van 1
573.103149 150.268066 566.0 153.000031 561.0 140.000031 568.103149 137.268066 Van 1
499.671204 208.123276 491.671204 211.123276 486.0 195.999985 494.0 192.999985 Van 1
470.881653 215.715958 463.0 218.999985 458.0 206.999985 465.881653 203.715958 Van 1
461.103088 219.268005 454.0 221.999969 448.896912 208.731934 456.0 205.999969 Van 1
443.000031 223.000015 435.025787 226.067032 430.000031 213.000015 437.974274 209.932999 Van 1
353.000031 250.999985 345.12973 253.421616 341.000031 239.999985 348.870331 237.578354 Van 1
757.000061 403.999969 743.809875 410.087799 741.000061 403.999969 754.190247 397.91214 Van 1
764.092773 344.95874 746.0 353.0 742.907227 346.04126 761.0 338.0 Van 1
760.124695 336.943878 739.999939 346.000031 736.875183 339.056183 756.999939 330.000031 Van 1
754.0 330.000061 735.72168 338.123779 733.0 332.000061 751.27832 323.876343 Van 1
743.0 317.000061 725.807373 325.090698 722.0 317.000061 739.192627 308.909424 Van 1
666.000061 385.0 643.915466 391.023071 642.000061 384.0 664.084656 377.976929 Van 1
391.0 400.0 374.0 404.0 372.386902 397.144287 389.386902 393.144287 Van 1
349.0 426.000061 332.876953 428.015442 332.0 421.000061 348.123047 418.98468 Van 1
249.257904 298.877838 230.0 308.000031 226.742096 301.122223 246.0 292.000031 Van 1
273.027588 358.468994 264.0 359.0 263.0 342.0 272.027588 341.468994 Van 1
252.738495 358.907745 243.876953 360.015411 242.000031 345.000031 250.861572 343.892365 Van 1
230.999985 360.999969 222.006821 362.058014 220.006821 345.058014 228.999985 343.999969 Van 1
181.000015 364.0 172.138474 365.107666 170.138474 349.107666 179.000015 348.0 Van 1
63.0 38.0 56.053383 40.170822 51.0 23.999998 57.946617 21.829178 Van 1
82.0 31.0 73.0 31.0 73.0 15.0 82.0 15.0 Van 1
351.0 775.0 343.0 775.0 343.0 755.0 351.0 755.0 Van 1
352.0 728.0 345.0 728.0 345.0 712.0 352.0 712.0 Van 1
352.0 831.0 344.0 831.0 344.0 816.0 352.0 816.0 Van 1
351.0 878.0 343.0 878.0 343.0 858.0 351.0 858.0 Van 1
350.0 916.0 342.0 916.0 342.0 900.0 350.0 900.0 Van 1
227.0 877.0 219.0 877.0 219.0 861.0 227.0 861.0 Van 1
820.0 930.0 800.0 930.0 800.0 921.0 820.0 921.0 Van 1
957.31958 624.969116 957.0 632.0 935.0 631.0 935.31958 623.969116 Van 1
796.0 612.0 772.0 612.0 772.0 605.0 796.0 605.0 Van 1
724.0 610.0 709.0 610.0 709.0 605.0 724.0 605.0 Van 1
543.332581 601.015869 543.000061 608.0 521.667419 606.984131 521.999939 600.0 Van 1
434.0 607.0 416.0 607.0 416.0 601.0 434.0 601.0 Van 1
218.349121 698.982544 198.0 700.0 197.650879 693.017456 218.0 692.0 Van 1
194.0 799.0 178.0 799.0 178.0 792.0 194.0 792.0 Van 1
