971.031067 324.527588 963.000061 325.0 962.000061 308.0 970.031067 307.527588 Van 1
997.0 324.0 990.0 324.0 990.0 310.0 997.0 310.0 Van 1
973.792114 343.920776 963.792114 344.920776 962.0 327.0 972.0 326.0 Van 1
986.0 346.0 977.0 346.0 977.0 327.0 986.0 327.0 Van 1
951.0 385.0 943.0 385.0 943.0 370.0 951.0 370.0 Van 1
962.0 386.0 955.0 386.0 955.0 369.0 962.0 369.0 Van 1
973.0 385.0 966.0 385.0 966.0 368.0 973.0 368.0 Van 1
988.000061 385.000061 979.983582 385.843872 977.983582 366.843872 986.000061 366.000061 Van 1
787.0 602.0 775.0 602.0 775.0 586.0 787.0 586.0 Van 1
642.37561 537.580444 634.0 543.0 623.0 526.0 631.37561 520.580444 Van 1
640.369141 563.488831 627.369141 581.488831 617.0 573.999939 630.0 555.999939 Van 1
592.0 533.000061 589.071045 540.029602 565.071045 530.029602 568.0 523.000061 Van 1
592.859863 456.923584 589.0 464.0 567.0 452.0 570.859863 444.923584 Van 1
592.000061 512.000061 588.000061 520.000061 565.600037 508.800049 569.600037 500.800049 Van 1
586.0 467.000031 582.400024 474.200043 564.400024 465.200043 568.0 458.000031 Van 1
621.0 503.0 611.0 503.0 611.0 489.0 621.0 489.0 Van 1
766.0 423.0 744.0 423.0 744.0 415.0 766.0 415.0 Van 1
765.0 460.0 739.0 460.0 739.0 452.0 765.0 452.0 Van 1
763.272278 371.01236 763.000061 376.999969 740.727844 375.987579 741.000061 369.999969 Van 1
764.291138 385.987854 740.291138 386.987854 740.0 380.0 764.0 379.0 Van 1
766.0 367.0 742.0 367.0 742.0 359.0 766.0 359.0 Van 1
680.0 386.0 660.0 386.0 660.0 380.0 680.0 380.0 Van 1
678.0 395.0 657.0 395.0 657.0 388.0 678.0 388.0 Van 1
680.0 405.0 656.0 405.0 656.0 399.0 680.0 399.0 Van 1
681.0 442.0 659.0 442.0 659.0 435.0 681.0 435.0 Van 1
678.000061 444.000061 677.360413 452.954346 649.360413 450.954346 650.000061 442.000061 Van 1
678.408264 453.018555 678.000061 462.0 655.591858 460.981445 656.000061 452.0 Van 1
680.332703 481.015839 680.000183 488.000031 658.667542 486.984222 659.000061 480.000031 Van 1
706.0 498.0 683.0 498.0 683.0 491.0 706.0 491.0 Van 1
705.0 432.0 683.0 432.0 683.0 424.0 705.0 424.0 Van 1
703.0 423.0 683.0 423.0 683.0 416.0 703.0 416.0 Van 1
703.0 414.0 681.0 414.0 681.0 406.0 703.0 406.0 Van 1
703.0 405.0 681.0 405.0 681.0 398.0 703.0 398.0 Van 1
705.0 358.0 704.665771 367.024658 677.0 366.0 677.334229 356.975342 Van 1
765.0 451.0 740.0 451.0 740.0 443.0 765.0 443.0 Van 1
813.362976 976.016479 813.000061 984.0 790.637146 982.983521 791.000061 975.0 Van 1
417.0 987.0 395.0 987.0 395.0 980.0 417.0 980.0 Van 1
33.809536 1001.0 12.809537 1000.0 13.000011 996.000122 34.000011 997.000122 Van 1
59.0 1000.0 35.0 1000.0 35.0 996.0 59.0 996.0 Van 1
131.0 1000.0 110.0 1000.0 110.0 997.0 131.0 997.0 Van 1
192.0 1000.0 166.0 1000.0 166.0 994.0 192.0 994.0 Van 1
248.0 989.0 224.0 989.0 224.0 981.0 248.0 981.0 Van 1
981.0 986.0 953.0 986.0 953.0 978.0 981.0 978.0 Van 1
833.0 250.0 824.0 250.0 824.0 237.0 833.0 237.0 Van 1
834.0 229.0 825.0 229.0 825.0 213.0 834.0 213.0 Van 1
837.0 113.0 827.0 113.0 827.0 98.0 837.0 98.0 Van 1
837.087402 118.344986 835.087402 133.344971 825.000122 132.0 827.000122 117.000015 Van 1
836.0 152.0 828.0 152.0 828.0 139.0 836.0 139.0 Van 1
837.0 30.0 826.0 30.0 826.0 14.0 837.0 14.0 Van 1
