136.290741 919.268372 130.999985 925.000061 117.709251 912.73175 123.0 907.000061 Van 1
141.000031 912.0 136.054489 918.044556 125.054497 909.044556 130.000046 903.0 Van 1
163.000076 897.000061 157.500076 902.500061 146.000076 891.000061 151.500076 885.500061 Van 1
166.999969 964.0 162.613342 969.702637 149.613342 959.702637 153.999969 954.0 Van 1
180.480011 953.359985 177.0 958.0 164.519989 948.640015 168.0 944.0 Van 1
199.999985 875.0 185.823318 886.138794 180.999985 880.0 195.176651 868.861206 Van 1
208.414673 930.268433 195.000031 941.000122 191.000031 936.000122 204.414673 925.268433 Van 1
76.689651 35.724136 61.689651 41.724136 59.0 35.0 74.0 29.0 Van 1
28.000004 57.000004 10.000001 64.000008 7.241288 56.90617 25.241291 49.906166 Van 1
17.999998 597.0 15.999998 603.0 1.0 598.0 3.0 592.0 Van 1
28.15736 592.068909 25.999981 597.000061 9.842607 589.931213 11.999985 585.000061 Van 1
901.857117 4.181349 892.249939 4.181349 892.249939 0.0 901.857117 0.0 Van 1
910.8573 0.0 914.133484 0.0 916.000122 4.0 900.452637 11.255475 Van 1
930.000122 27.999981 914.800171 35.599979 911.800171 29.599979 927.000122 21.999981 Van 1
728.0 21.0 721.205933 25.323528 714.0 14.0 720.794067 9.676472 Van 1
718.362122 27.844851 711.000061 31.000025 704.638 16.155195 712.000061 13.000021 Van 1
775.096375 5.178956 772.307678 3.1e-05 778.211365 -3.178857 781.000061 2.000068 Van 1
763.800049 9.599998 757.0 12.999999 750.5 0.0 759.000061 0.0 Van 1
767.000061 9.000008 762.500061 -0.0 768.900085 -3.20001 773.400085 5.799997 Van 1
878.367493 413.980652 859.000061 415.0 858.632629 408.019348 878.000061 407.0 Van 1
806.999939 291.000031 788.999939 292.000031 788.609192 284.966156 806.609192 283.966156 Van 1
808.0 300.999969 788.422607 302.030365 788.0 293.999969 807.577393 292.969574 Van 1
769.000061 331.999969 767.705627 338.148529 748.705627 334.148529 750.000061 327.999969 Van 1
841.099915 197.700012 824.999939 200.0 823.999939 193.0 840.099915 190.700012 Van 1
512.452026 244.205505 504.452026 247.205505 498.0 230.000031 506.0 227.000031 Van 1
445.324799 145.904465 427.999969 151.000015 425.67514 143.095566 442.999969 138.000015 Van 1
443.307648 112.461517 437.999969 115.999985 429.999969 103.999985 435.307648 100.461517 Van 1
434.21759 117.373055 428.0 120.999992 420.78241 108.62693 427.0 104.999992 Van 1
331.999969 187.000015 326.21756 190.373062 319.21756 178.373062 324.999969 175.000015 Van 1
344.0 235.0 327.0979 244.507416 324.0 239.0 340.9021 229.492584 Van 1
439.000031 274.999969 427.292694 284.365814 423.292694 279.365814 435.000031 269.999969 Van 1
377.487854 331.609741 364.19519 342.243896 359.707397 336.634155 373.000061 326.0 Van 1
202.999985 570.999939 194.846146 583.230652 189.999985 579.999939 198.153824 567.769226 Van 1
558.0 460.0 540.825928 462.020508 540.0 455.0 557.174072 452.979492 Van 1
554.0 469.0 538.934448 471.008728 538.0 464.0 553.065552 461.991272 Van 1
727.0 682.0 709.0 682.0 709.0 675.0 727.0 675.0 Van 1
758.0 683.0 739.0 683.0 739.0 676.0 758.0 676.0 Van 1
754.335327 782.036865 736.335327 783.036865 736.0 777.0 754.0 776.0 Van 1
1000.0 867.650146 988.804443 865.970825 990.0 858.000122 1001.195557 859.679443 Van 1
