636.40271 659.71814 616.40271 673.71814 611.0 666.0 631.0 652.0 Van 1
556.999939 788.999939 549.538025 795.46698 536.538025 780.46698 543.999939 773.999939 Van 1
984.999878 686.0 981.841431 702.845337 971.999878 701.0 975.158325 684.154663 Van 1
848.000061 593.0 847.000061 602.0 823.073181 599.341431 824.073181 590.341431 Van 1
694.373169 623.758545 677.373169 634.758545 673.0 628.0 690.0 617.0 Van 1
602.0 683.0 579.919678 691.029175 577.0 683.0 599.080322 674.970825 Van 1
800.703003 305.970276 799.0 323.0 789.0 322.0 790.703003 304.970276 Van 1
113.999962 768.0 108.09832 775.081909 95.999962 765.0 101.901604 757.918091 Van 1
302.50592 940.576538 297.000061 947.000122 283.000061 935.000122 288.50592 928.576538 Van 1
318.249512 935.264282 308.999939 944.0 291.750366 925.735718 300.999939 917.0 Van 1
280.0 942.999878 273.929199 949.937988 257.929199 935.937988 264.0 928.999878 Van 1
