920.999939 305.000061 916.999939 318.000061 909.762146 315.77301 913.762146 302.77301 Van 1
954.081055 321.513489 951.081055 339.513489 942.0 338.0 945.0 320.0 Van 1
954.0 818.0 945.0 818.0 945.0 802.0 954.0 802.0 Van 1
945.031189 785.502014 944.031189 801.502014 936.000061 801.000061 937.000061 785.000061 Van 1
716.0 777.000061 713.599976 784.200012 695.599976 778.200012 698.0 771.000061 Van 1
468.669678 770.968567 468.0 778.000061 447.0 776.000061 447.669678 768.968567 Van 1
333.0 712.0 330.984619 728.123047 322.0 727.0 324.015381 710.876953 Van 1
296.000031 710.0 293.98465 726.123047 285.000031 725.0 287.015411 708.876953 Van 1
284.024139 707.5896 283.000031 725.0 272.975861 724.4104 273.999969 707.0 Van 1
271.0 722.0 264.0 722.0 264.0 710.0 271.0 710.0 Van 1
231.056641 705.69812 228.056641 721.69812 219.000031 720.0 222.000031 704.0 Van 1
206.000015 704.000061 204.964615 719.531067 197.000015 719.000061 198.035416 703.469055 Van 1
430.0 686.0 421.0 686.0 421.0 670.0 430.0 670.0 Van 1
406.030945 665.535461 405.030945 680.535461 397.0 680.000061 398.0 665.000061 Van 1
393.98465 665.123047 391.98465 681.123047 383.000031 680.0 385.000031 664.0 Van 1
381.031128 665.502014 380.0 682.000061 371.968872 681.498108 373.0 665.000061 Van 1
370.802002 663.980225 369.0 682.0 359.0 681.0 360.802002 662.980225 Van 1
316.000031 680.000061 306.97348 680.601868 305.97348 665.601868 315.000031 665.000061 Van 1
291.0 678.0 281.0 678.0 281.0 662.0 291.0 662.0 Van 1
228.0 679.0 219.0 679.0 219.0 662.0 228.0 662.0 Van 1
191.0 963.0 171.0 963.0 171.0 956.0 191.0 956.0 Van 1
186.387695 860.978516 168.0 862.0 167.612305 855.021484 186.0 854.0 Van 1
188.0 844.0 167.0 844.0 167.0 836.0 188.0 836.0 Van 1
186.0 835.0 167.0 835.0 167.0 827.0 186.0 827.0 Van 1
195.359421 772.014343 194.999985 780.999939 169.640549 779.985535 169.999985 770.999939 Van 1
194.0 768.0 168.0 768.0 168.0 760.0 194.0 760.0 Van 1
192.0 759.0 165.0 759.0 165.0 750.0 192.0 750.0 Van 1
193.000015 742.000061 192.698257 748.034973 172.000015 747.000061 172.301773 740.965149 Van 1
119.0 705.0 99.0 705.0 99.0 698.0 119.0 698.0 Van 1
36.068962 675.172424 28.999994 678.000061 22.93103 662.827698 29.999998 660.000061 Van 1
214.000015 621.0 192.669662 623.031494 191.999985 616.0 213.330338 613.968506 Van 1
205.140015 593.979919 184.0 596.999939 182.859985 589.019958 204.0 585.999939 Van 1
200.0 584.0 179.702972 586.029663 179.0 579.0 199.297028 576.970337 Van 1
163.0 645.0 151.0 647.0 150.0 641.0 162.0 639.0 Van 1
153.000015 614.000061 131.669662 616.031555 130.999985 609.000061 152.330338 606.968567 Van 1
152.739716 603.027405 133.739716 605.027405 133.0 598.000061 152.0 596.000061 Van 1
161.328766 558.87677 153.0 562.000061 146.671234 545.123352 155.0 542.000061 Van 1
138.0 564.0 130.06897 567.172363 124.0 552.0 131.93103 548.827637 Van 1
113.000015 568.000061 106.102203 571.219055 99.102203 556.219055 106.000015 553.000061 Van 1
103.000008 570.000061 95.000008 574.000061 87.000008 558.000061 95.000008 554.000061 Van 1
90.799995 570.600037 81.999992 575.000061 74.999992 561.000061 83.799995 556.600037 Van 1
55.100002 581.300049 46.100002 584.300049 41.000004 569.0 50.000004 566.0 Van 1
31.000015 587.000061 24.000015 590.000061 18.000015 576.000061 25.000015 573.000061 Van 1
112.0 523.000061 105.0 526.000061 99.0 512.000061 106.0 509.000061 Van 1
102.000008 527.000061 93.724144 530.310364 87.724144 515.310364 96.000008 512.000061 Van 1
77.103088 532.268127 70.0 535.000061 64.896912 521.731995 72.0 519.000061 Van 1
42.07692 542.384705 34.0 544.000061 30.923079 528.615417 39.0 527.000061 Van 1
26.999996 528.0 16.999996 531.0 11.825684 513.752319 21.825684 510.752319 Van 1
-0.0 519.833374 0.0 516.823608 8.000006 514.0 14.000004 531.0 Van 1
