61.000008 106.0 49.6353 115.74118 43.6353 108.74118 55.000008 99.0 Van 1
201.341461 118.073166 192.341461 119.073166 191.0 107.0 200.0 106.0 Van 1
149.0 164.000015 133.0 168.000015 131.0 160.000015 147.0 156.000015 Van 1
155.472015 181.096024 133.472015 185.096024 132.000031 177.000015 154.000031 173.000015 Van 1
189.000015 190.999985 180.153854 192.769211 177.153854 177.769211 186.000015 175.999985 Van 1
199.846161 189.230759 191.0 190.999985 188.0 175.999985 196.846161 174.230759 Van 1
208.809738 187.112183 199.999985 189.0 196.999985 175.0 205.809738 173.112183 Van 1
311.46463 165.96904 296.000031 167.000015 295.535431 160.030991 311.000031 159.000015 Van 1
410.000092 216.000015 400.929596 217.600693 397.929596 200.600693 407.000092 199.000015 Van 1
642.0 83.0 622.0 83.0 622.0 76.0 642.0 76.0 Van 1
641.0 92.0 622.0 92.0 622.0 85.0 641.0 85.0 Van 1
606.122864 24.044365 597.999939 24.999996 595.877014 6.955627 603.999939 5.999996 Van 1
617.0 24.0 608.0 24.0 608.0 6.0 617.0 6.0 Van 1
638.993164 19.941978 630.0 21.0 628.0 4.0 636.993164 2.941978 Van 1
648.026489 19.398232 639.0 20.0 637.973511 4.601773 647.0 4.000004 Van 1
679.604004 17.039604 669.604004 18.039604 668.0 2.0 678.0 1.0 Van 1
689.0 16.000004 681.0 17.000004 679.000061 0.0 687.0 0.0 Van 1
699.0 13.0 690.0 13.0 690.0 0.0 699.0 0.0 Van 1
620.123047 43.015388 618.0 60.0 609.876953 58.984619 612.0 42.000008 Van 1
641.0 44.999996 638.987793 63.109753 629.0 61.999996 631.012207 43.89024 Van 1
661.000061 48.000008 659.000061 64.000008 651.000061 63.000008 653.000061 47.000008 Van 1
671.0 48.0 669.0 66.0 660.0 65.0 662.0 47.0 Van 1
691.0 51.000008 689.0 67.000008 681.0 66.000008 683.0 50.000008 Van 1
703.000061 50.0 701.969299 68.553848 692.000061 68.0 693.030823 49.446152 Van 1
649.0 192.999985 629.843872 195.016434 629.0 186.999985 648.156128 184.983536 Van 1
838.0 61.0 827.0 61.0 827.0 44.0 838.0 44.0 Van 1
824.271729 200.750885 812.0 211.999939 806.728271 206.248993 819.0 194.999939 Van 1
831.83667 208.133667 820.83667 217.133667 815.0 210.0 826.0 201.0 Van 1
865.230042 172.750854 853.000061 186.000061 846.770081 180.249268 859.000061 167.000061 Van 1
853.999939 170.999954 845.834412 180.186172 839.999939 174.999954 848.165466 165.813736 Van 1
72.20002 341.400055 65.000023 345.000031 56.800026 328.600006 64.000023 325.000031 Van 1
128.0 217.0 106.909866 222.021454 105.0 214.0 126.090134 208.978546 Van 1
373.000031 350.000031 354.000031 352.000031 353.260284 344.972626 372.260284 342.972626 Van 1
433.603943 320.039612 413.603943 322.039612 413.0 316.0 433.0 314.0 Van 1
839.249146 364.230042 833.0 371.0 820.0 359.0 826.249146 352.230042 Van 1
863.494202 295.423523 857.494202 302.423523 843.000061 290.0 849.000061 283.0 Van 1
888.576416 272.494141 883.0 279.0 868.423584 266.505859 874.0 260.0 Van 1
997.5 499.500061 992.0 505.000061 981.5 494.500061 987.0 489.000061 Van 1
1000.000061 495.0 997.500183 492.500122 1000.000061 490.000244 1002.499939 492.500122 Van 1
990.999939 504.999939 985.590149 511.49176 973.590149 501.49176 978.999939 494.999939 Van 1
807.6922 454.538452 794.999939 463.0 791.307678 457.461548 803.999939 449.0 Van 1
839.000122 386.000061 832.500122 392.500061 819.500122 379.500061 826.000122 373.000061 Van 1
813.0 377.0 807.172974 381.237854 799.0 370.0 804.827026 365.762146 Van 1
540.999939 419.999908 528.769226 428.153778 523.999939 420.999908 536.230652 412.846039 Van 1
515.332336 450.981598 497.0 452.000031 496.667664 446.018463 515.0 445.000031 Van 1
446.000031 350.0 429.000031 352.0 428.187714 345.095581 445.187714 343.095581 Van 1
17.692307 395.538422 10.999999 399.999969 1.000001 384.999969 7.692309 380.538422 Van 1
70.788239 585.047119 62.0 587.0 58.0 569.0 66.788239 567.047119 Van 1
95.022133 648.33197 85.000008 649.000061 83.977882 633.668152 94.000008 633.000061 Van 1
177.0 654.0 176.577362 662.030396 157.0 661.0 157.422638 652.969604 Van 1
148.097565 520.878052 140.0 531.0 133.902435 526.121948 142.0 516.0 Van 1
219.498962 516.775513 199.498962 525.775513 196.0 518.0 216.0 509.0 Van 1
182.0 615.0 172.0 615.0 172.0 602.0 182.0 602.0 Van 1
120.285065 597.265991 114.000031 604.0 99.000031 590.0 105.285065 583.265991 Van 1
248.0 655.0 238.192322 656.961548 235.0 641.0 244.807678 639.038452 Van 1
323.0 596.0 322.065491 603.008789 307.0 601.0 307.934509 593.991211 Van 1
326.08197 525.901611 320.590149 532.491821 307.508179 521.59021 313.0 515.0 Van 1
366.000031 603.0 345.000031 604.0 344.617706 595.970581 365.617706 594.970581 Van 1
470.0 566.0 463.011536 567.075195 461.0 554.0 467.988464 552.924805 Van 1
463.0 613.0 453.895203 614.213989 451.895203 599.213989 461.0 598.0 Van 1
496.832916 650.912415 477.000031 653.000061 476.167145 645.087708 496.000031 643.000061 Van 1
590.0 577.0 574.0 577.0 574.0 568.0 590.0 568.0 Van 1
608.0 578.0 592.0 578.0 592.0 570.0 608.0 570.0 Van 1
622.0 642.000061 601.703003 644.029724 601.0 637.000061 621.296997 634.970398 Van 1
899.42804 565.396057 886.42804 574.396057 882.000061 568.000061 895.000061 559.000061 Van 1
919.0 604.999939 913.226196 610.24884 903.226196 599.24884 909.0 593.999939 Van 1
121.0 721.0 102.0 721.0 102.0 715.0 121.0 715.0 Van 1
121.0 739.0 100.0 739.0 100.0 732.0 121.0 732.0 Van 1
121.0 746.0 104.0 746.0 104.0 740.0 121.0 740.0 Van 1
122.0 753.0 105.0 753.0 105.0 748.0 122.0 748.0 Van 1
120.0 762.0 101.0 762.0 101.0 757.0 120.0 757.0 Van 1
118.0 771.0 102.0 771.0 102.0 765.0 118.0 765.0 Van 1
122.0 780.0 101.0 780.0 101.0 773.0 122.0 773.0 Van 1
118.0 789.0 102.0 789.0 102.0 783.0 118.0 783.0 Van 1
117.0 797.0 102.0 797.0 102.0 790.0 117.0 790.0 Van 1
119.0 814.0 103.0 814.0 103.0 807.0 119.0 807.0 Van 1
176.401489 663.970093 176.0 672.0 156.0 671.0 156.401489 662.970093 Van 1
175.000031 679.000122 174.57016 688.027222 153.57016 687.027222 154.000031 678.000122 Van 1
168.000015 696.000061 167.530991 703.035461 152.530991 702.035461 153.000015 695.000061 Van 1
165.0 704.0 164.560303 711.035034 148.560303 710.035034 149.0 703.0 Van 1
168.46904 736.964722 168.000015 744.000122 153.000015 743.000122 153.46904 735.964722 Van 1
167.413803 770.965576 167.000015 778.0 150.000015 777.0 150.413803 769.965576 Van 1
164.464615 779.031067 164.000015 786.000061 148.535416 784.969055 149.000015 778.000061 Van 1
163.0 794.0 146.0 794.0 146.0 786.0 163.0 786.0 Van 1
161.0 802.0 145.0 802.0 145.0 795.0 161.0 795.0 Van 1
161.435791 805.027222 161.0 812.0 144.564209 810.972778 145.0 804.0 Van 1
395.499969 740.5 389.999969 746.0 378.999969 735.0 384.499969 729.5 Van 1
407.000061 740.000061 401.198975 745.221008 392.000061 735.000061 397.801147 729.779114 Van 1
629.000061 679.000122 610.000061 681.000122 609.156189 672.983643 628.156189 670.983643 Van 1
628.0 688.0 613.0 688.0 613.0 682.0 628.0 682.0 Van 1
767.000061 743.000061 749.000061 745.000061 748.219543 737.975647 766.219543 735.975647 Van 1
774.0 783.999939 756.825928 786.020447 756.0 778.999939 773.174072 776.979431 Van 1
775.228271 790.959839 758.000122 794.000122 756.771973 787.040405 774.000122 784.000122 Van 1
774.000061 800.000122 759.000061 801.000122 758.531067 793.964722 773.531067 792.964722 Van 1
1000.0 925.0 993.0 925.0 993.0 917.0 1000.0 917.0 Van 1
995.000061 934.000122 994.589661 927.024292 1000.000061 926.706055 1000.410461 933.681885 Van 1
972.0 922.0 953.0 922.0 953.0 914.0 972.0 914.0 Van 1
973.0 937.0 954.0 937.0 954.0 928.0 973.0 928.0 Van 1
783.301758 832.034973 763.301758 833.034973 763.0 827.000061 783.0 826.000061 Van 1
789.0 864.0 769.0 866.0 768.197998 857.980225 788.197998 855.980225 Van 1
793.0 897.0 776.0 897.0 776.0 889.0 793.0 889.0 Van 1
656.502563 855.035522 642.502563 856.035522 642.0 849.0 656.0 848.0 Van 1
503.0 883.0 495.054077 884.324341 493.0 872.0 500.945923 870.675659 Van 1
475.000031 855.000061 459.803497 857.026306 459.000031 851.000061 474.196564 848.973816 Van 1
355.195587 843.970703 334.999969 847.0 333.804352 839.029297 353.999969 836.0 Van 1
250.000015 949.000122 234.535416 950.031128 234.000015 942.000122 249.464615 940.969116 Van 1
120.0 821.0 102.0 821.0 102.0 815.0 120.0 815.0 Van 1
651.367493 996.019287 651.157959 1000.0 631.736877 1000.0 632.000061 995.0 Van 1
682.000061 994.000122 664.000061 996.000122 663.219543 988.975708 681.219543 986.975708 Van 1
830.0 965.0 822.155151 968.362061 816.0 954.0 823.844849 950.637939 Van 1
