100.0 450.0 97.918915 462.486511 89.0 461.0 91.081085 448.513489 Van 1
84.0 455.0 64.0 455.0 64.0 448.0 84.0 448.0 Van 1
120.0 431.999969 119.0 438.999969 102.899994 436.699982 103.899994 429.699982 Van 1
137.030991 507.535461 136.000015 523.000061 127.96904 522.464661 129.000015 507.000061 Van 1
155.000015 511.999939 154.000015 524.999939 146.964706 524.458801 147.964706 511.458801 Van 1
167.006836 511.941956 165.0 528.999939 156.993164 528.057922 159.0 510.999939 Van 1
121.000031 591.000061 114.000031 606.000061 105.897842 602.219055 112.897842 587.219055 Van 1
130.0 595.999939 124.0 606.999939 118.535034 604.019104 124.535034 593.019104 Van 1
184.305695 673.439514 178.305695 684.439514 171.999969 681.000061 177.999969 670.000061 Van 1
201.053833 683.930847 194.0 693.000061 188.946167 689.069275 196.0 680.000061 Van 1
208.0 930.0 188.0 930.0 188.0 922.0 208.0 922.0 Van 1
205.0 938.0 187.0 938.0 187.0 931.0 205.0 931.0 Van 1
91.686981 1004.043701 90.726974 998.043701 115.999985 994.0 116.959991 1000.0 Van 1
267.309296 685.195984 262.309296 698.195984 254.000031 695.000061 259.000031 682.000061 Van 1
329.000031 687.000061 327.421661 692.129822 314.000031 688.000061 315.5784 682.8703 Van 1
356.16153 674.407654 353.16153 685.407654 347.999969 683.999939 350.999969 672.999939 Van 1
346.045227 535.873352 341.045227 549.873352 333.0 547.000061 338.0 533.000061 Van 1
347.015411 364.876984 345.000031 381.000031 337.98465 380.123077 340.000031 364.000031 Van 1
412.0 414.999908 409.0 427.999908 401.185364 426.196564 404.185364 413.196564 Van 1
392.0 655.999939 391.568542 662.040588 377.0 660.999939 377.431458 654.95929 Van 1
493.0 846.0 487.0 846.0 487.0 834.0 493.0 834.0 Van 1
569.056641 845.301941 560.0 847.000061 557.0 831.000061 566.056641 829.301941 Van 1
559.0 236.0 538.0 236.0 538.0 228.0 559.0 228.0 Van 1
423.054138 221.01593 421.0 228.0 403.945862 222.98407 406.0 216.0 Van 1
601.0 111.0 592.0 111.0 592.0 97.0 601.0 97.0 Van 1
550.0 111.0 542.0 111.0 542.0 94.0 550.0 94.0 Van 1
492.0 107.0 484.0 107.0 484.0 88.0 492.0 88.0 Van 1
544.000061 9.999996 523.802063 12.019798 523.000061 3.999996 543.198059 1.980194 Van 1
834.000061 117.000031 826.000061 119.000031 822.705994 105.823563 830.705994 103.823563 Van 1
744.999939 199.000015 737.019958 200.14003 734.999939 186.000015 742.979919 184.860001 Van 1
819.999939 589.999939 818.958801 603.535217 811.999939 602.999939 813.041077 589.464661 Van 1
803.146729 605.021973 802.097778 612.014648 781.95105 608.992676 783.0 602.0 Van 1
680.0 846.0 662.0 846.0 662.0 840.0 680.0 840.0 Van 1
730.000061 848.000122 708.382385 849.029541 708.000061 841.000122 729.617737 839.970703 Van 1
679.435791 985.972839 663.435791 986.972839 663.0 980.000061 679.0 979.000061 Van 1
988.292664 771.365723 982.292664 784.365723 974.999939 780.999878 980.999939 767.999878 Van 1
987.000122 746.0 981.000122 762.0 973.000122 759.0 979.000122 743.0 Van 1
998.02533 711.644653 996.999939 726.0 987.974548 725.355347 988.999939 711.0 Van 1
943.031067 708.472351 942.031067 725.472351 934.000061 724.999939 935.000061 707.999939 Van 1
934.0 750.0 925.0 750.0 925.0 739.0 934.0 739.0 Van 1
893.0 737.000061 891.964966 753.560364 883.0 753.000061 884.035034 736.439758 Van 1
859.0 723.0 851.0 723.0 851.0 708.0 859.0 708.0 Van 1
937.377502 524.03894 921.377502 525.03894 921.000061 519.0 937.000061 518.0 Van 1
901.228271 177.040283 900.000122 184.0 882.771973 180.959717 884.000122 174.0 Van 1
911.999939 204.000015 904.897522 205.521957 901.897522 191.521957 908.999939 190.000015 Van 1
920.05896 97.235298 912.05896 99.235298 908.000122 83.000008 916.000122 81.000008 Van 1
950.000061 88.000008 940.700012 91.100014 935.700012 76.100014 945.000061 73.000008 Van 1
