357.0 471.999969 330.853943 478.033661 329.0 469.999969 355.146057 463.966278 Van 1
427.0 485.000061 403.0 491.000061 401.058838 483.235352 425.058838 477.235352 Van 1
428.263947 493.951996 405.999969 497.999969 404.735992 491.047943 426.999969 486.999969 Van 1
372.76474 507.058868 348.76474 513.058899 347.000031 506.000031 371.000031 500.0 Van 1
376.000031 517.000061 353.000031 524.000061 350.517303 515.84259 373.517303 508.84259 Van 1
384.299988 530.900024 361.200012 538.599976 358.900024 531.699951 382.0 524.0 Van 1
387.999969 543.0 362.999969 548.0 361.423065 540.115356 386.423065 535.115356 Van 1
392.000031 561.000061 367.76474 567.058899 366.000031 560.000061 390.235321 553.941223 Van 1
398.000031 570.000061 373.000031 576.000061 371.302582 568.927429 396.302582 562.927429 Van 1
464.869904 563.815369 431.869904 570.815369 429.999969 561.999939 462.999969 554.999939 Van 1
489.206299 556.942749 471.0 562.0 468.793701 554.057251 487.0 549.0 Van 1
521.000061 463.000031 505.000061 467.000031 503.470642 460.882355 519.470642 456.882355 Van 1
422.0 686.0 402.0 686.0 402.0 678.0 422.0 678.0 Van 1
420.317657 710.964111 419.999969 717.0 400.999969 716.0 401.317657 709.964111 Van 1
420.0 726.0 399.0 726.0 399.0 719.0 420.0 719.0 Van 1
389.000031 761.000061 387.000031 777.000061 379.000031 776.000061 381.000031 760.000061 Van 1
413.426392 833.969421 399.0 834.999939 398.573608 829.030457 413.0 827.999939 Van 1
615.566284 872.946045 594.0 875.0 593.433716 869.053955 615.0 867.0 Van 1
619.0 886.999878 591.780518 890.024292 591.0 882.999878 618.219482 879.975464 Van 1
621.000061 898.000061 596.586243 900.034485 596.000061 893.000061 620.413879 890.965637 Van 1
623.000061 903.999817 622.748718 910.031067 598.748718 909.031067 599.000061 902.999817 Van 1
621.999939 925.999878 620.999939 932.999878 599.999939 929.999878 600.999939 922.999878 Van 1
615.0 946.000061 614.698242 952.034973 594.698242 951.034973 595.0 945.000061 Van 1
611.305664 961.969849 611.0 969.0 588.0 968.0 588.305664 960.969849 Van 1
752.000061 396.0 743.000061 399.0 735.900085 377.700012 744.900085 374.700012 Van 1
831.0 384.0 823.075439 386.26416 817.0 365.0 824.924561 362.73584 Van 1
841.0 378.000031 833.0 380.000031 828.705933 362.823578 836.705933 360.823578 Van 1
854.0 378.000031 845.026245 380.111481 841.0 363.000031 849.973755 360.88858 Van 1
756.000061 345.000031 749.000061 348.000031 743.000061 334.000031 750.000061 331.000031 Van 1
745.0 320.999969 737.905884 322.576447 735.905884 313.576447 743.0 311.999969 Van 1
779.10083 167.57048 771.000122 169.000015 768.000122 152.000015 776.10083 150.57048 Van 1
559.0 944.999878 550.015625 945.374268 549.015625 921.374268 558.0 920.999878 Van 1
