979.104736 342.963104 962.000122 349.000031 959.895508 343.036957 977.000122 337.000031 Van 1
982.0 190.999954 968.932983 196.025742 967.0 190.999954 980.067017 185.974167 Van 1
961.0 199.0 942.420898 206.225189 940.0 200.0 958.579102 192.774811 Van 1
919.126831 213.954712 904.810059 219.067841 902.68335 213.113098 917.000122 207.999969 Van 1
847.000061 237.999969 832.809998 243.067841 831.000061 237.999969 845.190125 232.932098 Van 1
828.219238 243.917831 812.0 250.000015 809.780762 244.082199 826.0 238.000015 Van 1
583.0 319.0 564.400024 325.200012 562.0 318.0 580.599976 311.799988 Van 1
576.482849 308.793121 562.000061 315.000031 559.517273 309.20694 574.000061 303.000031 Van 1
570.270752 304.92038 553.0 309.999969 550.945801 303.0159 568.216553 297.93631 Van 1
572.999939 336.0 558.344788 341.862061 555.862 335.655151 570.517151 329.793091 Van 1
520.0 320.000031 515.191772 325.178131 501.0 312.000031 505.808228 306.82193 Van 1
505.166016 396.818848 494.0 409.0 489.833984 405.181152 501.0 393.0 Van 1
806.0 160.0 789.890381 166.041107 788.0 161.0 804.109619 154.958893 Van 1
587.0 13.0 570.890381 19.041096 569.0 14.0 585.109619 7.958904 Van 1
614.199951 7.399959 610.5 -1.5e-05 617.300049 -3.400005 621.0 3.999969 Van 1
421.000061 134.000015 415.800049 136.600021 408.800049 122.600021 414.000061 120.000015 Van 1
978.000061 128.000046 972.000061 131.000046 966.000061 119.000046 972.000061 116.000046 Van 1
986.400024 79.79998 982.0 81.999977 976.599976 71.199974 981.0 68.999977 Van 1
978.128418 61.238533 973.0 64.0 966.0 51.0 971.128418 48.238533 Van 1
973.138428 67.259514 968.0 70.0 960.0 55.0 965.138428 52.259514 Van 1
773.000061 89.000023 767.184631 92.323097 759.184631 78.323097 765.000061 75.000023 Van 1
762.273865 90.602722 756.999939 92.999985 751.726013 81.397247 756.999939 78.999985 Van 1
753.400085 92.800011 747.400085 95.800011 742.000061 85.000008 748.000061 82.000008 Van 1
746.0 97.000031 740.096313 100.178925 733.0 87.000031 738.903687 83.821136 Van 1
736.694214 99.439484 732.0 102.0 726.0 91.0 730.694214 88.439484 Van 1
728.0 102.000023 722.0 105.000023 716.400024 93.800026 722.400024 90.800026 Van 1
728.128418 123.238533 723.0 126.000008 715.871582 112.761482 721.0 110.000008 Van 1
754.000061 113.000015 748.000061 116.000015 741.000061 102.000015 747.000061 99.000015 Van 1
761.199951 109.40004 756.0 112.000046 749.0 98.000046 754.199951 95.40004 Van 1
781.0 106.0 775.083008 109.155716 767.0 94.0 772.916992 90.844284 Van 1
676.036194 138.06218 670.999939 141.0 663.963684 128.93782 668.999939 126.0 Van 1
666.400024 122.800018 661.599976 125.200012 656.0 114.000015 660.800049 111.600021 Van 1
683.999939 117.000015 678.114563 120.210205 671.999939 109.000015 677.885315 105.789825 Van 1
702.0 111.999985 696.114624 115.210175 690.0 103.999985 695.885376 100.789795 Van 1
779.000061 163.999985 773.000061 166.999985 765.000061 150.999985 771.000061 147.999985 Van 1
770.128418 146.238556 765.0 149.000031 757.871582 135.761505 763.0 133.000031 Van 1
719.176514 179.294128 714.176514 182.294128 708.0 172.0 713.0 169.0 Van 1
710.000061 162.999969 705.200012 165.399963 700.000061 154.999969 704.80011 152.599976 Van 1
702.0 166.000015 696.083008 169.155716 688.0 154.000015 693.916992 150.844315 Van 1
709.200012 183.399963 704.000061 185.999969 697.80011 173.599976 703.000061 170.999969 Van 1
699.694214 186.439484 695.0 189.0 689.0 178.0 693.694214 175.439484 Van 1
692.000061 190.000031 686.000061 193.000031 680.000061 181.000031 686.000061 178.000031 Van 1
670.094421 175.1698 665.000061 178.0 660.000061 169.0 665.094421 166.1698 Van 1
368.0 87.0 361.022949 90.05246 354.022949 74.05246 361.0 71.0 Van 1
415.000031 174.000015 414.626495 179.976669 398.626495 178.976669 399.000031 173.000015 Van 1
415.349121 180.017456 415.0 187.0 394.650879 185.982544 395.0 179.0 Van 1
411.398285 189.026581 411.000031 195.000031 395.601776 193.97348 396.000031 188.000031 Van 1
463.000031 190.0 462.748138 195.037415 442.748138 194.037415 443.000031 189.0 Van 1
465.0 212.999985 464.644836 219.037918 447.0 217.999985 447.355164 211.962051 Van 1
463.0 206.0 462.2901 212.034119 445.0 210.0 445.7099 203.965881 Van 1
453.000031 227.000031 452.369232 232.046173 436.000031 230.000031 436.630829 224.953888 Van 1
457.000031 242.0 456.051361 248.008118 437.000031 245.0 437.9487 238.991882 Van 1
459.390167 269.091797 458.000031 275.0 440.609894 270.908203 442.000031 265.0 Van 1
481.0 264.0 480.0 270.0 462.0 267.0 463.0 261.0 Van 1
455.000061 259.000031 454.205444 264.03244 435.000061 261.000031 435.794678 255.967621 Van 1
478.000031 230.0 477.051361 236.008118 458.000031 233.0 458.9487 226.991882 Van 1
483.0 247.0 482.468506 252.049316 463.0 250.0 463.531494 244.950684 Van 1
480.16217 255.027039 479.16217 261.027039 461.0 258.0 462.0 252.0 Van 1
459.902222 251.985321 459.0 258.0 439.0 255.0 439.902222 248.985321 Van 1
484.262451 239.013824 484.0 244.0 464.737549 242.986176 465.0 238.0 Van 1
457.624634 235.065765 457.0 241.0 437.375366 238.934235 438.0 233.0 Van 1
671.60144 547.124573 655.60144 552.124573 654.0 547.000061 670.0 542.000061 Van 1
665.0 531.0 648.60144 536.124512 647.0 531.0 663.39856 525.875488 Van 1
661.0 523.999939 643.512695 529.14325 642.0 523.999939 659.487305 518.856628 Van 1
657.900024 515.699951 642.0 521.0 640.0 515.0 655.900024 509.699951 Van 1
651.77301 508.762146 638.77301 512.762146 637.000061 507.0 650.000061 503.0 Van 1
637.904236 476.030151 618.904236 482.030151 616.999939 475.999939 635.999939 469.999939 Van 1
631.999939 469.000061 617.299988 473.900085 615.299988 467.900085 629.999939 463.000061 Van 1
628.0 462.0 611.886108 467.035583 610.0 461.0 626.113892 455.964417 Van 1
329.999969 860.000061 315.735809 864.0755 313.999969 858.000061 328.26413 853.924622 Van 1
322.6604 843.81134 308.0 848.000061 306.3396 842.188782 321.0 838.000061 Van 1
313.471649 828.151001 299.471649 832.151001 297.999969 827.0 311.999969 823.0 Van 1
309.210846 819.93512 296.000031 823.999939 294.789215 820.064758 308.000031 815.999939 Van 1
295.000031 795.000122 282.294159 798.176636 281.000031 793.000122 293.705902 789.823608 Van 1
292.0 786.0 278.297302 790.216187 277.0 786.0 290.702698 781.783813 Van 1
283.0 770.000061 270.700012 774.100037 269.0 769.000061 281.299988 764.900085 Van 1
274.578369 755.129761 261.578369 759.129761 260.0 754.0 273.0 750.0 Van 1
270.0 748.0 256.859436 752.043213 255.000015 746.0 268.140564 741.956787 Van 1
263.0 732.000061 248.000015 737.000061 246.400009 732.200012 261.400024 727.200012 Van 1
259.471741 725.151001 245.471725 729.151001 244.000015 724.0 258.0 720.0 Van 1
250.578369 710.129761 237.578369 714.129761 236.0 709.0 249.0 705.0 Van 1
217.491867 643.848572 203.999985 647.999939 202.508102 643.151306 215.999985 638.999939 Van 1
210.000031 629.000061 197.294159 632.176575 196.000031 627.000061 208.705902 623.823547 Van 1
145.0 500.999969 127.512733 506.14328 126.000008 500.999969 143.487274 495.856659 Van 1
141.899994 492.700012 123.899994 498.700012 122.0 493.0 140.0 487.0 Van 1
136.999985 485.999969 119.783432 491.06369 118.0 484.999969 135.216553 479.936249 Van 1
133.000015 478.000031 118.000015 482.000031 116.622421 476.834076 131.622421 472.834076 Van 1
36.78344 707.06366 19.78344 712.06366 18.0 705.999939 35.0 700.999939 Van 1
32.000008 687.0 18.000011 691.0 16.264164 684.924561 30.26416 680.924561 Van 1
26.600016 678.80011 14.600016 682.80011 13.000017 678.000061 25.000017 674.000061 Van 1
151.0 71.0 133.783447 76.06369 132.0 70.0 149.216553 64.93631 Van 1
129.0 76.999992 110.999992 81.999992 109.567329 76.8424 127.567329 71.8424 Van 1
174.618896 63.828079 156.0 69.0 154.381104 63.171921 173.0 58.0 Van 1
30.0 96.0 13.886121 101.035583 12.000001 95.0 28.11388 89.964417 Van 1
474.000031 896.000061 468.096344 899.179016 461.000031 886.000061 466.903717 882.821106 Van 1
438.411926 909.669495 432.999939 912.999939 424.999939 899.999939 430.411926 896.669495 Van 1
603.061462 914.107727 597.999939 917.000061 589.938416 902.892395 594.999939 900.000061 Van 1
352.999969 802.000061 338.999969 806.000061 337.52829 800.84906 351.52829 796.84906 Van 1
355.999969 810.0 342.999969 814.0 341.4216 808.870239 354.4216 804.870239 Van 1
347.5784 795.129761 334.5784 799.129761 333.000031 794.0 346.000031 790.0 Van 1
343.000031 788.0 329.800018 792.400024 327.800018 786.400024 341.000031 782.0 Van 1
338.999969 778.0 325.932953 783.025757 323.999969 778.0 337.066986 772.974243 Van 1
331.491913 763.848694 318.000031 768.000061 316.508148 763.151428 330.000031 759.000061 Van 1
291.000031 686.0 277.800018 690.400024 275.800018 684.400024 289.000031 680.0 Van 1
286.000031 678.0 272.5784 682.129761 271.000031 677.0 284.421661 672.870239 Van 1
250.000031 605.000061 236.800018 609.400085 234.800018 603.400085 248.000031 599.000061 Van 1
237.200027 582.600037 224.000015 587.000061 222.000015 581.000061 235.200027 576.600037 Van 1
185.273743 475.872314 170.000031 483.000061 167.726318 478.127808 183.000031 471.000061 Van 1
164.0 949.000061 147.685242 956.137756 145.0 950.000061 161.314758 942.862366 Van 1
12.300001 108.900009 0.0 113.000008 0.0 106.333351 10.300001 102.900009 Van 1
16.999996 117.000008 0.0 122.666672 0.0 116.000008 14.999996 111.000008 Van 1
37.126694 110.954765 23.0 116.000008 20.873302 110.04525 34.999996 105.000008 Van 1
171.397934 74.878883 148.000015 81.999992 145.602097 74.121101 169.000015 66.999992 Van 1
1.7e-05 437.000092 -3.999985 429.000092 4e-06 427.000092 4.000006 435.000092 Van 1
21.999985 428.000061 17.199986 430.400085 10.999985 418.000061 15.799984 415.600037 Van 1
32.0 424.000061 26.000002 427.000061 20.000002 415.000061 26.000002 412.000061 Van 1
52.128433 418.238525 46.999992 421.0 39.871552 407.761475 44.999992 405.0 Van 1
29.000002 368.000031 23.000002 371.000031 16.000002 357.000031 22.000002 354.000031 Van 1
75.0 410.000031 69.0 413.000031 62.0 399.000031 68.0 396.000031 Van 1
93.0 403.000031 87.0 406.000031 81.0 394.000031 87.0 391.000031 Van 1
104.000008 400.000092 96.800011 403.600067 89.800011 389.600067 97.000008 386.000092 Van 1
113.000023 397.000092 107.000023 400.000092 100.000023 386.000092 106.000023 383.000092 Van 1
120.999985 392.999969 115.273956 395.602692 109.999985 383.999969 115.726013 381.397247 Van 1
132.0 391.0 126.0 394.0 119.000008 380.0 125.000015 377.0 Van 1
96.399994 343.800018 90.399994 346.800018 84.0 334.000031 90.0 331.000031 Van 1
116.0 337.000031 109.0 341.000031 101.92308 328.615387 108.92308 324.615387 Van 1
152.999985 380.0 148.199997 382.400024 142.999985 372.0 147.799973 369.599976 Van 1
163.0 376.999969 157.726013 379.397247 152.726013 368.397247 158.0 365.999969 Van 1
182.200027 371.400055 177.000015 374.000031 170.800003 361.600006 176.000015 359.000031 Van 1
193.000015 368.000031 187.000015 371.000031 181.000015 359.000031 187.000015 356.000031 Van 1
152.102753 323.226013 145.171234 326.376709 140.0 315.0 146.931519 311.849304 Van 1
162.815414 321.676941 157.000015 325.0 149.000015 311.0 154.815414 307.676941 Van 1
220.000031 357.000031 214.000031 360.000031 208.600037 349.200043 214.600037 346.200043 Van 1
186.000015 314.000031 179.200027 317.400055 172.000015 303.000031 178.800003 299.600006 Van 1
195.399994 308.799988 189.0 312.0 182.600006 299.200012 189.0 296.0 Van 1
108.735291 435.558868 103.0 439.000031 97.0 429.000031 102.735291 425.558868 Van 1
99.999992 440.0 92.799995 443.599976 87.799995 433.599976 94.999992 430.0 Van 1
81.102737 447.225983 74.171234 450.376678 69.0 438.999969 75.931503 435.849274 Van 1
59.000015 453.999969 54.000015 456.999969 47.558838 446.264679 52.558838 443.264679 Van 1
103.600021 380.200043 97.600021 383.200043 91.000015 370.000031 97.000015 367.000031 Van 1
75.199997 390.400055 70.0 393.000031 64.0 381.000031 69.199997 378.400055 Van 1
66.000015 394.000061 60.000015 397.000061 54.000015 385.000061 60.000015 382.000061 Van 1
45.000023 403.000061 38.200027 406.400085 30.600027 391.200073 37.400024 387.800049 Van 1
34.20002 406.400085 29.000017 409.000061 22.000017 395.000061 27.200018 392.400085 Van 1
24.263401 409.57074 18.999985 412.0 12.736569 398.42926 17.999985 396.0 Van 1
0.0 417.5 0.0 405.000061 4.99998 405.000061 4.99998 417.5 Van 1
134.000015 371.000031 128.000015 374.000031 121.000015 360.000031 127.000015 357.000031 Van 1
233.0 392.999969 227.726013 395.397247 222.726013 384.397247 228.0 381.999969 Van 1
234.000031 287.999969 220.000031 292.999969 218.506805 288.819 232.506805 283.819 Van 1
262.06897 338.172424 245.0 345.0 242.655182 339.137939 259.724152 332.310364 Van 1
264.268036 345.896942 251.000015 351.000031 248.731964 345.103119 262.0 340.000031 Van 1
279.342468 373.246582 263.342468 379.246582 261.0 373.0 277.0 367.0 Van 1
286.0 389.0 272.932983 394.025757 271.0 389.0 284.067017 383.974243 Van 1
941.862061 568.65509 926.862061 574.65509 925.0 569.999939 940.0 563.999939 Van 1
