1382.0 567.0 1316.0 467.0 1216.0 534.0 1283.0 634.0 Boeing787 1
919.0 1345.0 975.0 1433.0 1079.0 1366.0 1023.0 1279.0 Boeing787 1
2640.0 1491.0 2712.0 1591.0 2808.0 1522.0 2735.0 1421.0 Boeing787 1
3272.0 1874.0 3147.0 1881.0 3152.0 1963.0 3277.0 1956.0 Boeing787 1
2621.0 2449.0 2550.0 2324.0 2446.0 2383.0 2516.0 2508.0 Boeing787 1
2377.0 3024.0 2279.0 3099.0 2346.0 3187.0 2444.0 3113.0 Boeing787 1
2459.0 3324.0 2325.0 3285.0 2294.0 3391.0 2429.0 3430.0 Boeing787 1
2604.0 3708.0 2622.0 3810.0 2744.0 3790.0 2727.0 3687.0 Boeing787 1
2862.0 2736.0 2865.0 2616.0 2735.0 2613.0 2732.0 2733.0 Boeing787 1
3039.0 2435.0 2921.0 2470.0 2950.0 2567.0 3068.0 2532.0 Boeing787 1
3303.0 2472.0 3423.0 2443.0 3399.0 2347.0 3280.0 2376.0 Boeing787 1
