237.000031 803.000061 229.123718 812.106995 192.000031 780.000061 199.876343 770.893127 Trailer 1
25.185841 646.787598 17.752213 655.283203 0.0 639.75 0.0 624.75 Trailer 1
6.461891 719.388977 -4.538147 710.125793 -1e-05 704.736755 11.000028 713.999939 Trailer 1
643.0 203.0 633.0 203.0 633.0 174.0 643.0 174.0 Trailer 1
237.000031 803.000061 229.123718 812.106995 192.000031 780.000061 199.876343 770.893127 Trailer 1
25.185841 646.787598 17.752213 655.283203 0.0 639.75 0.0 624.75 Trailer 1
6.461891 719.388977 -4.538147 710.125793 -1e-05 704.736755 11.000028 713.999939 Trailer 1
643.0 203.0 633.0 203.0 633.0 174.0 643.0 174.0 Trailer 1
237.000031 803.000061 229.123718 812.106995 192.000031 780.000061 199.876343 770.893127 Trailer 1
25.185841 646.787598 17.752213 655.283203 0.0 639.75 0.0 624.75 Trailer 1
6.461891 719.388977 -4.538147 710.125793 -1e-05 704.736755 11.000028 713.999939 Trailer 1
643.0 203.0 633.0 203.0 633.0 174.0 643.0 174.0 Trailer 1
