231.0 236.0 229.0 242.0 217.0 236.0 219.0 230.0 Van 1
231.0 243.0 228.0 250.0 213.0 245.0 216.0 238.0 Van 1
282.0 212.0 278.0 228.0 271.0 226.0 275.0 210.0 Van 1
333.0 511.0 327.0 528.0 320.0 526.0 326.0 507.0 Van 1
348.0 504.0 342.0 524.0 334.0 522.0 340.0 501.0 Van 1
347.0 475.0 341.0 492.0 332.0 488.0 339.0 472.0 Van 1
367.0 456.0 362.0 472.0 355.0 470.0 359.0 454.0 Van 1
583.0 116.0 579.0 121.0 566.0 111.0 570.0 105.0 Van 1
594.0 87.0 588.0 93.0 576.0 82.0 581.0 76.0 Van 1
579.0 553.0 576.0 573.0 566.0 571.0 570.0 552.0 Van 1
549.0 546.0 543.0 563.0 536.0 561.0 541.0 543.0 Van 1
