248.0 59.0 225.0 59.0 224.0 51.0 247.0 51.0 Van 1
248.0 69.0 225.0 69.0 226.0 61.0 248.0 62.0 Van 1
518.0 72.0 504.0 72.0 504.0 66.0 518.0 66.0 Van 1
518.0 102.0 505.0 103.0 505.0 96.0 518.0 95.0 Van 1
886.0 24.0 872.0 36.0 866.0 29.0 881.0 17.0 Van 1
835.0 23.0 823.0 34.0 817.0 29.0 829.0 17.0 Van 1
959.0 97.0 954.0 103.0 938.0 91.0 942.0 85.0 Van 1
999.0 187.0 993.0 187.0 993.0 172.0 999.0 172.0 Van 1
958.0 145.0 954.0 151.0 937.0 139.0 941.0 132.0 Van 1
403.0 269.0 402.0 276.0 382.0 276.0 382.0 268.0 Van 1
494.0 359.0 477.0 370.0 473.0 363.0 489.0 352.0 Van 1
480.0 342.0 466.0 353.0 461.0 347.0 475.0 336.0 Van 1
687.0 319.0 681.0 326.0 666.0 314.0 671.0 307.0 Van 1
651.0 318.0 646.0 325.0 630.0 313.0 635.0 306.0 Van 1
657.0 348.0 643.0 360.0 637.0 354.0 652.0 342.0 Van 1
594.0 380.0 593.0 398.0 584.0 397.0 585.0 380.0 Van 1
579.0 397.0 570.0 397.0 570.0 382.0 579.0 382.0 Van 1
751.0 398.0 739.0 398.0 739.0 379.0 751.0 378.0 Van 1
879.0 441.0 863.0 454.0 855.0 446.0 872.0 432.0 Van 1
915.0 440.0 899.0 454.0 894.0 448.0 909.0 434.0 Van 1
930.0 441.0 912.0 457.0 906.0 450.0 924.0 434.0 Van 1
862.0 526.0 847.0 526.0 847.0 509.0 862.0 510.0 Van 1
981.0 641.0 970.0 641.0 970.0 617.0 981.0 618.0 Van 1
845.0 828.0 836.0 829.0 835.0 812.0 844.0 812.0 Van 1
938.0 881.0 928.0 882.0 925.0 863.0 936.0 862.0 Van 1
924.0 882.0 912.0 883.0 911.0 863.0 923.0 862.0 Van 1
298.0 563.0 282.0 574.0 277.0 567.0 294.0 556.0 Van 1
8.030769 947.553833 -0.0 948.0 0.0 929.944458 7.030769 929.553833 Van 1
36.0 400.0 14.0 401.0 13.0 393.0 35.0 393.0 Van 1
37.0 356.0 15.0 356.0 15.0 348.0 37.0 348.0 Van 1
37.0 309.0 36.0 316.0 15.0 315.0 15.0 308.0 Van 1
120.0 198.0 109.0 198.0 108.0 178.0 120.0 178.0 Van 1
39.0 162.0 18.0 162.0 18.0 156.0 39.0 156.0 Van 1
256.0 661.0 235.0 661.0 236.0 654.0 256.0 655.0 Van 1
526.0 809.0 508.0 809.0 509.0 801.0 526.0 802.0 Van 1
652.0 686.0 651.0 703.0 642.0 703.0 643.0 686.0 Van 1
204.0 925.0 181.0 926.0 180.0 919.0 204.0 918.0 Van 1
588.0 142.0 573.0 141.0 574.0 135.0 588.0 136.0 Van 1
