626.0 888.0 614.0 891.0 607.0 866.0 619.0 862.0 Van 1
252.0 108.0 237.0 109.0 236.0 104.0 252.0 102.0 Van 1
871.0 271.0 862.0 273.0 857.0 257.0 866.0 255.0 Van 1
980.0 454.0 962.0 457.0 961.0 450.0 979.0 447.0 Van 1
903.0 465.0 885.0 468.0 884.0 461.0 902.0 458.0 Van 1
821.0 534.0 813.0 535.0 811.0 522.0 818.0 521.0 Van 1
556.0 908.0 537.0 912.0 536.0 904.0 555.0 901.0 Van 1
512.0 939.0 496.0 943.0 495.0 936.0 511.0 933.0 Van 1
106.0 843.0 99.0 845.0 95.0 829.0 103.0 827.0 Van 1
92.0 848.0 86.0 851.0 79.0 836.0 86.0 833.0 Van 1
16.0 834.0 10.0 836.0 7.0 822.0 13.0 820.0 Van 1
22.0 856.0 15.0 858.0 12.0 841.0 19.0 840.0 Van 1
26.0 878.0 19.0 879.0 16.0 865.0 23.0 863.0 Van 1
79.0 939.0 71.0 942.0 66.0 919.0 74.0 918.0 Van 1
74.0 916.0 66.0 917.0 64.0 902.0 71.0 901.0 Van 1
62.0 858.0 55.0 859.0 52.0 845.0 59.0 844.0 Van 1
50.0 813.0 44.0 815.0 41.0 800.0 48.0 799.0 Van 1
28.0 708.0 21.0 709.0 17.0 694.0 24.0 691.0 Van 1
564.0 17.0 560.0 1.0 568.0 -1.0 572.0 14.0 Van 1
561.0 19.0 552.0 19.0 549.0 1.0 559.0 0.0 Van 1
328.0 85.0 308.0 87.0 307.0 79.0 327.0 77.0 Van 1
329.0 74.0 310.0 77.0 309.0 70.0 328.0 67.0 Van 1
328.0 64.0 308.0 68.0 307.0 61.0 326.0 57.0 Van 1
208.0 128.0 185.0 128.0 185.0 121.0 208.0 121.0 Van 1
77.0 61.0 60.0 64.0 58.0 57.0 75.0 53.0 Van 1
406.0 291.0 398.0 293.0 393.0 275.0 401.0 273.0 Van 1
