116.0 612.0 114.0 619.0 98.0 613.0 100.0 606.0 Van 1
185.0 594.0 182.0 604.0 162.0 598.0 164.0 587.0 Van 1
263.0 664.0 260.0 671.0 244.0 665.0 247.0 657.0 Van 1
473.0 680.0 472.0 687.0 455.0 683.0 457.0 676.0 Van 1
533.0 709.0 531.0 715.0 512.0 709.0 514.0 703.0 Van 1
734.0 765.0 733.0 770.0 717.0 766.0 719.0 760.0 Van 1
764.0 760.0 762.0 767.0 745.0 762.0 747.0 756.0 Van 1
749.0 791.0 747.0 796.0 731.0 791.0 733.0 785.0 Van 1
848.0 746.0 835.0 759.0 830.0 754.0 842.0 741.0 Van 1
882.0 827.0 880.0 834.0 864.0 829.0 866.0 822.0 Van 1
844.0 957.0 842.0 966.0 819.0 960.0 821.0 951.0 Van 1
945.0 716.0 935.0 728.0 929.0 723.0 939.0 710.0 Van 1
972.0 673.0 968.0 677.0 957.0 666.0 961.0 662.0 Van 1
305.0 388.0 301.0 408.0 291.0 406.0 296.0 386.0 Van 1
186.0 179.0 185.0 195.0 177.0 195.0 178.0 178.0 Van 1
614.0 192.0 596.0 191.0 596.0 184.0 614.0 185.0 Van 1
662.0 197.0 646.0 197.0 647.0 189.0 662.0 189.0 Van 1
716.0 269.0 708.0 268.0 708.0 251.0 716.0 252.0 Van 1
902.0 200.0 884.0 209.0 880.0 202.0 898.0 193.0 Van 1
920.0 189.0 907.0 199.0 902.0 193.0 915.0 182.0 Van 1
978.0 60.0 972.0 64.0 964.0 53.0 969.0 49.0 Van 1
289.0 829.0 287.0 836.0 264.0 829.0 266.0 823.0 Van 1
295.0 777.0 286.0 801.0 276.0 798.0 285.0 774.0 Van 1
