513.0 167.0 494.0 178.0 490.0 171.0 510.0 160.0 Van 1
479.0 605.0 464.0 615.0 460.0 609.0 475.0 600.0 Van 1
523.0 501.0 520.0 517.0 511.0 515.0 514.0 499.0 Van 1
496.0 482.0 494.0 497.0 485.0 496.0 487.0 481.0 Van 1
365.0 381.0 360.0 387.0 349.0 376.0 355.0 370.0 Van 1
348.0 524.0 332.0 534.0 329.0 528.0 345.0 518.0 Van 1
324.0 561.0 317.0 567.0 306.0 556.0 313.0 549.0 Van 1
347.0 644.0 342.0 649.0 331.0 638.0 337.0 632.0 Van 1
339.0 418.0 334.0 423.0 320.0 409.0 325.0 404.0 Van 1
332.0 425.0 327.0 430.0 314.0 418.0 318.0 413.0 Van 1
289.0 396.0 284.0 402.0 272.0 390.0 277.0 385.0 Van 1
403.0 280.0 389.0 291.0 384.0 286.0 399.0 274.0 Van 1
322.0 277.0 309.0 288.0 305.0 282.0 317.0 272.0 Van 1
186.0 350.0 168.0 363.0 162.0 355.0 180.0 341.0 Van 1
249.0 328.0 235.0 340.0 230.0 334.0 244.0 322.0 Van 1
150.0 438.0 137.0 448.0 133.0 444.0 146.0 434.0 Van 1
141.0 411.0 136.0 427.0 126.0 424.0 130.0 408.0 Van 1
193.0 267.0 185.0 272.0 178.0 260.0 185.0 255.0 Van 1
174.0 279.0 168.0 284.0 158.0 272.0 164.0 267.0 Van 1
173.0 234.0 168.0 239.0 157.0 227.0 163.0 222.0 Van 1
144.0 251.0 138.0 256.0 128.0 243.0 134.0 238.0 Van 1
139.0 109.0 131.0 114.0 123.0 102.0 131.0 97.0 Van 1
127.0 117.0 121.0 122.0 112.0 110.0 118.0 105.0 Van 1
105.0 130.0 98.0 135.0 90.0 122.0 97.0 117.0 Van 1
25.0 174.0 6.0 184.0 3.0 178.0 22.0 167.0 Van 1
283.0 756.0 264.0 767.0 260.0 759.0 278.0 748.0 Van 1
241.0 752.0 229.0 761.0 225.0 756.0 237.0 746.0 Van 1
181.0 788.0 164.0 799.0 160.0 794.0 177.0 782.0 Van 1
163.0 622.0 156.0 627.0 142.0 611.0 149.0 605.0 Van 1
127.0 535.0 111.0 546.0 106.0 540.0 122.0 529.0 Van 1
48.0 696.0 42.0 702.0 28.0 689.0 34.0 683.0 Van 1
39.0 703.0 32.0 709.0 17.0 693.0 23.0 687.0 Van 1
476.0 231.0 461.0 241.0 457.0 235.0 472.0 225.0 Van 1
503.0 275.0 499.0 281.0 484.0 270.0 489.0 264.0 Van 1
525.0 259.0 520.0 266.0 503.0 255.0 507.0 248.0 Van 1
541.0 245.0 536.0 252.0 520.0 243.0 525.0 235.0 Van 1
560.0 234.0 556.0 241.0 538.0 229.0 543.0 223.0 Van 1
600.0 230.0 589.0 237.0 586.0 233.0 600.0 223.0 Van 1
597.0 222.0 584.0 231.0 580.0 225.0 592.0 216.0 Van 1
591.0 214.0 577.0 224.0 572.0 218.0 586.0 208.0 Van 1
584.0 208.0 569.0 218.0 564.0 213.0 579.0 202.0 Van 1
