99.0 563.0 83.0 564.0 83.0 558.0 99.0 557.0 Van 1
798.0 152.0 788.0 152.0 788.0 136.0 798.0 136.0 Van 1
689.0 86.0 682.0 86.0 682.0 73.0 689.0 73.0 Van 1
701.0 66.0 693.0 66.0 693.0 51.0 701.0 51.0 Van 1
713.0 65.0 704.0 65.0 704.0 52.0 713.0 52.0 Van 1
765.0 200.0 756.0 200.0 756.0 185.0 765.0 185.0 Van 1
750.0 73.0 749.0 87.0 741.0 86.0 743.0 72.0 Van 1
727.0 53.0 726.0 66.0 718.0 66.0 718.0 52.0 Van 1
739.0 68.0 731.0 68.0 731.0 53.0 739.0 53.0 Van 1
713.0 152.0 705.0 152.0 706.0 138.0 713.0 138.0 Van 1
751.0 151.0 741.0 151.0 741.0 136.0 751.0 136.0 Van 1
669.0 182.0 668.0 196.0 660.0 196.0 660.0 181.0 Van 1
729.0 197.0 720.0 197.0 720.0 182.0 729.0 182.0 Van 1
811.0 20.0 803.0 21.0 802.0 6.0 810.0 5.0 Van 1
757.0 5.0 756.0 21.0 747.0 21.0 747.0 5.0 Van 1
745.0 20.0 738.0 20.0 738.0 6.0 745.0 6.0 Van 1
733.0 20.0 725.0 20.0 725.0 5.0 733.0 5.0 Van 1
709.0 19.0 702.0 19.0 701.0 5.0 709.0 5.0 Van 1
699.0 20.0 691.0 20.0 691.0 5.0 699.0 5.0 Van 1
673.0 18.0 666.0 18.0 666.0 5.0 673.0 5.0 Van 1
13.0 3.0 12.0 17.0 4.0 17.0 5.0 2.0 Van 1
164.0 104.0 154.0 104.0 153.0 88.0 163.0 87.0 Van 1
761.0 150.0 753.0 150.0 753.0 135.0 761.0 135.0 Van 1
714.0 131.0 705.0 131.0 705.0 115.0 714.0 115.0 Van 1
810.0 87.0 802.0 87.0 801.0 73.0 809.0 73.0 Van 1
798.0 84.0 789.0 84.0 789.0 70.0 798.0 70.0 Van 1
775.0 84.0 766.0 85.0 765.0 71.0 774.0 71.0 Van 1
715.0 71.0 714.0 83.0 708.0 83.0 708.0 71.0 Van 1
703.0 84.0 695.0 84.0 696.0 71.0 703.0 71.0 Van 1
812.0 67.0 804.0 67.0 804.0 52.0 812.0 52.0 Van 1
798.0 66.0 790.0 66.0 790.0 51.0 798.0 51.0 Van 1
774.0 68.0 766.0 68.0 767.0 54.0 774.0 55.0 Van 1
761.0 84.0 753.0 84.0 753.0 70.0 761.0 70.0 Van 1
751.0 54.0 750.0 68.0 743.0 68.0 743.0 54.0 Van 1
785.0 153.0 776.0 152.0 777.0 137.0 785.0 137.0 Van 1
11.0 734.0 0.0 733.0 0.0 717.0 11.0 717.0 Van 1
