394.0 209.0 374.0 208.0 374.0 201.0 394.0 201.0 Van 1
456.0 228.0 450.0 228.0 450.0 214.0 456.0 214.0 Van 1
500.0 310.0 482.0 309.0 482.0 304.0 500.0 304.0 Van 1
469.0 343.0 451.0 343.0 451.0 337.0 469.0 337.0 Van 1
518.0 381.0 497.0 381.0 497.0 375.0 518.0 374.0 Van 1
463.0 373.0 444.0 373.0 444.0 366.0 463.0 366.0 Van 1
490.0 612.0 482.0 612.0 482.0 596.0 490.0 596.0 Van 1
550.0 387.0 549.0 394.0 529.0 392.0 530.0 385.0 Van 1
569.0 260.0 568.0 274.0 562.0 274.0 562.0 259.0 Van 1
571.0 222.0 564.0 222.0 564.0 207.0 571.0 208.0 Van 1
572.0 200.0 564.0 200.0 564.0 185.0 572.0 185.0 Van 1
