917.0 562.0 911.0 568.0 898.0 554.0 905.0 548.0 Van 1
864.0 521.0 856.0 527.0 841.0 509.0 849.0 502.0 Van 1
98.0 197.0 96.0 204.0 74.0 199.0 76.0 192.0 Van 1
112.0 179.0 108.0 185.0 92.0 176.0 95.0 169.0 Van 1
264.0 215.0 259.0 222.0 243.0 207.0 248.0 201.0 Van 1
160.0 322.0 159.0 329.0 139.0 326.0 141.0 318.0 Van 1
166.0 342.0 160.0 347.0 148.0 333.0 155.0 327.0 Van 1
300.0 381.0 283.0 392.0 278.0 384.0 296.0 374.0 Van 1
105.0 439.0 91.0 451.0 85.0 444.0 99.0 432.0 Van 1
365.0 477.0 356.0 478.0 355.0 464.0 364.0 463.0 Van 1
378.0 564.0 365.0 573.0 360.0 566.0 373.0 557.0 Van 1
449.0 554.0 430.0 563.0 427.0 556.0 445.0 546.0 Van 1
425.0 591.0 405.0 602.0 400.0 594.0 420.0 583.0 Van 1
371.0 619.0 359.0 626.0 355.0 620.0 367.0 613.0 Van 1
303.0 687.0 297.0 693.0 283.0 682.0 289.0 675.0 Van 1
269.0 654.0 262.0 661.0 249.0 647.0 256.0 640.0 Van 1
198.0 583.0 193.0 588.0 181.0 577.0 186.0 571.0 Van 1
176.0 627.0 159.0 638.0 154.0 631.0 171.0 620.0 Van 1
153.0 641.0 139.0 649.0 135.0 642.0 149.0 633.0 Van 1
135.0 651.0 119.0 660.0 115.0 652.0 131.0 644.0 Van 1
22.0 689.0 16.0 695.0 4.0 680.0 10.0 675.0 Van 1
139.0 694.0 133.0 698.0 122.0 683.0 127.0 679.0 Van 1
114.0 757.0 108.0 764.0 93.0 751.0 99.0 745.0 Van 1
98.0 762.0 91.0 768.0 78.0 755.0 84.0 749.0 Van 1
137.0 774.0 131.0 780.0 118.0 765.0 124.0 759.0 Van 1
128.0 782.0 120.0 790.0 106.0 776.0 114.0 768.0 Van 1
309.0 778.0 293.0 787.0 289.0 779.0 305.0 770.0 Van 1
574.0 695.0 554.0 707.0 550.0 700.0 570.0 688.0 Van 1
383.0 724.0 366.0 735.0 361.0 728.0 378.0 717.0 Van 1
396.0 744.0 382.0 752.0 378.0 745.0 392.0 737.0 Van 1
502.0 785.0 496.0 790.0 486.0 777.0 492.0 773.0 Van 1
605.0 738.0 587.0 749.0 582.0 742.0 601.0 731.0 Van 1
581.0 752.0 564.0 762.0 560.0 756.0 576.0 745.0 Van 1
651.0 818.0 637.0 827.0 633.0 820.0 647.0 811.0 Van 1
638.0 796.0 625.0 805.0 622.0 800.0 635.0 791.0 Van 1
591.0 796.0 577.0 805.0 573.0 798.0 586.0 789.0 Van 1
305.0 861.0 287.0 872.0 282.0 864.0 300.0 853.0 Van 1
411.0 828.0 404.0 834.0 391.0 819.0 398.0 813.0 Van 1
467.0 909.0 452.0 919.0 448.0 913.0 463.0 903.0 Van 1
521.0 814.0 514.0 820.0 503.0 807.0 511.0 801.0 Van 1
575.0 917.0 555.0 929.0 550.0 922.0 570.0 909.0 Van 1
781.0 858.0 775.0 863.0 759.0 847.0 766.0 841.0 Van 1
111.0 978.0 94.0 988.0 89.0 979.0 106.0 970.0 Van 1
