792.0 595.0 776.0 597.0 776.0 591.0 792.0 589.0 Van 1
791.0 576.0 772.0 578.0 772.0 572.0 790.0 571.0 Van 1
787.0 547.0 772.0 548.0 772.0 541.0 787.0 541.0 Van 1
787.0 540.0 772.0 540.0 772.0 534.0 786.0 534.0 Van 1
708.0 166.0 701.0 167.0 700.0 153.0 707.0 152.0 Van 1
692.0 173.0 686.0 177.0 678.0 163.0 684.0 160.0 Van 1
697.0 198.0 690.0 198.0 690.0 185.0 697.0 185.0 Van 1
710.0 320.0 702.0 320.0 701.0 304.0 709.0 304.0 Van 1
469.0 279.0 455.0 292.0 448.0 285.0 463.0 272.0 Van 1
514.0 239.0 501.0 250.0 495.0 244.0 509.0 233.0 Van 1
624.0 164.0 610.0 176.0 605.0 170.0 620.0 158.0 Van 1
615.0 158.0 600.0 169.0 596.0 164.0 610.0 153.0 Van 1
715.0 62.0 701.0 73.0 696.0 67.0 710.0 56.0 Van 1
747.0 34.0 733.0 46.0 727.0 41.0 742.0 29.0 Van 1
