230.0 417.0 227.0 425.0 203.0 416.0 206.0 408.0 Van 1
351.0 94.0 334.0 100.0 331.0 92.0 349.0 86.0 Van 1
76.0 221.0 63.0 236.0 56.0 230.0 69.0 215.0 Van 1
52.0 189.0 45.0 206.0 36.0 202.0 43.0 185.0 Van 1
204.0 162.0 196.0 166.0 188.0 150.0 196.0 146.0 Van 1
186.0 171.0 178.0 176.0 169.0 160.0 177.0 156.0 Van 1
163.0 175.0 154.0 178.0 148.0 163.0 156.0 159.0 Van 1
159.0 158.0 150.0 161.0 143.0 145.0 152.0 142.0 Van 1
113.0 170.0 103.0 172.0 99.0 155.0 109.0 153.0 Van 1
199.0 141.0 191.0 147.0 182.0 134.0 190.0 128.0 Van 1
230.0 129.0 222.0 134.0 213.0 120.0 221.0 115.0 Van 1
251.0 123.0 243.0 128.0 232.0 111.0 240.0 105.0 Van 1
295.0 76.0 270.0 77.0 270.0 68.0 295.0 68.0 Van 1
264.0 78.0 238.0 79.0 238.0 70.0 263.0 69.0 Van 1
202.0 63.0 199.0 70.0 181.0 62.0 184.0 55.0 Van 1
195.0 69.0 191.0 77.0 171.0 68.0 175.0 60.0 Van 1
182.0 87.0 178.0 94.0 159.0 83.0 162.0 76.0 Van 1
173.0 95.0 169.0 101.0 152.0 89.0 157.0 83.0 Van 1
160.0 101.0 155.0 107.0 142.0 95.0 148.0 89.0 Van 1
140.0 112.0 132.0 117.0 122.0 101.0 130.0 96.0 Van 1
643.0 435.0 623.0 435.0 623.0 428.0 643.0 428.0 Van 1
517.0 395.0 515.0 404.0 488.0 398.0 490.0 390.0 Van 1
119.0 124.0 109.0 127.0 103.0 110.0 113.0 107.0 Van 1
