498.0 716.0 495.0 722.0 479.0 717.0 481.0 710.0 Van 1
465.0 706.0 463.0 711.0 449.0 706.0 451.0 700.0 Van 1
370.0 648.0 363.0 651.0 357.0 636.0 363.0 634.0 Van 1
420.0 588.0 411.0 602.0 405.0 598.0 414.0 584.0 Van 1
162.0 611.0 159.0 618.0 141.0 611.0 143.0 604.0 Van 1
508.0 43.0 501.0 54.0 496.0 51.0 503.0 40.0 Van 1
496.0 37.0 489.0 50.0 484.0 46.0 491.0 34.0 Van 1
485.0 35.0 477.0 46.0 472.0 43.0 479.0 31.0 Van 1
466.0 25.0 458.0 40.0 451.0 36.0 459.0 21.0 Van 1
111.0 130.0 109.0 136.0 95.0 131.0 97.0 126.0 Van 1
107.0 139.0 105.0 144.0 89.0 139.0 91.0 134.0 Van 1
144.0 460.0 139.0 468.0 123.0 457.0 127.0 450.0 Van 1
46.0 400.0 42.0 406.0 28.0 397.0 31.0 391.0 Van 1
