450.0 134.0 425.0 133.0 427.0 127.0 450.0 128.0 Van 1
448.0 157.0 422.0 157.0 422.0 150.0 448.0 151.0 Van 1
444.0 169.0 422.0 168.0 422.0 162.0 444.0 162.0 Van 1
376.0 263.0 353.0 263.0 352.0 255.0 375.0 255.0 Van 1
376.0 273.0 353.0 273.0 354.0 265.0 376.0 266.0 Van 1
530.0 480.0 510.0 480.0 510.0 472.0 530.0 473.0 Van 1
600.0 552.0 593.0 557.0 589.0 551.0 600.0 542.0 Van 1
425.0 767.0 410.0 778.0 405.0 771.0 422.0 760.0 Van 1
164.0 604.0 142.0 605.0 140.0 597.0 163.0 597.0 Van 1
165.0 560.0 143.0 560.0 143.0 552.0 165.0 552.0 Van 1
165.0 513.0 164.0 520.0 143.0 519.0 143.0 512.0 Van 1
116.0 497.0 115.0 514.0 103.0 514.0 104.0 496.0 Van 1
75.0 676.0 73.0 682.0 53.0 676.0 55.0 669.0 Van 1
104.0 657.0 103.0 663.0 83.0 662.0 83.0 656.0 Van 1
109.0 638.0 108.0 647.0 83.0 646.0 84.0 637.0 Van 1
77.0 634.0 76.0 641.0 53.0 637.0 55.0 629.0 Van 1
248.0 402.0 237.0 402.0 236.0 382.0 248.0 382.0 Van 1
167.0 366.0 146.0 366.0 146.0 360.0 167.0 360.0 Van 1
105.0 366.0 82.0 366.0 82.0 357.0 105.0 357.0 Van 1
172.0 181.0 170.0 189.0 144.0 189.0 144.0 181.0 Van 1
170.0 163.0 169.0 172.0 149.0 171.0 149.0 163.0 Van 1
170.0 134.0 149.0 135.0 148.0 127.0 170.0 126.0 Van 1
104.0 195.0 80.0 195.0 80.0 186.0 104.0 187.0 Van 1
106.0 168.0 83.0 168.0 83.0 160.0 106.0 160.0 Van 1
108.0 158.0 80.0 158.0 80.0 150.0 108.0 150.0 Van 1
35.0 116.0 26.0 117.0 26.0 99.0 34.0 99.0 Van 1
26.0 73.0 18.0 73.0 17.0 59.0 26.0 59.0 Van 1
54.0 78.0 44.0 78.0 43.0 60.0 54.0 59.0 Van 1
170.0 75.0 160.0 76.0 159.0 60.0 169.0 60.0 Van 1
37.0 41.0 27.0 42.0 26.0 23.0 35.0 22.0 Van 1
529.0 172.0 520.0 172.0 519.0 156.0 528.0 156.0 Van 1
543.0 172.0 533.0 172.0 532.0 156.0 543.0 156.0 Van 1
593.0 172.0 583.0 173.0 582.0 155.0 592.0 154.0 Van 1
482.0 47.0 470.0 48.0 470.0 27.0 481.0 26.0 Van 1
350.0 52.0 342.0 52.0 341.0 34.0 350.0 34.0 Van 1
