411.0 430.0 410.0 446.0 401.0 446.0 402.0 429.0 Van 1
908.0 732.0 890.0 731.0 890.0 725.0 908.0 726.0 Van 1
852.0 718.0 851.0 725.0 829.0 724.0 829.0 717.0 Van 1
614.0 699.0 596.0 698.0 596.0 692.0 614.0 694.0 Van 1
91.0 910.0 90.0 921.0 83.0 920.0 84.0 910.0 Van 1
39.0 160.0 38.0 167.0 21.0 165.0 21.0 159.0 Van 1
423.0 283.0 422.0 297.0 415.0 296.0 416.0 282.0 Van 1
511.0 317.0 502.0 317.0 503.0 303.0 511.0 303.0 Van 1
567.0 321.0 566.0 336.0 558.0 335.0 559.0 321.0 Van 1
20.0 370.0 19.635052 378.02887 0.0 377.136353 0.0 369.090912 Van 1
395.0 417.0 377.0 417.0 377.0 410.0 395.0 411.0 Van 1
492.0 420.0 491.0 426.0 473.0 426.0 473.0 419.0 Van 1
737.0 409.0 736.0 416.0 717.0 415.0 718.0 408.0 Van 1
764.0 419.0 745.0 417.0 745.0 410.0 764.0 412.0 Van 1
989.0 299.0 981.0 299.0 981.0 284.0 989.0 284.0 Van 1
981.0 561.0 972.0 561.0 972.0 543.0 981.0 543.0 Van 1
990.0 650.0 982.0 650.0 981.0 626.0 989.0 626.0 Van 1
992.0 677.0 981.0 692.0 974.0 686.0 985.0 672.0 Van 1
966.0 698.0 953.0 707.0 949.0 701.0 963.0 692.0 Van 1
922.0 699.0 921.0 707.0 903.0 704.0 904.0 696.0 Van 1
792.0 684.0 791.0 691.0 772.0 690.0 772.0 682.0 Van 1
605.0 635.0 603.0 649.0 595.0 648.0 598.0 633.0 Van 1
490.0 618.0 489.0 632.0 481.0 631.0 483.0 617.0 Van 1
444.0 618.0 424.0 624.0 422.0 618.0 442.0 612.0 Van 1
365.0 606.0 364.0 622.0 357.0 622.0 358.0 605.0 Van 1
6.026194 565.803528 3.999993 581.000061 -0.0 580.466736 0.0 565.000061 Van 1
632.0 333.0 629.0 347.0 622.0 346.0 625.0 331.0 Van 1
922.0 241.0 916.0 245.0 908.0 233.0 914.0 229.0 Van 1
118.0 893.0 117.0 899.0 99.0 897.0 99.0 892.0 Van 1
26.0 853.0 25.0 859.0 7.0 858.0 8.0 852.0 Van 1
38.0 883.0 37.0 890.0 15.0 888.0 16.0 881.0 Van 1
934.0 731.0 932.0 738.0 910.0 732.0 912.0 725.0 Van 1
872.0 739.0 870.0 757.0 862.0 757.0 864.0 738.0 Van 1
552.0 721.0 543.0 721.0 544.0 704.0 552.0 704.0 Van 1
542.0 703.0 540.0 720.0 532.0 719.0 534.0 702.0 Van 1
461.0 690.0 458.0 710.0 450.0 710.0 452.0 689.0 Van 1
427.0 885.0 419.0 886.0 418.0 870.0 425.0 869.0 Van 1
446.0 873.0 438.0 889.0 431.0 885.0 440.0 870.0 Van 1
785.0 945.0 766.0 944.0 766.0 938.0 785.0 938.0 Van 1
706.0 919.0 698.0 919.0 698.0 905.0 706.0 905.0 Van 1
457.0 931.0 456.0 938.0 438.0 937.0 438.0 931.0 Van 1
735.0 983.0 732.0 997.0 725.0 996.0 727.0 982.0 Van 1
557.0 961.0 556.0 973.0 549.0 973.0 549.0 961.0 Van 1
479.0 953.0 477.0 966.0 469.0 965.0 471.0 952.0 Van 1
317.0 933.0 316.0 948.0 309.0 947.0 310.0 933.0 Van 1
305.0 934.0 304.0 946.0 298.0 946.0 300.0 933.0 Van 1
918.0 991.0 900.0 990.0 900.0 984.0 918.0 984.0 Van 1
