336.0 514.0 325.0 530.0 320.0 526.0 330.0 510.0 Van 1
140.0 396.0 136.0 403.0 114.0 391.0 118.0 384.0 Van 1
60.0 804.0 58.0 811.0 43.0 808.0 45.0 801.0 Van 1
631.0 436.0 629.0 442.0 617.0 436.0 619.0 430.0 Van 1
631.0 443.0 628.0 450.0 613.0 445.0 616.0 438.0 Van 1
682.0 412.0 678.0 428.0 671.0 426.0 675.0 410.0 Van 1
733.0 711.0 727.0 728.0 720.0 726.0 726.0 707.0 Van 1
748.0 704.0 742.0 724.0 734.0 722.0 740.0 701.0 Van 1
747.0 675.0 741.0 692.0 732.0 688.0 739.0 672.0 Van 1
767.0 656.0 762.0 672.0 755.0 670.0 759.0 654.0 Van 1
983.0 316.0 979.0 321.0 966.0 311.0 970.0 305.0 Van 1
994.0 287.0 988.0 293.0 976.0 282.0 981.0 276.0 Van 1
979.0 753.0 976.0 773.0 966.0 771.0 970.0 752.0 Van 1
949.0 746.0 943.0 763.0 936.0 761.0 941.0 743.0 Van 1
195.0 508.0 190.0 527.0 183.0 523.0 188.0 507.0 Van 1
104.0 872.0 94.0 889.0 87.0 885.0 96.0 868.0 Van 1
