1000.0 418.0 998.0 419.0 994.0 406.0 1000.0 404.0 Van 1
935.0 267.0 930.0 272.0 919.0 260.0 923.0 255.0 Van 1
907.0 185.0 893.0 193.0 891.0 188.0 903.0 180.0 Van 1
810.0 89.0 797.0 100.0 792.0 94.0 805.0 83.0 Van 1
795.0 69.0 780.0 80.0 775.0 74.0 790.0 62.0 Van 1
785.0 64.0 774.0 71.0 771.0 67.0 781.0 59.0 Van 1
839.0 53.0 826.0 61.0 823.0 56.0 836.0 48.0 Van 1
804.0 19.0 797.0 34.0 791.0 32.0 797.0 17.0 Van 1
764.0 37.0 751.0 45.0 748.0 40.0 761.0 31.0 Van 1
895.0 13.0 878.0 22.0 875.0 16.0 892.0 7.0 Van 1
198.0 170.0 182.0 170.0 182.0 165.0 198.0 165.0 Van 1
426.0 277.0 418.0 295.0 411.0 292.0 419.0 274.0 Van 1
376.0 658.0 367.0 661.0 361.0 642.0 369.0 639.0 Van 1
365.0 661.0 357.0 664.0 351.0 646.0 359.0 643.0 Van 1
355.0 665.0 348.0 667.0 343.0 648.0 350.0 647.0 Van 1
345.0 666.0 337.0 669.0 331.0 650.0 337.0 647.0 Van 1
318.0 669.0 311.0 672.0 304.0 656.0 311.0 653.0 Van 1
307.0 672.0 301.0 675.0 294.0 658.0 302.0 655.0 Van 1
289.0 676.0 281.0 680.0 275.0 663.0 283.0 660.0 Van 1
8.0 819.0 5.0 824.0 0.0 821.0 0.0 814.0 Van 1
136.0 836.0 112.0 840.0 111.0 832.0 135.0 828.0 Van 1
239.0 942.0 232.0 944.0 228.0 930.0 234.0 928.0 Van 1
226.0 898.0 217.0 900.0 214.0 884.0 222.0 882.0 Van 1
246.0 893.0 240.0 894.0 237.0 885.0 243.0 883.0 Van 1
591.0 938.0 574.0 942.0 573.0 935.0 590.0 931.0 Van 1
592.0 947.0 572.0 952.0 571.0 944.0 590.0 940.0 Van 1
598.0 964.0 580.0 968.0 579.0 962.0 597.0 957.0 Van 1
603.0 981.0 584.0 986.0 582.0 980.0 601.0 974.0 Van 1
