584.0 494.0 583.0 508.0 575.0 508.0 576.0 494.0 Van 1
573.0 643.0 567.0 659.0 561.0 656.0 566.0 641.0 Van 1
461.0 695.0 454.0 700.0 444.0 687.0 451.0 681.0 Van 1
483.0 745.0 481.0 752.0 462.0 746.0 464.0 739.0 Van 1
472.0 759.0 470.0 766.0 454.0 761.0 456.0 754.0 Van 1
141.0 371.0 127.0 387.0 120.0 381.0 133.0 365.0 Van 1
61.0 478.0 50.0 494.0 43.0 489.0 54.0 473.0 Van 1
33.0 562.0 30.0 569.0 16.0 563.0 19.0 556.0 Van 1
209.0 258.0 192.0 273.0 187.0 267.0 203.0 252.0 Van 1
207.0 179.0 203.0 194.0 195.0 192.0 199.0 177.0 Van 1
