22.0 978.0 4.0 978.0 4.0 970.0 22.0 971.0 Van 1
695.0 971.0 692.0 992.0 679.0 991.0 681.0 970.0 Van 1
708.0 869.0 696.0 869.0 696.0 852.0 708.0 852.0 Van 1
716.0 820.0 704.0 820.0 704.0 804.0 716.0 804.0 Van 1
777.0 681.0 766.0 682.0 765.0 666.0 776.0 665.0 Van 1
727.0 660.0 725.0 677.0 715.0 676.0 717.0 659.0 Van 1
684.0 569.0 679.0 576.0 664.0 565.0 669.0 558.0 Van 1
259.0 842.0 258.0 859.0 247.0 858.0 248.0 841.0 Van 1
296.0 811.0 285.0 811.0 285.0 794.0 296.0 794.0 Van 1
266.0 814.0 265.0 831.0 254.0 831.0 254.0 813.0 Van 1
353.0 714.0 352.0 721.0 329.0 720.0 330.0 713.0 Van 1
349.0 729.0 330.0 729.0 330.0 723.0 349.0 722.0 Van 1
350.0 754.0 331.0 755.0 331.0 749.0 350.0 748.0 Van 1
265.0 614.0 253.0 614.0 253.0 597.0 265.0 597.0 Van 1
217.0 455.0 216.0 463.0 190.0 461.0 191.0 453.0 Van 1
151.0 264.0 140.0 264.0 140.0 249.0 151.0 249.0 Van 1
140.0 206.0 138.0 214.0 113.0 207.0 115.0 199.0 Van 1
209.0 216.0 198.0 216.0 198.0 199.0 209.0 198.0 Van 1
197.0 215.0 187.0 216.0 185.0 200.0 194.0 198.0 Van 1
307.0 133.0 295.0 133.0 295.0 117.0 307.0 117.0 Van 1
275.0 89.0 265.0 90.0 264.0 72.0 275.0 71.0 Van 1
261.0 89.0 260.0 106.0 249.0 106.0 249.0 88.0 Van 1
257.0 30.0 249.0 31.0 248.0 14.0 256.0 14.0 Van 1
23.0 438.0 22.0 447.0 2.0 444.0 3.0 436.0 Van 1
388.0 587.0 378.0 587.0 377.0 573.0 387.0 572.0 Van 1
401.0 575.0 399.0 591.0 389.0 590.0 391.0 574.0 Van 1
415.0 578.0 413.0 592.0 404.0 592.0 406.0 577.0 Van 1
438.0 592.0 430.0 593.0 429.0 577.0 438.0 577.0 Van 1
468.0 596.0 457.0 596.0 457.0 579.0 468.0 579.0 Van 1
482.0 597.0 472.0 597.0 472.0 582.0 481.0 582.0 Van 1
563.0 495.0 562.0 502.0 534.0 501.0 534.0 493.0 Van 1
592.0 464.0 565.0 464.0 565.0 455.0 592.0 456.0 Van 1
593.0 435.0 592.0 445.0 564.0 443.0 565.0 433.0 Van 1
653.0 449.0 652.0 458.0 629.0 456.0 630.0 447.0 Van 1
723.0 163.0 710.0 164.0 709.0 130.0 722.0 129.0 Van 1
774.0 362.0 764.0 363.0 763.0 347.0 772.0 346.0 Van 1
758.0 449.0 746.0 450.0 745.0 432.0 757.0 431.0 Van 1
935.0 116.0 934.0 133.0 926.0 132.0 927.0 116.0 Van 1
881.0 159.0 861.0 159.0 861.0 152.0 881.0 152.0 Van 1
1000.0 327.0 990.0 326.0 993.0 309.0 1000.0 311.0 Van 1
136.0 738.0 124.0 739.0 124.0 722.0 136.0 722.0 Van 1
149.0 725.0 148.0 741.0 138.0 741.0 139.0 724.0 Van 1
160.0 726.0 159.0 740.0 149.0 740.0 149.0 725.0 Van 1
842.0 121.0 841.0 129.0 819.0 127.0 820.0 119.0 Van 1
