378.0 955.0 377.0 972.0 365.0 972.0 366.0 955.0 Van 1
510.0 815.0 509.0 823.0 495.0 822.0 495.0 814.0 Van 1
411.0 394.0 400.0 395.0 399.0 378.0 410.0 378.0 Van 1
36.0 378.0 26.0 379.0 25.0 362.0 35.0 361.0 Van 1
723.0 605.0 700.0 605.0 700.0 596.0 723.0 596.0 Van 1
683.0 505.0 671.0 506.0 671.0 489.0 683.0 488.0 Van 1
665.0 507.0 654.0 507.0 654.0 491.0 665.0 491.0 Van 1
878.0 312.0 867.0 312.0 867.0 295.0 878.0 295.0 Van 1
792.0 311.0 782.0 311.0 783.0 296.0 792.0 297.0 Van 1
779.0 314.0 769.0 313.0 769.0 299.0 779.0 299.0 Van 1
888.0 326.0 878.0 326.0 878.0 310.0 888.0 310.0 Van 1
901.0 330.0 890.0 330.0 890.0 313.0 901.0 313.0 Van 1
876.0 331.0 865.0 331.0 865.0 314.0 876.0 314.0 Van 1
792.0 329.0 782.0 329.0 782.0 314.0 792.0 313.0 Van 1
779.0 333.0 769.0 333.0 769.0 317.0 778.0 317.0 Van 1
743.0 332.0 732.0 331.0 732.0 315.0 743.0 315.0 Van 1
989.0 255.0 976.0 255.0 976.0 235.0 989.0 235.0 Van 1
941.0 249.0 929.0 250.0 928.0 231.0 940.0 230.0 Van 1
925.0 251.0 913.0 252.0 912.0 234.0 924.0 233.0 Van 1
988.0 207.0 982.0 211.0 973.0 198.0 979.0 193.0 Van 1
958.0 206.0 951.0 210.0 942.0 197.0 949.0 192.0 Van 1
767.0 269.0 756.0 269.0 756.0 253.0 766.0 253.0 Van 1
741.0 252.0 740.0 270.0 730.0 269.0 730.0 252.0 Van 1
776.0 206.0 768.0 212.0 756.0 196.0 764.0 190.0 Van 1
792.0 252.0 780.0 252.0 780.0 235.0 792.0 235.0 Van 1
855.0 254.0 844.0 254.0 844.0 235.0 855.0 235.0 Van 1
693.0 317.0 665.0 317.0 665.0 305.0 693.0 304.0 Van 1
805.0 204.0 798.0 209.0 786.0 193.0 793.0 188.0 Van 1
686.0 231.0 667.0 232.0 667.0 222.0 685.0 221.0 Van 1
92.0 422.0 82.0 423.0 81.0 405.0 91.0 405.0 Van 1
489.0 583.0 488.0 592.0 467.0 591.0 467.0 582.0 Van 1
576.0 363.0 570.0 380.0 557.0 376.0 563.0 359.0 Van 1
220.0 376.0 210.0 376.0 210.0 359.0 220.0 359.0 Van 1
210.0 376.0 201.0 376.0 200.0 359.0 209.0 359.0 Van 1
158.0 427.0 146.0 428.0 145.0 408.0 157.0 407.0 Van 1
130.0 416.0 119.0 417.0 118.0 398.0 129.0 397.0 Van 1
48.0 360.0 36.0 361.0 35.0 344.0 47.0 343.0 Van 1
61.0 380.0 50.0 381.0 48.0 364.0 59.0 363.0 Van 1
926.0 117.0 903.0 117.0 903.0 109.0 926.0 109.0 Van 1
819.0 111.0 818.0 120.0 794.0 119.0 794.0 109.0 Van 1
864.0 119.0 842.0 119.0 842.0 111.0 864.0 111.0 Van 1
789.0 119.0 769.0 119.0 769.0 112.0 789.0 112.0 Van 1
578.0 141.0 558.0 141.0 558.0 134.0 578.0 134.0 Van 1
464.0 77.0 454.0 78.0 453.0 60.0 463.0 60.0 Van 1
569.0 54.0 557.0 54.0 558.0 36.0 569.0 37.0 Van 1
426.0 76.0 414.0 76.0 414.0 59.0 426.0 59.0 Van 1
517.0 52.0 508.0 53.0 508.0 33.0 517.0 32.0 Van 1
1000.0 63.0 984.0 63.0 984.0 56.0 1000.0 56.0 Van 1
584.0 236.0 574.0 236.0 573.0 220.0 583.0 219.0 Van 1
567.0 476.0 556.0 477.0 555.0 457.0 566.0 456.0 Van 1
686.0 249.0 668.0 249.0 669.0 239.0 686.0 240.0 Van 1
828.0 331.0 817.0 331.0 817.0 313.0 828.0 313.0 Van 1
840.0 329.0 830.0 330.0 829.0 312.0 839.0 311.0 Van 1
987.0 310.0 979.0 310.0 980.0 295.0 987.0 295.0 Van 1
951.0 328.0 941.0 329.0 941.0 314.0 951.0 314.0 Van 1
857.0 372.0 852.0 378.0 841.0 366.0 846.0 361.0 Van 1
793.0 371.0 787.0 375.0 778.0 363.0 785.0 358.0 Van 1
779.0 372.0 772.0 376.0 764.0 363.0 771.0 359.0 Van 1
766.0 374.0 759.0 378.0 752.0 366.0 760.0 362.0 Van 1
724.0 377.0 716.0 380.0 709.0 365.0 717.0 362.0 Van 1
708.0 373.0 700.0 376.0 695.0 364.0 703.0 361.0 Van 1
836.0 508.0 826.0 508.0 826.0 490.0 836.0 490.0 Van 1
732.0 977.0 722.0 977.0 721.0 961.0 731.0 960.0 Van 1
732.0 954.0 723.0 954.0 722.0 937.0 731.0 936.0 Van 1
713.0 844.0 689.0 844.0 690.0 836.0 713.0 837.0 Van 1
713.0 776.0 704.0 777.0 702.0 763.0 710.0 761.0 Van 1
570.0 731.0 559.0 731.0 559.0 713.0 570.0 713.0 Van 1
