463.0 784.0 455.0 800.0 446.0 795.0 454.0 780.0 Van 1
470.0 155.0 468.0 165.0 448.0 159.0 450.0 150.0 Van 1
517.0 386.0 510.0 401.0 502.0 397.0 509.0 382.0 Van 1
28.0 610.0 26.0 617.0 5.0 610.0 6.0 603.0 Van 1
51.0 617.0 49.0 625.0 29.0 619.0 32.0 611.0 Van 1
103.0 632.0 101.0 641.0 78.0 634.0 80.0 625.0 Van 1
393.0 250.0 382.0 264.0 376.0 260.0 386.0 245.0 Van 1
419.0 215.0 409.0 231.0 400.0 225.0 410.0 209.0 Van 1
98.0 140.0 92.0 152.0 81.0 146.0 88.0 134.0 Van 1
206.0 97.0 200.0 105.0 183.0 94.0 188.0 86.0 Van 1
237.0 113.0 233.0 122.0 215.0 114.0 219.0 105.0 Van 1
308.0 207.0 305.0 215.0 282.0 207.0 285.0 199.0 Van 1
577.0 464.0 574.0 472.0 561.0 468.0 564.0 460.0 Van 1
422.0 273.0 415.0 290.0 406.0 286.0 412.0 269.0 Van 1
