40.0 179.0 32.0 182.0 25.0 168.0 33.0 164.0 Van 1
380.0 158.0 372.0 161.0 366.0 144.0 374.0 141.0 Van 1
472.0 160.0 464.0 164.0 455.0 143.0 463.0 139.0 Van 1
721.0 158.0 698.0 166.0 696.0 158.0 718.0 150.0 Van 1
360.0 247.0 339.0 252.0 337.0 242.0 357.0 237.0 Van 1
258.0 282.0 239.0 286.0 237.0 277.0 256.0 273.0 Van 1
187.0 420.0 169.0 427.0 166.0 418.0 184.0 412.0 Van 1
467.0 403.0 460.0 406.0 453.0 390.0 460.0 387.0 Van 1
476.0 398.0 469.0 401.0 463.0 385.0 470.0 382.0 Van 1
552.0 377.0 544.0 380.0 536.0 363.0 543.0 360.0 Van 1
561.0 372.0 554.0 376.0 546.0 360.0 553.0 356.0 Van 1
650.0 480.0 633.0 486.0 630.0 479.0 647.0 473.0 Van 1
659.0 498.0 642.0 503.0 640.0 496.0 656.0 490.0 Van 1
660.0 507.0 644.0 513.0 642.0 506.0 658.0 500.0 Van 1
685.0 558.0 667.0 564.0 665.0 557.0 683.0 551.0 Van 1
688.0 567.0 673.0 571.0 671.0 565.0 686.0 560.0 Van 1
572.0 456.0 555.0 462.0 553.0 455.0 569.0 449.0 Van 1
580.0 473.0 561.0 481.0 557.0 472.0 577.0 465.0 Van 1
594.0 508.0 577.0 514.0 574.0 507.0 592.0 501.0 Van 1
600.0 517.0 581.0 523.0 579.0 514.0 597.0 509.0 Van 1
604.0 525.0 587.0 531.0 584.0 524.0 602.0 519.0 Van 1
609.0 533.0 595.0 538.0 593.0 532.0 607.0 527.0 Van 1
618.0 550.0 601.0 556.0 598.0 549.0 615.0 542.0 Van 1
531.0 439.0 510.0 447.0 507.0 439.0 528.0 431.0 Van 1
535.0 447.0 520.0 452.0 518.0 445.0 533.0 440.0 Van 1
543.0 456.0 524.0 463.0 521.0 454.0 540.0 448.0 Van 1
554.0 480.0 537.0 487.0 534.0 480.0 552.0 474.0 Van 1
560.0 500.0 544.0 505.0 541.0 496.0 557.0 491.0 Van 1
575.0 533.0 557.0 540.0 554.0 533.0 572.0 526.0 Van 1
582.0 552.0 565.0 557.0 563.0 550.0 580.0 544.0 Van 1
587.0 561.0 569.0 567.0 567.0 559.0 585.0 553.0 Van 1
592.0 569.0 575.0 574.0 573.0 567.0 589.0 561.0 Van 1
597.0 576.0 580.0 582.0 578.0 574.0 595.0 569.0 Van 1
485.0 475.0 466.0 481.0 464.0 473.0 482.0 466.0 Van 1
495.0 501.0 477.0 507.0 474.0 498.0 493.0 493.0 Van 1
508.0 528.0 489.0 535.0 486.0 525.0 505.0 518.0 Van 1
420.0 518.0 411.0 522.0 405.0 504.0 413.0 501.0 Van 1
495.0 575.0 477.0 582.0 475.0 575.0 492.0 569.0 Van 1
501.0 584.0 484.0 591.0 481.0 584.0 498.0 577.0 Van 1
529.0 578.0 511.0 585.0 508.0 577.0 525.0 569.0 Van 1
699.0 388.0 691.0 392.0 683.0 376.0 691.0 372.0 Van 1
740.0 378.0 733.0 382.0 726.0 366.0 733.0 363.0 Van 1
762.0 371.0 753.0 374.0 746.0 357.0 755.0 354.0 Van 1
781.0 364.0 773.0 368.0 766.0 352.0 774.0 348.0 Van 1
720.0 439.0 712.0 443.0 705.0 427.0 713.0 423.0 Van 1
752.0 480.0 743.0 484.0 736.0 467.0 744.0 464.0 Van 1
762.0 477.0 754.0 481.0 747.0 462.0 754.0 459.0 Van 1
773.0 475.0 764.0 479.0 756.0 460.0 765.0 457.0 Van 1
771.0 580.0 763.0 583.0 758.0 565.0 766.0 563.0 Van 1
