39.0 675.0 38.0 691.0 31.0 690.0 33.0 674.0 Van 1
206.0 717.0 187.0 717.0 188.0 710.0 206.0 711.0 Van 1
371.0 714.0 351.0 715.0 351.0 709.0 370.0 708.0 Van 1
542.0 528.0 541.0 544.0 534.0 544.0 534.0 527.0 Van 1
541.0 552.0 540.0 563.0 505.0 562.0 505.0 552.0 Van 1
526.0 328.0 505.0 330.0 505.0 324.0 525.0 322.0 Van 1
344.0 411.0 336.0 412.0 335.0 393.0 344.0 392.0 Van 1
358.0 457.0 350.0 458.0 349.0 439.0 357.0 439.0 Van 1
264.0 330.0 242.0 330.0 242.0 322.0 264.0 322.0 Van 1
294.0 194.0 272.0 196.0 272.0 189.0 294.0 187.0 Van 1
241.0 162.0 240.0 169.0 220.0 168.0 220.0 161.0 Van 1
291.0 109.0 272.0 109.0 272.0 101.0 291.0 101.0 Van 1
291.0 92.0 271.0 91.0 271.0 82.0 291.0 82.0 Van 1
290.0 65.0 289.0 73.0 272.0 73.0 272.0 64.0 Van 1
290.0 55.0 289.0 64.0 270.0 62.0 270.0 54.0 Van 1
290.0 44.0 271.0 44.0 271.0 36.0 290.0 36.0 Van 1
289.0 17.0 288.0 26.0 269.0 26.0 269.0 17.0 Van 1
288.0 17.0 270.0 16.0 271.0 8.0 288.0 9.0 Van 1
