310.0 85.0 297.0 99.0 291.0 93.0 303.0 79.0 Van 1
213.0 25.0 199.0 39.0 192.0 33.0 206.0 19.0 Van 1
180.0 85.0 168.0 98.0 162.0 93.0 173.0 80.0 Van 1
234.0 169.0 219.0 184.0 214.0 179.0 228.0 164.0 Van 1
132.0 248.0 126.0 252.0 116.0 239.0 122.0 235.0 Van 1
92.0 266.0 86.0 270.0 76.0 258.0 81.0 254.0 Van 1
69.0 488.0 68.0 496.0 49.0 494.0 50.0 486.0 Van 1
451.0 379.0 450.0 386.0 433.0 382.0 434.0 375.0 Van 1
295.0 553.0 293.0 561.0 270.0 556.0 272.0 548.0 Van 1
292.0 562.0 291.0 569.0 268.0 564.0 269.0 557.0 Van 1
151.0 606.0 148.0 622.0 139.0 621.0 143.0 604.0 Van 1
262.0 687.0 261.0 693.0 243.0 691.0 244.0 685.0 Van 1
398.0 667.0 394.0 683.0 387.0 681.0 392.0 665.0 Van 1
584.0 307.0 582.0 325.0 575.0 324.0 578.0 306.0 Van 1
