602.0 842.0 594.0 843.0 594.0 825.0 602.0 825.0 Van 1
843.0 112.0 835.0 112.0 835.0 96.0 843.0 96.0 Van 1
791.0 45.0 771.0 44.0 771.0 37.0 791.0 38.0 Van 1
669.0 43.0 641.0 42.0 641.0 34.0 669.0 35.0 Van 1
631.0 36.0 630.0 43.0 606.0 42.0 607.0 35.0 Van 1
528.0 32.0 503.0 32.0 503.0 26.0 528.0 26.0 Van 1
509.0 43.0 488.0 43.0 488.0 37.0 509.0 37.0 Van 1
473.0 43.0 447.0 42.0 447.0 36.0 473.0 36.0 Van 1
498.0 18.0 475.0 19.0 474.0 12.0 497.0 11.0 Van 1
333.0 988.0 325.0 991.0 322.0 978.0 328.0 975.0 Van 1
64.0 751.0 55.0 751.0 55.0 732.0 64.0 732.0 Van 1
189.0 674.0 165.0 674.0 165.0 667.0 189.0 668.0 Van 1
338.0 623.0 329.0 623.0 329.0 609.0 338.0 608.0 Van 1
338.0 546.0 330.0 546.0 330.0 530.0 338.0 530.0 Van 1
338.0 480.0 329.0 480.0 329.0 463.0 338.0 463.0 Van 1
338.0 460.0 329.0 460.0 329.0 442.0 338.0 442.0 Van 1
338.0 420.0 329.0 420.0 329.0 403.0 338.0 403.0 Van 1
158.0 480.0 157.0 488.0 137.0 485.0 138.0 477.0 Van 1
230.0 337.0 205.0 337.0 205.0 331.0 230.0 331.0 Van 1
60.0 379.0 35.0 379.0 35.0 372.0 60.0 372.0 Van 1
61.0 337.0 32.0 337.0 32.0 328.0 61.0 328.0 Van 1
27.0 336.0 4.0 335.0 4.0 329.0 27.0 329.0 Van 1
302.0 74.0 301.0 91.0 293.0 91.0 293.0 74.0 Van 1
188.0 81.0 187.0 98.0 177.0 98.0 178.0 80.0 Van 1
109.0 42.0 85.0 42.0 85.0 36.0 108.0 35.0 Van 1
845.0 137.0 836.0 137.0 835.0 120.0 844.0 120.0 Van 1
903.0 238.0 895.0 239.0 894.0 223.0 903.0 223.0 Van 1
427.0 243.0 417.0 243.0 417.0 225.0 427.0 225.0 Van 1
451.0 245.0 442.0 246.0 441.0 230.0 451.0 229.0 Van 1
508.0 253.0 484.0 253.0 484.0 246.0 508.0 246.0 Van 1
496.0 276.0 475.0 276.0 475.0 268.0 496.0 268.0 Van 1
460.0 336.0 439.0 337.0 439.0 330.0 460.0 330.0 Van 1
610.0 285.0 608.0 292.0 588.0 283.0 591.0 277.0 Van 1
612.0 303.0 609.0 309.0 591.0 300.0 594.0 294.0 Van 1
929.0 140.0 928.0 146.0 907.0 144.0 907.0 138.0 Van 1
983.0 339.0 955.0 340.0 955.0 332.0 983.0 331.0 Van 1
904.0 422.0 895.0 422.0 895.0 406.0 904.0 406.0 Van 1
400.0 375.0 399.0 382.0 374.0 381.0 374.0 375.0 Van 1
425.0 382.0 404.0 381.0 404.0 375.0 425.0 376.0 Van 1
626.0 384.0 604.0 384.0 604.0 377.0 626.0 377.0 Van 1
574.0 383.0 550.0 383.0 550.0 376.0 574.0 376.0 Van 1
729.0 372.0 706.0 371.0 706.0 364.0 729.0 364.0 Van 1
770.0 372.0 744.0 371.0 744.0 364.0 770.0 365.0 Van 1
370.0 425.0 353.0 431.0 351.0 425.0 369.0 419.0 Van 1
528.0 471.0 520.0 471.0 519.0 455.0 528.0 455.0 Van 1
556.0 472.0 548.0 473.0 547.0 458.0 555.0 457.0 Van 1
572.0 471.0 564.0 471.0 564.0 455.0 571.0 454.0 Van 1
436.0 499.0 424.0 511.0 419.0 506.0 430.0 494.0 Van 1
468.0 512.0 445.0 512.0 445.0 504.0 468.0 504.0 Van 1
514.0 513.0 504.0 512.0 505.0 495.0 514.0 495.0 Van 1
623.0 498.0 615.0 498.0 615.0 483.0 623.0 483.0 Van 1
659.0 510.0 633.0 510.0 633.0 502.0 659.0 502.0 Van 1
761.0 421.0 746.0 428.0 743.0 420.0 759.0 413.0 Van 1
764.0 454.0 742.0 459.0 740.0 451.0 763.0 446.0 Van 1
821.0 473.0 799.0 479.0 797.0 471.0 819.0 465.0 Van 1
820.0 501.0 799.0 506.0 798.0 500.0 818.0 495.0 Van 1
901.0 474.0 893.0 474.0 892.0 459.0 900.0 459.0 Van 1
891.0 556.0 883.0 556.0 881.0 541.0 891.0 540.0 Van 1
892.0 578.0 883.0 578.0 883.0 562.0 892.0 562.0 Van 1
842.0 562.0 833.0 562.0 833.0 545.0 842.0 544.0 Van 1
858.0 583.0 850.0 583.0 850.0 563.0 858.0 563.0 Van 1
857.0 636.0 849.0 637.0 848.0 620.0 857.0 619.0 Van 1
394.0 676.0 367.0 676.0 367.0 668.0 394.0 668.0 Van 1
465.0 677.0 444.0 677.0 444.0 670.0 465.0 670.0 Van 1
381.0 701.0 358.0 701.0 359.0 694.0 381.0 694.0 Van 1
408.0 702.0 387.0 702.0 387.0 695.0 408.0 695.0 Van 1
558.0 703.0 535.0 703.0 535.0 695.0 558.0 695.0 Van 1
785.0 678.0 761.0 677.0 763.0 670.0 785.0 670.0 Van 1
756.0 703.0 731.0 703.0 731.0 695.0 756.0 695.0 Van 1
839.0 834.0 832.0 834.0 832.0 820.0 838.0 820.0 Van 1
859.0 879.0 851.0 879.0 851.0 863.0 858.0 862.0 Van 1
840.0 985.0 831.0 986.0 831.0 969.0 840.0 969.0 Van 1
