191.0 31.0 181.0 32.0 180.0 16.0 189.0 15.0 Van 1
287.0 221.0 286.0 229.0 264.0 227.0 264.0 219.0 Van 1
767.0 253.0 746.0 254.0 746.0 247.0 767.0 246.0 Van 1
862.0 233.0 836.0 235.0 835.0 226.0 862.0 225.0 Van 1
916.0 119.0 904.0 121.0 902.0 99.0 913.0 98.0 Van 1
916.0 88.0 905.0 87.0 905.0 68.0 916.0 68.0 Van 1
871.0 55.0 852.0 55.0 852.0 46.0 871.0 46.0 Van 1
138.0 797.0 117.0 798.0 117.0 791.0 138.0 790.0 Van 1
213.0 630.0 203.0 631.0 202.0 612.0 212.0 611.0 Van 1
141.0 531.0 120.0 531.0 120.0 524.0 141.0 523.0 Van 1
455.0 274.0 454.0 289.0 443.0 289.0 444.0 273.0 Van 1
640.0 665.0 630.0 666.0 629.0 646.0 639.0 645.0 Van 1
751.0 539.0 728.0 538.0 728.0 529.0 751.0 529.0 Van 1
800.0 686.0 776.0 686.0 776.0 678.0 800.0 678.0 Van 1
961.0 960.0 938.0 962.0 938.0 956.0 960.0 954.0 Van 1
395.0 547.0 374.0 546.0 374.0 538.0 395.0 539.0 Van 1
