96.0 86.0 88.0 89.0 83.0 75.0 91.0 72.0 Van 1
451.0 294.0 427.0 297.0 427.0 289.0 450.0 286.0 Van 1
267.0 266.0 250.0 267.0 248.0 261.0 266.0 260.0 Van 1
247.0 257.0 230.0 258.0 230.0 252.0 247.0 251.0 Van 1
245.0 275.0 227.0 275.0 227.0 270.0 245.0 270.0 Van 1
244.0 296.0 226.0 297.0 226.0 291.0 244.0 290.0 Van 1
320.0 244.0 298.0 244.0 298.0 236.0 320.0 236.0 Van 1
318.0 265.0 298.0 266.0 298.0 260.0 317.0 258.0 Van 1
343.0 277.0 323.0 277.0 323.0 271.0 343.0 271.0 Van 1
321.0 298.0 299.0 298.0 299.0 292.0 321.0 291.0 Van 1
343.0 297.0 323.0 297.0 323.0 291.0 343.0 291.0 Van 1
345.0 308.0 325.0 308.0 325.0 301.0 345.0 301.0 Van 1
338.0 391.0 336.0 406.0 327.0 404.0 330.0 389.0 Van 1
385.0 395.0 378.0 413.0 370.0 410.0 376.0 392.0 Van 1
323.0 431.0 322.0 437.0 302.0 436.0 303.0 429.0 Van 1
563.0 520.0 561.0 526.0 545.0 520.0 548.0 514.0 Van 1
594.0 569.0 586.0 582.0 578.0 578.0 588.0 564.0 Van 1
598.0 766.0 582.0 775.0 578.0 769.0 593.0 760.0 Van 1
583.0 751.0 569.0 762.0 563.0 755.0 578.0 744.0 Van 1
544.0 708.0 531.0 720.0 525.0 714.0 538.0 702.0 Van 1
536.0 701.0 521.0 714.0 516.0 708.0 531.0 695.0 Van 1
527.0 695.0 515.0 706.0 511.0 701.0 523.0 690.0 Van 1
511.0 682.0 498.0 694.0 493.0 688.0 505.0 676.0 Van 1
502.0 675.0 490.0 688.0 484.0 682.0 497.0 670.0 Van 1
487.0 662.0 475.0 675.0 469.0 670.0 481.0 657.0 Van 1
478.0 657.0 467.0 669.0 461.0 664.0 473.0 652.0 Van 1
469.0 652.0 456.0 664.0 451.0 658.0 464.0 647.0 Van 1
473.0 626.0 464.0 640.0 458.0 636.0 469.0 622.0 Van 1
440.0 605.0 428.0 619.0 421.0 614.0 433.0 599.0 Van 1
401.0 585.0 392.0 598.0 385.0 594.0 394.0 581.0 Van 1
404.0 615.0 395.0 627.0 389.0 622.0 397.0 610.0 Van 1
386.0 604.0 376.0 619.0 368.0 613.0 379.0 598.0 Van 1
349.0 586.0 342.0 600.0 335.0 596.0 341.0 582.0 Van 1
319.0 576.0 311.0 590.0 303.0 586.0 311.0 571.0 Van 1
239.0 548.0 232.0 564.0 225.0 561.0 232.0 545.0 Van 1
137.0 531.0 136.0 546.0 127.0 546.0 128.0 530.0 Van 1
55.0 550.0 46.0 551.0 44.0 530.0 53.0 529.0 Van 1
63.0 484.0 55.0 484.0 53.0 469.0 62.0 468.0 Van 1
493.0 736.0 478.0 747.0 473.0 741.0 488.0 731.0 Van 1
468.0 716.0 457.0 728.0 452.0 724.0 463.0 712.0 Van 1
460.0 710.0 448.0 721.0 443.0 716.0 455.0 705.0 Van 1
453.0 702.0 440.0 714.0 435.0 709.0 447.0 697.0 Van 1
434.0 693.0 424.0 704.0 418.0 699.0 428.0 688.0 Van 1
319.0 629.0 311.0 643.0 304.0 639.0 312.0 625.0 Van 1
260.0 609.0 254.0 623.0 247.0 620.0 253.0 606.0 Van 1
240.0 600.0 235.0 615.0 227.0 613.0 232.0 597.0 Van 1
209.0 593.0 203.0 608.0 197.0 606.0 201.0 591.0 Van 1
197.0 590.0 194.0 606.0 186.0 605.0 188.0 589.0 Van 1
156.0 585.0 153.0 600.0 145.0 599.0 147.0 583.0 Van 1
51.0 594.0 43.0 594.0 43.0 578.0 51.0 579.0 Van 1
564.0 699.0 553.0 710.0 548.0 705.0 561.0 695.0 Van 1
593.0 729.0 578.0 738.0 575.0 733.0 590.0 723.0 Van 1
596.0 656.0 584.0 666.0 578.0 661.0 592.0 651.0 Van 1
589.0 649.0 576.0 662.0 571.0 656.0 583.0 643.0 Van 1
37.0 41.0 30.0 44.0 23.0 29.0 31.0 26.0 Van 1
563.0 13.0 551.0 23.0 546.0 18.0 558.0 7.0 Van 1
250.0 307.0 230.0 307.0 230.0 301.0 250.0 301.0 Van 1
