133.0 52.0 128.0 55.0 121.0 43.0 126.0 40.0 Van 1
202.0 99.0 193.0 104.0 186.0 89.0 195.0 85.0 Van 1
179.0 105.0 171.0 109.0 161.0 92.0 169.0 88.0 Van 1
473.0 172.0 467.0 175.0 460.0 162.0 466.0 159.0 Van 1
341.0 203.0 325.0 209.0 323.0 204.0 339.0 197.0 Van 1
360.0 236.0 344.0 242.0 342.0 236.0 358.0 231.0 Van 1
365.0 244.0 351.0 250.0 348.0 244.0 362.0 239.0 Van 1
367.0 256.0 350.0 262.0 347.0 255.0 365.0 248.0 Van 1
330.0 304.0 323.0 308.0 315.0 292.0 322.0 289.0 Van 1
367.0 332.0 361.0 336.0 353.0 322.0 359.0 319.0 Van 1
23.0 193.0 16.0 196.0 9.0 182.0 16.0 179.0 Van 1
455.0 790.0 448.0 793.0 440.0 775.0 447.0 772.0 Van 1
447.0 770.0 439.0 774.0 432.0 760.0 439.0 756.0 Van 1
437.0 754.0 430.0 758.0 424.0 745.0 430.0 742.0 Van 1
280.0 800.0 271.0 800.0 268.0 790.0 275.0 787.0 Van 1
210.0 753.0 204.0 756.0 197.0 745.0 203.0 741.0 Van 1
122.0 764.0 104.0 770.0 101.0 763.0 119.0 757.0 Van 1
121.0 740.0 115.0 744.0 106.0 729.0 112.0 725.0 Van 1
132.0 736.0 124.0 740.0 116.0 724.0 124.0 720.0 Van 1
349.0 717.0 341.0 722.0 331.0 704.0 338.0 699.0 Van 1
400.0 689.0 392.0 693.0 382.0 674.0 390.0 670.0 Van 1
69.0 683.0 54.0 689.0 52.0 683.0 67.0 677.0 Van 1
38.0 650.0 20.0 655.0 18.0 649.0 36.0 644.0 Van 1
20.0 700.0 7.0 705.0 5.0 700.0 18.0 695.0 Van 1
155.0 551.0 150.0 553.0 144.0 541.0 149.0 538.0 Van 1
213.0 474.0 205.0 479.0 195.0 462.0 203.0 458.0 Van 1
176.0 455.0 159.0 461.0 157.0 455.0 174.0 449.0 Van 1
240.0 402.0 234.0 406.0 226.0 392.0 233.0 389.0 Van 1
74.0 518.0 67.0 521.0 59.0 506.0 66.0 502.0 Van 1
164.0 386.0 158.0 390.0 148.0 375.0 155.0 371.0 Van 1
195.0 324.0 189.0 327.0 183.0 314.0 190.0 312.0 Van 1
186.0 306.0 179.0 310.0 171.0 295.0 179.0 291.0 Van 1
334.0 344.0 329.0 347.0 322.0 335.0 327.0 332.0 Van 1
347.0 342.0 340.0 346.0 331.0 330.0 338.0 326.0 Van 1
