166.0 171.0 152.0 177.0 149.0 171.0 164.0 165.0 Van 1
344.0 320.0 337.0 337.0 329.0 334.0 335.0 317.0 Van 1
391.0 139.0 381.0 160.0 370.0 155.0 380.0 134.0 Van 1
247.0 56.0 237.0 69.0 231.0 64.0 241.0 51.0 Van 1
232.0 78.0 218.0 88.0 213.0 82.0 227.0 71.0 Van 1
213.0 89.0 195.0 98.0 192.0 91.0 209.0 83.0 Van 1
192.0 99.0 174.0 107.0 171.0 100.0 189.0 93.0 Van 1
174.0 109.0 155.0 117.0 153.0 110.0 172.0 103.0 Van 1
154.0 117.0 135.0 127.0 132.0 120.0 151.0 111.0 Van 1
336.0 508.0 330.0 523.0 323.0 520.0 329.0 505.0 Van 1
442.0 520.0 435.0 536.0 427.0 532.0 434.0 516.0 Van 1
367.0 540.0 365.0 547.0 345.0 542.0 347.0 535.0 Van 1
