128.0 536.0 110.0 538.0 109.0 532.0 127.0 530.0 Van 1
242.0 523.0 236.0 525.0 231.0 510.0 238.0 508.0 Van 1
325.0 80.0 318.0 83.0 310.0 66.0 317.0 62.0 Van 1
343.0 154.0 335.0 158.0 327.0 142.0 334.0 138.0 Van 1
356.0 185.0 348.0 189.0 341.0 172.0 349.0 169.0 Van 1
361.0 156.0 354.0 160.0 347.0 144.0 354.0 141.0 Van 1
746.0 111.0 738.0 112.0 738.0 94.0 745.0 93.0 Van 1
706.0 114.0 698.0 115.0 697.0 98.0 705.0 98.0 Van 1
666.0 95.0 665.0 116.0 655.0 115.0 656.0 95.0 Van 1
589.0 93.0 578.0 106.0 572.0 101.0 583.0 88.0 Van 1
565.0 84.0 555.0 97.0 549.0 92.0 558.0 79.0 Van 1
533.0 37.0 514.0 38.0 513.0 31.0 533.0 30.0 Van 1
597.0 18.0 574.0 19.0 574.0 10.0 597.0 10.0 Van 1
598.0 37.0 581.0 37.0 581.0 31.0 598.0 31.0 Van 1
752.0 26.0 731.0 28.0 730.0 21.0 751.0 18.0 Van 1
813.0 29.0 793.0 29.0 794.0 22.0 813.0 22.0 Van 1
529.0 398.0 522.0 400.0 516.0 383.0 523.0 381.0 Van 1
562.0 429.0 553.0 433.0 545.0 417.0 554.0 413.0 Van 1
570.0 456.0 562.0 459.0 555.0 443.0 563.0 439.0 Van 1
580.0 483.0 572.0 486.0 565.0 468.0 573.0 465.0 Van 1
589.0 508.0 581.0 510.0 576.0 495.0 584.0 492.0 Van 1
577.0 524.0 568.0 527.0 561.0 508.0 571.0 505.0 Van 1
587.0 547.0 580.0 549.0 574.0 534.0 581.0 531.0 Van 1
608.0 601.0 598.0 604.0 593.0 589.0 603.0 586.0 Van 1
613.0 625.0 606.0 628.0 601.0 611.0 608.0 609.0 Van 1
665.0 779.0 657.0 782.0 651.0 766.0 659.0 763.0 Van 1
657.0 760.0 649.0 763.0 643.0 747.0 652.0 744.0 Van 1
25.0 109.0 15.0 120.0 9.0 115.0 20.0 104.0 Van 1
138.0 165.0 134.0 172.0 114.0 159.0 119.0 153.0 Van 1
170.0 126.0 166.0 132.0 150.0 123.0 154.0 117.0 Van 1
72.0 281.0 52.0 284.0 51.0 278.0 71.0 275.0 Van 1
146.0 336.0 127.0 341.0 126.0 335.0 145.0 331.0 Van 1
172.0 262.0 156.0 263.0 155.0 257.0 171.0 256.0 Van 1
241.0 265.0 223.0 267.0 222.0 260.0 241.0 258.0 Van 1
260.0 290.0 242.0 292.0 241.0 285.0 259.0 282.0 Van 1
292.0 322.0 274.0 325.0 273.0 319.0 291.0 317.0 Van 1
347.0 262.0 346.0 269.0 326.0 264.0 327.0 258.0 Van 1
16.0 666.0 0.0 668.0 0.0 660.0 16.0 658.0 Van 1
19.0 716.0 12.0 719.0 7.0 704.0 13.0 702.0 Van 1
215.0 904.0 209.0 907.0 203.0 892.0 210.0 889.0 Van 1
229.0 526.0 220.0 529.0 214.0 508.0 222.0 505.0 Van 1
264.0 534.0 253.0 537.0 246.0 516.0 257.0 513.0 Van 1
251.0 607.0 243.0 609.0 240.0 594.0 248.0 592.0 Van 1
233.0 675.0 222.0 677.0 218.0 659.0 229.0 657.0 Van 1
300.0 703.0 291.0 704.0 289.0 686.0 298.0 685.0 Van 1
370.0 692.0 362.0 694.0 358.0 679.0 367.0 677.0 Van 1
441.0 804.0 432.0 806.0 427.0 789.0 436.0 786.0 Van 1
387.0 838.0 379.0 854.0 372.0 850.0 380.0 834.0 Van 1
258.0 850.0 248.0 851.0 245.0 833.0 255.0 831.0 Van 1
290.0 828.0 281.0 829.0 279.0 815.0 288.0 814.0 Van 1
268.0 893.0 260.0 894.0 257.0 877.0 266.0 876.0 Van 1
338.0 880.0 331.0 881.0 329.0 867.0 336.0 867.0 Van 1
592.0 887.0 571.0 891.0 570.0 883.0 590.0 879.0 Van 1
545.0 899.0 521.0 902.0 520.0 895.0 544.0 891.0 Van 1
281.0 983.0 273.0 984.0 270.0 969.0 279.0 968.0 Van 1
289.0 1001.0 284.0 994.0 298.0 984.0 303.0 991.0 Van 1
338.0 972.0 330.0 974.0 326.0 957.0 334.0 955.0 Van 1
396.0 963.0 388.0 964.0 385.0 949.0 393.0 947.0 Van 1
422.0 960.0 413.0 961.0 410.0 947.0 419.0 945.0 Van 1
444.0 958.0 436.0 959.0 433.0 942.0 441.0 941.0 Van 1
431.0 859.0 423.0 860.0 422.0 852.0 429.0 851.0 Van 1
456.0 863.0 447.0 865.0 444.0 849.0 452.0 847.0 Van 1
585.0 320.0 572.0 333.0 566.0 327.0 579.0 314.0 Van 1
668.0 274.0 647.0 274.0 647.0 267.0 668.0 266.0 Van 1
679.0 233.0 661.0 233.0 661.0 226.0 679.0 226.0 Van 1
747.0 226.0 729.0 236.0 725.0 229.0 743.0 218.0 Van 1
732.0 285.0 711.0 286.0 711.0 279.0 731.0 278.0 Van 1
590.0 901.0 566.0 907.0 564.0 898.0 588.0 893.0 Van 1
505.0 947.0 495.0 949.0 492.0 936.0 502.0 934.0 Van 1
