22.0 469.0 10.0 482.0 4.0 476.0 16.0 463.0 Van 1
47.0 487.0 35.0 501.0 28.0 496.0 40.0 482.0 Van 1
71.0 478.0 57.0 490.0 52.0 484.0 66.0 473.0 Van 1
61.0 472.0 48.0 484.0 44.0 479.0 56.0 467.0 Van 1
50.0 466.0 38.0 478.0 32.0 472.0 44.0 460.0 Van 1
43.0 461.0 31.0 472.0 26.0 466.0 38.0 455.0 Van 1
37.0 453.0 27.0 462.0 22.0 456.0 31.0 447.0 Van 1
1.0 452.0 -4.0 446.0 7.0 434.0 13.0 440.0 Van 1
54.0 422.0 41.0 434.0 36.0 428.0 49.0 417.0 Van 1
63.0 428.0 51.0 440.0 44.0 433.0 56.0 421.0 Van 1
155.0 485.0 148.0 497.0 143.0 493.0 149.0 482.0 Van 1
172.0 496.0 168.0 504.0 162.0 501.0 166.0 493.0 Van 1
197.0 498.0 186.0 513.0 180.0 509.0 190.0 493.0 Van 1
215.0 505.0 207.0 521.0 200.0 518.0 208.0 502.0 Van 1
224.0 507.0 217.0 522.0 210.0 519.0 217.0 504.0 Van 1
232.0 509.0 226.0 524.0 219.0 521.0 225.0 507.0 Van 1
242.0 513.0 234.0 527.0 227.0 523.0 234.0 509.0 Van 1
253.0 517.0 246.0 531.0 238.0 527.0 245.0 513.0 Van 1
274.0 524.0 267.0 539.0 260.0 535.0 267.0 521.0 Van 1
307.0 531.0 301.0 546.0 293.0 542.0 299.0 528.0 Van 1
328.0 539.0 321.0 552.0 314.0 548.0 321.0 535.0 Van 1
368.0 549.0 363.0 564.0 355.0 561.0 361.0 547.0 Van 1
378.0 552.0 374.0 567.0 366.0 565.0 371.0 550.0 Van 1
400.0 557.0 395.0 572.0 387.0 569.0 392.0 554.0 Van 1
421.0 563.0 416.0 577.0 408.0 574.0 413.0 560.0 Van 1
443.0 570.0 436.0 583.0 429.0 579.0 436.0 566.0 Van 1
501.0 676.0 494.0 681.0 484.0 667.0 490.0 662.0 Van 1
492.0 685.0 485.0 689.0 476.0 674.0 483.0 670.0 Van 1
439.0 691.0 430.0 692.0 430.0 677.0 439.0 677.0 Van 1
396.0 668.0 390.0 684.0 384.0 681.0 390.0 665.0 Van 1
386.0 668.0 379.0 682.0 372.0 679.0 379.0 665.0 Van 1
376.0 664.0 370.0 677.0 362.0 674.0 367.0 661.0 Van 1
400.0 706.0 399.0 720.0 390.0 720.0 392.0 706.0 Van 1
356.0 701.0 355.0 716.0 346.0 715.0 347.0 700.0 Van 1
313.0 694.0 311.0 709.0 303.0 708.0 305.0 693.0 Van 1
200.0 667.0 195.0 681.0 188.0 678.0 193.0 665.0 Van 1
210.0 671.0 205.0 683.0 197.0 679.0 202.0 667.0 Van 1
460.0 764.0 452.0 765.0 449.0 750.0 457.0 748.0 Van 1
266.0 724.0 264.0 739.0 257.0 738.0 259.0 723.0 Van 1
236.0 716.0 235.0 726.0 228.0 726.0 229.0 716.0 Van 1
175.0 699.0 167.0 717.0 158.0 712.0 166.0 695.0 Van 1
331.0 653.0 328.0 667.0 323.0 666.0 326.0 652.0 Van 1
321.0 649.0 319.0 656.0 313.0 654.0 315.0 647.0 Van 1
311.0 648.0 305.0 663.0 299.0 660.0 304.0 646.0 Van 1
300.0 644.0 297.0 658.0 289.0 656.0 292.0 643.0 Van 1
290.0 641.0 285.0 656.0 278.0 654.0 283.0 639.0 Van 1
262.0 632.0 254.0 649.0 246.0 645.0 253.0 628.0 Van 1
248.0 630.0 245.0 644.0 235.0 641.0 239.0 627.0 Van 1
237.0 627.0 234.0 642.0 226.0 640.0 229.0 625.0 Van 1
209.0 616.0 203.0 631.0 197.0 628.0 204.0 614.0 Van 1
177.0 609.0 172.0 619.0 165.0 615.0 170.0 606.0 Van 1
124.0 589.0 116.0 600.0 109.0 595.0 118.0 584.0 Van 1
114.0 586.0 105.0 599.0 99.0 595.0 107.0 582.0 Van 1
94.0 578.0 85.0 589.0 79.0 585.0 87.0 573.0 Van 1
85.0 571.0 75.0 586.0 68.0 582.0 79.0 567.0 Van 1
75.0 567.0 66.0 579.0 60.0 574.0 69.0 563.0 Van 1
67.0 559.0 57.0 571.0 51.0 566.0 61.0 553.0 Van 1
59.0 554.0 47.0 567.0 42.0 561.0 54.0 549.0 Van 1
51.0 547.0 39.0 559.0 33.0 553.0 46.0 542.0 Van 1
113.0 531.0 101.0 544.0 95.0 539.0 107.0 525.0 Van 1
144.0 545.0 133.0 559.0 127.0 555.0 138.0 541.0 Van 1
155.0 549.0 144.0 565.0 137.0 560.0 148.0 544.0 Van 1
176.0 558.0 169.0 573.0 161.0 570.0 167.0 555.0 Van 1
186.0 561.0 179.0 575.0 172.0 572.0 179.0 558.0 Van 1
197.0 566.0 188.0 581.0 181.0 577.0 189.0 561.0 Van 1
217.0 572.0 211.0 588.0 203.0 584.0 209.0 569.0 Van 1
238.0 578.0 231.0 593.0 224.0 590.0 231.0 575.0 Van 1
248.0 583.0 240.0 596.0 233.0 592.0 241.0 579.0 Van 1
258.0 586.0 252.0 602.0 242.0 599.0 248.0 583.0 Van 1
269.0 589.0 264.0 603.0 256.0 600.0 261.0 586.0 Van 1
310.0 600.0 304.0 616.0 296.0 612.0 303.0 597.0 Van 1
322.0 602.0 315.0 618.0 306.0 614.0 312.0 598.0 Van 1
332.0 608.0 326.0 623.0 318.0 620.0 325.0 605.0 Van 1
343.0 610.0 335.0 625.0 328.0 621.0 336.0 607.0 Van 1
423.0 611.0 418.0 625.0 411.0 623.0 416.0 609.0 Van 1
447.0 614.0 438.0 631.0 431.0 628.0 439.0 611.0 Van 1
455.0 620.0 448.0 636.0 440.0 632.0 446.0 617.0 Van 1
426.0 632.0 420.0 648.0 413.0 645.0 419.0 629.0 Van 1
405.0 626.0 401.0 639.0 394.0 637.0 398.0 623.0 Van 1
277.0 573.0 271.0 586.0 265.0 583.0 271.0 570.0 Van 1
266.0 569.0 259.0 583.0 253.0 580.0 259.0 566.0 Van 1
246.0 564.0 240.0 578.0 232.0 575.0 237.0 560.0 Van 1
205.0 550.0 197.0 564.0 190.0 560.0 197.0 546.0 Van 1
197.0 544.0 187.0 559.0 181.0 555.0 190.0 540.0 Van 1
183.0 542.0 176.0 555.0 167.0 551.0 175.0 537.0 Van 1
173.0 540.0 166.0 551.0 159.0 547.0 167.0 535.0 Van 1
155.0 529.0 146.0 543.0 139.0 539.0 148.0 525.0 Van 1
143.0 525.0 134.0 536.0 129.0 531.0 138.0 520.0 Van 1
136.0 521.0 125.0 533.0 119.0 528.0 130.0 516.0 Van 1
126.0 515.0 115.0 527.0 108.0 522.0 120.0 510.0 Van 1
314.0 112.0 309.0 126.0 302.0 123.0 307.0 109.0 Van 1
307.0 137.0 302.0 154.0 295.0 152.0 300.0 135.0 Van 1
486.0 209.0 485.0 215.0 468.0 210.0 469.0 204.0 Van 1
483.0 226.0 481.0 233.0 459.0 228.0 461.0 221.0 Van 1
474.0 251.0 472.0 259.0 451.0 254.0 452.0 247.0 Van 1
458.0 289.0 456.0 296.0 436.0 291.0 438.0 284.0 Van 1
439.0 346.0 438.0 353.0 422.0 350.0 423.0 344.0 Van 1
437.0 355.0 435.0 362.0 415.0 356.0 417.0 350.0 Van 1
435.0 364.0 433.0 370.0 411.0 365.0 413.0 359.0 Van 1
429.0 383.0 428.0 389.0 407.0 382.0 408.0 377.0 Van 1
432.0 373.0 430.0 381.0 409.0 375.0 411.0 367.0 Van 1
428.0 392.0 426.0 398.0 404.0 393.0 405.0 387.0 Van 1
425.0 401.0 423.0 408.0 399.0 401.0 401.0 394.0 Van 1
415.0 419.0 414.0 425.0 397.0 419.0 398.0 414.0 Van 1
499.0 351.0 498.0 358.0 478.0 354.0 480.0 347.0 Van 1
489.0 378.0 487.0 386.0 466.0 381.0 468.0 373.0 Van 1
156.0 428.0 153.0 436.0 133.0 428.0 136.0 420.0 Van 1
613.0 586.0 610.0 593.0 589.0 584.0 592.0 577.0 Van 1
670.0 607.0 663.0 624.0 655.0 620.0 662.0 604.0 Van 1
738.0 399.0 733.0 423.0 724.0 422.0 729.0 397.0 Van 1
770.0 339.0 766.0 356.0 757.0 354.0 761.0 337.0 Van 1
789.0 219.0 781.0 219.0 781.0 205.0 789.0 205.0 Van 1
778.0 84.0 777.0 102.0 769.0 102.0 769.0 83.0 Van 1
987.0 501.0 986.0 507.0 965.0 502.0 966.0 496.0 Van 1
960.0 592.0 959.0 597.0 940.0 593.0 941.0 588.0 Van 1
959.0 599.0 958.0 606.0 937.0 604.0 938.0 597.0 Van 1
955.0 608.0 954.0 613.0 936.0 610.0 937.0 605.0 Van 1
951.0 637.0 949.0 643.0 931.0 639.0 932.0 633.0 Van 1
982.0 655.0 981.0 670.0 972.0 670.0 973.0 655.0 Van 1
1000.0 668.0 995.0 668.0 995.0 657.0 1000.0 657.0 Van 1
1000.0 624.0 984.0 620.0 986.0 615.0 1000.0 617.0 Van 1
915.0 873.0 913.0 878.0 899.0 872.0 901.0 867.0 Van 1
903.0 890.0 901.0 895.0 881.0 885.0 883.0 880.0 Van 1
894.0 904.0 892.0 910.0 873.0 903.0 875.0 897.0 Van 1
889.0 914.0 886.0 920.0 868.0 911.0 871.0 906.0 Van 1
880.0 930.0 877.0 937.0 861.0 931.0 863.0 923.0 Van 1
871.0 947.0 868.0 955.0 849.0 948.0 852.0 940.0 Van 1
817.0 876.0 813.0 882.0 796.0 871.0 801.0 865.0 Van 1
793.0 861.0 789.0 868.0 776.0 862.0 780.0 854.0 Van 1
572.0 391.0 571.0 398.0 553.0 396.0 554.0 389.0 Van 1
583.0 348.0 582.0 355.0 563.0 351.0 564.0 345.0 Van 1
590.0 338.0 589.0 345.0 567.0 341.0 568.0 334.0 Van 1
545.0 190.0 544.0 199.0 525.0 198.0 525.0 189.0 Van 1
546.0 178.0 528.0 179.0 528.0 171.0 546.0 171.0 Van 1
395.0 757.0 386.0 758.0 385.0 743.0 394.0 742.0 Van 1
