465.0 961.0 462.0 968.0 447.0 962.0 449.0 955.0 Van 1
243.0 980.0 240.0 986.0 222.0 978.0 225.0 971.0 Van 1
290.0 915.0 287.0 922.0 268.0 914.0 271.0 908.0 Van 1
97.0 891.0 95.0 897.0 81.0 891.0 84.0 885.0 Van 1
60.0 863.0 56.0 869.0 43.0 862.0 46.0 855.0 Van 1
49.0 627.0 46.0 633.0 30.0 627.0 33.0 621.0 Van 1
55.0 621.0 53.0 627.0 38.0 620.0 40.0 615.0 Van 1
39.0 605.0 36.0 610.0 21.0 604.0 23.0 599.0 Van 1
805.0 468.0 787.0 473.0 786.0 466.0 802.0 461.0 Van 1
934.0 601.0 922.0 615.0 916.0 610.0 928.0 595.0 Van 1
968.0 616.0 963.0 629.0 956.0 626.0 962.0 613.0 Van 1
883.0 573.0 875.0 585.0 870.0 582.0 877.0 569.0 Van 1
