64.0 260.0 53.0 260.0 52.0 242.0 63.0 241.0 Van 1
50.0 123.0 32.0 122.0 32.0 114.0 50.0 114.0 Van 1
43.0 137.0 22.0 137.0 22.0 128.0 43.0 128.0 Van 1
778.0 579.0 760.0 589.0 756.0 582.0 775.0 573.0 Van 1
389.0 271.0 378.0 272.0 376.0 256.0 386.0 255.0 Van 1
420.0 80.0 412.0 80.0 412.0 64.0 420.0 64.0 Van 1
752.0 467.0 729.0 467.0 729.0 460.0 752.0 460.0 Van 1
127.0 249.0 109.0 249.0 109.0 242.0 127.0 241.0 Van 1
50.0 244.0 27.0 244.0 27.0 235.0 50.0 235.0 Van 1
63.0 221.0 55.0 221.0 54.0 205.0 62.0 204.0 Van 1
96.0 206.0 87.0 206.0 86.0 186.0 96.0 186.0 Van 1
558.0 478.0 557.0 494.0 548.0 493.0 550.0 477.0 Van 1
139.0 54.0 120.0 55.0 120.0 48.0 139.0 47.0 Van 1
98.0 111.0 86.0 111.0 85.0 92.0 97.0 92.0 Van 1
