511.0 173.0 508.0 178.0 493.0 168.0 496.0 163.0 Van 1
520.0 166.0 516.0 172.0 499.0 161.0 503.0 155.0 Van 1
533.0 152.0 529.0 157.0 514.0 147.0 518.0 142.0 Van 1
547.0 136.0 543.0 142.0 527.0 132.0 531.0 126.0 Van 1
553.0 128.0 549.0 134.0 534.0 124.0 538.0 119.0 Van 1
559.0 121.0 555.0 126.0 541.0 117.0 544.0 111.0 Van 1
633.0 146.0 621.0 159.0 616.0 155.0 628.0 142.0 Van 1
641.0 152.0 630.0 164.0 625.0 160.0 636.0 148.0 Van 1
650.0 156.0 637.0 169.0 632.0 164.0 645.0 152.0 Van 1
659.0 163.0 649.0 175.0 644.0 171.0 655.0 159.0 Van 1
733.0 206.0 722.0 218.0 717.0 213.0 728.0 201.0 Van 1
711.0 215.0 701.0 226.0 696.0 221.0 706.0 210.0 Van 1
700.0 208.0 690.0 221.0 686.0 218.0 696.0 205.0 Van 1
691.0 204.0 681.0 216.0 676.0 211.0 687.0 200.0 Van 1
682.0 199.0 673.0 209.0 668.0 205.0 677.0 194.0 Van 1
654.0 183.0 643.0 196.0 638.0 191.0 649.0 179.0 Van 1
602.0 151.0 590.0 163.0 585.0 158.0 597.0 146.0 Van 1
579.0 192.0 569.0 204.0 564.0 199.0 574.0 187.0 Van 1
587.0 199.0 577.0 211.0 571.0 206.0 581.0 194.0 Van 1
596.0 204.0 585.0 216.0 580.0 212.0 591.0 200.0 Van 1
604.0 208.0 594.0 220.0 588.0 215.0 598.0 203.0 Van 1
573.0 214.0 565.0 225.0 559.0 221.0 567.0 210.0 Van 1
653.0 232.0 644.0 243.0 639.0 239.0 648.0 228.0 Van 1
514.0 233.0 505.0 246.0 499.0 242.0 509.0 229.0 Van 1
535.0 243.0 525.0 255.0 520.0 250.0 530.0 238.0 Van 1
551.0 256.0 542.0 268.0 536.0 263.0 546.0 251.0 Van 1
561.0 260.0 552.0 274.0 546.0 270.0 555.0 256.0 Van 1
573.0 262.0 564.0 273.0 559.0 269.0 567.0 258.0 Van 1
588.0 274.0 579.0 287.0 572.0 282.0 582.0 269.0 Van 1
598.0 282.0 588.0 294.0 582.0 290.0 591.0 277.0 Van 1
615.0 293.0 605.0 305.0 600.0 300.0 609.0 289.0 Van 1
708.0 346.0 698.0 359.0 692.0 355.0 701.0 342.0 Van 1
727.0 279.0 710.0 300.0 703.0 294.0 719.0 274.0 Van 1
750.0 300.0 736.0 315.0 730.0 309.0 744.0 294.0 Van 1
775.0 333.0 765.0 345.0 759.0 340.0 769.0 328.0 Van 1
771.0 228.0 760.0 241.0 754.0 236.0 765.0 223.0 Van 1
775.0 253.0 764.0 266.0 758.0 261.0 769.0 248.0 Van 1
783.0 259.0 774.0 269.0 769.0 264.0 778.0 254.0 Van 1
778.0 234.0 768.0 246.0 763.0 242.0 773.0 230.0 Van 1
797.0 242.0 787.0 254.0 781.0 249.0 791.0 236.0 Van 1
