18.0 858.0 0.0 859.0 0.0 851.0 17.0 849.0 Van 1
19.0 754.0 0.0 758.0 0.0 750.0 18.0 748.0 Van 1
2.0 768.0 0.0 759.0 17.0 754.0 20.0 763.0 Van 1
41.0 815.0 14.0 820.0 13.0 813.0 40.0 808.0 Van 1
22.0 670.0 12.0 671.0 11.0 651.0 21.0 651.0 Van 1
67.0 715.0 46.0 720.0 44.0 712.0 65.0 707.0 Van 1
86.0 765.0 64.0 768.0 63.0 759.0 85.0 755.0 Van 1
833.0 144.0 823.0 149.0 811.0 127.0 821.0 121.0 Van 1
927.0 536.0 919.0 536.0 918.0 519.0 926.0 518.0 Van 1
951.0 646.0 942.0 647.0 940.0 630.0 949.0 629.0 Van 1
