39.0 661.0 23.0 669.0 20.0 663.0 36.0 655.0 Van 1
377.0 468.0 356.0 479.0 352.0 472.0 373.0 460.0 Van 1
42.0 507.0 26.0 516.0 22.0 509.0 39.0 500.0 Van 1
21.0 577.0 15.0 581.0 6.0 568.0 12.0 564.0 Van 1
31.0 573.0 24.0 578.0 16.0 563.0 23.0 559.0 Van 1
98.0 545.0 92.0 549.0 83.0 536.0 89.0 532.0 Van 1
140.0 527.0 134.0 531.0 124.0 518.0 130.0 514.0 Van 1
159.0 519.0 153.0 523.0 144.0 508.0 150.0 504.0 Van 1
167.0 512.0 161.0 516.0 152.0 504.0 158.0 500.0 Van 1
180.0 512.0 173.0 516.0 162.0 499.0 169.0 495.0 Van 1
247.0 478.0 241.0 482.0 232.0 469.0 238.0 465.0 Van 1
259.0 477.0 252.0 481.0 243.0 466.0 250.0 462.0 Van 1
267.0 472.0 262.0 475.0 253.0 462.0 259.0 458.0 Van 1
277.0 467.0 271.0 471.0 262.0 457.0 268.0 453.0 Van 1
288.0 464.0 281.0 467.0 273.0 453.0 279.0 449.0 Van 1
347.0 437.0 340.0 441.0 332.0 427.0 338.0 422.0 Van 1
387.0 421.0 380.0 424.0 372.0 409.0 379.0 406.0 Van 1
236.0 438.0 230.0 442.0 222.0 429.0 228.0 425.0 Van 1
246.0 433.0 238.0 438.0 230.0 424.0 238.0 419.0 Van 1
257.0 404.0 250.0 408.0 240.0 394.0 246.0 390.0 Van 1
274.0 393.0 268.0 397.0 260.0 384.0 266.0 380.0 Van 1
285.0 391.0 278.0 395.0 269.0 381.0 276.0 377.0 Van 1
294.0 386.0 288.0 389.0 282.0 377.0 288.0 374.0 Van 1
356.0 363.0 350.0 367.0 340.0 352.0 347.0 348.0 Van 1
460.0 388.0 454.0 391.0 447.0 379.0 452.0 375.0 Van 1
480.0 379.0 474.0 383.0 465.0 369.0 472.0 365.0 Van 1
501.0 371.0 494.0 375.0 485.0 359.0 492.0 355.0 Van 1
511.0 367.0 504.0 371.0 495.0 356.0 501.0 352.0 Van 1
560.0 344.0 554.0 348.0 545.0 333.0 551.0 330.0 Van 1
590.0 333.0 583.0 337.0 575.0 322.0 582.0 318.0 Van 1
600.0 329.0 593.0 333.0 584.0 318.0 590.0 314.0 Van 1
44.0 352.0 38.0 356.0 28.0 343.0 34.0 338.0 Van 1
54.0 347.0 48.0 352.0 39.0 340.0 45.0 335.0 Van 1
64.0 342.0 57.0 347.0 47.0 334.0 54.0 329.0 Van 1
80.0 332.0 73.0 336.0 64.0 322.0 70.0 318.0 Van 1
129.0 306.0 122.0 312.0 111.0 298.0 118.0 292.0 Van 1
145.0 296.0 140.0 300.0 130.0 287.0 136.0 282.0 Van 1
167.0 288.0 160.0 293.0 150.0 279.0 156.0 274.0 Van 1
212.0 263.0 205.0 267.0 195.0 253.0 202.0 248.0 Van 1
220.0 256.0 213.0 260.0 204.0 247.0 211.0 242.0 Van 1
232.0 253.0 225.0 257.0 215.0 243.0 222.0 238.0 Van 1
263.0 239.0 256.0 244.0 243.0 228.0 250.0 223.0 Van 1
271.0 232.0 265.0 237.0 254.0 224.0 260.0 219.0 Van 1
247.0 273.0 236.0 285.0 232.0 280.0 243.0 269.0 Van 1
272.0 258.0 270.0 273.0 262.0 272.0 264.0 257.0 Van 1
284.0 256.0 283.0 272.0 274.0 271.0 275.0 255.0 Van 1
307.0 245.0 306.0 267.0 297.0 267.0 297.0 245.0 Van 1
318.0 245.0 316.0 259.0 308.0 258.0 310.0 244.0 Van 1
331.0 202.0 325.0 206.0 316.0 193.0 322.0 189.0 Van 1
342.0 196.0 336.0 201.0 325.0 187.0 331.0 182.0 Van 1
372.0 183.0 366.0 188.0 355.0 174.0 361.0 169.0 Van 1
402.0 167.0 395.0 173.0 384.0 159.0 390.0 154.0 Van 1
420.0 158.0 413.0 163.0 403.0 149.0 409.0 144.0 Van 1
439.0 149.0 433.0 153.0 422.0 139.0 427.0 135.0 Van 1
450.0 143.0 443.0 148.0 432.0 134.0 438.0 129.0 Van 1
471.0 131.0 465.0 136.0 455.0 123.0 461.0 118.0 Van 1
490.0 121.0 484.0 126.0 473.0 112.0 479.0 107.0 Van 1
499.0 116.0 494.0 120.0 482.0 108.0 488.0 103.0 Van 1
531.0 97.0 524.0 102.0 513.0 89.0 519.0 83.0 Van 1
548.0 88.0 542.0 93.0 531.0 78.0 537.0 73.0 Van 1
586.0 69.0 579.0 74.0 570.0 60.0 576.0 56.0 Van 1
392.0 222.0 385.0 226.0 377.0 214.0 384.0 209.0 Van 1
403.0 218.0 396.0 222.0 388.0 208.0 395.0 204.0 Van 1
411.0 212.0 405.0 216.0 396.0 203.0 402.0 199.0 Van 1
430.0 203.0 424.0 208.0 413.0 194.0 420.0 189.0 Van 1
440.0 199.0 434.0 203.0 426.0 188.0 432.0 185.0 Van 1
472.0 189.0 466.0 192.0 459.0 180.0 465.0 176.0 Van 1
492.0 178.0 486.0 182.0 477.0 169.0 483.0 165.0 Van 1
513.0 168.0 506.0 172.0 497.0 157.0 504.0 153.0 Van 1
598.0 171.0 583.0 181.0 579.0 174.0 594.0 165.0 Van 1
