41.0 56.0 32.0 58.0 28.0 43.0 37.0 40.0 Van 1
565.0 179.0 544.0 179.0 544.0 173.0 565.0 172.0 Van 1
455.0 181.0 445.0 181.0 445.0 176.0 454.0 176.0 Van 1
477.0 220.0 468.0 221.0 467.0 205.0 476.0 204.0 Van 1
499.0 220.0 488.0 220.0 487.0 209.0 498.0 208.0 Van 1
420.0 527.0 399.0 527.0 399.0 520.0 420.0 520.0 Van 1
481.0 723.0 463.0 724.0 463.0 716.0 481.0 715.0 Van 1
538.0 778.0 522.0 779.0 521.0 772.0 538.0 772.0 Van 1
124.0 167.0 102.0 169.0 101.0 162.0 123.0 160.0 Van 1
155.0 161.0 154.0 169.0 130.0 167.0 130.0 159.0 Van 1
