458.0 46.0 444.0 59.0 438.0 52.0 452.0 39.0 Van 1
576.0 114.0 566.0 128.0 559.0 123.0 569.0 109.0 Van 1
532.0 147.0 520.0 158.0 514.0 152.0 526.0 141.0 Van 1
561.0 161.0 548.0 175.0 542.0 169.0 555.0 156.0 Van 1
569.0 165.0 557.0 176.0 553.0 171.0 565.0 160.0 Van 1
606.0 183.0 595.0 196.0 590.0 192.0 600.0 178.0 Van 1
658.0 98.0 647.0 113.0 640.0 108.0 651.0 93.0 Van 1
781.0 64.0 777.0 71.0 763.0 62.0 766.0 56.0 Van 1
798.0 41.0 793.0 49.0 778.0 40.0 783.0 32.0 Van 1
49.0 174.0 44.0 181.0 29.0 169.0 34.0 163.0 Van 1
99.0 193.0 95.0 198.0 80.0 188.0 84.0 182.0 Van 1
137.0 222.0 133.0 227.0 119.0 218.0 123.0 212.0 Van 1
173.0 252.0 169.0 257.0 153.0 245.0 157.0 239.0 Van 1
190.0 264.0 186.0 269.0 172.0 260.0 176.0 254.0 Van 1
227.0 294.0 222.0 299.0 208.0 286.0 212.0 281.0 Van 1
189.0 365.0 183.0 371.0 172.0 360.0 178.0 355.0 Van 1
351.0 390.0 347.0 396.0 333.0 387.0 338.0 381.0 Van 1
388.0 420.0 384.0 426.0 369.0 416.0 373.0 409.0 Van 1
409.0 434.0 405.0 440.0 388.0 430.0 393.0 423.0 Van 1
337.0 476.0 332.0 481.0 320.0 470.0 325.0 465.0 Van 1
479.0 491.0 475.0 497.0 460.0 486.0 465.0 480.0 Van 1
537.0 535.0 531.0 543.0 513.0 531.0 519.0 523.0 Van 1
458.0 56.0 451.0 63.0 447.0 59.0 453.0 52.0 Van 1
587.0 574.0 583.0 580.0 566.0 569.0 570.0 562.0 Van 1
5.0 120.0 2.0 124.0 0.0 122.0 0.0 115.0 Van 1
29.0 136.0 25.0 141.0 18.0 135.0 23.0 130.0 Van 1
44.0 148.0 38.0 154.0 28.0 145.0 34.0 138.0 Van 1
