120.0 45.0 97.0 45.0 98.0 37.0 120.0 38.0 Van 1
14.0 486.0 13.0 503.0 3.0 503.0 5.0 486.0 Van 1
12.0 510.0 11.0 528.0 3.0 527.0 4.0 510.0 Van 1
29.0 559.0 18.0 559.0 18.0 541.0 28.0 541.0 Van 1
105.0 305.0 82.0 306.0 82.0 300.0 104.0 299.0 Van 1
128.0 301.0 103.0 302.0 103.0 293.0 128.0 292.0 Van 1
435.0 215.0 427.0 216.0 426.0 200.0 434.0 200.0 Van 1
404.0 203.0 394.0 204.0 394.0 187.0 404.0 187.0 Van 1
125.0 289.0 103.0 290.0 103.0 281.0 125.0 281.0 Van 1
433.0 494.0 420.0 494.0 420.0 472.0 433.0 472.0 Van 1
686.0 70.0 664.0 70.0 664.0 62.0 686.0 62.0 Van 1
777.0 51.0 750.0 52.0 750.0 44.0 776.0 44.0 Van 1
747.0 234.0 726.0 236.0 725.0 230.0 746.0 228.0 Van 1
