44.0 428.0 41.0 434.0 24.0 424.0 27.0 418.0 Van 1
75.0 23.0 67.0 23.0 67.0 7.0 75.0 7.0 Van 1
42.0 72.0 36.0 76.0 25.0 63.0 31.0 59.0 Van 1
139.0 50.0 129.0 63.0 124.0 59.0 134.0 46.0 Van 1
244.0 52.0 241.0 58.0 225.0 50.0 228.0 44.0 Van 1
330.0 92.0 326.0 98.0 311.0 89.0 314.0 83.0 Van 1
77.0 184.0 72.0 189.0 59.0 176.0 64.0 172.0 Van 1
286.0 332.0 280.0 337.0 271.0 326.0 277.0 321.0 Van 1
481.0 585.0 455.0 585.0 455.0 578.0 481.0 578.0 Van 1
460.0 329.0 446.0 329.0 446.0 323.0 460.0 323.0 Van 1
400.0 200.0 399.0 214.0 392.0 214.0 392.0 200.0 Van 1
506.0 20.0 505.0 25.0 488.0 23.0 489.0 18.0 Van 1
507.0 10.0 506.0 16.0 491.0 15.0 491.0 9.0 Van 1
568.0 51.0 565.0 55.0 554.0 47.0 558.0 42.0 Van 1
719.0 451.0 701.0 452.0 701.0 445.0 719.0 445.0 Van 1
762.0 554.0 755.0 554.0 754.0 538.0 761.0 538.0 Van 1
