448.0 544.0 437.0 543.0 437.0 527.0 448.0 527.0 Van 1
480.0 775.0 473.0 783.0 458.0 769.0 465.0 761.0 Van 1
404.0 648.0 399.0 655.0 382.0 643.0 388.0 636.0 Van 1
386.0 634.0 382.0 640.0 365.0 629.0 369.0 623.0 Van 1
340.0 664.0 334.0 671.0 316.0 657.0 322.0 649.0 Van 1
351.0 676.0 345.0 683.0 330.0 671.0 336.0 664.0 Van 1
332.0 528.0 331.0 544.0 320.0 544.0 321.0 527.0 Van 1
333.0 510.0 332.0 528.0 322.0 527.0 323.0 509.0 Van 1
485.0 364.0 474.0 380.0 467.0 374.0 478.0 359.0 Van 1
363.0 403.0 354.0 404.0 352.0 387.0 362.0 387.0 Van 1
316.0 408.0 307.0 409.0 305.0 390.0 315.0 389.0 Van 1
249.0 251.0 246.0 266.0 237.0 264.0 241.0 249.0 Van 1
381.0 60.0 372.0 60.0 371.0 43.0 381.0 43.0 Van 1
576.0 408.0 575.0 424.0 565.0 424.0 566.0 407.0 Van 1
583.0 252.0 571.0 251.0 571.0 234.0 583.0 234.0 Van 1
