762.0 340.0 754.0 341.0 751.0 328.0 759.0 327.0 Van 1
796.0 201.0 780.0 203.0 779.0 196.0 795.0 195.0 Van 1
763.0 237.0 747.0 239.0 744.0 231.0 761.0 228.0 Van 1
735.0 239.0 722.0 241.0 721.0 234.0 734.0 232.0 Van 1
689.0 246.0 675.0 247.0 674.0 240.0 689.0 239.0 Van 1
669.0 248.0 653.0 250.0 652.0 243.0 668.0 241.0 Van 1
701.0 213.0 684.0 215.0 684.0 208.0 699.0 206.0 Van 1
638.0 222.0 618.0 224.0 618.0 216.0 637.0 214.0 Van 1
570.0 114.0 558.0 126.0 553.0 120.0 565.0 108.0 Van 1
565.0 81.0 553.0 91.0 548.0 85.0 560.0 76.0 Van 1
559.0 22.0 548.0 31.0 543.0 25.0 555.0 17.0 Van 1
499.0 53.0 491.0 53.0 490.0 40.0 498.0 39.0 Van 1
409.0 12.0 395.0 23.0 390.0 16.0 405.0 5.0 Van 1
410.0 23.0 396.0 34.0 391.0 28.0 405.0 17.0 Van 1
411.0 35.0 397.0 46.0 392.0 39.0 406.0 29.0 Van 1
415.0 58.0 401.0 71.0 395.0 65.0 409.0 51.0 Van 1
424.0 147.0 410.0 159.0 405.0 153.0 419.0 141.0 Van 1
424.0 172.0 413.0 183.0 408.0 178.0 419.0 167.0 Van 1
427.0 184.0 412.0 197.0 407.0 191.0 421.0 178.0 Van 1
716.0 587.0 698.0 588.0 697.0 581.0 714.0 579.0 Van 1
718.0 552.0 698.0 554.0 697.0 546.0 716.0 543.0 Van 1
583.0 558.0 578.0 565.0 561.0 553.0 567.0 546.0 Van 1
9.0 261.0 0.0 262.0 0.0 243.0 7.0 243.0 Van 1
263.0 307.0 248.0 310.0 247.0 303.0 263.0 300.0 Van 1
302.0 272.0 280.0 275.0 278.0 267.0 301.0 264.0 Van 1
374.0 294.0 353.0 296.0 353.0 288.0 373.0 287.0 Van 1
