234.0 49.0 214.0 50.0 214.0 43.0 234.0 42.0 Van 1
781.0 499.0 773.0 499.0 773.0 487.0 781.0 487.0 Van 1
307.0 524.0 285.0 525.0 285.0 518.0 307.0 518.0 Van 1
461.0 590.0 460.0 596.0 446.0 595.0 446.0 590.0 Van 1
704.0 274.0 703.0 292.0 695.0 292.0 695.0 273.0 Van 1
553.0 59.0 532.0 58.0 532.0 49.0 553.0 50.0 Van 1
458.0 47.0 457.0 55.0 440.0 55.0 440.0 47.0 Van 1
255.0 32.0 248.0 32.0 248.0 13.0 255.0 13.0 Van 1
253.0 170.0 252.0 192.0 243.0 192.0 244.0 169.0 Van 1
325.0 177.0 308.0 178.0 308.0 170.0 324.0 170.0 Van 1
630.0 306.0 602.0 307.0 601.0 297.0 629.0 296.0 Van 1
549.0 337.0 530.0 338.0 530.0 329.0 549.0 329.0 Van 1
372.0 509.0 354.0 509.0 354.0 501.0 372.0 501.0 Van 1
98.0 280.0 89.0 279.0 89.0 262.0 98.0 263.0 Van 1
85.0 279.0 76.0 278.0 76.0 260.0 85.0 260.0 Van 1
112.0 329.0 93.0 329.0 93.0 321.0 112.0 321.0 Van 1
794.0 498.0 787.0 498.0 786.0 482.0 793.0 481.0 Van 1
692.0 513.0 691.0 529.0 684.0 529.0 684.0 513.0 Van 1
432.0 493.0 424.0 493.0 423.0 476.0 432.0 475.0 Van 1
430.0 552.0 423.0 552.0 423.0 536.0 430.0 536.0 Van 1
430.0 571.0 422.0 571.0 422.0 555.0 430.0 555.0 Van 1
361.0 580.0 340.0 580.0 340.0 569.0 361.0 570.0 Van 1
