438.0 402.0 429.0 402.0 430.0 387.0 438.0 387.0 Van 1
999.0 240.0 998.0 248.0 975.0 247.0 975.0 240.0 Van 1
955.0 318.0 945.0 318.0 946.0 300.0 955.0 300.0 Van 1
35.0 339.0 14.0 339.0 15.0 331.0 35.0 331.0 Van 1
35.0 348.0 15.0 348.0 15.0 339.0 35.0 340.0 Van 1
42.0 385.0 20.0 385.0 20.0 377.0 42.0 377.0 Van 1
96.0 356.0 77.0 357.0 77.0 349.0 96.0 349.0 Van 1
96.0 374.0 73.0 375.0 73.0 368.0 96.0 367.0 Van 1
99.0 385.0 72.0 384.0 72.0 376.0 99.0 377.0 Van 1
93.0 394.0 73.0 394.0 73.0 387.0 93.0 387.0 Van 1
97.0 440.0 76.0 440.0 76.0 432.0 97.0 432.0 Van 1
97.0 449.0 73.0 450.0 73.0 442.0 97.0 442.0 Van 1
165.0 390.0 142.0 391.0 142.0 383.0 165.0 383.0 Van 1
163.0 412.0 141.0 413.0 141.0 405.0 163.0 404.0 Van 1
163.0 423.0 162.0 432.0 141.0 432.0 141.0 423.0 Van 1
164.0 460.0 138.0 460.0 139.0 452.0 164.0 453.0 Van 1
162.0 469.0 138.0 469.0 138.0 461.0 162.0 461.0 Van 1
161.0 480.0 140.0 479.0 141.0 471.0 161.0 472.0 Van 1
161.0 481.0 160.0 489.0 139.0 489.0 139.0 481.0 Van 1
716.0 572.0 707.0 573.0 707.0 556.0 716.0 556.0 Van 1
631.0 601.0 609.0 601.0 609.0 594.0 631.0 594.0 Van 1
489.0 698.0 479.0 698.0 479.0 680.0 489.0 680.0 Van 1
552.0 697.0 543.0 697.0 543.0 684.0 551.0 683.0 Van 1
576.0 694.0 567.0 695.0 566.0 683.0 576.0 682.0 Van 1
600.0 682.0 599.0 699.0 589.0 698.0 589.0 682.0 Van 1
606.0 639.0 605.0 656.0 597.0 656.0 597.0 639.0 Van 1
568.0 658.0 558.0 658.0 558.0 639.0 568.0 639.0 Van 1
557.0 635.0 546.0 636.0 545.0 618.0 555.0 618.0 Van 1
544.0 653.0 535.0 653.0 535.0 637.0 544.0 637.0 Van 1
520.0 639.0 510.0 639.0 510.0 621.0 520.0 621.0 Van 1
458.0 619.0 457.0 636.0 448.0 635.0 449.0 618.0 Van 1
405.0 588.0 396.0 588.0 396.0 572.0 405.0 572.0 Van 1
181.0 570.0 172.0 570.0 172.0 551.0 181.0 551.0 Van 1
465.0 937.0 443.0 938.0 442.0 929.0 464.0 928.0 Van 1
547.0 33.0 538.0 33.0 539.0 19.0 547.0 20.0 Van 1
