32.0 32.0 23.0 36.0 16.0 18.0 25.0 14.0 Van 1
154.0 41.0 136.0 47.0 133.0 39.0 151.0 33.0 Van 1
116.0 77.0 112.0 95.0 103.0 93.0 106.0 75.0 Van 1
82.0 253.0 72.0 256.0 66.0 232.0 76.0 230.0 Van 1
175.0 229.0 154.0 235.0 151.0 227.0 172.0 221.0 Van 1
98.0 330.0 88.0 332.0 85.0 311.0 95.0 309.0 Van 1
56.0 429.0 35.0 432.0 34.0 424.0 55.0 421.0 Van 1
60.0 477.0 40.0 478.0 40.0 471.0 60.0 469.0 Van 1
69.0 540.0 46.0 541.0 46.0 532.0 68.0 531.0 Van 1
67.0 549.0 49.0 550.0 49.0 543.0 67.0 542.0 Van 1
41.0 579.0 32.0 583.0 25.0 567.0 34.0 563.0 Van 1
129.0 527.0 117.0 530.0 112.0 509.0 124.0 506.0 Van 1
425.0 288.0 404.0 295.0 400.0 285.0 422.0 278.0 Van 1
620.0 225.0 598.0 233.0 594.0 223.0 616.0 214.0 Van 1
723.0 189.0 704.0 197.0 700.0 187.0 719.0 179.0 Van 1
403.0 520.0 395.0 522.0 389.0 504.0 397.0 502.0 Van 1
