787.0 150.0 778.0 152.0 774.0 136.0 783.0 134.0 Van 1
775.0 218.0 767.0 220.0 763.0 202.0 770.0 200.0 Van 1
666.0 208.0 647.0 211.0 645.0 204.0 665.0 201.0 Van 1
633.0 241.0 626.0 243.0 621.0 227.0 629.0 225.0 Van 1
620.0 244.0 613.0 246.0 607.0 230.0 615.0 227.0 Van 1
533.0 245.0 526.0 247.0 523.0 231.0 530.0 229.0 Van 1
326.0 368.0 305.0 369.0 304.0 362.0 325.0 361.0 Van 1
322.0 335.0 298.0 335.0 298.0 326.0 322.0 325.0 Van 1
226.0 296.0 217.0 299.0 210.0 280.0 219.0 276.0 Van 1
42.0 273.0 18.0 276.0 17.0 269.0 41.0 266.0 Van 1
57.0 223.0 49.0 224.0 46.0 207.0 53.0 206.0 Van 1
360.0 139.0 336.0 138.0 336.0 132.0 360.0 132.0 Van 1
356.0 126.0 334.0 128.0 333.0 121.0 355.0 118.0 Van 1
320.0 17.0 301.0 18.0 300.0 12.0 319.0 10.0 Van 1
