67.0 203.0 60.0 206.0 53.0 190.0 60.0 187.0 Van 1
76.0 198.0 69.0 201.0 63.0 185.0 70.0 182.0 Van 1
152.0 177.0 144.0 180.0 136.0 163.0 143.0 160.0 Van 1
161.0 172.0 154.0 176.0 146.0 160.0 153.0 156.0 Van 1
250.0 280.0 233.0 286.0 230.0 279.0 247.0 273.0 Van 1
259.0 298.0 242.0 303.0 240.0 296.0 256.0 290.0 Van 1
260.0 307.0 244.0 313.0 242.0 306.0 258.0 300.0 Van 1
285.0 358.0 267.0 364.0 265.0 357.0 283.0 351.0 Van 1
288.0 367.0 273.0 371.0 271.0 365.0 286.0 360.0 Van 1
172.0 256.0 155.0 262.0 153.0 255.0 169.0 249.0 Van 1
180.0 273.0 161.0 281.0 157.0 272.0 177.0 265.0 Van 1
194.0 308.0 177.0 314.0 174.0 307.0 192.0 301.0 Van 1
200.0 317.0 181.0 323.0 179.0 314.0 197.0 309.0 Van 1
204.0 325.0 187.0 331.0 184.0 324.0 202.0 319.0 Van 1
209.0 333.0 195.0 338.0 193.0 332.0 207.0 327.0 Van 1
218.0 350.0 201.0 356.0 198.0 349.0 215.0 342.0 Van 1
241.0 413.0 224.0 418.0 222.0 411.0 239.0 406.0 Van 1
131.0 239.0 110.0 247.0 107.0 239.0 128.0 231.0 Van 1
135.0 247.0 120.0 252.0 118.0 245.0 133.0 240.0 Van 1
143.0 256.0 124.0 263.0 121.0 254.0 140.0 248.0 Van 1
154.0 280.0 137.0 287.0 134.0 280.0 152.0 274.0 Van 1
160.0 300.0 144.0 305.0 141.0 296.0 157.0 291.0 Van 1
175.0 333.0 157.0 340.0 154.0 333.0 172.0 326.0 Van 1
182.0 352.0 165.0 357.0 163.0 350.0 180.0 344.0 Van 1
187.0 361.0 169.0 367.0 167.0 359.0 185.0 353.0 Van 1
192.0 369.0 175.0 374.0 173.0 367.0 189.0 361.0 Van 1
197.0 376.0 180.0 382.0 178.0 374.0 195.0 369.0 Van 1
85.0 275.0 66.0 281.0 64.0 273.0 82.0 266.0 Van 1
95.0 301.0 77.0 307.0 74.0 298.0 93.0 293.0 Van 1
108.0 328.0 89.0 335.0 86.0 325.0 105.0 318.0 Van 1
20.0 318.0 11.0 322.0 5.0 304.0 13.0 301.0 Van 1
95.0 375.0 77.0 382.0 75.0 375.0 92.0 369.0 Van 1
101.0 384.0 84.0 391.0 81.0 384.0 98.0 377.0 Van 1
129.0 378.0 111.0 385.0 108.0 377.0 125.0 369.0 Van 1
179.0 493.0 171.0 497.0 164.0 480.0 172.0 477.0 Van 1
200.0 486.0 192.0 490.0 184.0 474.0 192.0 470.0 Van 1
209.0 483.0 201.0 487.0 194.0 469.0 202.0 466.0 Van 1
220.0 481.0 212.0 484.0 205.0 467.0 213.0 464.0 Van 1
231.0 476.0 224.0 480.0 217.0 465.0 224.0 461.0 Van 1
241.0 474.0 233.0 477.0 225.0 461.0 233.0 457.0 Van 1
251.0 472.0 243.0 475.0 236.0 456.0 244.0 453.0 Van 1
261.0 468.0 254.0 471.0 247.0 455.0 254.0 453.0 Van 1
290.0 453.0 282.0 457.0 276.0 443.0 284.0 440.0 Van 1
582.0 53.0 572.0 56.0 566.0 32.0 576.0 30.0 Van 1
598.0 130.0 588.0 132.0 585.0 111.0 595.0 109.0 Van 1
299.0 188.0 291.0 192.0 283.0 176.0 291.0 172.0 Van 1
340.0 178.0 333.0 182.0 326.0 166.0 333.0 163.0 Van 1
362.0 171.0 353.0 174.0 346.0 157.0 355.0 154.0 Van 1
381.0 164.0 373.0 168.0 366.0 152.0 374.0 148.0 Van 1
556.0 229.0 535.0 232.0 534.0 224.0 555.0 221.0 Van 1
320.0 239.0 312.0 243.0 305.0 227.0 313.0 223.0 Van 1
352.0 280.0 343.0 284.0 336.0 267.0 344.0 264.0 Van 1
362.0 277.0 354.0 281.0 347.0 262.0 354.0 259.0 Van 1
373.0 275.0 364.0 279.0 356.0 260.0 365.0 257.0 Van 1
425.0 260.0 417.0 264.0 409.0 247.0 418.0 243.0 Van 1
436.0 255.0 428.0 259.0 420.0 240.0 428.0 237.0 Van 1
478.0 271.0 470.0 274.0 464.0 257.0 472.0 254.0 Van 1
560.0 277.0 540.0 278.0 540.0 271.0 560.0 269.0 Van 1
569.0 340.0 546.0 341.0 546.0 332.0 568.0 331.0 Van 1
371.0 380.0 363.0 383.0 358.0 365.0 366.0 363.0 Van 1
477.0 347.0 469.0 351.0 462.0 335.0 470.0 332.0 Van 1
567.0 349.0 549.0 350.0 549.0 343.0 567.0 342.0 Van 1
541.0 379.0 532.0 383.0 525.0 367.0 534.0 363.0 Van 1
21.0 583.0 3.0 588.0 0.0 579.0 18.0 574.0 Van 1
77.0 563.0 61.0 570.0 58.0 562.0 74.0 556.0 Van 1
107.0 556.0 90.0 561.0 88.0 553.0 104.0 548.0 Van 1
130.0 549.0 116.0 554.0 113.0 546.0 128.0 541.0 Van 1
159.0 540.0 141.0 546.0 138.0 537.0 156.0 531.0 Van 1
268.0 505.0 249.0 511.0 247.0 503.0 266.0 497.0 Van 1
288.0 498.0 273.0 503.0 271.0 495.0 285.0 490.0 Van 1
334.0 485.0 313.0 492.0 310.0 484.0 331.0 476.0 Van 1
599.0 788.0 595.0 794.0 580.0 785.0 584.0 779.0 Van 1
