322.0 520.0 314.0 523.0 307.0 506.0 316.0 502.0 Van 1
288.0 420.0 279.0 424.0 273.0 407.0 282.0 403.0 Van 1
259.0 530.0 233.0 535.0 232.0 526.0 257.0 521.0 Van 1
171.0 532.0 167.0 538.0 153.0 529.0 158.0 523.0 Van 1
155.0 536.0 130.0 540.0 129.0 532.0 153.0 528.0 Van 1
211.0 494.0 188.0 497.0 187.0 490.0 210.0 487.0 Van 1
239.0 438.0 216.0 442.0 215.0 435.0 238.0 431.0 Van 1
106.0 333.0 97.0 337.0 89.0 319.0 98.0 315.0 Van 1
97.0 346.0 89.0 349.0 82.0 332.0 90.0 328.0 Van 1
336.0 163.0 327.0 165.0 322.0 148.0 331.0 146.0 Van 1
370.0 132.0 348.0 134.0 348.0 126.0 370.0 125.0 Van 1
355.0 82.0 333.0 87.0 332.0 79.0 353.0 75.0 Van 1
347.0 61.0 328.0 65.0 326.0 59.0 346.0 55.0 Van 1
336.0 29.0 314.0 30.0 313.0 23.0 335.0 21.0 Van 1
296.0 83.0 275.0 86.0 274.0 77.0 295.0 74.0 Van 1
275.0 33.0 254.0 36.0 253.0 29.0 274.0 26.0 Van 1
272.0 23.0 254.0 27.0 253.0 21.0 271.0 18.0 Van 1
270.0 15.0 246.0 17.0 246.0 10.0 269.0 8.0 Van 1
202.0 160.0 192.0 162.0 188.0 145.0 198.0 143.0 Van 1
