281.0 118.0 274.0 133.0 266.0 129.0 275.0 114.0 Van 1
212.0 367.0 205.0 383.0 197.0 379.0 204.0 363.0 Van 1
189.0 413.0 181.0 432.0 174.0 429.0 182.0 410.0 Van 1
99.0 475.0 92.0 490.0 83.0 487.0 90.0 471.0 Van 1
91.0 490.0 84.0 505.0 75.0 501.0 83.0 486.0 Van 1
564.0 47.0 559.0 62.0 549.0 58.0 554.0 44.0 Van 1
583.0 50.0 580.0 64.0 570.0 62.0 574.0 48.0 Van 1
598.0 375.0 591.0 394.0 581.0 390.0 589.0 372.0 Van 1
590.0 394.0 581.0 412.0 572.0 407.0 580.0 389.0 Van 1
292.0 709.0 285.0 716.0 266.0 700.0 274.0 693.0 Van 1
