297.0 563.0 287.0 564.0 286.0 547.0 296.0 546.0 Van 1
344.0 563.0 332.0 563.0 332.0 543.0 343.0 543.0 Van 1
412.0 561.0 403.0 561.0 403.0 546.0 412.0 547.0 Van 1
390.0 561.0 378.0 561.0 378.0 544.0 389.0 544.0 Van 1
281.0 518.0 280.0 526.0 257.0 525.0 257.0 518.0 Van 1
281.0 491.0 259.0 491.0 259.0 485.0 281.0 485.0 Van 1
341.0 502.0 340.0 518.0 332.0 517.0 333.0 502.0 Van 1
353.0 516.0 343.0 517.0 342.0 501.0 352.0 501.0 Van 1
376.0 519.0 366.0 519.0 366.0 501.0 376.0 502.0 Van 1
399.0 501.0 390.0 501.0 390.0 486.0 399.0 486.0 Van 1
386.0 500.0 377.0 501.0 377.0 484.0 386.0 484.0 Van 1
377.0 486.0 376.0 501.0 367.0 500.0 367.0 485.0 Van 1
364.0 499.0 355.0 499.0 356.0 484.0 364.0 485.0 Van 1
354.0 499.0 346.0 500.0 344.0 485.0 352.0 484.0 Van 1
343.0 483.0 342.0 499.0 332.0 499.0 333.0 483.0 Van 1
458.0 498.0 448.0 499.0 447.0 483.0 457.0 482.0 Van 1
472.0 502.0 471.0 519.0 460.0 518.0 461.0 501.0 Van 1
493.0 503.0 492.0 518.0 483.0 518.0 485.0 503.0 Van 1
541.0 519.0 532.0 520.0 531.0 502.0 540.0 502.0 Van 1
612.0 455.0 600.0 455.0 600.0 438.0 612.0 438.0 Van 1
494.0 456.0 483.0 456.0 483.0 439.0 494.0 439.0 Van 1
472.0 455.0 461.0 455.0 461.0 438.0 472.0 438.0 Van 1
423.0 454.0 414.0 454.0 413.0 438.0 422.0 437.0 Van 1
