608.0 204.0 601.0 208.0 591.0 191.0 598.0 187.0 Van 1
611.0 125.0 602.0 124.0 603.0 102.0 611.0 103.0 Van 1
779.0 185.0 771.0 185.0 771.0 168.0 779.0 168.0 Van 1
468.0 44.0 450.0 43.0 450.0 36.0 468.0 37.0 Van 1
309.0 72.0 308.0 84.0 301.0 84.0 302.0 72.0 Van 1
290.0 58.0 271.0 65.0 268.0 58.0 288.0 51.0 Van 1
553.0 286.0 545.0 286.0 545.0 270.0 553.0 270.0 Van 1
568.0 375.0 560.0 375.0 560.0 358.0 568.0 358.0 Van 1
451.0 445.0 443.0 445.0 443.0 429.0 451.0 430.0 Van 1
319.0 297.0 312.0 298.0 311.0 284.0 318.0 284.0 Van 1
262.0 294.0 255.0 293.0 255.0 281.0 262.0 281.0 Van 1
699.0 591.0 677.0 591.0 677.0 584.0 699.0 584.0 Van 1
64.0 110.0 57.0 122.0 51.0 118.0 58.0 107.0 Van 1
11.0 114.0 6.0 121.0 1.0 117.0 6.0 110.0 Van 1
30.0 85.0 25.0 89.0 15.0 77.0 21.0 72.0 Van 1
