117.0 224.0 107.0 224.0 107.0 207.0 117.0 207.0 Van 1
116.0 201.0 108.0 202.0 107.0 185.0 115.0 185.0 Van 1
800.0 395.0 782.0 395.0 782.0 389.0 800.0 389.0 Van 1
695.0 118.0 687.0 118.0 687.0 102.0 695.0 102.0 Van 1
663.0 68.0 655.0 68.0 654.0 52.0 662.0 52.0 Van 1
445.0 51.0 438.0 51.0 437.0 35.0 445.0 35.0 Van 1
476.0 20.0 455.0 20.0 455.0 14.0 476.0 14.0 Van 1
422.0 21.0 404.0 21.0 404.0 15.0 422.0 15.0 Van 1
354.0 23.0 336.0 23.0 336.0 17.0 354.0 17.0 Van 1
162.0 87.0 144.0 86.0 144.0 80.0 162.0 81.0 Van 1
709.0 189.0 708.0 195.0 689.0 194.0 690.0 188.0 Van 1
591.0 130.0 584.0 130.0 584.0 117.0 591.0 117.0 Van 1
416.0 136.0 396.0 136.0 396.0 130.0 416.0 129.0 Van 1
592.0 267.0 583.0 267.0 583.0 251.0 592.0 251.0 Van 1
411.0 369.0 402.0 369.0 400.0 353.0 409.0 352.0 Van 1
267.0 290.0 248.0 291.0 248.0 283.0 267.0 283.0 Van 1
283.0 324.0 272.0 336.0 267.0 331.0 278.0 319.0 Van 1
302.0 322.0 290.0 338.0 284.0 333.0 296.0 317.0 Van 1
310.0 435.0 292.0 435.0 292.0 428.0 310.0 428.0 Van 1
