70.0 175.0 61.0 175.0 60.0 161.0 70.0 161.0 Van 1
82.0 171.0 74.0 171.0 73.0 159.0 82.0 158.0 Van 1
94.0 170.0 85.0 170.0 84.0 156.0 93.0 156.0 Van 1
864.0 6.0 859.0 26.0 848.0 23.0 853.0 3.0 Van 1
698.0 31.0 690.0 31.0 690.0 18.0 698.0 18.0 Van 1
773.0 83.0 752.0 83.0 752.0 76.0 773.0 75.0 Van 1
700.0 191.0 699.0 220.0 687.0 220.0 687.0 191.0 Van 1
819.0 610.0 798.0 611.0 798.0 602.0 819.0 601.0 Van 1
857.0 686.0 850.0 691.0 839.0 674.0 847.0 670.0 Van 1
844.0 688.0 836.0 692.0 827.0 675.0 834.0 671.0 Van 1
965.0 985.0 943.0 986.0 943.0 978.0 964.0 977.0 Van 1
880.0 984.0 857.0 984.0 857.0 976.0 880.0 976.0 Van 1
59.0 771.0 48.0 771.0 47.0 754.0 58.0 753.0 Van 1
21.0 770.0 12.0 770.0 12.0 754.0 20.0 754.0 Van 1
21.0 748.0 12.0 749.0 12.0 733.0 20.0 733.0 Van 1
409.0 541.0 399.0 545.0 392.0 527.0 401.0 523.0 Van 1
356.0 550.0 347.0 553.0 342.0 539.0 350.0 536.0 Van 1
324.0 451.0 315.0 455.0 307.0 437.0 316.0 433.0 Van 1
312.0 456.0 303.0 460.0 295.0 440.0 304.0 436.0 Van 1
271.0 506.0 247.0 506.0 247.0 499.0 271.0 498.0 Van 1
233.0 415.0 222.0 414.0 222.0 408.0 233.0 408.0 Van 1
234.0 398.0 233.0 406.0 212.0 405.0 212.0 398.0 Van 1
241.0 279.0 225.0 284.0 222.0 273.0 238.0 268.0 Van 1
57.0 584.0 48.0 585.0 48.0 569.0 56.0 569.0 Van 1
23.0 407.0 11.0 407.0 11.0 386.0 23.0 386.0 Van 1
24.0 315.0 14.0 315.0 13.0 301.0 24.0 301.0 Van 1
219.0 385.0 197.0 385.0 197.0 379.0 219.0 379.0 Van 1
218.0 377.0 197.0 377.0 197.0 369.0 218.0 370.0 Van 1
232.0 359.0 220.0 363.0 210.0 338.0 222.0 334.0 Van 1
105.0 384.0 97.0 384.0 97.0 369.0 105.0 369.0 Van 1
119.0 384.0 108.0 384.0 108.0 368.0 119.0 368.0 Van 1
129.0 385.0 119.0 385.0 119.0 369.0 129.0 369.0 Van 1
177.0 384.0 167.0 384.0 167.0 366.0 177.0 366.0 Van 1
105.0 342.0 96.0 342.0 96.0 329.0 105.0 329.0 Van 1
170.0 281.0 161.0 285.0 152.0 266.0 161.0 262.0 Van 1
152.0 276.0 135.0 282.0 133.0 275.0 150.0 269.0 Van 1
69.0 280.0 59.0 280.0 59.0 265.0 69.0 265.0 Van 1
101.0 202.0 80.0 204.0 79.0 195.0 100.0 192.0 Van 1
150.0 180.0 132.0 187.0 129.0 179.0 147.0 172.0 Van 1
109.0 163.0 100.0 168.0 92.0 152.0 101.0 147.0 Van 1
70.0 104.0 69.0 122.0 58.0 121.0 59.0 103.0 Van 1
69.0 85.0 68.0 101.0 60.0 101.0 60.0 85.0 Van 1
81.0 82.0 80.0 97.0 70.0 96.0 71.0 81.0 Van 1
88.0 30.0 84.0 48.0 73.0 46.0 76.0 28.0 Van 1
72.0 55.0 61.0 55.0 61.0 37.0 72.0 37.0 Van 1
87.0 28.0 78.0 29.0 76.0 12.0 85.0 11.0 Van 1
75.0 30.0 65.0 30.0 64.0 11.0 74.0 11.0 Van 1
145.0 25.0 129.0 32.0 126.0 24.0 142.0 17.0 Van 1
145.0 16.0 125.0 23.0 122.0 15.0 142.0 7.0 Van 1
179.0 32.0 169.0 36.0 164.0 21.0 174.0 17.0 Van 1
191.0 25.0 181.0 27.0 178.0 11.0 188.0 9.0 Van 1
324.0 964.0 315.0 964.0 315.0 946.0 324.0 946.0 Van 1
369.0 985.0 352.0 985.0 353.0 977.0 369.0 977.0 Van 1
600.0 924.0 590.0 926.0 587.0 911.0 597.0 909.0 Van 1
595.0 906.0 584.0 908.0 581.0 893.0 592.0 890.0 Van 1
587.0 877.0 577.0 880.0 573.0 864.0 583.0 862.0 Van 1
605.0 943.0 593.0 946.0 589.0 929.0 601.0 927.0 Van 1
625.0 916.0 615.0 918.0 611.0 901.0 622.0 899.0 Van 1
606.0 883.0 596.0 885.0 592.0 867.0 602.0 864.0 Van 1
584.0 858.0 574.0 861.0 569.0 846.0 580.0 843.0 Van 1
564.0 776.0 554.0 778.0 551.0 762.0 561.0 760.0 Van 1
586.0 802.0 577.0 804.0 574.0 788.0 584.0 786.0 Van 1
597.0 797.0 587.0 799.0 584.0 782.0 594.0 780.0 Van 1
559.0 754.0 549.0 756.0 546.0 738.0 556.0 737.0 Van 1
700.0 853.0 690.0 853.0 689.0 837.0 699.0 836.0 Van 1
530.0 627.0 521.0 630.0 515.0 617.0 524.0 613.0 Van 1
545.0 689.0 536.0 691.0 535.0 682.0 544.0 681.0 Van 1
56.0 734.0 48.0 734.0 48.0 718.0 56.0 718.0 Van 1
