673.0 338.0 666.0 357.0 657.0 354.0 662.0 335.0 Van 1
607.0 3.0 606.0 10.0 596.0 9.0 596.0 2.0 Van 1
643.0 432.0 638.0 447.0 630.0 445.0 635.0 430.0 Van 1
465.0 486.0 452.0 486.0 454.0 479.0 465.0 480.0 Van 1
427.0 508.0 419.0 509.0 419.0 495.0 427.0 495.0 Van 1
501.0 521.0 482.0 521.0 482.0 514.0 501.0 513.0 Van 1
279.0 573.0 271.0 574.0 270.0 557.0 278.0 556.0 Van 1
194.0 518.0 188.0 532.0 181.0 529.0 188.0 515.0 Van 1
163.0 539.0 156.0 542.0 150.0 529.0 156.0 526.0 Van 1
499.0 399.0 497.0 406.0 481.0 401.0 482.0 395.0 Van 1
477.0 395.0 476.0 403.0 459.0 399.0 461.0 391.0 Van 1
457.0 391.0 456.0 399.0 436.0 395.0 437.0 387.0 Van 1
519.0 361.0 517.0 368.0 499.0 363.0 500.0 356.0 Van 1
629.0 331.0 624.0 345.0 615.0 342.0 620.0 328.0 Van 1
647.0 312.0 629.0 307.0 631.0 300.0 647.0 305.0 Van 1
611.0 252.0 606.0 267.0 598.0 265.0 604.0 250.0 Van 1
715.0 138.0 713.0 145.0 696.0 141.0 697.0 134.0 Van 1
680.0 125.0 677.0 131.0 662.0 128.0 662.0 121.0 Van 1
653.0 109.0 652.0 115.0 635.0 115.0 635.0 108.0 Van 1
179.0 46.0 172.0 71.0 160.0 68.0 166.0 42.0 Van 1
165.0 45.0 158.0 71.0 146.0 68.0 151.0 42.0 Van 1
148.0 44.0 142.0 69.0 130.0 66.0 136.0 40.0 Van 1
384.0 365.0 381.0 381.0 374.0 379.0 376.0 363.0 Van 1
397.0 321.0 394.0 338.0 386.0 337.0 389.0 320.0 Van 1
429.0 312.0 424.0 329.0 416.0 327.0 421.0 310.0 Van 1
437.0 174.0 435.0 190.0 426.0 188.0 429.0 172.0 Van 1
443.0 156.0 439.0 170.0 431.0 168.0 436.0 154.0 Van 1
463.0 86.0 459.0 101.0 450.0 98.0 455.0 83.0 Van 1
512.0 10.0 509.0 25.0 501.0 23.0 506.0 7.0 Van 1
774.0 498.0 773.0 504.0 755.0 501.0 757.0 495.0 Van 1
754.0 494.0 752.0 501.0 735.0 497.0 737.0 490.0 Van 1
736.0 490.0 734.0 497.0 717.0 493.0 718.0 486.0 Van 1
563.0 488.0 562.0 494.0 545.0 493.0 545.0 486.0 Van 1
518.0 483.0 517.0 490.0 499.0 489.0 499.0 482.0 Van 1
502.0 463.0 484.0 463.0 484.0 456.0 502.0 456.0 Van 1
494.0 481.0 493.0 488.0 475.0 486.0 476.0 479.0 Van 1
316.0 456.0 301.0 457.0 300.0 451.0 316.0 450.0 Van 1
268.0 462.0 247.0 464.0 246.0 456.0 267.0 454.0 Van 1
301.0 483.0 283.0 483.0 283.0 476.0 301.0 475.0 Van 1
