79.0 472.0 61.0 478.0 59.0 471.0 76.0 464.0 Van 1
984.0 601.0 978.0 607.0 960.0 592.0 967.0 585.0 Van 1
944.0 719.0 929.0 734.0 922.0 727.0 938.0 712.0 Van 1
967.0 713.0 952.0 726.0 946.0 719.0 960.0 706.0 Van 1
960.0 506.0 953.0 512.0 943.0 497.0 950.0 492.0 Van 1
644.0 604.0 623.0 605.0 623.0 597.0 644.0 596.0 Van 1
810.0 659.0 794.0 670.0 790.0 664.0 806.0 653.0 Van 1
941.0 842.0 927.0 855.0 922.0 849.0 936.0 837.0 Van 1
960.0 824.0 946.0 837.0 941.0 831.0 955.0 819.0 Van 1
247.0 727.0 229.0 728.0 229.0 721.0 246.0 721.0 Van 1
647.0 952.0 642.0 960.0 623.0 948.0 628.0 941.0 Van 1
662.0 972.0 656.0 979.0 639.0 967.0 644.0 959.0 Van 1
761.0 931.0 755.0 940.0 732.0 927.0 738.0 917.0 Van 1
807.0 970.0 802.0 978.0 785.0 969.0 790.0 961.0 Van 1
734.0 984.0 729.0 993.0 708.0 980.0 713.0 972.0 Van 1
788.0 986.0 784.0 993.0 771.0 986.0 776.0 978.0 Van 1
