107.0 358.0 99.0 362.0 90.0 347.0 98.0 343.0 Van 1
114.0 304.0 107.0 308.0 98.0 292.0 106.0 288.0 Van 1
624.0 184.0 601.0 193.0 599.0 187.0 621.0 177.0 Van 1
596.0 134.0 573.0 144.0 570.0 137.0 593.0 127.0 Van 1
564.0 84.0 541.0 94.0 537.0 85.0 561.0 76.0 Van 1
509.0 78.0 503.0 81.0 497.0 72.0 502.0 68.0 Van 1
533.0 17.0 531.0 24.0 513.0 17.0 515.0 11.0 Van 1
507.0 30.0 505.0 37.0 485.0 30.0 488.0 22.0 Van 1
218.0 383.0 212.0 388.0 201.0 375.0 207.0 370.0 Van 1
234.0 397.0 225.0 403.0 221.0 398.0 231.0 392.0 Van 1
241.0 403.0 229.0 412.0 225.0 407.0 237.0 397.0 Van 1
182.0 424.0 167.0 431.0 164.0 424.0 179.0 417.0 Van 1
200.0 447.0 184.0 455.0 181.0 448.0 197.0 441.0 Van 1
44.0 435.0 27.0 443.0 23.0 436.0 40.0 428.0 Van 1
75.0 484.0 57.0 495.0 53.0 488.0 71.0 477.0 Van 1
80.0 493.0 65.0 500.0 62.0 494.0 77.0 486.0 Van 1
86.0 501.0 68.0 510.0 65.0 503.0 83.0 494.0 Van 1
97.0 515.0 79.0 524.0 76.0 518.0 94.0 510.0 Van 1
106.0 534.0 91.0 544.0 87.0 537.0 102.0 528.0 Van 1
176.0 552.0 158.0 561.0 154.0 554.0 173.0 545.0 Van 1
201.0 540.0 184.0 548.0 181.0 542.0 198.0 534.0 Van 1
655.0 245.0 632.0 254.0 629.0 247.0 652.0 238.0 Van 1
675.0 570.0 658.0 575.0 656.0 570.0 673.0 564.0 Van 1
