759.0 32.0 744.0 38.0 742.0 32.0 758.0 27.0 Van 1
765.0 40.0 751.0 46.0 748.0 40.0 762.0 35.0 Van 1
767.0 52.0 750.0 58.0 747.0 51.0 765.0 44.0 Van 1
729.0 100.0 723.0 104.0 714.0 88.0 722.0 85.0 Van 1
767.0 128.0 761.0 132.0 753.0 118.0 759.0 115.0 Van 1
106.0 985.0 90.0 990.0 88.0 982.0 104.0 978.0 Van 1
170.0 961.0 155.0 967.0 153.0 961.0 168.0 956.0 Van 1
288.0 934.0 271.0 939.0 269.0 932.0 287.0 927.0 Van 1
369.0 881.0 362.0 882.0 361.0 865.0 369.0 865.0 Van 1
364.0 825.0 356.0 829.0 349.0 814.0 356.0 810.0 Van 1
315.0 740.0 309.0 742.0 302.0 727.0 307.0 725.0 Van 1
305.0 721.0 300.0 725.0 291.0 711.0 296.0 707.0 Van 1
468.0 684.0 462.0 687.0 455.0 674.0 461.0 670.0 Van 1
441.0 609.0 426.0 614.0 424.0 608.0 439.0 603.0 Van 1
409.0 554.0 396.0 558.0 394.0 552.0 407.0 548.0 Van 1
291.0 694.0 284.0 697.0 277.0 682.0 284.0 679.0 Van 1
173.0 495.0 166.0 497.0 163.0 486.0 169.0 484.0 Van 1
87.0 418.0 79.0 422.0 73.0 409.0 80.0 405.0 Van 1
222.0 425.0 204.0 431.0 202.0 424.0 219.0 418.0 Van 1
49.0 349.0 42.0 352.0 35.0 338.0 41.0 335.0 Van 1
168.0 275.0 147.0 283.0 144.0 276.0 166.0 268.0 Van 1
170.0 247.0 164.0 251.0 156.0 236.0 162.0 233.0 Van 1
173.0 222.0 156.0 229.0 153.0 222.0 170.0 215.0 Van 1
129.0 177.0 114.0 183.0 113.0 179.0 126.0 173.0 Van 1
267.0 129.0 249.0 135.0 248.0 129.0 264.0 123.0 Van 1
384.0 86.0 364.0 94.0 362.0 88.0 382.0 80.0 Van 1
318.0 29.0 308.0 33.0 300.0 13.0 309.0 9.0 Van 1
351.0 37.0 332.0 42.0 330.0 35.0 348.0 30.0 Van 1
342.0 18.0 323.0 24.0 320.0 17.0 339.0 11.0 Van 1
303.0 44.0 287.0 48.0 286.0 43.0 301.0 39.0 Van 1
301.0 38.0 278.0 45.0 276.0 38.0 299.0 31.0 Van 1
960.0 893.0 953.0 896.0 944.0 881.0 951.0 877.0 Van 1
920.0 837.0 904.0 843.0 902.0 837.0 918.0 831.0 Van 1
965.0 779.0 958.0 783.0 947.0 766.0 954.0 762.0 Van 1
813.0 655.0 795.0 662.0 792.0 655.0 811.0 648.0 Van 1
855.0 586.0 848.0 589.0 840.0 571.0 847.0 568.0 Van 1
799.0 604.0 789.0 608.0 781.0 590.0 789.0 585.0 Van 1
847.0 566.0 839.0 570.0 832.0 556.0 839.0 552.0 Van 1
837.0 550.0 830.0 554.0 824.0 541.0 830.0 538.0 Van 1
642.0 614.0 634.0 618.0 626.0 604.0 634.0 600.0 Van 1
681.0 598.0 674.0 601.0 668.0 587.0 675.0 584.0 Van 1
537.0 590.0 521.0 597.0 518.0 592.0 534.0 584.0 Van 1
609.0 549.0 604.0 552.0 597.0 541.0 603.0 537.0 Van 1
522.0 560.0 504.0 566.0 501.0 559.0 519.0 553.0 Van 1
521.0 536.0 515.0 540.0 506.0 525.0 512.0 521.0 Van 1
532.0 532.0 524.0 536.0 516.0 520.0 524.0 516.0 Van 1
749.0 513.0 741.0 518.0 731.0 500.0 738.0 495.0 Van 1
800.0 485.0 792.0 489.0 782.0 470.0 789.0 466.0 Van 1
469.0 479.0 454.0 485.0 452.0 479.0 467.0 473.0 Van 1
438.0 446.0 420.0 451.0 418.0 445.0 436.0 440.0 Van 1
420.0 496.0 407.0 501.0 405.0 496.0 418.0 491.0 Van 1
382.0 507.0 366.0 512.0 365.0 507.0 381.0 502.0 Van 1
555.0 347.0 549.0 349.0 544.0 337.0 549.0 334.0 Van 1
528.0 295.0 521.0 299.0 513.0 285.0 519.0 281.0 Van 1
613.0 270.0 605.0 275.0 594.0 258.0 603.0 254.0 Van 1
576.0 251.0 559.0 257.0 557.0 251.0 574.0 245.0 Van 1
639.0 198.0 634.0 202.0 626.0 188.0 633.0 185.0 Van 1
474.0 314.0 467.0 317.0 459.0 302.0 466.0 298.0 Van 1
564.0 182.0 558.0 186.0 548.0 171.0 555.0 167.0 Van 1
594.0 120.0 589.0 123.0 583.0 110.0 590.0 108.0 Van 1
586.0 102.0 579.0 106.0 571.0 91.0 579.0 87.0 Van 1
734.0 140.0 729.0 143.0 722.0 131.0 727.0 128.0 Van 1
747.0 138.0 740.0 142.0 731.0 126.0 738.0 122.0 Van 1
