81.0 528.0 67.0 540.0 62.0 534.0 76.0 522.0 Van 1
96.0 510.0 84.0 520.0 80.0 516.0 92.0 506.0 Van 1
73.0 521.0 61.0 531.0 57.0 526.0 69.0 516.0 Van 1
105.0 519.0 92.0 529.0 88.0 525.0 101.0 514.0 Van 1
124.0 536.0 111.0 547.0 107.0 542.0 120.0 531.0 Van 1
160.0 512.0 148.0 521.0 144.0 516.0 156.0 506.0 Van 1
175.0 499.0 162.0 510.0 158.0 505.0 171.0 494.0 Van 1
176.0 526.0 165.0 535.0 160.0 530.0 172.0 521.0 Van 1
193.0 514.0 178.0 526.0 173.0 520.0 188.0 508.0 Van 1
208.0 530.0 198.0 539.0 193.0 533.0 204.0 524.0 Van 1
124.0 562.0 109.0 574.0 105.0 570.0 120.0 557.0 Van 1
143.0 549.0 130.0 559.0 126.0 554.0 139.0 543.0 Van 1
133.0 544.0 123.0 553.0 118.0 548.0 129.0 539.0 Van 1
159.0 570.0 146.0 580.0 142.0 575.0 154.0 565.0 Van 1
141.0 583.0 130.0 592.0 126.0 588.0 138.0 578.0 Van 1
203.0 548.0 193.0 556.0 190.0 552.0 199.0 544.0 Van 1
218.0 536.0 203.0 548.0 200.0 543.0 214.0 532.0 Van 1
226.0 545.0 215.0 553.0 211.0 547.0 221.0 539.0 Van 1
212.0 556.0 199.0 567.0 193.0 561.0 207.0 551.0 Van 1
233.0 552.0 223.0 560.0 220.0 555.0 229.0 547.0 Van 1
242.0 559.0 233.0 566.0 229.0 562.0 238.0 554.0 Van 1
233.0 568.0 218.0 580.0 213.0 574.0 228.0 561.0 Van 1
238.0 576.0 224.0 587.0 221.0 582.0 234.0 571.0 Van 1
251.0 567.0 238.0 576.0 235.0 571.0 247.0 561.0 Van 1
260.0 573.0 247.0 583.0 243.0 578.0 256.0 568.0 Van 1
247.0 584.0 236.0 593.0 231.0 588.0 242.0 579.0 Van 1
259.0 589.0 247.0 599.0 243.0 593.0 253.0 584.0 Van 1
268.0 580.0 259.0 588.0 256.0 583.0 266.0 575.0 Van 1
148.0 592.0 133.0 605.0 128.0 599.0 143.0 586.0 Van 1
274.0 604.0 263.0 613.0 259.0 608.0 269.0 599.0 Van 1
287.0 593.0 277.0 602.0 273.0 597.0 283.0 589.0 Van 1
281.0 612.0 269.0 621.0 266.0 616.0 277.0 607.0 Van 1
295.0 601.0 282.0 612.0 278.0 606.0 291.0 596.0 Van 1
301.0 609.0 283.0 623.0 280.0 618.0 297.0 604.0 Van 1
311.0 615.0 297.0 627.0 293.0 621.0 307.0 609.0 Van 1
302.0 635.0 291.0 644.0 288.0 640.0 298.0 631.0 Van 1
319.0 622.0 304.0 634.0 299.0 629.0 313.0 617.0 Van 1
347.0 646.0 336.0 655.0 332.0 650.0 343.0 641.0 Van 1
355.0 652.0 343.0 662.0 338.0 657.0 351.0 647.0 Van 1
383.0 1005.0 365.0 998.0 367.0 992.0 385.0 999.0 Van 1
387.0 991.0 385.0 996.0 373.0 991.0 374.0 987.0 Van 1
392.0 984.0 389.0 989.0 377.0 984.0 379.0 979.0 Van 1
398.0 977.0 396.0 982.0 381.0 977.0 383.0 971.0 Van 1
344.0 994.0 336.0 1000.0 326.0 1000.0 340.0 989.0 Van 1
484.0 775.0 476.0 776.0 472.0 759.0 479.0 757.0 Van 1
108.0 626.0 103.0 630.0 93.0 620.0 97.0 616.0 Van 1
69.0 841.0 65.0 845.0 55.0 836.0 58.0 831.0 Van 1
88.0 859.0 85.0 863.0 71.0 850.0 75.0 846.0 Van 1
107.0 875.0 103.0 879.0 94.0 870.0 97.0 866.0 Van 1
131.0 895.0 127.0 900.0 113.0 888.0 118.0 883.0 Van 1
148.0 909.0 143.0 914.0 131.0 903.0 136.0 898.0 Van 1
166.0 926.0 162.0 931.0 150.0 919.0 154.0 915.0 Van 1
206.0 766.0 202.0 770.0 188.0 757.0 192.0 753.0 Van 1
198.0 771.0 193.0 776.0 185.0 767.0 189.0 763.0 Van 1
276.0 752.0 271.0 758.0 256.0 744.0 262.0 738.0 Van 1
287.0 764.0 283.0 768.0 274.0 759.0 278.0 755.0 Van 1
576.0 183.0 568.0 183.0 568.0 166.0 576.0 166.0 Van 1
640.0 386.0 632.0 386.0 632.0 371.0 640.0 371.0 Van 1
674.0 858.0 667.0 859.0 665.0 842.0 673.0 841.0 Van 1
436.0 851.0 430.0 851.0 428.0 838.0 434.0 837.0 Van 1
448.0 845.0 441.0 846.0 439.0 832.0 447.0 831.0 Van 1
824.0 966.0 816.0 967.0 815.0 949.0 823.0 949.0 Van 1
116.0 446.0 102.0 457.0 98.0 452.0 112.0 441.0 Van 1
121.0 456.0 108.0 467.0 103.0 462.0 117.0 451.0 Van 1
116.0 474.0 103.0 484.0 99.0 479.0 112.0 469.0 Van 1
131.0 462.0 117.0 473.0 113.0 468.0 127.0 456.0 Van 1
88.0 507.0 72.0 519.0 68.0 513.0 84.0 501.0 Van 1
105.0 546.0 92.0 557.0 87.0 551.0 100.0 541.0 Van 1
15.0 362.0 11.0 367.0 0.0 356.0 4.0 351.0 Van 1
28.0 346.0 25.0 351.0 15.0 342.0 19.0 338.0 Van 1
38.0 342.0 34.0 346.0 21.0 334.0 25.0 329.0 Van 1
54.0 354.0 50.0 359.0 41.0 351.0 45.0 346.0 Van 1
47.0 370.0 42.0 376.0 30.0 364.0 35.0 359.0 Van 1
63.0 384.0 58.0 388.0 49.0 379.0 53.0 375.0 Van 1
215.0 23.0 206.0 66.0 195.0 64.0 204.0 21.0 Van 1
999.0 987.0 994.0 990.0 988.0 977.0 994.0 974.0 Van 1
774.0 615.0 766.0 616.0 764.0 598.0 772.0 597.0 Van 1
598.0 83.0 593.0 83.0 593.0 69.0 598.0 69.0 Van 1
657.0 122.0 649.0 122.0 649.0 102.0 657.0 102.0 Van 1
635.0 56.0 627.0 56.0 627.0 41.0 635.0 41.0 Van 1
653.0 29.0 646.0 29.0 646.0 14.0 653.0 14.0 Van 1
654.0 12.0 646.0 12.0 646.0 0.0 654.0 0.0 Van 1
509.0 431.0 504.0 431.0 502.0 413.0 508.0 412.0 Van 1
