253.0 70.0 242.0 71.0 241.0 53.0 251.0 52.0 Van 1
62.0 171.0 52.0 171.0 51.0 154.0 62.0 153.0 Van 1
78.0 170.0 67.0 170.0 67.0 152.0 78.0 152.0 Van 1
311.0 212.0 305.0 212.0 305.0 203.0 310.0 203.0 Van 1
257.0 321.0 246.0 322.0 245.0 304.0 256.0 303.0 Van 1
70.0 366.0 59.0 367.0 57.0 350.0 68.0 349.0 Van 1
77.0 879.0 66.0 881.0 62.0 860.0 73.0 858.0 Van 1
73.0 913.0 64.0 914.0 64.0 894.0 72.0 893.0 Van 1
12.0 928.0 2.0 928.0 2.0 910.0 12.0 910.0 Van 1
12.0 928.0 11.0 947.0 0.0 946.0 2.0 928.0 Van 1
75.0 937.0 65.0 937.0 64.0 919.0 75.0 919.0 Van 1
495.0 946.0 485.0 947.0 483.0 929.0 493.0 928.0 Van 1
530.0 950.0 522.0 951.0 521.0 931.0 530.0 930.0 Van 1
399.0 756.0 389.0 760.0 382.0 740.0 393.0 736.0 Van 1
389.0 470.0 378.0 470.0 377.0 452.0 388.0 452.0 Van 1
586.0 358.0 575.0 358.0 575.0 341.0 586.0 341.0 Van 1
702.0 34.0 688.0 33.0 689.0 9.0 702.0 9.0 Van 1
675.0 138.0 653.0 137.0 653.0 129.0 675.0 130.0 Van 1
743.0 292.0 732.0 297.0 724.0 281.0 735.0 276.0 Van 1
739.0 406.0 720.0 406.0 720.0 399.0 739.0 398.0 Van 1
879.0 473.0 869.0 472.0 869.0 451.0 879.0 451.0 Van 1
807.0 738.0 797.0 738.0 797.0 725.0 807.0 725.0 Van 1
716.0 810.0 707.0 811.0 706.0 796.0 715.0 795.0 Van 1
723.0 954.0 713.0 956.0 710.0 939.0 719.0 936.0 Van 1
953.0 744.0 947.0 751.0 929.0 735.0 936.0 728.0 Van 1
