991.0 604.0 983.0 598.0 993.0 584.0 1001.0 590.0 Van 1
67.0 834.0 65.0 848.0 57.0 847.0 59.0 833.0 Van 1
89.0 716.0 86.0 722.0 70.0 714.0 73.0 708.0 Van 1
129.0 750.0 125.0 758.0 100.0 744.0 104.0 736.0 Van 1
256.0 790.0 251.0 801.0 244.0 797.0 250.0 786.0 Van 1
256.0 818.0 252.0 825.0 238.0 815.0 243.0 808.0 Van 1
310.0 834.0 307.0 839.0 289.0 831.0 292.0 825.0 Van 1
351.0 856.0 347.0 863.0 330.0 853.0 334.0 846.0 Van 1
433.0 900.0 429.0 906.0 414.0 897.0 418.0 891.0 Van 1
455.0 913.0 451.0 919.0 434.0 908.0 438.0 902.0 Van 1
391.0 946.0 389.0 961.0 382.0 960.0 384.0 945.0 Van 1
401.0 954.0 399.0 972.0 391.0 971.0 393.0 953.0 Van 1
421.0 981.0 414.0 981.0 415.0 966.0 421.0 967.0 Van 1
560.0 977.0 548.0 987.0 544.0 981.0 556.0 972.0 Van 1
585.0 728.0 575.0 738.0 571.0 734.0 581.0 724.0 Van 1
537.0 743.0 526.0 748.0 523.0 741.0 534.0 736.0 Van 1
526.0 737.0 506.0 742.0 504.0 736.0 524.0 731.0 Van 1
516.0 727.0 497.0 736.0 494.0 729.0 513.0 720.0 Van 1
487.0 703.0 469.0 709.0 467.0 703.0 485.0 697.0 Van 1
540.0 690.0 527.0 701.0 522.0 695.0 535.0 683.0 Van 1
532.0 682.0 519.0 692.0 515.0 686.0 528.0 677.0 Van 1
476.0 636.0 465.0 646.0 460.0 640.0 471.0 630.0 Van 1
444.0 612.0 431.0 621.0 428.0 616.0 440.0 607.0 Van 1
361.0 578.0 360.0 594.0 352.0 594.0 352.0 578.0 Van 1
302.0 599.0 294.0 599.0 292.0 582.0 301.0 582.0 Van 1
170.0 547.0 161.0 574.0 149.0 570.0 158.0 543.0 Van 1
134.0 523.0 123.0 534.0 118.0 529.0 129.0 518.0 Van 1
117.0 512.0 108.0 523.0 102.0 518.0 110.0 507.0 Van 1
100.0 505.0 88.0 518.0 81.0 511.0 93.0 498.0 Van 1
88.0 499.0 77.0 511.0 71.0 506.0 82.0 494.0 Van 1
55.0 472.0 43.0 487.0 36.0 482.0 49.0 467.0 Van 1
44.0 470.0 34.0 482.0 28.0 477.0 38.0 465.0 Van 1
