192.0 59.0 172.0 58.0 172.0 50.0 192.0 52.0 Van 1
263.0 18.0 242.0 17.0 242.0 9.0 263.0 10.0 Van 1
580.0 240.0 576.0 258.0 566.0 255.0 571.0 237.0 Van 1
686.0 249.0 684.0 267.0 673.0 266.0 674.0 248.0 Van 1
768.0 255.0 767.0 273.0 756.0 272.0 757.0 254.0 Van 1
806.0 258.0 804.0 275.0 794.0 274.0 796.0 257.0 Van 1
739.0 203.0 737.0 223.0 727.0 221.0 729.0 202.0 Van 1
568.0 406.0 565.0 424.0 556.0 422.0 559.0 405.0 Van 1
726.0 427.0 722.0 445.0 714.0 444.0 717.0 425.0 Van 1
849.0 475.0 847.0 494.0 836.0 493.0 838.0 474.0 Van 1
867.0 357.0 864.0 375.0 854.0 374.0 857.0 356.0 Van 1
998.0 226.0 997.0 234.0 970.0 231.0 971.0 223.0 Van 1
804.0 14.0 803.0 31.0 793.0 31.0 794.0 13.0 Van 1
827.0 11.0 826.0 32.0 813.0 31.0 814.0 10.0 Van 1
170.0 150.0 160.0 150.0 160.0 134.0 170.0 134.0 Van 1
179.0 170.0 158.0 169.0 158.0 161.0 179.0 162.0 Van 1
213.0 357.0 191.0 362.0 189.0 354.0 211.0 349.0 Van 1
292.0 401.0 272.0 403.0 271.0 396.0 290.0 393.0 Van 1
291.0 513.0 270.0 511.0 270.0 505.0 291.0 506.0 Van 1
205.0 556.0 204.0 564.0 184.0 559.0 186.0 551.0 Van 1
237.0 718.0 231.0 724.0 218.0 712.0 225.0 706.0 Van 1
160.0 635.0 153.0 640.0 141.0 625.0 149.0 619.0 Van 1
861.0 21.0 860.0 36.0 851.0 36.0 852.0 20.0 Van 1
850.0 461.0 849.0 474.0 841.0 473.0 843.0 460.0 Van 1
