781.0 405.0 778.0 412.0 760.0 406.0 762.0 398.0 Van 1
397.0 316.0 395.0 323.0 377.0 319.0 379.0 311.0 Van 1
407.0 308.0 405.0 315.0 387.0 310.0 389.0 303.0 Van 1
100.0 210.0 97.0 217.0 80.0 211.0 83.0 204.0 Van 1
828.0 387.0 822.0 390.0 814.0 376.0 820.0 372.0 Van 1
855.0 317.0 849.0 333.0 842.0 330.0 847.0 315.0 Van 1
864.0 320.0 858.0 335.0 851.0 332.0 857.0 317.0 Van 1
810.0 175.0 803.0 193.0 795.0 189.0 802.0 171.0 Van 1
619.0 242.0 613.0 258.0 607.0 256.0 612.0 240.0 Van 1
123.0 343.0 117.0 360.0 110.0 357.0 116.0 340.0 Van 1
909.0 843.0 907.0 851.0 885.0 845.0 888.0 837.0 Van 1
72.0 28.0 69.0 38.0 43.0 29.0 47.0 19.0 Van 1
74.0 830.0 71.0 838.0 54.0 830.0 57.0 823.0 Van 1
371.0 197.0 364.0 214.0 357.0 211.0 364.0 194.0 Van 1
362.0 219.0 353.0 237.0 345.0 233.0 354.0 214.0 Van 1
537.0 510.0 519.0 514.0 518.0 506.0 535.0 502.0 Van 1
427.0 172.0 422.0 187.0 412.0 183.0 417.0 169.0 Van 1
