68.0 634.0 60.0 637.0 53.0 624.0 62.0 620.0 Van 1
196.0 453.0 177.0 459.0 175.0 451.0 193.0 445.0 Van 1
265.0 464.0 255.0 467.0 250.0 449.0 260.0 446.0 Van 1
356.0 492.0 347.0 494.0 342.0 477.0 351.0 475.0 Van 1
426.0 334.0 409.0 337.0 407.0 328.0 425.0 325.0 Van 1
231.0 777.0 224.0 781.0 216.0 769.0 224.0 764.0 Van 1
242.0 596.0 234.0 599.0 228.0 583.0 237.0 580.0 Van 1
252.0 589.0 243.0 592.0 238.0 575.0 246.0 572.0 Van 1
268.0 621.0 259.0 625.0 251.0 607.0 261.0 603.0 Van 1
296.0 618.0 277.0 624.0 275.0 616.0 293.0 610.0 Van 1
317.0 538.0 300.0 545.0 297.0 536.0 314.0 530.0 Van 1
311.0 528.0 294.0 533.0 292.0 525.0 308.0 520.0 Van 1
362.0 601.0 343.0 606.0 341.0 597.0 359.0 591.0 Van 1
595.0 525.0 579.0 530.0 576.0 522.0 592.0 516.0 Van 1
464.0 216.0 446.0 221.0 444.0 212.0 462.0 207.0 Van 1
