20.0 701.0 12.0 711.0 6.0 707.0 14.0 696.0 Van 1
36.0 701.0 26.0 715.0 17.0 709.0 28.0 695.0 Van 1
51.0 679.0 42.0 694.0 34.0 689.0 44.0 674.0 Van 1
19.0 650.0 13.0 656.0 1.0 643.0 8.0 637.0 Van 1
44.0 748.0 38.0 754.0 26.0 741.0 32.0 735.0 Van 1
57.0 747.0 50.0 752.0 39.0 739.0 46.0 734.0 Van 1
70.0 741.0 63.0 748.0 50.0 734.0 57.0 727.0 Van 1
81.0 739.0 74.0 745.0 63.0 731.0 70.0 725.0 Van 1
126.0 672.0 117.0 672.0 117.0 657.0 126.0 657.0 Van 1
165.0 720.0 155.0 720.0 155.0 703.0 165.0 703.0 Van 1
213.0 670.0 203.0 671.0 202.0 655.0 213.0 654.0 Van 1
224.0 669.0 215.0 670.0 214.0 654.0 223.0 653.0 Van 1
202.0 718.0 193.0 719.0 192.0 703.0 202.0 703.0 Van 1
262.0 718.0 252.0 717.0 252.0 703.0 262.0 703.0 Van 1
406.0 310.0 405.0 330.0 393.0 329.0 394.0 309.0 Van 1
500.0 161.0 492.0 161.0 491.0 146.0 499.0 145.0 Van 1
377.0 38.0 368.0 38.0 369.0 22.0 377.0 22.0 Van 1
