22.0 78.0 15.0 78.0 15.0 67.0 21.0 67.0 Van 1
34.0 80.0 25.0 80.0 24.0 65.0 33.0 65.0 Van 1
11.0 115.0 2.0 115.0 2.0 98.0 11.0 98.0 Van 1
45.0 113.0 35.0 113.0 36.0 97.0 45.0 97.0 Van 1
66.0 78.0 59.0 78.0 58.0 63.0 65.0 63.0 Van 1
101.0 114.0 94.0 114.0 94.0 100.0 101.0 100.0 Van 1
90.0 80.0 83.0 80.0 83.0 65.0 90.0 65.0 Van 1
113.0 68.0 112.0 81.0 105.0 80.0 106.0 67.0 Van 1
124.0 79.0 116.0 79.0 117.0 66.0 124.0 66.0 Van 1
180.0 112.0 174.0 112.0 174.0 99.0 180.0 99.0 Van 1
192.0 112.0 184.0 112.0 184.0 97.0 192.0 97.0 Van 1
191.0 143.0 190.0 158.0 183.0 158.0 184.0 143.0 Van 1
170.0 159.0 161.0 158.0 162.0 144.0 170.0 144.0 Van 1
146.0 176.0 139.0 176.0 139.0 162.0 146.0 162.0 Van 1
125.0 158.0 118.0 158.0 117.0 144.0 124.0 144.0 Van 1
101.0 175.0 94.0 175.0 94.0 162.0 100.0 162.0 Van 1
78.0 146.0 77.0 157.0 71.0 157.0 71.0 146.0 Van 1
44.0 174.0 38.0 174.0 38.0 162.0 44.0 162.0 Van 1
45.0 158.0 38.0 158.0 38.0 145.0 44.0 145.0 Van 1
33.0 147.0 32.0 158.0 25.0 158.0 26.0 146.0 Van 1
22.0 177.0 15.0 177.0 15.0 162.0 22.0 161.0 Van 1
251.0 38.0 250.0 44.0 233.0 44.0 233.0 37.0 Van 1
252.0 51.0 235.0 51.0 235.0 46.0 252.0 46.0 Van 1
250.0 68.0 226.0 69.0 226.0 63.0 250.0 62.0 Van 1
250.0 85.0 230.0 86.0 230.0 81.0 250.0 80.0 Van 1
247.0 166.0 229.0 168.0 229.0 162.0 246.0 161.0 Van 1
248.0 201.0 232.0 201.0 232.0 196.0 248.0 196.0 Van 1
248.0 192.0 232.0 193.0 231.0 187.0 248.0 187.0 Van 1
216.0 205.0 215.0 221.0 207.0 221.0 208.0 204.0 Van 1
193.0 207.0 192.0 220.0 185.0 220.0 186.0 206.0 Van 1
170.0 208.0 168.0 222.0 161.0 221.0 162.0 208.0 Van 1
135.0 209.0 134.0 221.0 127.0 221.0 127.0 208.0 Van 1
124.0 221.0 116.0 220.0 117.0 208.0 124.0 208.0 Van 1
112.0 220.0 105.0 220.0 105.0 207.0 112.0 207.0 Van 1
102.0 222.0 95.0 222.0 95.0 209.0 102.0 209.0 Van 1
91.0 222.0 83.0 222.0 83.0 208.0 91.0 208.0 Van 1
78.0 223.0 72.0 223.0 72.0 208.0 78.0 208.0 Van 1
69.0 224.0 60.0 224.0 59.0 208.0 68.0 208.0 Van 1
10.0 208.0 9.0 223.0 2.0 223.0 3.0 208.0 Van 1
122.0 782.0 114.0 782.0 115.0 766.0 122.0 766.0 Van 1
326.0 776.0 325.0 794.0 317.0 794.0 318.0 776.0 Van 1
584.0 551.0 582.0 557.0 566.0 550.0 569.0 544.0 Van 1
589.0 443.0 586.0 450.0 567.0 442.0 570.0 435.0 Van 1
541.0 257.0 522.0 258.0 522.0 252.0 541.0 251.0 Van 1
539.0 213.0 520.0 214.0 520.0 208.0 539.0 208.0 Van 1
513.0 177.0 495.0 177.0 495.0 172.0 512.0 171.0 Van 1
536.0 186.0 516.0 186.0 516.0 179.0 536.0 179.0 Van 1
524.0 103.0 523.0 116.0 516.0 116.0 517.0 102.0 Van 1
539.0 150.0 519.0 150.0 519.0 144.0 539.0 144.0 Van 1
600.0 186.0 578.0 187.0 578.0 180.0 600.0 180.0 Van 1
318.0 451.0 310.0 451.0 309.0 435.0 317.0 435.0 Van 1
166.0 536.0 158.0 536.0 157.0 520.0 165.0 520.0 Van 1
155.0 534.0 146.0 535.0 144.0 518.0 152.0 517.0 Van 1
126.0 514.0 102.0 523.0 99.0 516.0 123.0 506.0 Van 1
273.0 481.0 249.0 482.0 249.0 476.0 273.0 476.0 Van 1
272.0 454.0 255.0 455.0 254.0 449.0 272.0 449.0 Van 1
189.0 382.0 164.0 382.0 164.0 375.0 189.0 375.0 Van 1
212.0 398.0 194.0 399.0 194.0 393.0 212.0 392.0 Van 1
130.0 424.0 112.0 425.0 112.0 419.0 130.0 418.0 Van 1
130.0 415.0 112.0 415.0 112.0 410.0 130.0 409.0 Van 1
130.0 396.0 110.0 397.0 109.0 391.0 130.0 390.0 Van 1
52.0 333.0 46.0 333.0 45.0 319.0 51.0 319.0 Van 1
71.0 355.0 66.0 359.0 56.0 346.0 61.0 342.0 Van 1
66.0 366.0 65.0 379.0 57.0 379.0 58.0 365.0 Van 1
30.0 364.0 29.0 378.0 22.0 378.0 23.0 364.0 Van 1
147.0 33.0 138.0 33.0 138.0 17.0 147.0 17.0 Van 1
134.0 18.0 133.0 34.0 125.0 33.0 126.0 17.0 Van 1
100.0 31.0 94.0 32.0 93.0 17.0 99.0 17.0 Van 1
89.0 30.0 83.0 30.0 83.0 18.0 89.0 18.0 Van 1
77.0 20.0 76.0 34.0 69.0 33.0 71.0 20.0 Van 1
44.0 34.0 36.0 35.0 35.0 19.0 43.0 18.0 Van 1
20.0 14.0 14.0 14.0 14.0 3.0 20.0 3.0 Van 1
129.0 406.0 111.0 407.0 110.0 401.0 128.0 400.0 Van 1
