48.0 460.0 40.0 460.0 39.0 445.0 48.0 445.0 Van 1
101.0 443.0 100.0 461.0 92.0 461.0 93.0 443.0 Van 1
29.0 353.0 22.0 353.0 22.0 338.0 29.0 338.0 Van 1
102.0 374.0 87.0 374.0 87.0 368.0 102.0 368.0 Van 1
144.0 400.0 143.0 415.0 135.0 415.0 136.0 399.0 Van 1
166.0 415.0 158.0 415.0 158.0 399.0 166.0 399.0 Van 1
81.0 353.0 73.0 353.0 72.0 336.0 81.0 335.0 Van 1
144.0 339.0 139.0 354.0 132.0 351.0 137.0 337.0 Van 1
300.0 452.0 279.0 453.0 279.0 446.0 300.0 446.0 Van 1
316.0 414.0 308.0 414.0 308.0 397.0 316.0 397.0 Van 1
390.0 409.0 382.0 409.0 382.0 393.0 390.0 393.0 Van 1
403.0 410.0 395.0 410.0 395.0 395.0 402.0 394.0 Van 1
365.0 308.0 360.0 313.0 349.0 300.0 354.0 296.0 Van 1
378.0 307.0 373.0 312.0 360.0 300.0 365.0 294.0 Van 1
393.0 306.0 385.0 312.0 374.0 298.0 381.0 292.0 Van 1
465.0 304.0 460.0 309.0 449.0 299.0 453.0 294.0 Van 1
576.0 341.0 567.0 341.0 567.0 326.0 576.0 326.0 Van 1
590.0 340.0 581.0 340.0 580.0 326.0 589.0 325.0 Van 1
600.0 341.0 595.0 342.0 593.0 326.0 600.0 326.0 Van 1
