162.0 195.0 157.0 199.0 144.0 183.0 150.0 179.0 Van 1
11.0 376.0 10.0 393.0 1.0 393.0 2.0 375.0 Van 1
103.0 521.0 88.0 530.0 85.0 523.0 100.0 515.0 Van 1
163.0 540.0 158.0 546.0 145.0 533.0 150.0 528.0 Van 1
246.0 485.0 245.0 492.0 228.0 491.0 228.0 484.0 Van 1
351.0 615.0 345.0 620.0 334.0 604.0 341.0 599.0 Van 1
455.0 697.0 449.0 702.0 437.0 686.0 444.0 682.0 Van 1
418.0 735.0 403.0 743.0 399.0 737.0 415.0 728.0 Van 1
480.0 716.0 463.0 726.0 459.0 719.0 476.0 709.0 Van 1
117.0 607.0 97.0 618.0 93.0 610.0 112.0 600.0 Van 1
129.0 624.0 113.0 632.0 110.0 626.0 126.0 618.0 Van 1
186.0 698.0 170.0 707.0 166.0 700.0 183.0 691.0 Van 1
243.0 708.0 229.0 714.0 227.0 708.0 241.0 702.0 Van 1
280.0 747.0 263.0 755.0 260.0 749.0 277.0 741.0 Van 1
305.0 789.0 288.0 796.0 285.0 790.0 302.0 783.0 Van 1
238.0 7.0 237.0 19.0 231.0 18.0 232.0 7.0 Van 1
237.0 41.0 232.0 42.0 232.0 30.0 237.0 30.0 Van 1
408.0 215.0 401.0 218.0 394.0 201.0 401.0 198.0 Van 1
425.0 216.0 418.0 219.0 410.0 202.0 416.0 199.0 Van 1
