89.0 6.0 82.0 6.0 82.0 0.0 89.0 0.0 Van 1
80.0 98.0 79.0 117.0 70.0 117.0 71.0 98.0 Van 1
91.0 131.0 90.0 146.0 82.0 146.0 83.0 131.0 Van 1
74.0 166.0 71.0 186.0 62.0 185.0 65.0 165.0 Van 1
89.0 304.0 82.0 304.0 82.0 290.0 89.0 290.0 Van 1
82.0 378.0 75.0 378.0 75.0 362.0 82.0 363.0 Van 1
112.0 441.0 94.0 441.0 94.0 435.0 112.0 435.0 Van 1
156.0 278.0 135.0 276.0 135.0 269.0 156.0 270.0 Van 1
303.0 245.0 295.0 244.0 296.0 227.0 303.0 228.0 Van 1
341.0 247.0 333.0 247.0 333.0 230.0 341.0 231.0 Van 1
405.0 233.0 404.0 249.0 396.0 248.0 397.0 233.0 Van 1
529.0 278.0 511.0 277.0 511.0 270.0 529.0 271.0 Van 1
663.0 24.0 662.0 39.0 654.0 38.0 656.0 24.0 Van 1
743.0 34.0 719.0 32.0 719.0 25.0 743.0 26.0 Van 1
735.0 36.0 734.0 42.0 719.0 40.0 720.0 34.0 Van 1
763.0 56.0 762.0 72.0 754.0 71.0 755.0 56.0 Van 1
689.0 153.0 681.0 153.0 681.0 139.0 689.0 139.0 Van 1
763.0 426.0 744.0 425.0 744.0 419.0 763.0 420.0 Van 1
313.0 484.0 292.0 484.0 292.0 478.0 313.0 478.0 Van 1
315.0 473.0 299.0 472.0 299.0 467.0 315.0 467.0 Van 1
11.0 409.0 0.0 407.0 0.0 401.0 11.0 403.0 Van 1
18.0 494.0 0.0 493.0 0.0 487.0 18.0 487.0 Van 1
