983.0 155.0 982.0 162.0 971.0 161.0 972.0 153.0 Van 1
675.0 245.0 673.0 254.0 654.0 249.0 656.0 241.0 Van 1
781.0 73.0 769.0 76.0 764.0 58.0 776.0 55.0 Van 1
945.0 540.0 935.0 539.0 936.0 523.0 945.0 523.0 Van 1
941.0 580.0 931.0 580.0 930.0 564.0 941.0 564.0 Van 1
900.0 536.0 891.0 536.0 891.0 519.0 900.0 520.0 Van 1
822.0 537.0 813.0 537.0 813.0 518.0 822.0 518.0 Van 1
819.0 579.0 809.0 579.0 808.0 562.0 818.0 561.0 Van 1
700.0 553.0 677.0 553.0 677.0 545.0 700.0 545.0 Van 1
650.0 540.0 645.0 546.0 628.0 533.0 632.0 527.0 Van 1
649.0 496.0 626.0 495.0 626.0 487.0 649.0 488.0 Van 1
771.0 448.0 748.0 448.0 748.0 440.0 771.0 441.0 Van 1
968.0 281.0 967.0 288.0 940.0 284.0 941.0 277.0 Van 1
969.0 266.0 949.0 265.0 949.0 258.0 969.0 259.0 Van 1
976.0 211.0 975.0 217.0 956.0 215.0 957.0 209.0 Van 1
980.0 178.0 970.0 178.0 970.0 172.0 980.0 172.0 Van 1
982.0 169.0 974.0 169.0 975.0 162.0 982.0 162.0 Van 1
953.0 93.0 944.0 94.0 941.0 76.0 950.0 75.0 Van 1
960.0 55.0 940.0 57.0 939.0 50.0 959.0 48.0 Van 1
933.0 43.0 924.0 46.0 919.0 30.0 928.0 27.0 Van 1
922.0 44.0 915.0 47.0 908.0 32.0 916.0 29.0 Van 1
911.0 46.0 903.0 49.0 898.0 34.0 905.0 31.0 Van 1
753.0 190.0 733.0 188.0 733.0 181.0 753.0 183.0 Van 1
753.0 197.0 730.0 196.0 731.0 189.0 753.0 191.0 Van 1
752.0 199.0 751.0 207.0 731.0 205.0 732.0 197.0 Van 1
749.0 216.0 748.0 223.0 726.0 219.0 727.0 213.0 Van 1
732.0 264.0 714.0 263.0 714.0 255.0 732.0 256.0 Van 1
737.0 274.0 736.0 280.0 718.0 278.0 719.0 271.0 Van 1
684.0 222.0 683.0 228.0 668.0 226.0 669.0 220.0 Van 1
686.0 213.0 685.0 221.0 662.0 217.0 663.0 209.0 Van 1
226.0 157.0 217.0 157.0 217.0 151.0 226.0 151.0 Van 1
228.0 150.0 214.0 150.0 214.0 143.0 228.0 142.0 Van 1
