235.0 987.0 215.0 986.0 215.0 979.0 235.0 979.0 Van 1
150.0 964.0 142.0 964.0 142.0 947.0 150.0 947.0 Van 1
151.0 890.0 140.0 891.0 139.0 870.0 150.0 869.0 Van 1
32.0 731.0 23.0 731.0 23.0 715.0 32.0 715.0 Van 1
195.0 713.0 186.0 713.0 186.0 695.0 195.0 695.0 Van 1
119.0 579.0 118.0 588.0 94.0 587.0 95.0 577.0 Van 1
101.0 570.0 80.0 570.0 80.0 563.0 101.0 563.0 Van 1
59.0 469.0 34.0 469.0 34.0 460.0 59.0 460.0 Van 1
195.0 642.0 186.0 642.0 185.0 625.0 194.0 624.0 Van 1
194.0 564.0 193.0 585.0 184.0 585.0 184.0 564.0 Van 1
193.0 404.0 184.0 405.0 184.0 388.0 193.0 388.0 Van 1
220.0 410.0 219.0 430.0 209.0 430.0 210.0 410.0 Van 1
217.0 408.0 209.0 408.0 209.0 392.0 217.0 392.0 Van 1
216.0 391.0 207.0 392.0 207.0 374.0 216.0 374.0 Van 1
215.0 352.0 207.0 353.0 206.0 333.0 215.0 332.0 Van 1
216.0 330.0 207.0 330.0 207.0 313.0 216.0 313.0 Van 1
327.0 305.0 311.0 316.0 307.0 309.0 323.0 298.0 Van 1
328.0 321.0 309.0 331.0 305.0 323.0 324.0 314.0 Van 1
326.0 333.0 310.0 341.0 307.0 334.0 323.0 326.0 Van 1
327.0 347.0 308.0 357.0 304.0 348.0 323.0 339.0 Van 1
324.0 360.0 309.0 367.0 306.0 361.0 321.0 353.0 Van 1
327.0 396.0 309.0 405.0 305.0 397.0 323.0 388.0 Van 1
281.0 333.0 277.0 340.0 261.0 330.0 266.0 324.0 Van 1
277.0 357.0 273.0 363.0 258.0 354.0 262.0 347.0 Van 1
281.0 398.0 274.0 405.0 257.0 390.0 263.0 383.0 Van 1
281.0 422.0 275.0 430.0 259.0 418.0 265.0 410.0 Van 1
281.0 434.0 275.0 442.0 258.0 428.0 264.0 421.0 Van 1
278.0 459.0 272.0 465.0 258.0 452.0 263.0 446.0 Van 1
260.0 347.0 257.0 353.0 240.0 343.0 244.0 337.0 Van 1
261.0 397.0 258.0 403.0 239.0 393.0 243.0 387.0 Van 1
261.0 408.0 257.0 416.0 237.0 404.0 241.0 397.0 Van 1
257.0 444.0 252.0 450.0 236.0 438.0 241.0 432.0 Van 1
257.0 456.0 253.0 462.0 237.0 450.0 241.0 444.0 Van 1
335.0 450.0 313.0 451.0 313.0 443.0 334.0 443.0 Van 1
335.0 459.0 311.0 460.0 311.0 452.0 334.0 451.0 Van 1
336.0 467.0 316.0 468.0 316.0 460.0 336.0 460.0 Van 1
336.0 486.0 312.0 486.0 312.0 479.0 336.0 479.0 Van 1
276.0 859.0 268.0 859.0 268.0 845.0 276.0 845.0 Van 1
478.0 792.0 477.0 798.0 456.0 798.0 456.0 792.0 Van 1
643.0 798.0 621.0 799.0 621.0 792.0 643.0 791.0 Van 1
969.0 886.0 959.0 886.0 959.0 867.0 968.0 866.0 Van 1
969.0 863.0 960.0 863.0 959.0 846.0 968.0 846.0 Van 1
973.0 626.0 946.0 626.0 946.0 618.0 973.0 618.0 Van 1
935.0 625.0 914.0 625.0 914.0 618.0 935.0 619.0 Van 1
922.0 23.0 914.0 38.0 908.0 35.0 916.0 20.0 Van 1
937.0 38.0 926.0 55.0 918.0 50.0 929.0 32.0 Van 1
675.0 845.0 673.0 865.0 662.0 864.0 664.0 845.0 Van 1
