671.0 9.0 670.0 16.0 654.0 12.0 656.0 6.0 Van 1
572.0 78.0 567.0 95.0 559.0 93.0 564.0 76.0 Van 1
613.0 181.0 612.0 188.0 595.0 184.0 597.0 177.0 Van 1
58.0 195.0 54.0 200.0 41.0 190.0 45.0 185.0 Van 1
43.0 225.0 37.0 232.0 23.0 221.0 28.0 214.0 Van 1
148.0 297.0 144.0 303.0 128.0 292.0 132.0 286.0 Van 1
232.0 309.0 228.0 315.0 213.0 304.0 217.0 298.0 Van 1
194.0 328.0 191.0 333.0 181.0 327.0 184.0 322.0 Van 1
304.0 381.0 301.0 388.0 284.0 381.0 287.0 374.0 Van 1
331.0 390.0 329.0 397.0 308.0 390.0 310.0 384.0 Van 1
375.0 370.0 373.0 376.0 357.0 371.0 359.0 365.0 Van 1
100.0 581.0 98.0 588.0 79.0 585.0 80.0 578.0 Van 1
49.0 572.0 48.0 579.0 30.0 576.0 31.0 569.0 Van 1
