22.0 121.0 0.0 122.0 0.0 116.0 22.0 115.0 Van 1
20.0 112.0 2.0 113.0 2.0 106.0 20.0 106.0 Van 1
78.0 137.0 69.0 137.0 68.0 122.0 78.0 121.0 Van 1
113.0 142.0 95.0 157.0 88.0 149.0 106.0 134.0 Van 1
181.0 94.0 160.0 94.0 160.0 87.0 181.0 88.0 Van 1
182.0 112.0 161.0 112.0 160.0 106.0 182.0 105.0 Van 1
270.0 53.0 246.0 53.0 246.0 45.0 270.0 45.0 Van 1
291.0 51.0 273.0 53.0 272.0 46.0 290.0 44.0 Van 1
574.0 115.0 563.0 132.0 554.0 127.0 565.0 109.0 Van 1
664.0 84.0 644.0 84.0 644.0 77.0 664.0 77.0 Van 1
761.0 95.0 734.0 101.0 732.0 92.0 758.0 85.0 Van 1
454.0 204.0 432.0 203.0 432.0 196.0 454.0 197.0 Van 1
577.0 196.0 554.0 198.0 553.0 192.0 576.0 189.0 Van 1
619.0 195.0 598.0 195.0 598.0 189.0 619.0 189.0 Van 1
664.0 193.0 645.0 194.0 644.0 187.0 664.0 186.0 Van 1
692.0 335.0 690.0 351.0 680.0 350.0 682.0 334.0 Van 1
602.0 408.0 577.0 410.0 577.0 402.0 602.0 401.0 Van 1
563.0 410.0 540.0 412.0 540.0 405.0 562.0 403.0 Van 1
344.0 224.0 334.0 225.0 334.0 205.0 343.0 205.0 Van 1
88.0 489.0 79.0 490.0 77.0 470.0 86.0 469.0 Van 1
254.0 549.0 230.0 549.0 230.0 544.0 254.0 544.0 Van 1
371.0 426.0 361.0 427.0 361.0 411.0 370.0 411.0 Van 1
390.0 547.0 387.0 554.0 366.0 547.0 369.0 540.0 Van 1
490.0 573.0 488.0 582.0 467.0 577.0 469.0 568.0 Van 1
534.0 226.0 523.0 226.0 522.0 210.0 533.0 209.0 Van 1
