361.0 308.0 339.0 307.0 339.0 299.0 361.0 300.0 Van 1
497.0 358.0 485.0 359.0 485.0 339.0 496.0 339.0 Van 1
854.0 343.0 838.0 353.0 834.0 346.0 849.0 336.0 Van 1
951.0 546.0 923.0 545.0 923.0 536.0 951.0 537.0 Van 1
990.0 544.0 960.0 543.0 960.0 533.0 990.0 533.0 Van 1
206.0 468.0 194.0 468.0 194.0 450.0 205.0 450.0 Van 1
684.0 56.0 664.0 56.0 664.0 49.0 684.0 49.0 Van 1
896.0 982.0 876.0 982.0 876.0 976.0 896.0 976.0 Van 1
911.0 751.0 909.0 758.0 886.0 753.0 888.0 745.0 Van 1
869.0 361.0 858.0 361.0 858.0 344.0 868.0 343.0 Van 1
629.0 495.0 619.0 495.0 618.0 476.0 628.0 475.0 Van 1
