477.0 654.0 460.0 658.0 458.0 652.0 475.0 648.0 Van 1
479.0 663.0 462.0 666.0 461.0 659.0 477.0 656.0 Van 1
482.0 671.0 465.0 675.0 464.0 668.0 481.0 664.0 Van 1
486.0 679.0 467.0 683.0 465.0 676.0 484.0 672.0 Van 1
493.0 704.0 476.0 709.0 474.0 702.0 491.0 697.0 Van 1
505.0 746.0 489.0 751.0 486.0 745.0 503.0 740.0 Van 1
508.0 755.0 493.0 758.0 492.0 752.0 507.0 749.0 Van 1
510.0 763.0 495.0 766.0 493.0 760.0 509.0 757.0 Van 1
515.0 772.0 497.0 776.0 496.0 769.0 513.0 765.0 Van 1
467.0 793.0 449.0 795.0 448.0 789.0 467.0 787.0 Van 1
462.0 777.0 443.0 780.0 442.0 772.0 461.0 769.0 Van 1
443.0 718.0 432.0 719.0 431.0 711.0 442.0 710.0 Van 1
433.0 691.0 417.0 695.0 416.0 688.0 432.0 684.0 Van 1
428.0 683.0 412.0 687.0 410.0 681.0 427.0 676.0 Van 1
426.0 665.0 413.0 668.0 412.0 662.0 425.0 659.0 Van 1
354.0 206.0 349.0 211.0 338.0 201.0 343.0 196.0 Van 1
340.0 218.0 334.0 223.0 322.0 212.0 327.0 206.0 Van 1
309.0 241.0 305.0 247.0 290.0 236.0 295.0 230.0 Van 1
321.0 174.0 316.0 179.0 305.0 169.0 310.0 164.0 Van 1
415.0 171.0 405.0 182.0 400.0 177.0 410.0 166.0 Van 1
440.0 187.0 429.0 199.0 423.0 194.0 435.0 182.0 Van 1
448.0 192.0 437.0 206.0 430.0 200.0 442.0 187.0 Van 1
478.0 241.0 475.0 247.0 460.0 239.0 463.0 234.0 Van 1
407.0 347.0 390.0 347.0 390.0 340.0 406.0 340.0 Van 1
406.0 327.0 388.0 329.0 387.0 322.0 405.0 320.0 Van 1
462.0 265.0 461.0 271.0 446.0 269.0 446.0 263.0 Van 1
463.0 275.0 462.0 281.0 445.0 279.0 445.0 273.0 Van 1
455.0 305.0 444.0 305.0 444.0 299.0 455.0 300.0 Van 1
452.0 316.0 439.0 315.0 439.0 309.0 452.0 310.0 Van 1
451.0 325.0 439.0 325.0 439.0 319.0 451.0 319.0 Van 1
456.0 353.0 438.0 356.0 437.0 349.0 455.0 347.0 Van 1
459.0 362.0 443.0 364.0 442.0 357.0 458.0 355.0 Van 1
463.0 371.0 446.0 372.0 445.0 365.0 462.0 364.0 Van 1
470.0 387.0 453.0 391.0 451.0 383.0 468.0 379.0 Van 1
538.0 605.0 521.0 609.0 520.0 602.0 537.0 598.0 Van 1
536.0 596.0 515.0 600.0 514.0 592.0 534.0 588.0 Van 1
532.0 588.0 515.0 591.0 513.0 584.0 531.0 580.0 Van 1
527.0 570.0 512.0 573.0 511.0 567.0 526.0 564.0 Van 1
521.0 554.0 505.0 558.0 504.0 551.0 520.0 547.0 Van 1
515.0 539.0 500.0 542.0 498.0 535.0 513.0 531.0 Van 1
515.0 529.0 498.0 533.0 497.0 526.0 513.0 523.0 Van 1
492.0 463.0 475.0 467.0 473.0 460.0 490.0 456.0 Van 1
486.0 448.0 468.0 452.0 467.0 445.0 484.0 441.0 Van 1
482.0 437.0 468.0 440.0 467.0 434.0 481.0 432.0 Van 1
368.0 330.0 350.0 329.0 350.0 321.0 368.0 322.0 Van 1
369.0 381.0 352.0 384.0 351.0 377.0 368.0 374.0 Van 1
390.0 430.0 376.0 435.0 373.0 428.0 388.0 424.0 Van 1
394.0 440.0 378.0 445.0 376.0 438.0 392.0 434.0 Van 1
398.0 456.0 382.0 461.0 380.0 455.0 396.0 450.0 Van 1
400.0 483.0 389.0 487.0 387.0 481.0 398.0 477.0 Van 1
420.0 514.0 403.0 519.0 401.0 513.0 418.0 508.0 Van 1
424.0 533.0 407.0 536.0 405.0 529.0 423.0 526.0 Van 1
423.0 541.0 411.0 545.0 409.0 538.0 421.0 534.0 Van 1
428.0 550.0 414.0 554.0 412.0 547.0 427.0 543.0 Van 1
435.0 575.0 419.0 579.0 417.0 573.0 434.0 569.0 Van 1
441.0 582.0 426.0 587.0 423.0 581.0 439.0 576.0 Van 1
445.0 590.0 427.0 595.0 425.0 588.0 444.0 584.0 Van 1
389.0 588.0 371.0 593.0 369.0 586.0 387.0 581.0 Van 1
383.0 581.0 367.0 584.0 366.0 578.0 382.0 575.0 Van 1
381.0 573.0 365.0 575.0 364.0 569.0 380.0 566.0 Van 1
382.0 564.0 362.0 568.0 361.0 560.0 381.0 557.0 Van 1
374.0 546.0 356.0 551.0 354.0 543.0 372.0 539.0 Van 1
368.0 529.0 351.0 534.0 349.0 527.0 366.0 522.0 Van 1
363.0 521.0 347.0 526.0 346.0 520.0 362.0 515.0 Van 1
341.0 454.0 323.0 459.0 321.0 453.0 340.0 448.0 Van 1
338.0 447.0 320.0 451.0 318.0 444.0 337.0 440.0 Van 1
330.0 430.0 313.0 433.0 312.0 426.0 329.0 423.0 Van 1
333.0 411.0 313.0 415.0 312.0 408.0 331.0 404.0 Van 1
315.0 334.0 297.0 335.0 297.0 327.0 315.0 326.0 Van 1
321.0 317.0 297.0 318.0 296.0 309.0 321.0 309.0 Van 1
303.0 402.0 285.0 405.0 284.0 396.0 301.0 393.0 Van 1
316.0 450.0 300.0 455.0 298.0 448.0 314.0 444.0 Van 1
328.0 484.0 311.0 489.0 309.0 482.0 326.0 477.0 Van 1
343.0 526.0 327.0 530.0 325.0 523.0 342.0 519.0 Van 1
351.0 542.0 332.0 547.0 331.0 540.0 349.0 535.0 Van 1
364.0 585.0 351.0 589.0 349.0 583.0 362.0 580.0 Van 1
374.0 610.0 359.0 614.0 357.0 608.0 372.0 604.0 Van 1
324.0 612.0 306.0 617.0 305.0 611.0 322.0 606.0 Van 1
316.0 597.0 299.0 602.0 297.0 594.0 314.0 589.0 Van 1
282.0 485.0 261.0 491.0 259.0 484.0 280.0 478.0 Van 1
277.0 469.0 258.0 472.0 256.0 466.0 276.0 462.0 Van 1
265.0 443.0 249.0 447.0 247.0 441.0 263.0 437.0 Van 1
258.0 417.0 239.0 422.0 237.0 415.0 257.0 410.0 Van 1
261.0 407.0 235.0 412.0 233.0 402.0 259.0 396.0 Van 1
244.0 459.0 224.0 463.0 223.0 456.0 243.0 451.0 Van 1
248.0 466.0 230.0 472.0 228.0 465.0 246.0 460.0 Van 1
251.0 475.0 231.0 481.0 229.0 474.0 249.0 469.0 Van 1
263.0 508.0 246.0 513.0 244.0 506.0 261.0 502.0 Van 1
270.0 541.0 247.0 546.0 245.0 537.0 268.0 532.0 Van 1
270.0 554.0 258.0 556.0 257.0 550.0 268.0 547.0 Van 1
285.0 569.0 257.0 575.0 255.0 567.0 283.0 561.0 Van 1
287.0 586.0 268.0 591.0 266.0 584.0 285.0 579.0 Van 1
292.0 593.0 276.0 597.0 274.0 592.0 290.0 587.0 Van 1
269.0 663.0 249.0 670.0 247.0 663.0 267.0 656.0 Van 1
254.0 643.0 236.0 647.0 235.0 641.0 252.0 637.0 Van 1
241.0 600.0 226.0 605.0 224.0 600.0 239.0 594.0 Van 1
230.0 576.0 214.0 581.0 212.0 574.0 228.0 569.0 Van 1
210.0 516.0 193.0 521.0 191.0 515.0 208.0 510.0 Van 1
204.0 501.0 185.0 506.0 184.0 498.0 203.0 493.0 Van 1
201.0 491.0 185.0 495.0 183.0 488.0 200.0 484.0 Van 1
407.0 123.0 402.0 128.0 391.0 117.0 395.0 112.0 Van 1
565.0 506.0 559.0 509.0 553.0 496.0 560.0 493.0 Van 1
575.0 529.0 569.0 532.0 562.0 518.0 569.0 515.0 Van 1
583.0 548.0 576.0 551.0 570.0 537.0 577.0 534.0 Van 1
594.0 570.0 589.0 573.0 581.0 560.0 586.0 557.0 Van 1
603.0 589.0 597.0 591.0 592.0 578.0 597.0 576.0 Van 1
611.0 607.0 605.0 609.0 600.0 597.0 605.0 594.0 Van 1
657.0 731.0 651.0 733.0 647.0 719.0 653.0 717.0 Van 1
781.0 955.0 767.0 954.0 767.0 948.0 781.0 949.0 Van 1
