38.0 255.0 32.0 261.0 18.0 248.0 24.0 242.0 Van 1
67.0 252.0 60.0 257.0 45.0 238.0 52.0 233.0 Van 1
529.0 41.0 513.0 51.0 508.0 44.0 525.0 34.0 Van 1
450.0 118.0 443.0 120.0 438.0 107.0 445.0 104.0 Van 1
405.0 149.0 397.0 155.0 383.0 137.0 391.0 131.0 Van 1
328.0 338.0 320.0 343.0 309.0 329.0 317.0 323.0 Van 1
416.0 393.0 395.0 403.0 392.0 395.0 412.0 385.0 Van 1
418.0 443.0 399.0 453.0 396.0 446.0 414.0 436.0 Van 1
558.0 352.0 542.0 361.0 538.0 354.0 554.0 345.0 Van 1
464.0 669.0 457.0 674.0 445.0 659.0 452.0 654.0 Van 1
548.0 573.0 542.0 579.0 527.0 563.0 533.0 557.0 Van 1
158.0 172.0 150.0 179.0 136.0 163.0 144.0 157.0 Van 1
72.0 27.0 65.0 32.0 54.0 16.0 61.0 10.0 Van 1
115.0 110.0 107.0 116.0 93.0 97.0 101.0 92.0 Van 1
73.0 478.0 67.0 484.0 54.0 469.0 60.0 464.0 Van 1
