778.0 886.0 770.0 887.0 770.0 870.0 777.0 870.0 Van 1
773.0 840.0 765.0 841.0 765.0 825.0 772.0 825.0 Van 1
472.0 700.0 455.0 711.0 451.0 704.0 468.0 693.0 Van 1
474.0 587.0 454.0 587.0 454.0 581.0 474.0 581.0 Van 1
537.0 616.0 528.0 617.0 527.0 600.0 536.0 600.0 Van 1
611.0 575.0 604.0 580.0 594.0 566.0 600.0 561.0 Van 1
611.0 547.0 601.0 547.0 600.0 529.0 611.0 529.0 Van 1
497.0 548.0 488.0 548.0 488.0 531.0 497.0 531.0 Van 1
996.0 97.0 990.0 103.0 977.0 89.0 983.0 83.0 Van 1
576.0 121.0 574.0 137.0 566.0 136.0 567.0 120.0 Van 1
891.0 339.0 869.0 342.0 868.0 335.0 890.0 332.0 Van 1
