39.0 8.0 36.0 15.0 17.0 8.0 19.0 1.0 Van 1
182.0 89.0 180.0 95.0 160.0 88.0 162.0 82.0 Van 1
282.0 18.0 276.0 18.0 275.0 2.0 282.0 2.0 Van 1
290.0 113.0 283.0 117.0 275.0 103.0 282.0 99.0 Van 1
520.0 176.0 517.0 183.0 497.0 175.0 500.0 168.0 Van 1
190.0 152.0 183.0 157.0 171.0 142.0 179.0 136.0 Van 1
93.0 381.0 68.0 381.0 68.0 374.0 93.0 374.0 Van 1
147.0 381.0 122.0 381.0 122.0 374.0 147.0 374.0 Van 1
457.0 240.0 454.0 247.0 428.0 238.0 430.0 231.0 Van 1
89.0 487.0 79.0 487.0 80.0 473.0 89.0 473.0 Van 1
