780.0 480.0 761.0 478.0 761.0 471.0 780.0 473.0 Van 1
736.0 492.0 724.0 505.0 718.0 499.0 729.0 486.0 Van 1
746.0 291.0 740.0 299.0 733.0 294.0 739.0 285.0 Van 1
738.0 301.0 726.0 316.0 718.0 310.0 730.0 295.0 Van 1
523.0 535.0 510.0 551.0 503.0 545.0 515.0 529.0 Van 1
370.0 136.0 366.0 143.0 351.0 133.0 355.0 127.0 Van 1
384.0 121.0 381.0 127.0 365.0 117.0 369.0 111.0 Van 1
733.0 273.0 717.0 291.0 710.0 284.0 725.0 266.0 Van 1
232.0 426.0 228.0 433.0 213.0 423.0 217.0 417.0 Van 1
159.0 375.0 147.0 389.0 140.0 383.0 152.0 369.0 Van 1
77.0 416.0 72.0 432.0 63.0 429.0 69.0 413.0 Van 1
46.0 248.0 31.0 261.0 25.0 254.0 40.0 241.0 Van 1
72.0 206.0 68.0 212.0 47.0 201.0 51.0 195.0 Van 1
454.0 405.0 451.0 411.0 433.0 401.0 436.0 395.0 Van 1
489.0 448.0 486.0 455.0 465.0 444.0 469.0 437.0 Van 1
453.0 530.0 449.0 536.0 431.0 525.0 435.0 519.0 Van 1
