673.0 742.0 666.0 761.0 657.0 758.0 662.0 739.0 Van 1
792.0 373.0 787.0 389.0 774.0 385.0 780.0 369.0 Van 1
647.0 167.0 645.0 174.0 627.0 170.0 629.0 162.0 Van 1
749.0 32.0 740.0 31.0 741.0 26.0 749.0 27.0 Van 1
866.0 51.0 865.0 56.0 850.0 53.0 851.0 48.0 Van 1
607.0 407.0 606.0 414.0 596.0 413.0 596.0 406.0 Van 1
643.0 836.0 638.0 851.0 630.0 849.0 635.0 834.0 Van 1
465.0 890.0 452.0 890.0 454.0 883.0 465.0 884.0 Van 1
427.0 912.0 419.0 913.0 419.0 899.0 427.0 899.0 Van 1
501.0 925.0 482.0 925.0 482.0 918.0 501.0 917.0 Van 1
279.0 977.0 271.0 978.0 270.0 961.0 278.0 960.0 Van 1
194.0 922.0 188.0 936.0 181.0 933.0 188.0 919.0 Van 1
163.0 943.0 156.0 946.0 150.0 933.0 156.0 930.0 Van 1
999.0 911.0 994.0 927.0 987.0 925.0 992.0 909.0 Van 1
983.0 432.0 980.0 446.0 974.0 445.0 976.0 431.0 Van 1
975.0 468.0 972.0 482.0 964.0 481.0 967.0 467.0 Van 1
960.0 514.0 956.0 530.0 949.0 528.0 954.0 512.0 Van 1
947.0 567.0 942.0 584.0 934.0 581.0 939.0 565.0 Van 1
927.0 635.0 923.0 652.0 916.0 650.0 920.0 633.0 Van 1
915.0 677.0 912.0 691.0 905.0 690.0 908.0 675.0 Van 1
912.0 695.0 908.0 711.0 900.0 709.0 904.0 693.0 Van 1
892.0 762.0 890.0 776.0 883.0 775.0 885.0 761.0 Van 1
887.0 782.0 883.0 799.0 876.0 797.0 879.0 781.0 Van 1
848.0 813.0 845.0 828.0 838.0 826.0 841.0 812.0 Van 1
861.0 767.0 857.0 781.0 851.0 779.0 854.0 766.0 Van 1
877.0 712.0 872.0 730.0 865.0 729.0 869.0 711.0 Van 1
822.0 830.0 820.0 838.0 803.0 833.0 805.0 825.0 Van 1
825.0 780.0 824.0 786.0 809.0 784.0 810.0 777.0 Van 1
840.0 728.0 838.0 736.0 819.0 732.0 821.0 725.0 Van 1
835.0 675.0 834.0 682.0 817.0 679.0 819.0 672.0 Van 1
812.0 671.0 812.0 679.0 793.0 676.0 794.0 669.0 Van 1
499.0 803.0 497.0 810.0 481.0 805.0 482.0 799.0 Van 1
477.0 799.0 476.0 807.0 459.0 803.0 461.0 795.0 Van 1
457.0 795.0 456.0 803.0 436.0 799.0 437.0 791.0 Van 1
519.0 765.0 517.0 772.0 499.0 767.0 500.0 760.0 Van 1
629.0 735.0 624.0 749.0 615.0 746.0 620.0 732.0 Van 1
647.0 709.0 647.0 716.0 629.0 711.0 631.0 704.0 Van 1
611.0 656.0 606.0 671.0 598.0 669.0 604.0 654.0 Van 1
715.0 542.0 713.0 549.0 696.0 545.0 697.0 538.0 Van 1
680.0 529.0 677.0 535.0 662.0 532.0 662.0 525.0 Van 1
653.0 513.0 652.0 519.0 635.0 519.0 635.0 512.0 Van 1
179.0 450.0 172.0 475.0 160.0 472.0 166.0 446.0 Van 1
165.0 449.0 158.0 475.0 146.0 472.0 151.0 446.0 Van 1
148.0 448.0 142.0 473.0 130.0 470.0 136.0 444.0 Van 1
384.0 769.0 381.0 785.0 374.0 783.0 376.0 767.0 Van 1
397.0 725.0 394.0 742.0 386.0 741.0 389.0 724.0 Van 1
429.0 716.0 424.0 733.0 416.0 731.0 421.0 714.0 Van 1
437.0 578.0 435.0 594.0 426.0 592.0 429.0 576.0 Van 1
443.0 560.0 439.0 574.0 431.0 572.0 436.0 558.0 Van 1
463.0 490.0 459.0 505.0 450.0 502.0 455.0 487.0 Van 1
512.0 414.0 509.0 429.0 501.0 427.0 506.0 411.0 Van 1
996.0 986.0 994.0 993.0 975.0 988.0 976.0 981.0 Van 1
972.0 980.0 970.0 987.0 947.0 980.0 950.0 973.0 Van 1
947.0 973.0 945.0 981.0 922.0 973.0 925.0 964.0 Van 1
919.0 940.0 917.0 946.0 901.0 943.0 902.0 936.0 Van 1
882.0 955.0 880.0 962.0 864.0 957.0 866.0 950.0 Van 1
774.0 902.0 773.0 908.0 755.0 905.0 757.0 899.0 Van 1
754.0 898.0 752.0 905.0 735.0 901.0 737.0 894.0 Van 1
736.0 894.0 734.0 901.0 717.0 897.0 718.0 890.0 Van 1
563.0 892.0 562.0 898.0 545.0 897.0 545.0 890.0 Van 1
518.0 887.0 517.0 894.0 499.0 893.0 499.0 886.0 Van 1
502.0 867.0 484.0 867.0 484.0 860.0 502.0 860.0 Van 1
494.0 885.0 493.0 892.0 475.0 890.0 476.0 883.0 Van 1
316.0 860.0 301.0 861.0 300.0 855.0 316.0 854.0 Van 1
268.0 866.0 247.0 868.0 246.0 860.0 267.0 858.0 Van 1
301.0 887.0 283.0 887.0 283.0 880.0 301.0 879.0 Van 1
927.0 349.0 926.0 356.0 906.0 354.0 907.0 346.0 Van 1
781.0 321.0 779.0 328.0 763.0 325.0 764.0 318.0 Van 1
762.0 318.0 761.0 324.0 743.0 321.0 744.0 315.0 Van 1
736.0 312.0 734.0 320.0 715.0 317.0 716.0 309.0 Van 1
681.0 301.0 677.0 312.0 641.0 303.0 644.0 292.0 Van 1
934.0 294.0 932.0 302.0 913.0 300.0 914.0 292.0 Van 1
938.0 276.0 937.0 283.0 917.0 281.0 919.0 273.0 Van 1
990.0 221.0 973.0 228.0 971.0 221.0 987.0 214.0 Van 1
827.0 260.0 825.0 267.0 805.0 261.0 807.0 254.0 Van 1
808.0 232.0 807.0 239.0 789.0 236.0 790.0 229.0 Van 1
752.0 209.0 736.0 209.0 736.0 202.0 752.0 203.0 Van 1
761.0 164.0 758.0 178.0 752.0 177.0 755.0 163.0 Van 1
658.0 238.0 657.0 244.0 641.0 242.0 642.0 236.0 Van 1
587.0 168.0 585.0 181.0 579.0 180.0 581.0 166.0 Van 1
612.0 31.0 608.0 46.0 601.0 44.0 605.0 29.0 Van 1
434.0 45.0 430.0 63.0 421.0 60.0 425.0 42.0 Van 1
342.0 21.0 336.0 43.0 327.0 41.0 333.0 19.0 Van 1
329.0 19.0 326.0 38.0 316.0 37.0 319.0 17.0 Van 1
309.0 14.0 306.0 33.0 297.0 32.0 300.0 13.0 Van 1
286.0 9.0 282.0 28.0 273.0 25.0 278.0 7.0 Van 1
276.0 8.0 269.0 29.0 260.0 26.0 267.0 5.0 Van 1
286.0 225.0 285.0 232.0 267.0 230.0 268.0 222.0 Van 1
86.0 19.0 83.0 26.0 61.0 17.0 64.0 9.0 Van 1
992.0 59.0 991.0 66.0 972.0 63.0 974.0 55.0 Van 1
