246.0 96.0 239.0 100.0 232.0 85.0 239.0 81.0 Van 1
265.0 177.0 258.0 181.0 250.0 166.0 257.0 163.0 Van 1
292.0 226.0 286.0 229.0 279.0 214.0 285.0 211.0 Van 1
284.0 330.0 270.0 340.0 266.0 334.0 280.0 324.0 Van 1
333.0 313.0 317.0 325.0 312.0 319.0 328.0 307.0 Van 1
385.0 276.0 372.0 285.0 368.0 280.0 381.0 270.0 Van 1
908.0 795.0 904.0 800.0 892.0 790.0 896.0 785.0 Van 1
897.0 134.0 892.0 140.0 874.0 125.0 880.0 119.0 Van 1
193.0 921.0 176.0 927.0 173.0 920.0 190.0 914.0 Van 1
184.0 914.0 169.0 919.0 167.0 913.0 183.0 907.0 Van 1
238.0 622.0 224.0 629.0 220.0 624.0 234.0 614.0 Van 1
176.0 588.0 175.0 595.0 160.0 593.0 161.0 586.0 Van 1
350.0 372.0 337.0 383.0 332.0 377.0 346.0 366.0 Van 1
553.0 670.0 546.0 673.0 538.0 658.0 544.0 654.0 Van 1
