269.0 706.0 268.0 713.0 245.0 712.0 246.0 705.0 Van 1
328.0 353.0 327.0 361.0 307.0 359.0 308.0 352.0 Van 1
303.0 329.0 277.0 330.0 277.0 323.0 303.0 323.0 Van 1
378.0 351.0 359.0 351.0 359.0 346.0 378.0 346.0 Van 1
447.0 326.0 439.0 331.0 430.0 315.0 438.0 310.0 Van 1
216.0 212.0 215.0 232.0 205.0 231.0 207.0 211.0 Van 1
204.0 342.0 196.0 342.0 196.0 326.0 204.0 326.0 Van 1
275.0 237.0 274.0 253.0 266.0 253.0 267.0 237.0 Van 1
164.0 380.0 143.0 380.0 144.0 374.0 164.0 375.0 Van 1
187.0 544.0 186.0 560.0 178.0 559.0 179.0 544.0 Van 1
79.0 509.0 71.0 509.0 71.0 494.0 79.0 494.0 Van 1
226.0 691.0 217.0 691.0 217.0 672.0 226.0 672.0 Van 1
228.0 646.0 227.0 667.0 218.0 667.0 219.0 645.0 Van 1
103.0 59.0 101.0 78.0 91.0 77.0 93.0 58.0 Van 1
