152.0 461.0 148.0 466.0 136.0 457.0 140.0 452.0 Van 1
65.0 76.0 61.0 82.0 49.0 73.0 53.0 67.0 Van 1
83.0 63.0 80.0 68.0 65.0 58.0 69.0 53.0 Van 1
101.0 49.0 96.0 55.0 81.0 45.0 85.0 39.0 Van 1
232.0 84.0 227.0 96.0 221.0 93.0 226.0 81.0 Van 1
224.0 98.0 218.0 110.0 211.0 107.0 218.0 94.0 Van 1
218.0 113.0 210.0 127.0 203.0 123.0 211.0 109.0 Van 1
435.0 147.0 430.0 153.0 417.0 143.0 421.0 137.0 Van 1
411.0 180.0 409.0 186.0 390.0 180.0 393.0 174.0 Van 1
554.0 230.0 545.0 245.0 537.0 240.0 547.0 225.0 Van 1
577.0 243.0 573.0 249.0 555.0 238.0 559.0 232.0 Van 1
608.0 234.0 598.0 247.0 593.0 243.0 603.0 230.0 Van 1
713.0 291.0 701.0 305.0 695.0 300.0 707.0 286.0 Van 1
527.0 510.0 516.0 525.0 510.0 521.0 522.0 506.0 Van 1
778.0 578.0 775.0 583.0 758.0 575.0 761.0 570.0 Van 1
752.0 71.0 749.0 79.0 723.0 71.0 725.0 64.0 Van 1
704.0 72.0 698.0 88.0 691.0 85.0 697.0 69.0 Van 1
636.0 105.0 632.0 118.0 624.0 116.0 628.0 103.0 Van 1
486.0 60.0 466.0 73.0 462.0 67.0 482.0 54.0 Van 1
463.0 46.0 447.0 60.0 442.0 54.0 458.0 40.0 Van 1
571.0 38.0 564.0 51.0 558.0 47.0 565.0 34.0 Van 1
581.0 40.0 575.0 54.0 567.0 51.0 572.0 37.0 Van 1
648.0 514.0 644.0 520.0 631.0 512.0 634.0 507.0 Van 1
