20.0 31.0 18.0 38.0 1.0 31.0 3.0 24.0 Van 1
41.0 37.0 37.0 45.0 21.0 39.0 24.0 31.0 Van 1
190.0 132.0 185.0 137.0 172.0 125.0 178.0 120.0 Van 1
172.0 137.0 166.0 144.0 147.0 126.0 153.0 119.0 Van 1
264.0 224.0 257.0 228.0 247.0 209.0 255.0 205.0 Van 1
296.0 299.0 289.0 301.0 285.0 289.0 292.0 287.0 Van 1
299.0 313.0 292.0 315.0 288.0 302.0 294.0 300.0 Van 1
305.0 334.0 297.0 336.0 294.0 317.0 301.0 315.0 Van 1
305.0 355.0 298.0 355.0 298.0 340.0 305.0 340.0 Van 1
307.0 372.0 300.0 372.0 299.0 357.0 306.0 357.0 Van 1
241.0 700.0 238.0 718.0 231.0 716.0 234.0 698.0 Van 1
242.0 800.0 232.0 800.0 232.0 791.0 242.0 791.0 Van 1
