603.0 189.0 583.0 200.0 579.0 192.0 599.0 181.0 Van 1
454.0 276.0 449.0 282.0 436.0 271.0 441.0 265.0 Van 1
502.0 313.0 497.0 319.0 482.0 307.0 488.0 301.0 Van 1
520.0 329.0 514.0 335.0 499.0 321.0 505.0 315.0 Van 1
532.0 340.0 527.0 345.0 520.0 338.0 524.0 333.0 Van 1
636.0 411.0 631.0 417.0 616.0 405.0 621.0 399.0 Van 1
735.0 475.0 729.0 482.0 713.0 468.0 718.0 461.0 Van 1
757.0 487.0 751.0 494.0 736.0 482.0 743.0 475.0 Van 1
703.0 357.0 687.0 367.0 683.0 361.0 699.0 351.0 Van 1
730.0 342.0 713.0 353.0 708.0 347.0 724.0 336.0 Van 1
757.0 325.0 737.0 339.0 733.0 332.0 753.0 319.0 Van 1
796.0 88.0 789.0 95.0 771.0 79.0 778.0 72.0 Van 1
218.0 81.0 213.0 87.0 201.0 76.0 206.0 71.0 Van 1
469.0 487.0 449.0 502.0 443.0 494.0 462.0 479.0 Van 1
411.0 501.0 400.0 502.0 399.0 487.0 409.0 486.0 Van 1
93.0 427.0 86.0 443.0 77.0 439.0 84.0 423.0 Van 1
121.0 449.0 114.0 465.0 105.0 462.0 112.0 445.0 Van 1
129.0 457.0 125.0 472.0 115.0 470.0 120.0 454.0 Van 1
135.0 415.0 111.0 416.0 111.0 409.0 134.0 407.0 Van 1
71.0 383.0 66.0 388.0 51.0 375.0 57.0 369.0 Van 1
183.0 418.0 179.0 424.0 166.0 412.0 171.0 406.0 Van 1
187.0 388.0 180.0 395.0 164.0 380.0 171.0 373.0 Van 1
220.0 395.0 213.0 402.0 201.0 389.0 207.0 383.0 Van 1
182.0 366.0 177.0 372.0 162.0 361.0 167.0 354.0 Van 1
237.0 305.0 216.0 318.0 210.0 310.0 232.0 296.0 Van 1
313.0 288.0 301.0 297.0 297.0 291.0 309.0 282.0 Van 1
276.0 256.0 263.0 268.0 257.0 262.0 270.0 250.0 Van 1
235.0 232.0 220.0 241.0 216.0 234.0 231.0 225.0 Van 1
224.0 216.0 208.0 227.0 203.0 219.0 219.0 208.0 Van 1
206.0 201.0 187.0 215.0 182.0 207.0 199.0 193.0 Van 1
100.0 170.0 78.0 185.0 74.0 178.0 95.0 163.0 Van 1
63.0 140.0 46.0 150.0 42.0 143.0 60.0 133.0 Van 1
129.0 145.0 111.0 156.0 106.0 150.0 123.0 138.0 Van 1
93.0 119.0 76.0 129.0 72.0 123.0 89.0 113.0 Van 1
87.0 111.0 68.0 124.0 63.0 117.0 82.0 104.0 Van 1
77.0 104.0 58.0 114.0 55.0 108.0 73.0 98.0 Van 1
57.0 88.0 42.0 100.0 38.0 94.0 53.0 82.0 Van 1
47.0 83.0 32.0 93.0 28.0 87.0 43.0 77.0 Van 1
