784.0 427.0 783.0 436.0 760.0 436.0 760.0 426.0 Van 1
884.0 401.0 863.0 400.0 864.0 392.0 884.0 392.0 Van 1
948.0 375.0 925.0 375.0 925.0 365.0 948.0 365.0 Van 1
946.0 403.0 927.0 403.0 927.0 393.0 946.0 394.0 Van 1
780.0 583.0 779.0 592.0 760.0 592.0 760.0 583.0 Van 1
847.0 651.0 824.0 652.0 824.0 641.0 847.0 641.0 Van 1
884.0 642.0 862.0 642.0 861.0 632.0 884.0 631.0 Van 1
423.0 394.0 422.0 405.0 398.0 404.0 398.0 393.0 Van 1
26.0 559.0 16.0 559.0 16.0 544.0 26.0 544.0 Van 1
46.0 396.0 25.0 396.0 25.0 389.0 46.0 388.0 Van 1
