361.0 34.0 352.0 34.0 350.0 18.0 360.0 17.0 Van 1
367.0 57.0 353.0 58.0 353.0 38.0 366.0 38.0 Van 1
349.0 128.0 338.0 130.0 335.0 113.0 346.0 111.0 Van 1
393.0 198.0 383.0 200.0 380.0 184.0 389.0 182.0 Van 1
58.0 244.0 47.0 246.0 43.0 227.0 54.0 225.0 Van 1
230.0 267.0 210.0 269.0 209.0 262.0 229.0 260.0 Van 1
269.0 283.0 247.0 287.0 246.0 279.0 268.0 276.0 Van 1
387.0 334.0 376.0 335.0 374.0 320.0 385.0 318.0 Van 1
119.0 422.0 93.0 427.0 91.0 420.0 117.0 415.0 Van 1
104.0 654.0 83.0 655.0 82.0 648.0 103.0 647.0 Van 1
119.0 788.0 109.0 791.0 103.0 773.0 113.0 770.0 Van 1
290.0 535.0 284.0 536.0 282.0 521.0 288.0 520.0 Van 1
312.0 636.0 287.0 637.0 287.0 630.0 311.0 629.0 Van 1
335.0 718.0 325.0 719.0 324.0 704.0 334.0 703.0 Van 1
413.0 484.0 401.0 485.0 399.0 469.0 411.0 468.0 Van 1
377.0 516.0 351.0 519.0 350.0 511.0 376.0 508.0 Van 1
459.0 752.0 448.0 755.0 443.0 738.0 454.0 735.0 Van 1
556.0 236.0 535.0 237.0 534.0 229.0 556.0 228.0 Van 1
350.0 45.0 339.0 46.0 338.0 29.0 349.0 28.0 Van 1
