600.0 30.0 584.0 23.0 588.0 16.0 600.0 21.0 Van 1
357.0 53.0 355.0 59.0 334.0 50.0 337.0 43.0 Van 1
383.0 61.0 379.0 70.0 359.0 61.0 363.0 52.0 Van 1
355.0 103.0 353.0 111.0 333.0 104.0 335.0 97.0 Van 1
363.0 161.0 355.0 177.0 342.0 170.0 350.0 154.0 Van 1
588.0 175.0 580.0 189.0 574.0 185.0 581.0 171.0 Van 1
162.0 429.0 152.0 446.0 143.0 440.0 154.0 423.0 Van 1
173.0 473.0 164.0 489.0 158.0 485.0 166.0 469.0 Van 1
325.0 432.0 323.0 439.0 303.0 432.0 306.0 425.0 Van 1
125.0 691.0 121.0 698.0 102.0 687.0 106.0 680.0 Van 1
