89.0 6.0 82.0 6.0 82.0 0.0 89.0 0.0 Van 1
80.0 98.0 79.0 117.0 70.0 117.0 71.0 98.0 Van 1
91.0 131.0 90.0 146.0 82.0 146.0 83.0 131.0 Van 1
74.0 166.0 71.0 186.0 62.0 185.0 65.0 165.0 Van 1
89.0 304.0 82.0 304.0 82.0 290.0 89.0 290.0 Van 1
82.0 378.0 75.0 378.0 75.0 362.0 82.0 363.0 Van 1
112.0 441.0 94.0 441.0 94.0 435.0 112.0 435.0 Van 1
690.0 731.0 671.0 729.0 671.0 724.0 690.0 725.0 Van 1
594.0 723.0 575.0 723.0 575.0 716.0 594.0 715.0 Van 1
571.0 716.0 570.0 723.0 551.0 722.0 551.0 715.0 Van 1
481.0 709.0 480.0 716.0 460.0 715.0 460.0 708.0 Van 1
489.0 680.0 488.0 687.0 467.0 686.0 468.0 679.0 Van 1
389.0 681.0 371.0 680.0 372.0 672.0 389.0 674.0 Van 1
368.0 672.0 367.0 680.0 347.0 678.0 347.0 670.0 Van 1
337.0 676.0 319.0 676.0 319.0 669.0 337.0 670.0 Van 1
306.0 667.0 305.0 674.0 287.0 672.0 287.0 665.0 Van 1
338.0 686.0 337.0 692.0 320.0 691.0 320.0 684.0 Van 1
253.0 700.0 234.0 699.0 234.0 692.0 253.0 693.0 Van 1
286.0 695.0 285.0 702.0 267.0 701.0 268.0 694.0 Van 1
379.0 701.0 378.0 708.0 360.0 707.0 360.0 699.0 Van 1
404.0 704.0 403.0 710.0 385.0 708.0 386.0 702.0 Van 1
430.0 712.0 411.0 710.0 411.0 704.0 430.0 706.0 Van 1
428.0 699.0 410.0 698.0 410.0 692.0 428.0 693.0 Van 1
205.0 688.0 204.0 694.0 187.0 694.0 188.0 688.0 Van 1
150.0 692.0 130.0 691.0 130.0 683.0 150.0 684.0 Van 1
156.0 278.0 135.0 276.0 135.0 269.0 156.0 270.0 Van 1
303.0 245.0 295.0 244.0 296.0 227.0 303.0 228.0 Van 1
341.0 247.0 333.0 247.0 333.0 230.0 341.0 231.0 Van 1
405.0 233.0 404.0 249.0 396.0 248.0 397.0 233.0 Van 1
529.0 278.0 511.0 277.0 511.0 270.0 529.0 271.0 Van 1
663.0 24.0 662.0 39.0 654.0 38.0 656.0 24.0 Van 1
743.0 34.0 719.0 32.0 719.0 25.0 743.0 26.0 Van 1
735.0 36.0 734.0 42.0 719.0 40.0 720.0 34.0 Van 1
763.0 56.0 762.0 72.0 754.0 71.0 755.0 56.0 Van 1
849.0 36.0 829.0 36.0 829.0 29.0 849.0 29.0 Van 1
689.0 153.0 681.0 153.0 681.0 139.0 689.0 139.0 Van 1
902.0 151.0 896.0 156.0 885.0 143.0 891.0 138.0 Van 1
899.0 169.0 897.0 175.0 879.0 168.0 881.0 162.0 Van 1
992.0 434.0 988.0 448.0 981.0 446.0 985.0 432.0 Van 1
763.0 426.0 744.0 425.0 744.0 419.0 763.0 420.0 Van 1
900.0 538.0 877.0 538.0 877.0 531.0 900.0 531.0 Van 1
891.0 653.0 873.0 653.0 873.0 646.0 891.0 646.0 Van 1
551.0 647.0 545.0 647.0 545.0 631.0 551.0 631.0 Van 1
524.0 664.0 517.0 667.0 510.0 650.0 518.0 648.0 Van 1
313.0 484.0 292.0 484.0 292.0 478.0 313.0 478.0 Van 1
315.0 473.0 299.0 472.0 299.0 467.0 315.0 467.0 Van 1
11.0 403.0 11.0 409.0 0.0 407.0 0.0 401.0 Van 1
18.0 487.0 18.0 494.0 0.0 493.0 0.0 487.0 Van 1
