54.0 865.0 35.0 864.0 35.0 859.0 54.0 859.0 Van 1
73.0 844.0 53.0 844.0 53.0 837.0 73.0 837.0 Van 1
716.0 846.0 689.0 846.0 689.0 837.0 716.0 838.0 Van 1
693.0 896.0 684.0 896.0 683.0 880.0 692.0 880.0 Van 1
521.0 928.0 513.0 928.0 511.0 911.0 519.0 910.0 Van 1
201.0 771.0 200.0 787.0 193.0 786.0 194.0 770.0 Van 1
35.0 665.0 25.0 664.0 25.0 650.0 35.0 650.0 Van 1
6.0 46.0 0.0 46.0 0.0 30.0 6.0 30.0 Van 1
131.0 76.0 105.0 76.0 105.0 68.0 131.0 68.0 Van 1
159.0 75.0 139.0 75.0 139.0 68.0 159.0 68.0 Van 1
8.0 805.0 0.0 805.0 0.0 790.0 8.0 790.0 Van 1
800.0 618.0 779.0 618.0 779.0 612.0 800.0 611.0 Van 1
