702.0 776.0 699.0 782.0 686.0 774.0 690.0 768.0 Van 1
425.0 25.0 413.0 43.0 405.0 37.0 417.0 19.0 Van 1
646.0 12.0 635.0 29.0 628.0 24.0 639.0 8.0 Van 1
980.0 436.0 977.0 442.0 962.0 435.0 965.0 429.0 Van 1
840.0 376.0 837.0 381.0 823.0 375.0 825.0 370.0 Van 1
836.0 324.0 833.0 330.0 815.0 322.0 818.0 315.0 Van 1
808.0 278.0 799.0 292.0 792.0 288.0 801.0 273.0 Van 1
717.0 273.0 713.0 281.0 700.0 274.0 704.0 266.0 Van 1
698.0 313.0 695.0 320.0 681.0 312.0 685.0 306.0 Van 1
648.0 242.0 645.0 249.0 630.0 242.0 633.0 235.0 Van 1
628.0 234.0 624.0 240.0 608.0 232.0 611.0 226.0 Van 1
562.0 204.0 559.0 210.0 542.0 202.0 544.0 196.0 Van 1
401.0 133.0 398.0 140.0 381.0 131.0 384.0 125.0 Van 1
377.0 121.0 374.0 128.0 358.0 121.0 361.0 114.0 Van 1
574.0 408.0 557.0 422.0 551.0 415.0 568.0 401.0 Van 1
731.0 547.0 728.0 554.0 711.0 545.0 715.0 538.0 Van 1
774.0 525.0 765.0 539.0 758.0 535.0 767.0 521.0 Van 1
825.0 554.0 816.0 567.0 810.0 562.0 818.0 550.0 Van 1
849.0 565.0 837.0 579.0 831.0 574.0 843.0 560.0 Van 1
1000.0 711.0 988.0 705.0 991.0 697.0 1000.0 702.0 Van 1
1000.0 806.0 984.0 798.0 987.0 791.0 1000.0 798.0 Van 1
670.0 760.0 667.0 766.0 652.0 759.0 655.0 753.0 Van 1
94.0 957.0 90.0 964.0 78.0 958.0 81.0 951.0 Van 1
221.0 973.0 217.0 981.0 200.0 973.0 203.0 965.0 Van 1
376.0 971.0 374.0 976.0 361.0 971.0 364.0 965.0 Van 1
370.0 978.0 366.0 984.0 356.0 978.0 360.0 972.0 Van 1
327.0 938.0 324.0 945.0 307.0 938.0 310.0 931.0 Van 1
370.0 733.0 361.0 746.0 353.0 740.0 362.0 727.0 Van 1
391.0 732.0 381.0 734.0 377.0 718.0 387.0 715.0 Van 1
559.0 713.0 555.0 719.0 539.0 710.0 542.0 704.0 Van 1
499.0 641.0 495.0 648.0 477.0 640.0 480.0 632.0 Van 1
465.0 563.0 457.0 575.0 450.0 569.0 458.0 558.0 Van 1
372.0 631.0 368.0 639.0 349.0 628.0 353.0 620.0 Van 1
295.0 133.0 290.0 141.0 271.0 131.0 276.0 123.0 Van 1
266.0 119.0 261.0 128.0 240.0 117.0 245.0 108.0 Van 1
212.0 97.0 207.0 106.0 184.0 95.0 189.0 85.0 Van 1
