763.0 492.0 756.0 498.0 741.0 481.0 747.0 475.0 Van 1
339.0 279.0 324.0 288.0 320.0 281.0 335.0 272.0 Van 1
686.0 111.0 679.0 115.0 670.0 101.0 677.0 96.0 Van 1
195.0 591.0 178.0 599.0 175.0 593.0 192.0 584.0 Van 1
188.0 583.0 173.0 591.0 170.0 585.0 186.0 577.0 Van 1
182.0 576.0 168.0 583.0 164.0 575.0 178.0 568.0 Van 1
52.0 448.0 47.0 454.0 32.0 441.0 36.0 435.0 Van 1
40.0 451.0 34.0 458.0 22.0 447.0 28.0 440.0 Van 1
338.0 394.0 317.0 397.0 316.0 389.0 337.0 387.0 Van 1
367.0 431.0 346.0 432.0 345.0 424.0 366.0 422.0 Van 1
360.0 388.0 352.0 400.0 345.0 396.0 353.0 384.0 Van 1
330.0 385.0 311.0 387.0 310.0 380.0 329.0 378.0 Van 1
341.0 359.0 329.0 373.0 323.0 367.0 335.0 353.0 Van 1
316.0 367.0 295.0 370.0 294.0 362.0 316.0 360.0 Van 1
294.0 339.0 277.0 341.0 276.0 333.0 294.0 332.0 Van 1
390.0 364.0 371.0 368.0 369.0 361.0 388.0 357.0 Van 1
546.0 230.0 539.0 236.0 523.0 219.0 531.0 212.0 Van 1
