117.0 70.0 94.0 71.0 94.0 64.0 117.0 63.0 Van 1
91.0 69.0 70.0 69.0 70.0 62.0 91.0 61.0 Van 1
489.0 19.0 467.0 18.0 468.0 10.0 489.0 10.0 Van 1
231.0 247.0 230.0 256.0 207.0 254.0 208.0 245.0 Van 1
361.0 272.0 340.0 273.0 339.0 265.0 361.0 264.0 Van 1
377.0 254.0 355.0 254.0 355.0 247.0 377.0 247.0 Van 1
35.0 368.0 27.0 368.0 27.0 352.0 34.0 351.0 Van 1
237.0 361.0 213.0 361.0 212.0 354.0 237.0 353.0 Van 1
72.0 443.0 49.0 442.0 50.0 434.0 72.0 434.0 Van 1
48.0 491.0 29.0 490.0 30.0 484.0 48.0 484.0 Van 1
135.0 644.0 110.0 643.0 111.0 634.0 135.0 635.0 Van 1
370.0 293.0 360.0 308.0 352.0 302.0 363.0 287.0 Van 1
414.0 559.0 399.0 559.0 399.0 554.0 414.0 553.0 Van 1
424.0 685.0 408.0 695.0 403.0 688.0 418.0 678.0 Van 1
514.0 690.0 513.0 707.0 503.0 707.0 505.0 690.0 Van 1
512.0 714.0 511.0 732.0 503.0 731.0 504.0 714.0 Van 1
529.0 763.0 518.0 763.0 518.0 745.0 528.0 745.0 Van 1
600.0 509.0 581.0 510.0 581.0 503.0 600.0 503.0 Van 1
