988.0 594.0 970.0 601.0 966.0 590.0 984.0 584.0 Van 1
967.0 435.0 959.0 439.0 951.0 422.0 960.0 419.0 Van 1
542.0 389.0 527.0 399.0 523.0 393.0 538.0 383.0 Van 1
648.0 385.0 642.0 392.0 630.0 380.0 636.0 374.0 Van 1
661.0 382.0 655.0 389.0 640.0 374.0 647.0 368.0 Van 1
168.0 303.0 163.0 311.0 147.0 300.0 153.0 292.0 Van 1
24.0 611.0 13.0 622.0 7.0 616.0 17.0 604.0 Van 1
106.0 608.0 97.0 623.0 90.0 618.0 100.0 604.0 Van 1
175.0 653.0 158.0 661.0 155.0 654.0 172.0 646.0 Van 1
165.0 835.0 158.0 837.0 155.0 821.0 162.0 820.0 Van 1
999.0 769.0 991.0 783.0 982.0 777.0 990.0 764.0 Van 1
969.0 754.0 958.0 767.0 951.0 762.0 962.0 748.0 Van 1
951.0 896.0 941.0 912.0 933.0 907.0 943.0 891.0 Van 1
132.0 626.0 123.0 640.0 116.0 635.0 125.0 621.0 Van 1
