142.0 133.0 121.0 134.0 121.0 128.0 142.0 127.0 Van 1
113.0 209.0 104.0 209.0 103.0 196.0 113.0 195.0 Van 1
98.0 209.0 89.0 210.0 88.0 194.0 97.0 193.0 Van 1
34.0 402.0 31.0 424.0 21.0 422.0 24.0 401.0 Van 1
386.0 409.0 378.0 410.0 377.0 396.0 384.0 395.0 Van 1
702.0 514.0 693.0 514.0 694.0 498.0 702.0 499.0 Van 1
408.0 135.0 386.0 134.0 386.0 127.0 408.0 127.0 Van 1
673.0 43.0 666.0 44.0 664.0 29.0 671.0 28.0 Van 1
793.0 82.0 784.0 82.0 783.0 66.0 792.0 66.0 Van 1
793.0 64.0 783.0 64.0 783.0 44.0 793.0 44.0 Van 1
366.0 473.0 349.0 472.0 349.0 465.0 366.0 466.0 Van 1
543.0 346.0 534.0 347.0 533.0 333.0 541.0 332.0 Van 1
