79.0 991.0 54.0 992.0 53.0 984.0 79.0 983.0 Van 1
57.0 973.0 33.0 973.0 33.0 967.0 57.0 967.0 Van 1
79.0 932.0 58.0 932.0 58.0 926.0 79.0 925.0 Van 1
82.0 902.0 55.0 902.0 55.0 895.0 82.0 895.0 Van 1
54.0 900.0 33.0 900.0 33.0 893.0 54.0 894.0 Van 1
78.0 868.0 57.0 867.0 57.0 861.0 78.0 861.0 Van 1
57.0 842.0 36.0 842.0 36.0 836.0 57.0 836.0 Van 1
59.0 835.0 40.0 834.0 41.0 828.0 59.0 828.0 Van 1
80.0 826.0 57.0 826.0 57.0 819.0 80.0 820.0 Van 1
55.0 819.0 35.0 818.0 35.0 811.0 55.0 812.0 Van 1
226.0 800.0 203.0 800.0 203.0 792.0 226.0 793.0 Van 1
407.0 608.0 404.0 614.0 388.0 606.0 392.0 600.0 Van 1
453.0 605.0 449.0 612.0 432.0 602.0 436.0 596.0 Van 1
439.0 626.0 435.0 633.0 415.0 622.0 419.0 614.0 Van 1
529.0 697.0 528.0 704.0 507.0 701.0 507.0 695.0 Van 1
