491.0 296.0 467.0 295.0 468.0 287.0 491.0 287.0 Van 1
344.0 211.0 343.0 223.0 334.0 222.0 336.0 210.0 Van 1
227.0 266.0 226.0 275.0 206.0 274.0 207.0 265.0 Van 1
261.0 320.0 259.0 337.0 249.0 336.0 251.0 319.0 Van 1
257.0 342.0 256.0 356.0 247.0 356.0 248.0 341.0 Van 1
585.0 564.0 562.0 565.0 562.0 557.0 585.0 557.0 Van 1
481.0 615.0 479.0 635.0 469.0 634.0 472.0 613.0 Van 1
491.0 662.0 469.0 660.0 470.0 652.0 491.0 653.0 Van 1
323.0 587.0 315.0 587.0 314.0 569.0 323.0 569.0 Van 1
202.0 709.0 201.0 725.0 192.0 725.0 193.0 709.0 Van 1
