542.0 694.0 536.0 701.0 517.0 684.0 524.0 677.0 Van 1
488.0 521.0 483.0 527.0 467.0 516.0 471.0 509.0 Van 1
556.0 451.0 551.0 459.0 535.0 447.0 541.0 439.0 Van 1
553.0 428.0 549.0 435.0 532.0 425.0 536.0 417.0 Van 1
582.0 401.0 578.0 407.0 562.0 397.0 566.0 391.0 Van 1
589.0 395.0 585.0 401.0 570.0 391.0 574.0 385.0 Van 1
433.0 475.0 428.0 481.0 414.0 471.0 418.0 465.0 Van 1
443.0 470.0 438.0 477.0 420.0 464.0 425.0 457.0 Van 1
480.0 336.0 476.0 343.0 460.0 333.0 464.0 326.0 Van 1
418.0 397.0 414.0 404.0 398.0 394.0 402.0 388.0 Van 1
402.0 230.0 397.0 238.0 377.0 225.0 382.0 218.0 Van 1
445.0 179.0 441.0 187.0 423.0 175.0 427.0 168.0 Van 1
141.0 199.0 136.0 206.0 118.0 195.0 122.0 188.0 Van 1
158.0 177.0 153.0 183.0 138.0 173.0 143.0 167.0 Van 1
173.0 163.0 169.0 170.0 149.0 158.0 153.0 151.0 Van 1
161.0 146.0 157.0 152.0 143.0 143.0 148.0 137.0 Van 1
207.0 108.0 184.0 109.0 183.0 101.0 207.0 100.0 Van 1
208.0 98.0 186.0 98.0 186.0 90.0 208.0 90.0 Van 1
222.0 86.0 196.0 87.0 196.0 78.0 222.0 77.0 Van 1
241.0 70.0 214.0 70.0 214.0 62.0 241.0 62.0 Van 1
258.0 40.0 234.0 40.0 234.0 33.0 258.0 33.0 Van 1
552.0 21.0 541.0 32.0 536.0 27.0 547.0 16.0 Van 1
572.0 31.0 558.0 45.0 552.0 39.0 565.0 25.0 Van 1
594.0 45.0 582.0 58.0 577.0 53.0 589.0 40.0 Van 1
570.0 56.0 559.0 69.0 553.0 64.0 564.0 51.0 Van 1
547.0 40.0 535.0 54.0 529.0 48.0 541.0 35.0 Van 1
520.0 26.0 509.0 37.0 504.0 32.0 515.0 21.0 Van 1
496.0 10.0 487.0 21.0 482.0 16.0 491.0 6.0 Van 1
456.0 63.0 444.0 75.0 438.0 70.0 451.0 57.0 Van 1
