632.0 14.0 628.0 7.0 641.0 -2.0 646.0 4.0 Van 1
1000.0 994.0 982.0 994.0 982.0 986.0 1000.0 986.0 Van 1
983.0 985.0 964.0 985.0 963.0 978.0 983.0 977.0 Van 1
844.0 971.0 843.0 979.0 824.0 976.0 825.0 967.0 Van 1
726.0 984.0 725.0 992.0 706.0 991.0 706.0 983.0 Van 1
106.0 938.0 97.0 938.0 97.0 923.0 106.0 923.0 Van 1
998.0 786.0 978.0 792.0 975.0 785.0 995.0 778.0 Van 1
663.0 866.0 646.0 867.0 645.0 860.0 662.0 859.0 Van 1
700.0 851.0 681.0 852.0 681.0 845.0 700.0 844.0 Van 1
445.0 857.0 429.0 856.0 429.0 849.0 445.0 849.0 Van 1
366.0 869.0 347.0 869.0 347.0 862.0 366.0 862.0 Van 1
286.0 856.0 268.0 857.0 268.0 849.0 286.0 849.0 Van 1
448.0 784.0 431.0 784.0 431.0 778.0 448.0 778.0 Van 1
184.0 808.0 167.0 809.0 167.0 800.0 184.0 799.0 Van 1
150.0 810.0 133.0 813.0 132.0 805.0 149.0 802.0 Van 1
642.0 53.0 636.0 59.0 624.0 45.0 630.0 39.0 Van 1
654.0 47.0 648.0 53.0 635.0 38.0 640.0 33.0 Van 1
