171.0 440.0 150.0 441.0 150.0 434.0 171.0 434.0 Van 1
299.0 382.0 279.0 384.0 278.0 376.0 298.0 375.0 Van 1
299.0 374.0 279.0 375.0 278.0 368.0 298.0 367.0 Van 1
254.0 120.0 244.0 120.0 244.0 100.0 254.0 100.0 Van 1
289.0 173.0 273.0 174.0 272.0 169.0 289.0 167.0 Van 1
613.0 36.0 596.0 37.0 596.0 31.0 612.0 30.0 Van 1
600.0 111.0 577.0 111.0 577.0 103.0 600.0 103.0 Van 1
601.0 145.0 587.0 146.0 586.0 139.0 601.0 138.0 Van 1
630.0 241.0 628.0 247.0 612.0 244.0 613.0 238.0 Van 1
611.0 417.0 594.0 417.0 594.0 411.0 611.0 411.0 Van 1
639.0 554.0 622.0 555.0 622.0 547.0 639.0 546.0 Van 1
