574.0 789.0 559.0 796.0 555.0 789.0 571.0 782.0 Van 1
591.0 754.0 571.0 761.0 568.0 753.0 589.0 746.0 Van 1
560.0 754.0 544.0 761.0 540.0 752.0 557.0 746.0 Van 1
585.0 745.0 566.0 751.0 564.0 743.0 582.0 737.0 Van 1
552.0 737.0 537.0 743.0 534.0 735.0 550.0 729.0 Van 1
574.0 719.0 557.0 726.0 553.0 718.0 570.0 710.0 Van 1
544.0 721.0 529.0 726.0 527.0 718.0 542.0 713.0 Van 1
516.0 782.0 497.0 787.0 494.0 778.0 514.0 773.0 Van 1
505.0 753.0 485.0 759.0 482.0 751.0 502.0 745.0 Van 1
507.0 762.0 489.0 768.0 486.0 761.0 504.0 754.0 Van 1
484.0 779.0 467.0 784.0 464.0 776.0 482.0 771.0 Van 1
480.0 769.0 465.0 777.0 461.0 771.0 476.0 762.0 Van 1
475.0 762.0 458.0 768.0 455.0 760.0 472.0 754.0 Van 1
427.0 766.0 418.0 769.0 414.0 761.0 424.0 757.0 Van 1
431.0 775.0 421.0 779.0 419.0 772.0 429.0 768.0 Van 1
499.0 746.0 482.0 751.0 480.0 744.0 497.0 739.0 Van 1
474.0 562.0 456.0 570.0 452.0 561.0 471.0 554.0 Van 1
448.0 629.0 440.0 632.0 435.0 619.0 443.0 616.0 Van 1
298.0 611.0 297.0 619.0 279.0 617.0 280.0 609.0 Van 1
245.0 602.0 244.0 610.0 225.0 607.0 226.0 599.0 Van 1
247.0 593.0 245.0 601.0 226.0 597.0 228.0 589.0 Van 1
321.0 540.0 319.0 549.0 299.0 544.0 302.0 535.0 Van 1
269.0 521.0 268.0 530.0 248.0 528.0 249.0 519.0 Van 1
335.0 506.0 333.0 514.0 314.0 508.0 317.0 500.0 Van 1
138.0 384.0 120.0 390.0 118.0 383.0 135.0 377.0 Van 1
194.0 362.0 175.0 370.0 171.0 362.0 190.0 354.0 Van 1
189.0 353.0 172.0 358.0 169.0 351.0 186.0 345.0 Van 1
92.0 333.0 74.0 339.0 72.0 331.0 89.0 325.0 Van 1
176.0 322.0 158.0 330.0 155.0 322.0 173.0 315.0 Van 1
140.0 278.0 138.0 293.0 129.0 292.0 131.0 277.0 Van 1
130.0 279.0 128.0 297.0 117.0 296.0 120.0 278.0 Van 1
94.0 259.0 93.0 275.0 85.0 275.0 86.0 258.0 Van 1
80.0 242.0 60.0 249.0 57.0 240.0 77.0 233.0 Van 1
