726.0 282.0 722.0 289.0 701.0 279.0 704.0 272.0 Van 1
542.0 283.0 541.0 300.0 528.0 300.0 529.0 282.0 Van 1
244.0 368.0 233.0 371.0 228.0 354.0 239.0 351.0 Van 1
621.0 27.0 611.0 28.0 609.0 11.0 619.0 10.0 Van 1
583.0 26.0 573.0 27.0 572.0 9.0 582.0 8.0 Van 1
573.0 50.0 572.0 69.0 560.0 69.0 561.0 49.0 Van 1
571.0 26.0 560.0 27.0 559.0 9.0 570.0 8.0 Van 1
412.0 1.0 411.0 9.0 389.0 9.0 389.0 0.0 Van 1
333.0 26.0 307.0 26.0 307.0 17.0 333.0 17.0 Van 1
306.0 16.0 286.0 15.0 286.0 7.0 306.0 8.0 Van 1
460.0 86.0 450.0 86.0 450.0 66.0 460.0 66.0 Van 1
474.0 69.0 473.0 86.0 463.0 85.0 464.0 68.0 Van 1
