264.0 76.0 254.0 76.0 255.0 60.0 264.0 61.0 Van 1
264.0 79.0 263.0 93.0 254.0 92.0 255.0 79.0 Van 1
419.0 321.0 414.0 326.0 400.0 315.0 404.0 309.0 Van 1
451.0 347.0 447.0 352.0 437.0 342.0 441.0 338.0 Van 1
489.0 376.0 484.0 381.0 469.0 370.0 474.0 364.0 Van 1
565.0 435.0 560.0 441.0 548.0 429.0 552.0 424.0 Van 1
189.0 695.0 185.0 701.0 171.0 690.0 176.0 684.0 Van 1
453.0 557.0 440.0 567.0 435.0 562.0 449.0 551.0 Van 1
475.0 542.0 462.0 552.0 457.0 546.0 471.0 536.0 Van 1
551.0 528.0 541.0 537.0 537.0 533.0 546.0 523.0 Van 1
229.0 203.0 209.0 205.0 208.0 199.0 229.0 197.0 Van 1
167.0 206.0 150.0 207.0 150.0 201.0 167.0 201.0 Van 1
458.0 639.0 439.0 651.0 435.0 644.0 454.0 632.0 Van 1
369.0 590.0 364.0 597.0 350.0 586.0 355.0 579.0 Van 1
325.0 485.0 320.0 490.0 308.0 479.0 313.0 474.0 Van 1
207.0 546.0 202.0 551.0 187.0 537.0 192.0 532.0 Van 1
42.0 347.0 29.0 356.0 25.0 350.0 38.0 341.0 Van 1
432.0 94.0 424.0 95.0 422.0 79.0 431.0 78.0 Van 1
420.0 92.0 413.0 93.0 412.0 78.0 419.0 77.0 Van 1
