362.0 51.0 355.0 63.0 350.0 60.0 357.0 48.0 Van 1
112.0 130.0 102.0 146.0 96.0 143.0 106.0 126.0 Van 1
652.0 13.0 648.0 19.0 635.0 10.0 639.0 4.0 Van 1
194.0 402.0 190.0 408.0 176.0 398.0 180.0 392.0 Van 1
272.0 295.0 267.0 301.0 254.0 291.0 258.0 285.0 Van 1
323.0 333.0 319.0 338.0 306.0 328.0 311.0 323.0 Van 1
453.0 418.0 448.0 424.0 437.0 415.0 442.0 410.0 Van 1
618.0 326.0 606.0 338.0 601.0 333.0 614.0 321.0 Van 1
714.0 277.0 704.0 288.0 699.0 284.0 709.0 273.0 Van 1
332.0 584.0 320.0 596.0 315.0 591.0 327.0 579.0 Van 1
476.0 487.0 464.0 497.0 460.0 492.0 472.0 482.0 Van 1
687.0 581.0 683.0 586.0 668.0 574.0 672.0 569.0 Van 1
651.0 556.0 647.0 561.0 634.0 551.0 639.0 546.0 Van 1
759.0 52.0 749.0 64.0 743.0 59.0 753.0 47.0 Van 1
