259.0 60.0 238.0 64.0 237.0 55.0 257.0 51.0 Van 1
456.0 356.0 445.0 357.0 443.0 335.0 455.0 334.0 Van 1
388.0 457.0 367.0 460.0 366.0 451.0 387.0 449.0 Van 1
455.0 393.0 435.0 396.0 433.0 388.0 454.0 386.0 Van 1
463.0 412.0 442.0 413.0 441.0 406.0 462.0 405.0 Van 1
468.0 439.0 446.0 440.0 445.0 432.0 468.0 430.0 Van 1
547.0 376.0 525.0 379.0 524.0 371.0 546.0 368.0 Van 1
564.0 478.0 543.0 480.0 543.0 471.0 564.0 469.0 Van 1
540.0 497.0 532.0 500.0 528.0 483.0 535.0 480.0 Van 1
517.0 501.0 509.0 503.0 504.0 487.0 513.0 485.0 Van 1
498.0 508.0 489.0 511.0 482.0 494.0 491.0 490.0 Van 1
483.0 509.0 476.0 512.0 469.0 495.0 477.0 492.0 Van 1
286.0 663.0 282.0 668.0 268.0 656.0 273.0 650.0 Van 1
250.0 691.0 245.0 697.0 232.0 684.0 237.0 678.0 Van 1
70.0 737.0 53.0 743.0 51.0 737.0 68.0 731.0 Van 1
