25.0 214.0 16.0 227.0 8.0 222.0 17.0 209.0 Van 1
418.0 8.0 415.0 15.0 406.0 10.0 410.0 4.0 Van 1
385.0 35.0 381.0 42.0 363.0 33.0 367.0 26.0 Van 1
379.0 43.0 376.0 50.0 359.0 41.0 363.0 34.0 Van 1
375.0 51.0 371.0 58.0 354.0 49.0 358.0 42.0 Van 1
368.0 59.0 365.0 66.0 347.0 58.0 351.0 51.0 Van 1
969.0 43.0 966.0 50.0 948.0 43.0 951.0 36.0 Van 1
387.0 580.0 379.0 592.0 372.0 587.0 381.0 575.0 Van 1
411.0 591.0 404.0 604.0 398.0 600.0 405.0 588.0 Van 1
515.0 634.0 503.0 634.0 503.0 629.0 515.0 629.0 Van 1
