584.0 667.0 580.0 674.0 562.0 665.0 566.0 658.0 Van 1
493.0 625.0 488.0 633.0 469.0 623.0 474.0 614.0 Van 1
567.0 734.0 562.0 743.0 543.0 733.0 547.0 724.0 Van 1
554.0 749.0 550.0 756.0 533.0 747.0 537.0 740.0 Van 1
581.0 751.0 572.0 768.0 563.0 763.0 573.0 746.0 Van 1
278.0 528.0 275.0 534.0 260.0 528.0 264.0 522.0 Van 1
253.0 549.0 250.0 554.0 235.0 547.0 238.0 541.0 Van 1
28.0 482.0 24.0 489.0 7.0 481.0 11.0 473.0 Van 1
234.0 81.0 230.0 89.0 214.0 80.0 218.0 72.0 Van 1
213.0 74.0 209.0 81.0 190.0 71.0 194.0 64.0 Van 1
428.0 55.0 425.0 63.0 405.0 56.0 408.0 47.0 Van 1
467.0 107.0 460.0 121.0 452.0 117.0 459.0 103.0 Van 1
492.0 120.0 487.0 133.0 480.0 131.0 485.0 117.0 Van 1
