490.0 451.0 471.0 451.0 471.0 445.0 490.0 444.0 Van 1
487.0 516.0 467.0 516.0 467.0 509.0 487.0 509.0 Van 1
486.0 284.0 467.0 293.0 464.0 286.0 483.0 277.0 Van 1
474.0 269.0 456.0 278.0 452.0 270.0 470.0 262.0 Van 1
463.0 262.0 448.0 270.0 445.0 263.0 460.0 255.0 Van 1
455.0 245.0 439.0 253.0 436.0 246.0 452.0 238.0 Van 1
447.0 103.0 442.0 108.0 428.0 98.0 432.0 92.0 Van 1
318.0 298.0 309.0 298.0 309.0 282.0 318.0 281.0 Van 1
315.0 513.0 314.0 527.0 304.0 526.0 305.0 512.0 Van 1
310.0 580.0 307.0 597.0 298.0 596.0 301.0 578.0 Van 1
304.0 612.0 300.0 625.0 291.0 623.0 294.0 610.0 Van 1
297.0 637.0 295.0 651.0 287.0 650.0 289.0 636.0 Van 1
290.0 672.0 288.0 685.0 279.0 684.0 281.0 671.0 Van 1
287.0 700.0 285.0 715.0 277.0 714.0 279.0 698.0 Van 1
266.0 190.0 258.0 191.0 256.0 175.0 265.0 174.0 Van 1
308.0 168.0 298.0 168.0 297.0 153.0 307.0 153.0 Van 1
299.0 87.0 288.0 88.0 287.0 70.0 298.0 69.0 Van 1
