85.0 107.0 75.0 107.0 75.0 90.0 85.0 90.0 Van 1
476.0 292.0 475.0 309.0 466.0 309.0 467.0 292.0 Van 1
40.0 377.0 39.0 393.0 29.0 393.0 29.0 377.0 Van 1
474.0 418.0 464.0 418.0 464.0 402.0 474.0 402.0 Van 1
299.0 454.0 297.0 475.0 286.0 473.0 288.0 453.0 Van 1
385.0 543.0 375.0 544.0 372.0 524.0 381.0 523.0 Van 1
532.0 413.0 521.0 413.0 520.0 395.0 530.0 395.0 Van 1
530.0 302.0 520.0 302.0 519.0 282.0 529.0 282.0 Van 1
586.0 347.0 573.0 347.0 573.0 336.0 586.0 336.0 Van 1
623.0 139.0 622.0 156.0 612.0 155.0 612.0 138.0 Van 1
688.0 137.0 686.0 151.0 675.0 150.0 677.0 136.0 Van 1
759.0 83.0 749.0 83.0 749.0 67.0 759.0 67.0 Van 1
760.0 107.0 750.0 107.0 749.0 88.0 759.0 87.0 Van 1
251.0 293.0 241.0 293.0 240.0 276.0 250.0 275.0 Van 1
