151.0 64.0 150.0 70.0 130.0 67.0 131.0 61.0 Van 1
149.0 79.0 128.0 77.0 129.0 70.0 149.0 72.0 Van 1
143.0 83.0 142.0 88.0 124.0 85.0 125.0 79.0 Van 1
143.0 91.0 142.0 98.0 124.0 96.0 124.0 90.0 Van 1
143.0 107.0 122.0 105.0 123.0 98.0 143.0 100.0 Van 1
131.0 32.0 130.0 39.0 106.0 36.0 107.0 29.0 Van 1
41.0 79.0 23.0 78.0 24.0 72.0 41.0 74.0 Van 1
44.0 65.0 43.0 72.0 25.0 70.0 25.0 63.0 Van 1
45.0 57.0 44.0 63.0 25.0 60.0 26.0 54.0 Van 1
72.0 61.0 71.0 68.0 48.0 66.0 49.0 58.0 Van 1
311.0 149.0 309.0 156.0 289.0 149.0 291.0 143.0 Van 1
333.0 446.0 315.0 445.0 315.0 439.0 333.0 440.0 Van 1
329.0 450.0 328.0 456.0 311.0 453.0 311.0 447.0 Van 1
324.0 464.0 305.0 462.0 305.0 456.0 324.0 457.0 Van 1
262.0 497.0 261.0 503.0 243.0 501.0 243.0 494.0 Van 1
201.0 591.0 199.0 598.0 180.0 595.0 181.0 588.0 Van 1
102.0 580.0 100.0 590.0 83.0 587.0 84.0 578.0 Van 1
619.0 634.0 615.0 649.0 606.0 646.0 611.0 631.0 Van 1
631.0 633.0 627.0 650.0 619.0 648.0 623.0 632.0 Van 1
473.000031 1002.0 457.538483 991.692261 462.000031 985.0 477.461578 995.307739 Van 1
483.0 987.0 480.0 992.0 464.0 983.0 467.0 977.0 Van 1
556.0 925.0 553.0 939.0 545.0 937.0 548.0 923.0 Van 1
659.0 892.0 651.0 892.0 651.0 878.0 659.0 877.0 Van 1
601.0 898.0 593.0 899.0 591.0 883.0 599.0 882.0 Van 1
587.0 884.0 581.0 900.0 574.0 897.0 580.0 882.0 Van 1
237.0 817.0 236.0 824.0 217.0 819.0 218.0 813.0 Van 1
235.0 808.0 234.0 814.0 216.0 811.0 217.0 805.0 Van 1
258.0 728.0 257.0 736.0 234.0 734.0 234.0 726.0 Van 1
258.0 719.0 257.0 726.0 239.0 723.0 241.0 716.0 Van 1
646.0 712.0 641.0 727.0 632.0 725.0 637.0 710.0 Van 1
