13.0 150.0 0.0 137.0 6.0 129.0 19.0 142.0 Van 1
117.0 72.0 111.0 77.0 96.0 62.0 101.0 57.0 Van 1
321.0 150.0 303.0 162.0 298.0 154.0 315.0 142.0 Van 1
389.0 144.0 383.0 151.0 367.0 139.0 373.0 131.0 Van 1
439.0 94.0 424.0 107.0 419.0 101.0 434.0 88.0 Van 1
510.0 178.0 506.0 182.0 496.0 172.0 500.0 168.0 Van 1
585.0 217.0 580.0 223.0 566.0 211.0 572.0 205.0 Van 1
620.0 208.0 614.0 214.0 603.0 204.0 608.0 198.0 Van 1
638.0 205.0 633.0 211.0 618.0 198.0 624.0 192.0 Van 1
668.0 185.0 661.0 192.0 648.0 179.0 654.0 172.0 Van 1
681.0 183.0 675.0 188.0 663.0 174.0 669.0 169.0 Van 1
734.0 138.0 728.0 143.0 718.0 132.0 724.0 127.0 Van 1
41.0 320.0 24.0 332.0 19.0 325.0 35.0 313.0 Van 1
136.0 357.0 129.0 359.0 125.0 345.0 132.0 343.0 Van 1
97.0 426.0 91.0 433.0 76.0 422.0 82.0 415.0 Van 1
103.0 420.0 99.0 425.0 86.0 415.0 90.0 410.0 Van 1
245.0 402.0 232.0 415.0 226.0 408.0 239.0 396.0 Van 1
255.0 408.0 243.0 422.0 236.0 416.0 248.0 402.0 Van 1
265.0 416.0 253.0 428.0 246.0 421.0 257.0 409.0 Van 1
306.0 408.0 300.0 415.0 286.0 403.0 292.0 396.0 Van 1
64.0 700.0 45.0 714.0 40.0 707.0 59.0 694.0 Van 1
95.0 693.0 81.0 703.0 76.0 696.0 90.0 686.0 Van 1
162.0 770.0 146.0 783.0 141.0 776.0 156.0 763.0 Van 1
128.0 811.0 112.0 824.0 106.0 817.0 122.0 804.0 Van 1
257.0 847.0 247.0 861.0 240.0 855.0 250.0 842.0 Van 1
747.0 873.0 743.0 879.0 728.0 871.0 731.0 865.0 Van 1
768.0 748.0 764.0 754.0 748.0 745.0 751.0 738.0 Van 1
951.0 826.0 948.0 832.0 933.0 825.0 935.0 818.0 Van 1
457.0 30.0 451.0 35.0 437.0 19.0 443.0 14.0 Van 1
550.0 67.0 543.0 74.0 528.0 59.0 535.0 52.0 Van 1
566.0 80.0 561.0 87.0 546.0 75.0 551.0 69.0 Van 1
820.0 634.0 816.0 641.0 800.0 630.0 804.0 624.0 Van 1
903.0 537.0 900.0 543.0 884.0 533.0 888.0 527.0 Van 1
