121.0 886.0 113.0 892.0 100.0 877.0 107.0 871.0 Van 1
63.0 162.0 60.0 168.0 42.0 160.0 44.0 154.0 Van 1
428.0 327.0 425.0 335.0 404.0 326.0 407.0 319.0 Van 1
1000.0 600.0 982.0 593.0 986.0 585.0 1000.0 590.0 Van 1
883.0 515.0 880.0 523.0 857.0 514.0 860.0 506.0 Van 1
828.0 550.0 821.0 566.0 813.0 562.0 819.0 546.0 Van 1
841.0 550.0 831.0 564.0 825.0 559.0 834.0 546.0 Van 1
852.0 554.0 840.0 571.0 832.0 565.0 844.0 548.0 Van 1
830.0 625.0 822.0 642.0 814.0 638.0 822.0 621.0 Van 1
851.0 637.0 844.0 653.0 836.0 649.0 843.0 633.0 Van 1
863.0 639.0 855.0 653.0 848.0 649.0 855.0 635.0 Van 1
643.0 399.0 638.0 406.0 621.0 395.0 626.0 388.0 Van 1
623.0 425.0 619.0 433.0 596.0 422.0 600.0 414.0 Van 1
785.0 412.0 775.0 425.0 768.0 420.0 778.0 407.0 Van 1
815.0 388.0 812.0 395.0 792.0 387.0 795.0 380.0 Van 1
813.0 347.0 805.0 361.0 799.0 357.0 808.0 344.0 Van 1
627.0 364.0 620.0 379.0 612.0 375.0 619.0 360.0 Van 1
959.0 460.0 956.0 467.0 938.0 460.0 941.0 452.0 Van 1
997.0 403.0 988.0 419.0 980.0 414.0 989.0 398.0 Van 1
993.0 75.0 985.0 71.0 993.0 53.0 1002.0 58.0 Van 1
922.0 20.0 921.0 27.0 902.0 24.0 903.0 17.0 Van 1
807.0 58.0 799.0 67.0 793.0 62.0 801.0 53.0 Van 1
702.0 139.0 700.0 146.0 679.0 139.0 681.0 132.0 Van 1
973.0 195.0 970.0 202.0 951.0 195.0 954.0 188.0 Van 1
956.0 199.0 954.0 204.0 936.0 197.0 937.0 192.0 Van 1
846.0 284.0 843.0 291.0 826.0 283.0 829.0 276.0 Van 1
887.0 299.0 884.0 307.0 862.0 300.0 865.0 292.0 Van 1
645.0 254.0 642.0 261.0 624.0 253.0 627.0 246.0 Van 1
496.0 239.0 470.0 238.0 470.0 226.0 496.0 227.0 Van 1
506.0 207.0 492.0 208.0 492.0 202.0 506.0 201.0 Van 1
521.0 198.0 497.0 199.0 497.0 192.0 521.0 191.0 Van 1
558.0 138.0 537.0 140.0 537.0 132.0 557.0 131.0 Van 1
520.0 117.0 511.0 117.0 511.0 101.0 519.0 101.0 Van 1
533.0 113.0 525.0 114.0 524.0 102.0 532.0 101.0 Van 1
546.0 113.0 537.0 114.0 537.0 104.0 545.0 103.0 Van 1
542.0 75.0 522.0 76.0 521.0 69.0 542.0 69.0 Van 1
346.0 86.0 323.0 86.0 323.0 79.0 346.0 79.0 Van 1
336.0 166.0 315.0 167.0 315.0 160.0 336.0 158.0 Van 1
339.0 184.0 320.0 184.0 321.0 177.0 339.0 177.0 Van 1
345.0 205.0 324.0 205.0 324.0 199.0 345.0 198.0 Van 1
917.0 119.0 907.0 133.0 899.0 128.0 908.0 113.0 Van 1
904.0 114.0 896.0 128.0 888.0 123.0 896.0 110.0 Van 1
196.0 114.0 187.0 129.0 180.0 125.0 189.0 110.0 Van 1
204.0 105.0 197.0 114.0 192.0 110.0 199.0 101.0 Van 1
