636.0 16.999981 625.0 5.000001 632.335815 -1.724514 643.335815 10.275466 Van 1
618.0 31.0 611.0 37.0 599.0 24.0 605.0 18.0 Van 1
583.0 59.0 577.0 65.0 561.0 49.0 568.0 42.0 Van 1
548.0 94.0 526.0 98.0 525.0 91.0 547.0 87.0 Van 1
564.0 110.0 547.0 115.0 545.0 109.0 562.0 104.0 Van 1
572.0 121.0 555.0 125.0 553.0 116.0 570.0 112.0 Van 1
647.0 188.0 628.0 194.0 625.0 187.0 645.0 181.0 Van 1
734.0 275.0 717.0 277.0 716.0 271.0 732.0 268.0 Van 1
30.0 499.0 26.0 505.0 11.0 496.0 15.0 490.0 Van 1
32.0 549.0 29.0 555.0 14.0 548.0 16.0 542.0 Van 1
30.0 486.0 27.0 492.0 9.0 483.0 12.0 476.0 Van 1
670.0 213.0 653.0 217.0 651.0 209.0 668.0 206.0 Van 1
687.0 198.0 682.0 204.0 669.0 192.0 674.0 186.0 Van 1
629.0 174.0 612.0 180.0 609.0 171.0 626.0 165.0 Van 1
619.0 166.0 600.0 174.0 597.0 166.0 616.0 158.0 Van 1
600.0 43.0 594.0 49.0 581.0 37.0 587.0 31.0 Van 1
