444.0 68.0 425.0 67.0 426.0 61.0 444.0 62.0 Van 1
445.0 32.0 444.0 40.0 416.0 38.0 417.0 31.0 Van 1
447.0 16.0 424.0 17.0 424.0 9.0 447.0 9.0 Van 1
937.0 206.0 914.0 205.0 914.0 197.0 937.0 198.0 Van 1
931.0 194.0 911.0 194.0 911.0 186.0 931.0 187.0 Van 1
936.0 184.0 915.0 184.0 915.0 176.0 936.0 176.0 Van 1
944.0 158.0 943.0 166.0 926.0 165.0 926.0 157.0 Van 1
902.0 194.0 879.0 193.0 879.0 185.0 902.0 186.0 Van 1
305.0 212.0 285.0 211.0 286.0 204.0 305.0 205.0 Van 1
245.0 212.0 224.0 211.0 224.0 205.0 245.0 206.0 Van 1
218.0 211.0 197.0 211.0 197.0 205.0 218.0 205.0 Van 1
244.0 517.0 231.0 528.0 226.0 522.0 239.0 511.0 Van 1
181.0 560.0 177.0 565.0 163.0 557.0 166.0 551.0 Van 1
104.0 590.0 89.0 601.0 85.0 595.0 99.0 584.0 Van 1
933.0 347.0 932.0 364.0 923.0 364.0 924.0 346.0 Van 1
943.0 365.0 934.0 365.0 935.0 348.0 943.0 348.0 Van 1
954.0 365.0 945.0 364.0 946.0 350.0 954.0 350.0 Van 1
945.0 396.0 929.0 396.0 929.0 389.0 945.0 389.0 Van 1
856.0 532.0 850.0 545.0 842.0 541.0 847.0 528.0 Van 1
759.0 468.0 737.0 471.0 736.0 463.0 758.0 461.0 Van 1
574.0 537.0 563.0 544.0 559.0 538.0 570.0 531.0 Van 1
380.0 591.0 371.0 591.0 371.0 569.0 379.0 569.0 Van 1
485.0 739.0 477.0 740.0 477.0 727.0 484.0 727.0 Van 1
550.0 780.0 537.0 779.0 537.0 772.0 550.0 773.0 Van 1
584.0 842.0 583.0 849.0 567.0 848.0 567.0 842.0 Van 1
813.0 775.0 812.0 781.0 794.0 776.0 795.0 770.0 Van 1
812.0 791.0 793.0 790.0 793.0 783.0 812.0 784.0 Van 1
929.0 782.0 914.0 782.0 914.0 776.0 929.0 777.0 Van 1
999.0 926.0 991.0 926.0 990.0 906.0 999.0 905.0 Van 1
1000.0 747.0 990.0 747.0 991.0 730.0 1000.0 730.0 Van 1
1000.0 664.0 991.0 664.0 991.0 646.0 1000.0 646.0 Van 1
999.0 597.0 990.0 598.0 989.0 581.0 998.0 580.0 Van 1
999.0 487.0 989.0 487.0 989.0 470.0 999.0 470.0 Van 1
