715.0 363.0 696.0 375.0 691.0 367.0 710.0 355.0 Van 1
621.0 411.0 613.0 414.0 608.0 398.0 616.0 395.0 Van 1
335.0 568.0 327.0 583.0 320.0 580.0 328.0 565.0 Van 1
325.0 566.0 317.0 581.0 309.0 577.0 317.0 561.0 Van 1
432.0 493.0 428.0 501.0 410.0 493.0 413.0 485.0 Van 1
335.0 512.0 328.0 512.0 327.0 497.0 335.0 496.0 Van 1
348.0 518.0 341.0 519.0 340.0 503.0 347.0 503.0 Van 1
361.0 520.0 353.0 520.0 353.0 505.0 360.0 505.0 Van 1
373.0 525.0 365.0 525.0 366.0 508.0 373.0 508.0 Van 1
385.0 528.0 377.0 528.0 377.0 511.0 385.0 511.0 Van 1
397.0 534.0 390.0 534.0 390.0 516.0 397.0 516.0 Van 1
410.0 523.0 409.0 539.0 402.0 539.0 403.0 523.0 Van 1
424.0 548.0 415.0 548.0 415.0 532.0 423.0 532.0 Van 1
383.0 537.0 367.0 549.0 362.0 543.0 378.0 531.0 Van 1
331.0 518.0 317.0 528.0 314.0 523.0 328.0 513.0 Van 1
275.0 491.0 272.0 498.0 256.0 491.0 259.0 485.0 Van 1
240.0 59.0 231.0 59.0 231.0 43.0 240.0 43.0 Van 1
