167.0 911.0 164.0 919.0 142.0 913.0 144.0 904.0 Van 1
717.0 893.0 695.0 894.0 695.0 887.0 717.0 886.0 Van 1
902.0 396.0 891.0 411.0 883.0 405.0 894.0 390.0 Van 1
885.0 342.0 872.0 353.0 865.0 346.0 878.0 335.0 Van 1
852.0 323.0 839.0 335.0 834.0 329.0 847.0 317.0 Van 1
589.0 312.0 584.0 317.0 571.0 304.0 576.0 299.0 Van 1
149.0 427.0 148.0 441.0 139.0 441.0 140.0 426.0 Van 1
236.0 712.0 215.0 711.0 216.0 703.0 236.0 704.0 Van 1
747.0 749.0 736.0 749.0 736.0 733.0 747.0 733.0 Van 1
736.0 733.0 735.0 749.0 725.0 748.0 725.0 733.0 Van 1
713.0 732.0 712.0 749.0 700.0 749.0 700.0 732.0 Van 1
679.0 668.0 678.0 687.0 667.0 687.0 668.0 668.0 Van 1
607.0 686.0 597.0 686.0 596.0 671.0 607.0 671.0 Van 1
573.0 683.0 562.0 683.0 561.0 667.0 573.0 666.0 Van 1
563.0 637.0 554.0 649.0 545.0 643.0 554.0 631.0 Van 1
595.0 625.0 587.0 625.0 586.0 610.0 595.0 610.0 Van 1
584.0 625.0 574.0 624.0 575.0 610.0 584.0 610.0 Van 1
560.0 626.0 550.0 626.0 550.0 610.0 560.0 609.0 Van 1
549.0 590.0 538.0 589.0 539.0 576.0 549.0 576.0 Van 1
620.0 587.0 610.0 587.0 610.0 571.0 620.0 571.0 Van 1
437.0 487.0 435.0 496.0 416.0 490.0 418.0 482.0 Van 1
409.0 481.0 408.0 488.0 388.0 485.0 389.0 478.0 Van 1
382.0 476.0 381.0 483.0 365.0 481.0 365.0 474.0 Van 1
