595.0 789.0 586.0 789.0 586.0 775.0 595.0 775.0 Van 1
343.0 734.0 323.0 734.0 323.0 727.0 343.0 727.0 Van 1
247.0 733.0 227.0 733.0 227.0 727.0 247.0 727.0 Van 1
241.0 748.0 240.0 756.0 217.0 756.0 218.0 747.0 Van 1
159.0 632.0 150.0 633.0 149.0 616.0 159.0 615.0 Van 1
159.0 614.0 149.0 614.0 148.0 598.0 158.0 598.0 Van 1
160.0 589.0 152.0 589.0 152.0 580.0 160.0 580.0 Van 1
161.0 522.0 152.0 523.0 152.0 507.0 161.0 507.0 Van 1
160.0 451.0 151.0 451.0 151.0 434.0 160.0 435.0 Van 1
162.0 420.0 152.0 420.0 152.0 405.0 162.0 405.0 Van 1
161.0 289.0 150.0 289.0 150.0 276.0 161.0 276.0 Van 1
161.0 168.0 153.0 168.0 153.0 155.0 161.0 155.0 Van 1
