709.0 380.0 702.0 396.0 694.0 393.0 701.0 376.0 Van 1
780.0 85.0 773.0 85.0 772.0 74.0 779.0 73.0 Van 1
115.0 504.0 91.0 507.0 90.0 500.0 113.0 496.0 Van 1
147.0 498.0 128.0 501.0 127.0 492.0 146.0 490.0 Van 1
499.0 345.0 484.0 349.0 482.0 342.0 497.0 338.0 Van 1
541.0 364.0 520.0 369.0 518.0 361.0 539.0 356.0 Van 1
350.0 458.0 346.0 464.0 336.0 457.0 341.0 451.0 Van 1
789.0 279.0 779.0 283.0 773.0 267.0 782.0 263.0 Van 1
31.0 832.0 23.0 837.0 12.0 822.0 20.0 816.0 Van 1
852.0 920.0 844.0 924.0 833.0 900.0 842.0 896.0 Van 1
954.0 597.0 933.0 608.0 929.0 601.0 950.0 590.0 Van 1
972.0 607.0 954.0 617.0 950.0 611.0 968.0 601.0 Van 1
944.0 655.0 941.0 662.0 918.0 650.0 922.0 643.0 Van 1
932.0 679.0 926.0 691.0 917.0 687.0 924.0 674.0 Van 1
996.0 51.0 977.0 52.0 977.0 45.0 996.0 45.0 Van 1
995.0 43.0 981.0 43.0 981.0 38.0 995.0 38.0 Van 1
994.0 60.0 978.0 60.0 978.0 54.0 993.0 54.0 Van 1
