667.0 670.0 663.0 678.0 647.0 669.0 651.0 662.0 Van 1
634.0 653.0 633.0 661.0 610.0 658.0 611.0 651.0 Van 1
74.0 394.0 55.0 395.0 55.0 389.0 73.0 388.0 Van 1
757.0 280.0 738.0 288.0 735.0 280.0 754.0 272.0 Van 1
788.0 188.0 787.0 204.0 779.0 204.0 780.0 187.0 Van 1
777.0 188.0 776.0 205.0 768.0 205.0 768.0 188.0 Van 1
753.0 189.0 752.0 206.0 742.0 205.0 743.0 189.0 Van 1
849.0 147.0 848.0 164.0 839.0 163.0 841.0 146.0 Van 1
823.0 149.0 822.0 164.0 814.0 163.0 815.0 149.0 Van 1
814.0 143.0 811.0 159.0 803.0 158.0 806.0 141.0 Van 1
809.0 40.0 782.0 39.0 782.0 30.0 809.0 30.0 Van 1
344.0 569.0 341.0 577.0 322.0 570.0 325.0 562.0 Van 1
137.0 5.0 135.0 21.0 127.0 20.0 129.0 4.0 Van 1
164.0 5.0 162.0 23.0 153.0 22.0 156.0 4.0 Van 1
191.0 29.0 182.0 29.0 182.0 10.0 191.0 10.0 Van 1
203.0 11.0 201.0 29.0 194.0 29.0 195.0 10.0 Van 1
216.0 12.0 213.0 31.0 205.0 30.0 207.0 11.0 Van 1
408.0 31.0 405.0 50.0 393.0 48.0 396.0 29.0 Van 1
