473.0 974.0 454.0 979.0 453.0 972.0 472.0 968.0 Van 1
496.0 969.0 478.0 972.0 477.0 966.0 494.0 962.0 Van 1
520.0 963.0 500.0 967.0 499.0 962.0 518.0 957.0 Van 1
898.0 779.0 890.0 781.0 886.0 766.0 894.0 764.0 Van 1
918.0 773.0 911.0 775.0 905.0 759.0 912.0 757.0 Van 1
971.0 758.0 963.0 759.0 960.0 746.0 968.0 744.0 Van 1
961.0 764.0 953.0 766.0 948.0 749.0 955.0 747.0 Van 1
823.0 70.0 816.0 74.0 809.0 61.0 815.0 57.0 Van 1
841.0 98.0 836.0 102.0 826.0 88.0 832.0 84.0 Van 1
856.0 119.0 848.0 123.0 841.0 111.0 849.0 106.0 Van 1
679.0 890.0 671.0 892.0 667.0 876.0 675.0 874.0 Van 1
614.0 814.0 606.0 816.0 601.0 799.0 608.0 797.0 Van 1
760.0 738.0 751.0 741.0 746.0 721.0 755.0 718.0 Van 1
564.0 650.0 556.0 652.0 552.0 635.0 560.0 633.0 Van 1
719.0 602.0 710.0 605.0 705.0 584.0 713.0 582.0 Van 1
788.0 731.0 780.0 733.0 776.0 719.0 784.0 716.0 Van 1
781.0 708.0 774.0 710.0 771.0 694.0 778.0 693.0 Van 1
775.0 687.0 767.0 689.0 764.0 672.0 772.0 671.0 Van 1
768.0 666.0 761.0 668.0 757.0 652.0 764.0 650.0 Van 1
753.0 618.0 746.0 620.0 742.0 605.0 749.0 603.0 Van 1
726.0 530.0 719.0 532.0 715.0 515.0 723.0 513.0 Van 1
731.0 551.0 724.0 552.0 722.0 536.0 728.0 535.0 Van 1
705.0 460.0 697.0 462.0 692.0 447.0 701.0 445.0 Van 1
578.0 411.0 557.0 415.0 556.0 409.0 577.0 405.0 Van 1
505.0 463.0 498.0 466.0 492.0 451.0 500.0 448.0 Van 1
498.0 437.0 490.0 439.0 485.0 421.0 493.0 419.0 Van 1
323.0 343.0 304.0 346.0 303.0 339.0 321.0 336.0 Van 1
357.0 336.0 336.0 339.0 335.0 331.0 355.0 327.0 Van 1
209.0 367.0 191.0 371.0 190.0 364.0 208.0 361.0 Van 1
303.0 158.0 284.0 161.0 283.0 156.0 302.0 153.0 Van 1
517.0 160.0 497.0 165.0 496.0 158.0 515.0 153.0 Van 1
504.0 125.0 486.0 129.0 484.0 122.0 502.0 118.0 Van 1
501.0 116.0 481.0 120.0 480.0 113.0 499.0 108.0 Van 1
499.0 107.0 480.0 111.0 479.0 104.0 497.0 100.0 Van 1
