104.0 742.0 101.0 749.0 83.0 740.0 86.0 734.0 Van 1
93.0 442.0 90.0 449.0 66.0 439.0 69.0 432.0 Van 1
38.0 124.0 34.0 130.0 14.0 119.0 18.0 112.0 Van 1
59.0 138.0 55.0 146.0 38.0 138.0 42.0 130.0 Van 1
61.0 156.0 58.0 163.0 39.0 154.0 42.0 148.0 Van 1
90.0 148.0 87.0 155.0 70.0 148.0 73.0 141.0 Van 1
138.0 156.0 135.0 164.0 114.0 155.0 117.0 146.0 Van 1
143.0 172.0 140.0 180.0 117.0 170.0 120.0 162.0 Van 1
214.0 205.0 211.0 212.0 194.0 204.0 197.0 197.0 Van 1
294.0 221.0 291.0 229.0 268.0 221.0 271.0 212.0 Van 1
277.0 231.0 274.0 237.0 253.0 226.0 256.0 221.0 Van 1
422.0 180.0 412.0 196.0 403.0 191.0 414.0 174.0 Van 1
522.0 36.0 518.0 43.0 496.0 32.0 499.0 25.0 Van 1
