171.0 185.0 157.0 200.0 150.0 193.0 162.0 178.0 Van 1
772.0 73.0 764.0 87.0 757.0 82.0 766.0 68.0 Van 1
895.0 187.0 892.0 192.0 880.0 185.0 883.0 180.0 Van 1
765.0 122.0 761.0 128.0 745.0 117.0 749.0 111.0 Van 1
903.0 331.0 893.0 344.0 887.0 340.0 896.0 327.0 Van 1
433.0 369.0 424.0 382.0 418.0 378.0 426.0 365.0 Van 1
311.0 388.0 300.0 400.0 296.0 396.0 306.0 384.0 Van 1
301.0 382.0 294.0 391.0 288.0 387.0 296.0 377.0 Van 1
290.0 378.0 280.0 390.0 275.0 386.0 285.0 374.0 Van 1
279.0 372.0 268.0 386.0 261.0 382.0 273.0 368.0 Van 1
270.0 366.0 259.0 381.0 254.0 376.0 264.0 362.0 Van 1
261.0 361.0 249.0 374.0 243.0 368.0 255.0 356.0 Van 1
234.0 343.0 221.0 356.0 216.0 351.0 229.0 339.0 Van 1
225.0 337.0 213.0 350.0 207.0 345.0 220.0 332.0 Van 1
139.0 202.0 126.0 218.0 118.0 212.0 130.0 196.0 Van 1
265.0 891.0 260.0 898.0 243.0 886.0 247.0 879.0 Van 1
685.0 828.0 671.0 837.0 667.0 832.0 681.0 823.0 Van 1
597.0 612.0 594.0 618.0 577.0 610.0 581.0 604.0 Van 1
622.0 876.0 607.0 888.0 603.0 883.0 617.0 870.0 Van 1
