451.0 783.0 432.0 783.0 432.0 777.0 451.0 776.0 Van 1
169.0 58.0 147.0 58.0 147.0 50.0 169.0 51.0 Van 1
268.0 82.0 244.0 83.0 244.0 75.0 268.0 75.0 Van 1
137.0 230.0 129.0 230.0 129.0 212.0 137.0 212.0 Van 1
170.0 222.0 161.0 222.0 161.0 206.0 170.0 206.0 Van 1
214.0 178.0 213.0 192.0 205.0 192.0 206.0 177.0 Van 1
568.0 524.0 567.0 532.0 548.0 532.0 548.0 523.0 Van 1
560.0 584.0 546.0 583.0 546.0 576.0 560.0 576.0 Van 1
562.0 684.0 542.0 684.0 542.0 676.0 562.0 676.0 Van 1
523.0 304.0 514.0 304.0 514.0 287.0 523.0 287.0 Van 1
532.0 232.0 522.0 232.0 522.0 217.0 532.0 217.0 Van 1
21.0 754.0 14.0 758.0 3.0 740.0 11.0 736.0 Van 1
139.0 456.0 138.0 462.0 119.0 462.0 120.0 455.0 Van 1
316.0 402.0 289.0 403.0 289.0 397.0 316.0 395.0 Van 1
274.0 407.0 264.0 407.0 264.0 388.0 274.0 389.0 Van 1
