185.0 778.0 170.0 790.0 165.0 785.0 179.0 772.0 Van 1
593.0 871.0 579.0 884.0 574.0 878.0 587.0 865.0 Van 1
173.0 470.0 164.0 478.0 161.0 474.0 170.0 465.0 Van 1
208.0 65.0 204.0 70.0 193.0 60.0 198.0 55.0 Van 1
200.0 75.0 194.0 79.0 184.0 66.0 190.0 61.0 Van 1
120.0 179.0 110.0 197.0 103.0 193.0 113.0 175.0 Van 1
528.0 186.0 524.0 191.0 510.0 181.0 515.0 175.0 Van 1
528.0 289.0 521.0 290.0 519.0 266.0 526.0 265.0 Van 1
511.0 311.0 507.0 317.0 491.0 304.0 496.0 298.0 Van 1
732.0 509.0 720.0 519.0 715.0 513.0 727.0 503.0 Van 1
692.0 554.0 689.0 561.0 670.0 553.0 673.0 545.0 Van 1
1000.0 751.0 990.0 742.0 995.0 738.0 1000.0 742.0 Van 1
