269.0 922.0 267.0 930.0 249.0 925.0 251.0 918.0 Van 1
856.0 345.0 850.0 350.0 836.0 334.0 842.0 329.0 Van 1
919.0 181.0 912.0 194.0 904.0 190.0 911.0 177.0 Van 1
340.0 160.0 327.0 176.0 318.0 168.0 330.0 153.0 Van 1
346.0 352.0 341.0 361.0 322.0 350.0 326.0 341.0 Van 1
532.0 84.0 518.0 101.0 509.0 94.0 523.0 76.0 Van 1
137.0 77.0 134.0 84.0 119.0 78.0 122.0 71.0 Van 1
215.0 918.0 214.0 927.0 189.0 923.0 191.0 914.0 Van 1
45.0 264.0 41.0 271.0 26.0 262.0 30.0 255.0 Van 1
337.0 35.0 331.0 51.0 322.0 47.0 329.0 32.0 Van 1
358.0 45.0 346.0 62.0 338.0 56.0 351.0 40.0 Van 1
270.0 468.0 265.0 475.0 248.0 463.0 252.0 456.0 Van 1
554.0 248.0 544.0 264.0 536.0 260.0 547.0 243.0 Van 1
