652.0 322.0 651.0 331.0 631.0 329.0 631.0 321.0 Van 1
563.0 544.0 544.0 544.0 544.0 537.0 563.0 538.0 Van 1
569.0 554.0 547.0 554.0 547.0 546.0 569.0 547.0 Van 1
569.0 524.0 546.0 525.0 546.0 517.0 569.0 517.0 Van 1
566.0 498.0 546.0 499.0 546.0 491.0 566.0 491.0 Van 1
472.0 480.0 447.0 480.0 447.0 472.0 472.0 471.0 Van 1
390.0 431.0 371.0 431.0 371.0 422.0 390.0 422.0 Van 1
442.0 271.0 433.0 271.0 433.0 254.0 442.0 254.0 Van 1
278.0 331.0 256.0 331.0 256.0 322.0 278.0 323.0 Van 1
153.0 350.0 152.0 368.0 144.0 368.0 145.0 350.0 Van 1
142.0 348.0 141.0 366.0 133.0 365.0 134.0 348.0 Van 1
378.0 203.0 355.0 203.0 355.0 196.0 378.0 195.0 Van 1
376.0 213.0 355.0 213.0 355.0 206.0 376.0 206.0 Van 1
528.0 204.0 507.0 204.0 507.0 196.0 527.0 196.0 Van 1
601.0 206.0 581.0 205.0 582.0 197.0 601.0 197.0 Van 1
833.0 281.0 812.0 280.0 812.0 274.0 833.0 274.0 Van 1
932.0 280.0 913.0 288.0 911.0 281.0 929.0 273.0 Van 1
935.0 298.0 915.0 305.0 912.0 296.0 932.0 289.0 Van 1
906.0 709.0 901.0 712.0 893.0 699.0 899.0 696.0 Van 1
206.0 490.0 183.0 491.0 183.0 484.0 205.0 483.0 Van 1
102.0 670.0 93.0 670.0 94.0 652.0 102.0 652.0 Van 1
101.0 768.0 94.0 768.0 93.0 753.0 100.0 753.0 Van 1
101.0 790.0 94.0 790.0 94.0 775.0 101.0 775.0 Van 1
99.0 816.0 98.0 833.0 91.0 833.0 91.0 816.0 Van 1
100.0 855.0 93.0 856.0 93.0 839.0 100.0 839.0 Van 1
160.0 990.0 151.0 991.0 149.0 974.0 158.0 973.0 Van 1
170.0 990.0 161.0 990.0 161.0 972.0 170.0 972.0 Van 1
181.0 970.0 180.0 991.0 173.0 991.0 174.0 969.0 Van 1
192.0 991.0 185.0 992.0 184.0 972.0 191.0 971.0 Van 1
146.0 972.0 145.0 991.0 138.0 990.0 139.0 972.0 Van 1
137.0 972.0 136.0 995.0 129.0 995.0 129.0 972.0 Van 1
416.0 572.0 398.0 572.0 397.0 565.0 416.0 565.0 Van 1
