333.0 828.0 316.0 827.0 316.0 821.0 333.0 822.0 Van 1
886.0 526.0 885.0 544.0 876.0 543.0 877.0 525.0 Van 1
477.0 30.0 476.0 46.0 468.0 45.0 468.0 29.0 Van 1
430.0 674.0 420.0 674.0 419.0 656.0 429.0 655.0 Van 1
214.0 398.0 196.0 398.0 196.0 392.0 214.0 391.0 Van 1
352.0 848.0 340.0 849.0 339.0 832.0 351.0 831.0 Van 1
310.0 301.0 288.0 301.0 288.0 293.0 310.0 293.0 Van 1
278.0 273.0 258.0 274.0 257.0 267.0 278.0 267.0 Van 1
318.0 250.0 310.0 250.0 310.0 234.0 318.0 234.0 Van 1
541.0 679.0 530.0 679.0 529.0 662.0 540.0 662.0 Van 1
241.0 741.0 220.0 742.0 219.0 736.0 240.0 735.0 Van 1
856.0 727.0 851.0 734.0 836.0 725.0 841.0 718.0 Van 1
974.0 729.0 961.0 731.0 959.0 713.0 971.0 711.0 Van 1
425.0 860.0 424.0 874.0 417.0 874.0 418.0 859.0 Van 1
432.0 730.0 423.0 733.0 417.0 716.0 426.0 713.0 Van 1
781.0 949.0 780.0 957.0 753.0 955.0 754.0 946.0 Van 1
139.0 911.0 129.0 911.0 129.0 895.0 139.0 895.0 Van 1
176.0 901.0 167.0 902.0 165.0 886.0 175.0 885.0 Van 1
