369.0 158.0 367.0 164.0 349.0 156.0 351.0 150.0 Van 1
318.0 136.0 315.0 143.0 295.0 133.0 298.0 127.0 Van 1
400.0 121.0 397.0 128.0 379.0 121.0 382.0 114.0 Van 1
269.0 656.0 258.0 671.0 251.0 666.0 262.0 651.0 Van 1
193.0 621.0 182.0 635.0 175.0 631.0 186.0 616.0 Van 1
181.0 617.0 172.0 630.0 166.0 626.0 175.0 612.0 Van 1
111.0 649.0 108.0 655.0 92.0 648.0 95.0 641.0 Van 1
38.0 720.0 35.0 726.0 19.0 718.0 22.0 712.0 Van 1
250.0 777.0 247.0 784.0 231.0 777.0 233.0 770.0 Van 1
331.0 751.0 328.0 758.0 312.0 751.0 315.0 744.0 Van 1
