126.0 64.0 114.0 64.0 113.0 47.0 125.0 46.0 Van 1
44.0 129.0 34.0 129.0 34.0 111.0 44.0 111.0 Van 1
72.0 124.0 62.0 124.0 62.0 107.0 72.0 107.0 Van 1
136.0 123.0 126.0 122.0 126.0 107.0 136.0 107.0 Van 1
78.0 965.0 57.0 965.0 57.0 958.0 78.0 957.0 Van 1
735.0 785.0 721.0 785.0 721.0 780.0 735.0 780.0 Van 1
881.0 784.0 864.0 784.0 864.0 776.0 881.0 777.0 Van 1
940.0 759.0 918.0 759.0 918.0 752.0 940.0 752.0 Van 1
706.0 704.0 682.0 703.0 682.0 695.0 706.0 695.0 Van 1
709.0 695.0 682.0 695.0 682.0 686.0 709.0 686.0 Van 1
702.0 587.0 682.0 587.0 682.0 581.0 702.0 581.0 Van 1
704.0 566.0 679.0 566.0 679.0 559.0 704.0 559.0 Van 1
703.0 555.0 680.0 556.0 680.0 549.0 703.0 548.0 Van 1
763.0 618.0 746.0 618.0 746.0 612.0 763.0 612.0 Van 1
477.0 564.0 468.0 564.0 468.0 548.0 477.0 548.0 Van 1
360.0 647.0 337.0 646.0 338.0 638.0 360.0 639.0 Van 1
159.0 592.0 132.0 594.0 132.0 587.0 159.0 585.0 Van 1
629.0 368.0 613.0 368.0 613.0 358.0 629.0 358.0 Van 1
195.0 383.0 187.0 384.0 186.0 370.0 194.0 369.0 Van 1
141.0 234.0 140.0 242.0 122.0 241.0 122.0 233.0 Van 1
