43.0 169.0 22.0 169.0 22.0 163.0 43.0 163.0 Van 1
138.0 203.0 118.0 209.0 116.0 203.0 135.0 197.0 Van 1
211.0 216.0 198.0 217.0 197.0 211.0 211.0 211.0 Van 1
138.0 317.0 128.0 317.0 127.0 299.0 138.0 299.0 Van 1
149.0 315.0 140.0 315.0 140.0 297.0 148.0 297.0 Van 1
161.0 316.0 153.0 317.0 152.0 299.0 160.0 299.0 Van 1
173.0 316.0 165.0 317.0 164.0 298.0 173.0 298.0 Van 1
185.0 317.0 176.0 317.0 176.0 299.0 184.0 299.0 Van 1
197.0 314.0 187.0 314.0 187.0 300.0 197.0 299.0 Van 1
210.0 316.0 200.0 316.0 200.0 299.0 209.0 299.0 Van 1
221.0 317.0 213.0 317.0 212.0 299.0 221.0 299.0 Van 1
235.0 318.0 225.0 318.0 224.0 299.0 233.0 299.0 Van 1
132.0 260.0 122.0 260.0 121.0 242.0 131.0 241.0 Van 1
156.0 242.0 155.0 260.0 146.0 259.0 147.0 242.0 Van 1
168.0 242.0 167.0 259.0 159.0 259.0 159.0 242.0 Van 1
180.0 260.0 171.0 259.0 171.0 241.0 180.0 241.0 Van 1
191.0 259.0 184.0 258.0 184.0 240.0 191.0 240.0 Van 1
204.0 259.0 197.0 259.0 196.0 240.0 203.0 240.0 Van 1
215.0 258.0 208.0 258.0 208.0 240.0 215.0 240.0 Van 1
228.0 257.0 221.0 257.0 220.0 240.0 228.0 240.0 Van 1
241.0 258.0 232.0 258.0 232.0 241.0 241.0 242.0 Van 1
289.0 248.0 269.0 248.0 268.0 242.0 289.0 241.0 Van 1
287.0 255.0 272.0 255.0 272.0 249.0 287.0 249.0 Van 1
290.0 273.0 262.0 274.0 262.0 268.0 290.0 267.0 Van 1
290.0 284.0 264.0 285.0 263.0 278.0 290.0 277.0 Van 1
200.0 482.0 191.0 482.0 191.0 466.0 199.0 466.0 Van 1
345.0 595.0 344.0 610.0 335.0 609.0 335.0 595.0 Van 1
346.0 341.0 337.0 341.0 337.0 322.0 346.0 322.0 Van 1
390.0 257.0 381.0 257.0 380.0 240.0 389.0 240.0 Van 1
508.0 211.0 489.0 211.0 489.0 206.0 508.0 206.0 Van 1
456.0 215.0 433.0 216.0 433.0 211.0 455.0 210.0 Van 1
454.0 225.0 434.0 226.0 434.0 219.0 454.0 219.0 Van 1
455.0 344.0 436.0 344.0 436.0 339.0 455.0 339.0 Van 1
520.0 341.0 511.0 353.0 505.0 349.0 514.0 337.0 Van 1
146.0 736.0 127.0 736.0 127.0 729.0 146.0 729.0 Van 1
30.0 736.0 12.0 736.0 12.0 730.0 30.0 729.0 Van 1
387.0 747.0 378.0 747.0 378.0 731.0 387.0 731.0 Van 1
534.0 768.0 512.0 768.0 512.0 761.0 534.0 761.0 Van 1
600.0 738.0 589.0 739.0 588.0 733.0 600.0 732.0 Van 1
