968.0 16.0 943.0 15.0 943.0 6.0 968.0 7.0 Van 1
964.0 26.0 943.0 25.0 944.0 18.0 964.0 19.0 Van 1
964.0 38.0 939.0 38.0 939.0 30.0 964.0 29.0 Van 1
394.0 73.0 384.0 74.0 383.0 58.0 393.0 57.0 Van 1
355.0 70.0 348.0 70.0 347.0 53.0 354.0 53.0 Van 1
127.0 74.0 117.0 75.0 116.0 59.0 126.0 59.0 Van 1
658.0 151.0 636.0 152.0 635.0 144.0 657.0 144.0 Van 1
637.0 56.0 615.0 58.0 614.0 51.0 636.0 49.0 Van 1
231.0 121.0 222.0 121.0 222.0 105.0 231.0 105.0 Van 1
242.0 119.0 231.0 119.0 231.0 104.0 242.0 104.0 Van 1
254.0 119.0 245.0 119.0 244.0 104.0 253.0 104.0 Van 1
254.0 142.0 242.0 142.0 242.0 123.0 254.0 123.0 Van 1
276.0 117.0 267.0 118.0 267.0 101.0 276.0 101.0 Van 1
291.0 139.0 280.0 139.0 280.0 123.0 290.0 123.0 Van 1
387.0 116.0 377.0 116.0 377.0 100.0 387.0 100.0 Van 1
204.0 192.0 194.0 192.0 193.0 178.0 203.0 178.0 Van 1
321.0 194.0 312.0 194.0 311.0 177.0 320.0 177.0 Van 1
397.0 193.0 388.0 193.0 387.0 175.0 396.0 174.0 Van 1
681.0 513.0 654.0 514.0 654.0 505.0 681.0 504.0 Van 1
156.0 287.0 147.0 288.0 145.0 270.0 154.0 269.0 Van 1
91.0 322.0 81.0 325.0 77.0 308.0 86.0 305.0 Van 1
152.0 323.0 142.0 324.0 140.0 306.0 151.0 305.0 Van 1
288.0 332.0 275.0 344.0 268.0 337.0 281.0 325.0 Van 1
370.0 420.0 355.0 426.0 352.0 420.0 367.0 413.0 Van 1
391.0 450.0 374.0 459.0 369.0 450.0 386.0 441.0 Van 1
409.0 372.0 389.0 380.0 386.0 371.0 406.0 363.0 Van 1
424.0 393.0 404.0 399.0 402.0 392.0 423.0 386.0 Van 1
440.0 422.0 416.0 425.0 415.0 418.0 439.0 415.0 Van 1
446.0 432.0 424.0 435.0 423.0 427.0 445.0 424.0 Van 1
445.0 531.0 422.0 529.0 423.0 521.0 445.0 523.0 Van 1
421.0 599.0 419.0 607.0 395.0 599.0 398.0 591.0 Van 1
316.0 669.0 307.0 673.0 297.0 653.0 306.0 648.0 Van 1
251.0 678.0 244.0 682.0 236.0 666.0 243.0 662.0 Van 1
217.0 691.0 208.0 696.0 199.0 676.0 208.0 672.0 Van 1
14.0 667.0 10.0 683.0 0.0 681.0 4.0 665.0 Van 1
21.0 615.0 15.0 631.0 6.0 627.0 12.0 612.0 Van 1
71.0 627.0 67.0 643.0 57.0 640.0 62.0 625.0 Van 1
83.0 630.0 79.0 645.0 70.0 643.0 73.0 628.0 Van 1
249.0 631.0 241.0 632.0 238.0 616.0 246.0 614.0 Van 1
282.0 623.0 275.0 626.0 268.0 611.0 275.0 608.0 Van 1
296.0 618.0 288.0 623.0 280.0 608.0 289.0 603.0 Van 1
202.0 948.0 173.0 949.0 173.0 942.0 201.0 941.0 Van 1
911.0 556.0 890.0 556.0 890.0 548.0 911.0 548.0 Van 1
