36.0 478.0 16.0 478.0 16.0 471.0 36.0 472.0 Van 1
78.0 478.0 61.0 478.0 61.0 471.0 78.0 471.0 Van 1
203.0 478.0 182.0 478.0 182.0 471.0 203.0 472.0 Van 1
229.0 478.0 209.0 478.0 209.0 472.0 229.0 472.0 Van 1
395.0 580.0 386.0 580.0 386.0 564.0 395.0 565.0 Van 1
409.0 467.0 385.0 466.0 386.0 458.0 409.0 459.0 Van 1
486.0 576.0 473.0 575.0 473.0 570.0 486.0 570.0 Van 1
105.0 926.0 84.0 927.0 83.0 919.0 104.0 918.0 Van 1
938.0 572.0 930.0 572.0 930.0 555.0 938.0 555.0 Van 1
315.0 11.0 304.0 11.0 304.0 0.0 315.0 0.0 Van 1
724.0 480.0 698.0 479.0 699.0 469.0 724.0 471.0 Van 1
