56.0 95.0 41.0 107.0 37.0 102.0 52.0 90.0 Van 1
36.0 311.0 29.0 311.0 28.0 294.0 35.0 294.0 Van 1
192.0 359.0 172.0 361.0 172.0 354.0 192.0 353.0 Van 1
35.0 512.0 28.0 513.0 27.0 498.0 34.0 497.0 Van 1
38.0 578.0 30.0 579.0 29.0 565.0 37.0 564.0 Van 1
483.0 347.0 482.0 354.0 461.0 351.0 461.0 345.0 Van 1
427.0 462.0 407.0 463.0 407.0 457.0 427.0 456.0 Van 1
615.0 338.0 595.0 338.0 595.0 332.0 615.0 332.0 Van 1
645.0 339.0 619.0 339.0 619.0 331.0 645.0 331.0 Van 1
644.0 357.0 624.0 356.0 625.0 350.0 644.0 351.0 Van 1
617.0 359.0 616.0 365.0 597.0 364.0 597.0 357.0 Van 1
641.0 375.0 621.0 375.0 621.0 368.0 641.0 368.0 Van 1
642.0 384.0 622.0 383.0 622.0 376.0 642.0 376.0 Van 1
619.0 393.0 599.0 393.0 599.0 386.0 619.0 386.0 Van 1
559.0 400.0 541.0 400.0 541.0 393.0 559.0 394.0 Van 1
584.0 409.0 583.0 426.0 575.0 425.0 577.0 408.0 Van 1
701.0 371.0 681.0 372.0 681.0 366.0 701.0 365.0 Van 1
700.0 361.0 678.0 361.0 678.0 353.0 700.0 353.0 Van 1
697.0 345.0 696.0 352.0 678.0 351.0 678.0 344.0 Van 1
