139.0 361.0 121.0 362.0 121.0 356.0 138.0 355.0 Van 1
76.0 386.0 50.0 387.0 50.0 379.0 76.0 379.0 Van 1
285.0 226.0 283.0 242.0 275.0 242.0 276.0 225.0 Van 1
354.0 241.0 343.0 242.0 341.0 225.0 352.0 224.0 Van 1
344.0 288.0 336.0 288.0 335.0 271.0 343.0 271.0 Van 1
421.0 212.0 401.0 213.0 400.0 205.0 421.0 204.0 Van 1
578.0 221.0 570.0 221.0 569.0 205.0 578.0 204.0 Van 1
578.0 149.0 570.0 149.0 570.0 133.0 578.0 133.0 Van 1
305.0 108.0 295.0 108.0 295.0 92.0 305.0 92.0 Van 1
496.0 366.0 476.0 368.0 476.0 362.0 496.0 360.0 Van 1
628.0 539.0 625.0 545.0 609.0 538.0 612.0 532.0 Van 1
88.0 587.0 83.0 593.0 66.0 577.0 71.0 571.0 Van 1
81.0 594.0 76.0 599.0 60.0 585.0 64.0 580.0 Van 1
619.0 82.0 597.0 83.0 597.0 74.0 619.0 73.0 Van 1
614.0 182.0 599.0 182.0 599.0 176.0 614.0 175.0 Van 1
