45.0 535.0 40.0 555.0 30.0 553.0 35.0 533.0 Van 1
142.0 568.0 137.0 583.0 129.0 581.0 134.0 566.0 Van 1
127.0 505.0 121.0 523.0 109.0 518.0 115.0 501.0 Van 1
199.0 467.0 191.0 487.0 180.0 483.0 187.0 463.0 Van 1
188.0 423.0 186.0 430.0 165.0 425.0 167.0 419.0 Van 1
193.0 405.0 192.0 411.0 172.0 407.0 173.0 401.0 Van 1
204.0 387.0 202.0 394.0 182.0 388.0 183.0 382.0 Van 1
286.0 137.0 284.0 143.0 265.0 139.0 266.0 132.0 Van 1
331.0 192.0 328.0 205.0 318.0 202.0 321.0 190.0 Van 1
361.0 8.0 354.0 30.0 343.0 27.0 351.0 4.0 Van 1
299.0 277.0 294.0 294.0 285.0 291.0 291.0 274.0 Van 1
300.0 543.0 295.0 559.0 285.0 555.0 290.0 540.0 Van 1
326.0 488.0 319.0 504.0 311.0 501.0 318.0 485.0 Van 1
631.0 586.0 629.0 594.0 609.0 590.0 611.0 582.0 Van 1
636.0 578.0 634.0 585.0 611.0 580.0 612.0 573.0 Van 1
636.0 570.0 634.0 578.0 616.0 573.0 618.0 565.0 Van 1
765.0 373.0 758.0 385.0 750.0 381.0 756.0 369.0 Van 1
798.0 347.0 786.0 367.0 775.0 360.0 788.0 340.0 Van 1
667.0 314.0 664.0 324.0 652.0 321.0 655.0 310.0 Van 1
800.0 282.0 789.0 302.0 779.0 296.0 790.0 277.0 Van 1
767.0 298.0 756.0 314.0 746.0 308.0 757.0 291.0 Van 1
757.0 293.0 745.0 311.0 735.0 305.0 746.0 287.0 Van 1
734.0 284.0 722.0 303.0 712.0 296.0 724.0 278.0 Van 1
730.0 261.0 719.0 282.0 708.0 276.0 718.0 256.0 Van 1
782.0 219.0 773.0 235.0 765.0 231.0 773.0 214.0 Van 1
572.0 266.0 570.0 273.0 548.0 267.0 550.0 260.0 Van 1
558.0 253.0 556.0 260.0 530.0 253.0 532.0 246.0 Van 1
532.0 243.0 530.0 251.0 503.0 243.0 506.0 235.0 Van 1
517.0 249.0 515.0 257.0 494.0 252.0 496.0 244.0 Van 1
458.0 355.0 456.0 363.0 433.0 358.0 435.0 350.0 Van 1
501.0 394.0 493.0 410.0 484.0 406.0 492.0 389.0 Van 1
548.0 394.0 546.0 401.0 525.0 394.0 527.0 387.0 Van 1
559.0 414.0 551.0 429.0 543.0 425.0 550.0 409.0 Van 1
558.0 447.0 552.0 453.0 540.0 442.0 546.0 436.0 Van 1
754.0 461.0 746.0 477.0 737.0 473.0 745.0 457.0 Van 1
731.0 474.0 723.0 487.0 716.0 483.0 723.0 469.0 Van 1
654.0 539.0 651.0 546.0 634.0 539.0 637.0 532.0 Van 1
132.0 567.0 126.0 583.0 116.0 579.0 122.0 564.0 Van 1
238.0 149.0 231.0 164.0 224.0 160.0 231.0 146.0 Van 1
315.0 169.0 312.0 183.0 302.0 181.0 306.0 166.0 Van 1
