953.0 645.0 936.0 651.0 934.0 644.0 950.0 638.0 Van 1
940.0 627.0 923.0 633.0 921.0 627.0 939.0 621.0 Van 1
934.0 617.0 918.0 622.0 916.0 615.0 933.0 611.0 Van 1
928.0 606.0 913.0 613.0 910.0 607.0 925.0 600.0 Van 1
924.0 599.0 906.0 605.0 904.0 598.0 922.0 592.0 Van 1
918.0 591.0 902.0 596.0 900.0 589.0 916.0 585.0 Van 1
899.0 552.0 879.0 560.0 876.0 553.0 896.0 545.0 Van 1
800.0 350.0 780.0 352.0 780.0 346.0 800.0 344.0 Van 1
797.0 330.0 778.0 332.0 777.0 326.0 796.0 325.0 Van 1
795.0 322.0 773.0 322.0 773.0 316.0 795.0 316.0 Van 1
796.0 484.0 778.0 492.0 775.0 485.0 794.0 478.0 Van 1
914.0 705.0 895.0 711.0 893.0 703.0 912.0 697.0 Van 1
919.0 714.0 899.0 718.0 898.0 712.0 918.0 708.0 Van 1
984.0 712.0 968.0 718.0 966.0 713.0 982.0 707.0 Van 1
753.0 244.0 747.0 247.0 739.0 232.0 745.0 229.0 Van 1
907.0 143.0 901.0 148.0 891.0 133.0 898.0 128.0 Van 1
862.0 158.0 856.0 162.0 847.0 147.0 854.0 143.0 Van 1
806.0 175.0 800.0 179.0 792.0 165.0 798.0 161.0 Van 1
773.0 186.0 766.0 190.0 759.0 176.0 766.0 173.0 Van 1
78.0 797.0 71.0 798.0 69.0 784.0 76.0 783.0 Van 1
300.0 342.0 292.0 342.0 291.0 327.0 299.0 326.0 Van 1
907.0 995.0 901.0 997.0 894.0 983.0 901.0 980.0 Van 1
894.0 925.0 877.0 930.0 875.0 924.0 892.0 919.0 Van 1
867.0 933.0 848.0 938.0 846.0 931.0 866.0 926.0 Van 1
779.0 953.0 760.0 956.0 759.0 950.0 778.0 948.0 Van 1
668.0 836.0 660.0 837.0 658.0 822.0 666.0 821.0 Van 1
662.0 796.0 654.0 796.0 653.0 782.0 661.0 782.0 Van 1
