654.0 267.0 649.0 285.0 640.0 283.0 646.0 265.0 Van 1
630.0 288.0 626.0 304.0 618.0 304.0 622.0 287.0 Van 1
690.0 208.0 682.0 226.0 675.0 223.0 682.0 205.0 Van 1
220.0 45.0 217.0 51.0 204.0 45.0 208.0 38.0 Van 1
770.0 904.0 768.0 910.0 753.0 905.0 754.0 900.0 Van 1
607.0 912.0 605.0 920.0 585.0 916.0 587.0 907.0 Van 1
586.0 850.0 584.0 858.0 570.0 854.0 572.0 846.0 Van 1
505.0 885.0 502.0 892.0 486.0 886.0 488.0 879.0 Van 1
410.0 851.0 408.0 859.0 390.0 854.0 392.0 846.0 Van 1
428.0 810.0 426.0 817.0 410.0 811.0 412.0 805.0 Van 1
510.0 751.0 508.0 759.0 491.0 754.0 493.0 747.0 Van 1
356.0 803.0 355.0 810.0 339.0 808.0 340.0 801.0 Van 1
313.0 786.0 312.0 795.0 288.0 791.0 289.0 783.0 Van 1
276.0 792.0 274.0 798.0 258.0 791.0 260.0 785.0 Van 1
251.0 779.0 249.0 786.0 232.0 781.0 234.0 774.0 Van 1
147.0 749.0 144.0 756.0 127.0 750.0 129.0 743.0 Van 1
491.0 652.0 485.0 671.0 477.0 668.0 483.0 650.0 Van 1
543.0 667.0 538.0 686.0 530.0 684.0 535.0 665.0 Van 1
576.0 676.0 570.0 694.0 563.0 691.0 569.0 674.0 Van 1
735.0 750.0 727.0 750.0 727.0 733.0 734.0 733.0 Van 1
108.0 839.0 102.0 856.0 95.0 855.0 100.0 837.0 Van 1
134.0 839.0 129.0 855.0 121.0 852.0 126.0 836.0 Van 1
103.0 917.0 97.0 933.0 91.0 931.0 97.0 915.0 Van 1
90.0 845.0 85.0 862.0 76.0 860.0 82.0 843.0 Van 1
203.0 278.0 201.0 284.0 184.0 278.0 186.0 272.0 Van 1
135.0 124.0 128.0 126.0 124.0 108.0 131.0 105.0 Van 1
165.0 69.0 148.0 80.0 144.0 74.0 161.0 63.0 Van 1
937.0 607.0 935.0 612.0 915.0 607.0 917.0 601.0 Van 1
