388.0 735.0 377.0 735.0 376.0 717.0 387.0 717.0 Van 1
373.0 732.0 362.0 731.0 362.0 716.0 373.0 717.0 Van 1
340.0 719.0 332.0 719.0 331.0 708.0 340.0 708.0 Van 1
243.0 235.0 223.0 235.0 223.0 228.0 243.0 228.0 Van 1
117.0 195.0 115.0 204.0 88.0 198.0 90.0 190.0 Van 1
509.0 552.0 505.0 570.0 493.0 567.0 498.0 550.0 Van 1
494.0 781.0 486.0 782.0 484.0 765.0 492.0 764.0 Van 1
446.0 757.0 439.0 759.0 434.0 744.0 441.0 742.0 Van 1
424.0 750.0 417.0 751.0 414.0 735.0 422.0 734.0 Van 1
353.0 723.0 344.0 725.0 341.0 706.0 351.0 705.0 Van 1
319.0 707.0 309.0 710.0 305.0 691.0 315.0 689.0 Van 1
293.0 698.0 283.0 698.0 282.0 680.0 292.0 679.0 Van 1
282.0 689.0 273.0 690.0 271.0 675.0 280.0 674.0 Van 1
192.0 621.0 180.0 633.0 173.0 626.0 185.0 613.0 Van 1
340.0 549.0 324.0 558.0 321.0 551.0 337.0 542.0 Van 1
