669.0 906.0 668.0 913.0 645.0 912.0 646.0 905.0 Van 1
728.0 553.0 727.0 561.0 707.0 559.0 708.0 552.0 Van 1
703.0 529.0 677.0 530.0 677.0 523.0 703.0 523.0 Van 1
778.0 551.0 759.0 551.0 759.0 546.0 778.0 546.0 Van 1
847.0 526.0 839.0 531.0 830.0 515.0 838.0 510.0 Van 1
374.0 5.0 373.0 18.0 366.0 17.0 366.0 4.0 Van 1
385.0 36.0 377.0 36.0 377.0 14.0 385.0 14.0 Van 1
281.0 81.0 274.0 82.0 273.0 63.0 281.0 63.0 Van 1
365.0 250.0 364.0 267.0 356.0 267.0 357.0 249.0 Van 1
323.0 277.0 306.0 277.0 306.0 271.0 323.0 272.0 Van 1
325.0 348.0 309.0 355.0 306.0 349.0 322.0 342.0 Van 1
327.0 368.0 309.0 376.0 307.0 370.0 325.0 362.0 Van 1
616.0 412.0 615.0 432.0 605.0 431.0 607.0 411.0 Van 1
265.0 434.0 258.0 448.0 250.0 444.0 257.0 430.0 Van 1
289.0 470.0 281.0 471.0 280.0 456.0 289.0 456.0 Van 1
178.0 510.0 177.0 527.0 169.0 527.0 169.0 510.0 Van 1
176.0 530.0 174.0 546.0 165.0 546.0 167.0 530.0 Van 1
221.0 564.0 202.0 563.0 202.0 556.0 221.0 557.0 Van 1
604.0 542.0 596.0 542.0 596.0 526.0 604.0 526.0 Van 1
675.0 437.0 674.0 453.0 666.0 453.0 667.0 437.0 Van 1
564.0 580.0 543.0 580.0 544.0 574.0 564.0 575.0 Van 1
237.0 626.0 217.0 625.0 217.0 618.0 237.0 619.0 Van 1
345.0 672.0 322.0 671.0 322.0 665.0 345.0 666.0 Van 1
587.0 744.0 586.0 760.0 578.0 759.0 579.0 744.0 Van 1
479.0 709.0 471.0 709.0 471.0 694.0 479.0 694.0 Van 1
311.0 839.0 293.0 838.0 293.0 831.0 311.0 832.0 Van 1
626.0 891.0 617.0 891.0 617.0 872.0 626.0 872.0 Van 1
628.0 846.0 627.0 867.0 618.0 867.0 619.0 845.0 Van 1
317.0 938.0 316.0 954.0 309.0 954.0 310.0 938.0 Van 1
401.0 986.0 377.0 985.0 377.0 978.0 401.0 978.0 Van 1
109.0 108.0 102.0 108.0 101.0 92.0 109.0 92.0 Van 1
175.0 24.0 167.0 24.0 166.0 9.0 175.0 9.0 Van 1
30.0 80.0 26.0 102.0 18.0 101.0 21.0 79.0 Van 1
101.0 43.0 100.0 58.0 91.0 57.0 92.0 42.0 Van 1
77.0 58.0 68.0 58.0 67.0 42.0 76.0 42.0 Van 1
72.0 305.0 52.0 303.0 52.0 298.0 72.0 299.0 Van 1
158.0 690.0 157.0 705.0 148.0 705.0 149.0 689.0 Van 1
94.0 741.0 93.0 757.0 86.0 757.0 87.0 740.0 Van 1
124.0 476.0 115.0 476.0 116.0 461.0 124.0 461.0 Van 1
503.0 259.0 501.0 278.0 491.0 277.0 493.0 258.0 Van 1
