802.0 938.0 778.0 939.0 778.0 932.0 802.0 932.0 Van 1
801.0 926.0 778.0 927.0 778.0 921.0 801.0 920.0 Van 1
683.0 869.0 675.0 870.0 674.0 854.0 682.0 853.0 Van 1
364.0 800.0 356.0 800.0 356.0 782.0 363.0 782.0 Van 1
37.0 23.0 27.0 23.0 27.0 5.0 37.0 5.0 Van 1
448.0 54.0 424.0 54.0 424.0 46.0 448.0 46.0 Van 1
308.0 34.0 299.0 34.0 299.0 16.0 308.0 16.0 Van 1
468.0 330.0 446.0 331.0 446.0 324.0 467.0 323.0 Van 1
26.0 219.0 25.0 234.0 15.0 233.0 15.0 219.0 Van 1
62.0 879.0 59.0 891.0 51.0 889.0 54.0 877.0 Van 1
106.0 819.0 97.0 819.0 96.0 805.0 105.0 805.0 Van 1
237.0 869.0 216.0 868.0 216.0 860.0 237.0 861.0 Van 1
436.0 565.0 413.0 565.0 413.0 557.0 436.0 557.0 Van 1
958.0 330.0 938.0 330.0 938.0 324.0 958.0 324.0 Van 1
479.0 786.0 478.0 801.0 470.0 801.0 470.0 786.0 Van 1
