341.0 745.0 328.0 755.0 325.0 750.0 338.0 741.0 Van 1
366.0 730.0 349.0 741.0 345.0 735.0 361.0 724.0 Van 1
423.0 665.0 406.0 667.0 406.0 661.0 423.0 659.0 Van 1
470.0 685.0 451.0 688.0 450.0 681.0 469.0 679.0 Van 1
495.0 681.0 471.0 684.0 470.0 677.0 494.0 674.0 Van 1
522.0 672.0 503.0 680.0 500.0 674.0 520.0 667.0 Van 1
477.0 606.0 458.0 606.0 458.0 599.0 477.0 599.0 Van 1
359.0 434.0 352.0 437.0 346.0 422.0 353.0 419.0 Van 1
123.0 432.0 114.0 436.0 106.0 417.0 116.0 414.0 Van 1
72.0 784.0 56.0 794.0 52.0 787.0 68.0 777.0 Van 1
