407.0 863.0 398.0 864.0 397.0 848.0 405.0 847.0 Van 1
372.0 827.0 371.0 834.0 346.0 831.0 347.0 823.0 Van 1
234.0 987.0 213.0 987.0 213.0 981.0 234.0 981.0 Van 1
90.0 824.0 75.0 825.0 75.0 819.0 90.0 819.0 Van 1
688.0 360.0 679.0 359.0 680.0 344.0 688.0 344.0 Van 1
209.0 49.0 207.0 64.0 199.0 63.0 201.0 49.0 Van 1
219.0 59.0 214.0 75.0 206.0 73.0 211.0 57.0 Van 1
577.0 216.0 569.0 216.0 569.0 201.0 577.0 201.0 Van 1
801.0 175.0 800.0 190.0 791.0 190.0 791.0 174.0 Van 1
746.0 219.0 745.0 234.0 736.0 234.0 737.0 219.0 Van 1
909.0 213.0 899.0 213.0 898.0 197.0 908.0 197.0 Van 1
940.0 282.0 939.0 289.0 914.0 288.0 914.0 281.0 Van 1
744.0 12.0 725.0 12.0 726.0 6.0 744.0 6.0 Van 1
