765.0 173.0 749.0 179.0 746.0 170.0 762.0 165.0 Van 1
768.0 185.0 747.0 186.0 747.0 177.0 768.0 177.0 Van 1
817.0 397.0 793.0 402.0 791.0 393.0 816.0 388.0 Van 1
27.0 66.0 18.0 71.0 8.0 50.0 17.0 46.0 Van 1
405.0 24.0 395.0 27.0 391.0 10.0 400.0 7.0 Van 1
393.0 26.0 384.0 30.0 378.0 15.0 387.0 11.0 Van 1
289.0 103.0 276.0 106.0 274.0 98.0 287.0 95.0 Van 1
501.0 239.0 492.0 243.0 485.0 225.0 494.0 221.0 Van 1
275.0 220.0 251.0 222.0 250.0 213.0 274.0 212.0 Van 1
323.0 398.0 313.0 400.0 310.0 381.0 319.0 379.0 Van 1
770.0 553.0 759.0 569.0 752.0 564.0 763.0 548.0 Van 1
354.0 716.0 345.0 718.0 342.0 703.0 351.0 701.0 Van 1
87.0 444.0 73.0 449.0 66.0 427.0 80.0 423.0 Van 1
157.0 445.0 148.0 448.0 143.0 432.0 152.0 429.0 Van 1
817.0 832.0 806.0 835.0 802.0 819.0 813.0 816.0 Van 1
499.0 889.0 482.0 891.0 481.0 884.0 499.0 882.0 Van 1
