519.0 310.0 492.0 310.0 492.0 302.0 519.0 302.0 Van 1
499.0 344.0 498.0 367.0 485.0 367.0 486.0 344.0 Van 1
274.0 519.0 269.0 523.0 256.0 510.0 261.0 505.0 Van 1
260.0 517.0 255.0 522.0 241.0 510.0 246.0 504.0 Van 1
229.0 518.0 224.0 523.0 211.0 511.0 215.0 506.0 Van 1
213.0 517.0 208.0 523.0 194.0 512.0 199.0 506.0 Van 1
183.0 519.0 179.0 525.0 163.0 512.0 167.0 507.0 Van 1
148.0 515.0 144.0 521.0 130.0 510.0 134.0 505.0 Van 1
134.0 518.0 129.0 523.0 115.0 510.0 119.0 505.0 Van 1
117.0 517.0 112.0 522.0 99.0 509.0 104.0 504.0 Van 1
102.0 517.0 97.0 523.0 82.0 511.0 87.0 505.0 Van 1
86.0 518.0 82.0 524.0 66.0 513.0 70.0 507.0 Van 1
73.0 548.0 72.0 559.0 45.0 558.0 45.0 547.0 Van 1
