662.0 639.0 644.0 639.0 644.0 632.0 662.0 632.0 Van 1
557.0 589.0 556.0 596.0 535.0 596.0 535.0 589.0 Van 1
815.0 564.0 807.0 564.0 806.0 550.0 815.0 549.0 Van 1
704.0 431.0 694.0 431.0 694.0 414.0 704.0 414.0 Van 1
608.0 437.0 584.0 438.0 584.0 430.0 608.0 429.0 Van 1
608.0 427.0 583.0 428.0 583.0 421.0 608.0 420.0 Van 1
605.0 419.0 584.0 419.0 584.0 412.0 605.0 411.0 Van 1
347.0 535.0 338.0 535.0 338.0 519.0 347.0 519.0 Van 1
351.0 492.0 326.0 492.0 326.0 485.0 351.0 485.0 Van 1
377.0 442.0 376.0 448.0 353.0 448.0 353.0 441.0 Van 1
374.0 439.0 352.0 439.0 352.0 433.0 374.0 433.0 Van 1
374.0 431.0 354.0 431.0 354.0 424.0 374.0 424.0 Van 1
349.0 448.0 325.0 448.0 325.0 440.0 349.0 441.0 Van 1
294.0 463.0 273.0 463.0 273.0 456.0 294.0 456.0 Van 1
300.0 454.0 277.0 454.0 278.0 447.0 300.0 447.0 Van 1
457.0 594.0 437.0 593.0 437.0 587.0 457.0 588.0 Van 1
387.0 591.0 366.0 592.0 366.0 585.0 387.0 585.0 Van 1
291.0 589.0 274.0 589.0 273.0 583.0 291.0 583.0 Van 1
270.0 589.0 253.0 589.0 253.0 583.0 270.0 582.0 Van 1
163.0 586.0 142.0 586.0 142.0 579.0 163.0 579.0 Van 1
189.0 551.0 169.0 551.0 169.0 545.0 189.0 545.0 Van 1
9.0 547.0 0.0 547.0 0.0 540.0 9.0 540.0 Van 1
704.0 640.0 686.0 639.0 686.0 631.0 704.0 631.0 Van 1
765.0 685.0 764.0 690.0 750.0 690.0 750.0 684.0 Van 1
605.0 737.0 583.0 737.0 583.0 730.0 605.0 730.0 Van 1
897.0 435.0 896.0 443.0 876.0 442.0 876.0 434.0 Van 1
936.0 443.0 914.0 444.0 914.0 435.0 936.0 434.0 Van 1
958.0 386.0 938.0 387.0 938.0 381.0 957.0 380.0 Van 1
953.0 141.0 941.0 142.0 940.0 119.0 952.0 118.0 Van 1
895.0 139.0 886.0 140.0 885.0 125.0 894.0 124.0 Van 1
910.0 180.0 900.0 180.0 901.0 163.0 910.0 163.0 Van 1
865.0 180.0 856.0 180.0 856.0 164.0 865.0 164.0 Van 1
956.0 312.0 941.0 326.0 935.0 320.0 950.0 305.0 Van 1
960.0 321.0 946.0 335.0 939.0 328.0 954.0 314.0 Van 1
964.0 331.0 950.0 343.0 944.0 336.0 958.0 324.0 Van 1
655.0 371.0 634.0 372.0 634.0 364.0 655.0 364.0 Van 1
