486.0 313.0 467.0 320.0 464.0 313.0 483.0 306.0 Van 1
468.0 343.0 451.0 349.0 449.0 343.0 466.0 337.0 Van 1
417.0 334.0 401.0 340.0 399.0 335.0 415.0 329.0 Van 1
361.0 354.0 343.0 360.0 341.0 354.0 359.0 348.0 Van 1
437.0 412.0 418.0 417.0 416.0 410.0 435.0 405.0 Van 1
455.0 469.0 437.0 472.0 436.0 466.0 454.0 463.0 Van 1
460.0 493.0 444.0 497.0 443.0 491.0 459.0 487.0 Van 1
403.0 493.0 387.0 497.0 385.0 491.0 402.0 487.0 Van 1
400.0 482.0 381.0 487.0 379.0 480.0 399.0 475.0 Van 1
334.0 446.0 327.0 448.0 322.0 434.0 328.0 432.0 Van 1
436.0 604.0 429.0 606.0 423.0 591.0 430.0 588.0 Van 1
413.0 610.0 406.0 612.0 400.0 596.0 407.0 593.0 Van 1
400.0 611.0 394.0 613.0 389.0 597.0 395.0 595.0 Van 1
366.0 551.0 352.0 554.0 351.0 548.0 366.0 546.0 Van 1
357.0 578.0 350.0 580.0 345.0 565.0 352.0 563.0 Van 1
345.0 581.0 337.0 583.0 333.0 566.0 341.0 564.0 Van 1
333.0 580.0 326.0 582.0 321.0 567.0 329.0 565.0 Van 1
207.0 436.0 189.0 442.0 187.0 436.0 205.0 430.0 Van 1
