118.0 306.0 105.0 307.0 105.0 300.0 118.0 299.0 Van 1
577.0 42.0 550.0 41.0 550.0 32.0 577.0 33.0 Van 1
599.0 87.0 591.0 87.0 591.0 72.0 599.0 72.0 Van 1
588.0 87.0 580.0 87.0 580.0 73.0 588.0 73.0 Van 1
575.0 86.0 565.0 86.0 565.0 68.0 575.0 68.0 Van 1
561.0 145.0 540.0 145.0 540.0 139.0 561.0 139.0 Van 1
562.0 153.0 543.0 154.0 543.0 147.0 562.0 147.0 Van 1
486.0 228.0 472.0 240.0 466.0 233.0 481.0 221.0 Van 1
435.0 227.0 423.0 238.0 417.0 233.0 429.0 221.0 Van 1
558.0 301.0 554.0 307.0 538.0 295.0 542.0 289.0 Van 1
599.0 391.0 593.0 391.0 593.0 376.0 599.0 376.0 Van 1
558.0 349.0 554.0 355.0 537.0 343.0 541.0 336.0 Van 1
94.0 563.0 77.0 574.0 73.0 567.0 89.0 556.0 Van 1
80.0 546.0 66.0 557.0 61.0 551.0 75.0 540.0 Van 1
287.0 523.0 281.0 530.0 266.0 518.0 271.0 511.0 Van 1
251.0 522.0 246.0 529.0 230.0 517.0 235.0 510.0 Van 1
257.0 552.0 243.0 564.0 237.0 558.0 252.0 546.0 Van 1
194.0 584.0 193.0 602.0 183.0 601.0 185.0 584.0 Van 1
179.0 601.0 170.0 601.0 170.0 586.0 179.0 586.0 Van 1
351.0 602.0 339.0 602.0 339.0 583.0 351.0 582.0 Van 1
479.0 645.0 463.0 658.0 455.0 650.0 472.0 636.0 Van 1
515.0 644.0 498.0 658.0 494.0 652.0 509.0 638.0 Van 1
530.0 645.0 512.0 661.0 506.0 654.0 524.0 638.0 Van 1
15.0 172.0 5.0 172.0 4.0 156.0 15.0 156.0 Van 1
65.0 172.0 55.0 173.0 54.0 155.0 64.0 154.0 Van 1
79.0 172.0 69.0 172.0 69.0 155.0 79.0 155.0 Van 1
332.0 82.0 322.0 83.0 322.0 66.0 331.0 65.0 Van 1
320.0 84.0 311.0 85.0 310.0 67.0 318.0 67.0 Van 1
452.0 17.0 434.0 17.0 434.0 10.0 452.0 10.0 Van 1
188.0 346.0 173.0 345.0 174.0 339.0 188.0 340.0 Van 1
