152.0 133.0 129.0 138.0 127.0 130.0 150.0 126.0 Van 1
80.0 149.0 57.0 153.0 56.0 144.0 79.0 140.0 Van 1
224.0 294.0 216.0 308.0 209.0 303.0 217.0 290.0 Van 1
619.0 535.0 612.0 542.0 597.0 526.0 604.0 519.0 Van 1
585.0 501.0 578.0 506.0 566.0 490.0 573.0 485.0 Van 1
621.0 477.0 615.0 483.0 603.0 469.0 609.0 463.0 Van 1
315.0 415.0 308.0 420.0 297.0 403.0 304.0 398.0 Van 1
397.0 340.0 379.0 350.0 375.0 342.0 393.0 332.0 Van 1
244.0 400.0 237.0 402.0 232.0 385.0 239.0 383.0 Van 1
74.0 463.0 66.0 465.0 62.0 445.0 70.0 443.0 Van 1
690.0 495.0 685.0 500.0 672.0 488.0 677.0 483.0 Van 1
755.0 460.0 750.0 466.0 736.0 455.0 741.0 449.0 Van 1
681.0 502.0 675.0 507.0 662.0 493.0 669.0 487.0 Van 1
459.0 344.0 452.0 350.0 439.0 337.0 445.0 331.0 Van 1
437.0 354.0 430.0 359.0 420.0 345.0 427.0 340.0 Van 1
591.0 269.0 583.0 273.0 576.0 255.0 584.0 252.0 Van 1
769.0 237.0 754.0 247.0 749.0 240.0 764.0 230.0 Van 1
766.0 52.0 764.0 60.0 746.0 55.0 748.0 47.0 Van 1
770.0 43.0 768.0 50.0 749.0 46.0 751.0 39.0 Van 1
757.0 69.0 756.0 77.0 740.0 74.0 742.0 67.0 Van 1
794.0 570.0 788.0 575.0 776.0 562.0 782.0 556.0 Van 1
255.0 269.0 240.0 279.0 236.0 271.0 250.0 262.0 Van 1
