351.0 308.0 343.0 313.0 335.0 300.0 342.0 296.0 Van 1
337.0 307.0 330.0 312.0 322.0 301.0 328.0 295.0 Van 1
325.0 309.0 317.0 314.0 307.0 299.0 313.0 294.0 Van 1
312.0 308.0 304.0 312.0 296.0 299.0 303.0 294.0 Van 1
289.0 310.0 282.0 314.0 273.0 301.0 280.0 296.0 Van 1
264.0 306.0 257.0 312.0 250.0 303.0 257.0 297.0 Van 1
227.0 309.0 220.0 315.0 210.0 302.0 217.0 296.0 Van 1
214.0 307.0 206.0 312.0 199.0 302.0 207.0 297.0 Van 1
175.0 307.0 169.0 311.0 160.0 301.0 166.0 297.0 Van 1
163.0 307.0 157.0 312.0 145.0 297.0 150.0 293.0 Van 1
88.0 308.0 81.0 313.0 71.0 300.0 78.0 295.0 Van 1
46.0 308.0 41.0 315.0 27.0 303.0 33.0 296.0 Van 1
46.0 319.0 40.0 326.0 28.0 315.0 34.0 308.0 Van 1
43.0 344.0 36.0 350.0 26.0 338.0 32.0 332.0 Van 1
76.0 343.0 75.0 357.0 67.0 356.0 68.0 342.0 Van 1
128.0 336.0 118.0 351.0 111.0 346.0 122.0 331.0 Van 1
165.0 338.0 158.0 348.0 151.0 344.0 158.0 333.0 Van 1
177.0 339.0 168.0 352.0 161.0 348.0 170.0 334.0 Van 1
191.0 337.0 178.0 354.0 172.0 349.0 184.0 333.0 Van 1
202.0 336.0 192.0 351.0 186.0 347.0 196.0 332.0 Van 1
227.0 340.0 221.0 348.0 215.0 343.0 220.0 336.0 Van 1
241.0 339.0 230.0 353.0 223.0 348.0 234.0 334.0 Van 1
275.0 339.0 267.0 354.0 259.0 350.0 267.0 335.0 Van 1
337.0 339.0 326.0 354.0 318.0 349.0 330.0 333.0 Van 1
163.0 358.0 153.0 373.0 145.0 368.0 155.0 353.0 Van 1
175.0 359.0 163.0 371.0 159.0 367.0 169.0 354.0 Van 1
187.0 358.0 176.0 373.0 170.0 369.0 181.0 354.0 Van 1
212.0 361.0 201.0 375.0 195.0 370.0 206.0 356.0 Van 1
223.0 363.0 216.0 372.0 208.0 367.0 216.0 358.0 Van 1
236.0 362.0 226.0 374.0 220.0 369.0 231.0 357.0 Van 1
298.0 358.0 289.0 373.0 282.0 369.0 292.0 354.0 Van 1
324.0 357.0 313.0 371.0 307.0 366.0 317.0 352.0 Van 1
247.0 95.0 244.0 113.0 236.0 111.0 238.0 93.0 Van 1
371.0 83.0 361.0 84.0 360.0 67.0 370.0 67.0 Van 1
421.0 179.0 413.0 179.0 413.0 163.0 421.0 163.0 Van 1
555.0 74.0 546.0 97.0 536.0 93.0 544.0 70.0 Van 1
657.0 21.0 646.0 20.0 647.0 3.0 657.0 3.0 Van 1
769.0 188.0 768.0 199.0 761.0 198.0 762.0 187.0 Van 1
779.0 198.0 771.0 197.0 773.0 187.0 779.0 188.0 Van 1
779.0 180.0 769.0 187.0 766.0 182.0 777.0 175.0 Van 1
790.0 181.0 782.0 181.0 782.0 170.0 790.0 170.0 Van 1
791.0 192.0 787.0 196.0 779.0 187.0 785.0 184.0 Van 1
407.0 337.0 398.0 338.0 398.0 321.0 407.0 321.0 Van 1
408.0 341.0 407.0 358.0 398.0 357.0 398.0 341.0 Van 1
446.0 412.0 436.0 412.0 436.0 395.0 446.0 395.0 Van 1
418.0 448.0 409.0 448.0 409.0 430.0 418.0 431.0 Van 1
661.0 284.0 641.0 284.0 641.0 274.0 661.0 275.0 Van 1
745.0 305.0 725.0 305.0 725.0 297.0 745.0 298.0 Van 1
751.0 585.0 745.0 591.0 732.0 578.0 738.0 572.0 Van 1
751.0 546.0 743.0 553.0 739.0 547.0 746.0 540.0 Van 1
729.0 537.0 716.0 550.0 711.0 545.0 724.0 532.0 Van 1
609.0 542.0 602.0 548.0 598.0 544.0 604.0 537.0 Van 1
595.0 586.0 589.0 592.0 575.0 579.0 581.0 572.0 Van 1
563.0 586.0 556.0 593.0 542.0 580.0 548.0 573.0 Van 1
21.0 437.0 7.0 450.0 1.0 443.0 13.0 430.0 Van 1
20.0 476.0 5.0 488.0 1.0 483.0 15.0 471.0 Van 1
292.0 585.0 287.0 590.0 274.0 579.0 279.0 573.0 Van 1
310.0 585.0 303.0 593.0 286.0 580.0 293.0 571.0 Van 1
341.0 586.0 334.0 592.0 321.0 580.0 328.0 573.0 Van 1
372.0 584.0 367.0 590.0 353.0 579.0 358.0 572.0 Van 1
317.0 535.0 307.0 546.0 302.0 541.0 312.0 530.0 Van 1
147.0 536.0 135.0 547.0 130.0 542.0 143.0 531.0 Van 1
178.0 534.0 166.0 546.0 161.0 541.0 173.0 529.0 Van 1
169.0 585.0 163.0 591.0 151.0 579.0 157.0 573.0 Van 1
183.0 585.0 178.0 591.0 167.0 581.0 173.0 575.0 Van 1
193.0 536.0 180.0 549.0 175.0 543.0 189.0 530.0 Van 1
110.0 208.0 92.0 208.0 92.0 202.0 110.0 202.0 Van 1
55.0 57.0 40.0 69.0 35.0 64.0 50.0 51.0 Van 1
11.0 45.0 2.0 45.0 1.0 27.0 11.0 27.0 Van 1
