233.0 523.0 227.0 528.0 216.0 515.0 222.0 511.0 Van 1
433.0 428.0 412.0 429.0 412.0 422.0 433.0 422.0 Van 1
434.0 401.0 410.0 402.0 410.0 394.0 434.0 393.0 Van 1
340.0 372.0 316.0 373.0 316.0 366.0 340.0 365.0 Van 1
341.0 352.0 317.0 354.0 317.0 347.0 341.0 346.0 Van 1
341.0 310.0 340.0 318.0 315.0 318.0 315.0 309.0 Van 1
584.0 529.0 573.0 530.0 572.0 511.0 583.0 510.0 Van 1
703.0 460.0 695.0 461.0 693.0 446.0 702.0 446.0 Van 1
688.0 465.0 687.0 473.0 665.0 473.0 665.0 465.0 Van 1
701.0 380.0 693.0 380.0 693.0 368.0 700.0 368.0 Van 1
493.0 420.0 471.0 420.0 471.0 413.0 493.0 413.0 Van 1
498.0 411.0 476.0 411.0 476.0 403.0 498.0 403.0 Van 1
498.0 383.0 477.0 384.0 477.0 377.0 498.0 377.0 Van 1
497.0 364.0 471.0 365.0 471.0 356.0 497.0 355.0 Van 1
496.0 319.0 473.0 319.0 473.0 312.0 496.0 312.0 Van 1
496.0 456.0 473.0 457.0 473.0 450.0 496.0 449.0 Van 1
525.0 437.0 503.0 437.0 503.0 431.0 525.0 431.0 Van 1
521.0 456.0 498.0 457.0 498.0 450.0 521.0 450.0 Van 1
594.0 475.0 571.0 475.0 571.0 467.0 594.0 467.0 Van 1
590.0 458.0 565.0 457.0 565.0 450.0 590.0 450.0 Van 1
594.0 448.0 569.0 447.0 569.0 439.0 594.0 440.0 Van 1
590.0 436.0 568.0 437.0 568.0 431.0 590.0 430.0 Van 1
588.0 428.0 566.0 428.0 565.0 422.0 587.0 421.0 Van 1
587.0 418.0 567.0 418.0 567.0 412.0 587.0 412.0 Van 1
592.0 391.0 569.0 391.0 569.0 385.0 591.0 384.0 Van 1
620.0 366.0 593.0 367.0 593.0 358.0 620.0 358.0 Van 1
687.0 336.0 663.0 335.0 663.0 328.0 687.0 328.0 Van 1
654.0 261.0 653.0 280.0 641.0 280.0 642.0 260.0 Van 1
670.0 258.0 663.0 265.0 645.0 244.0 652.0 237.0 Van 1
588.0 246.0 567.0 246.0 567.0 240.0 588.0 239.0 Van 1
588.0 237.0 569.0 238.0 569.0 231.0 588.0 231.0 Van 1
588.0 210.0 567.0 210.0 566.0 204.0 587.0 204.0 Van 1
588.0 137.0 562.0 137.0 562.0 129.0 588.0 129.0 Van 1
495.0 279.0 473.0 279.0 473.0 272.0 495.0 273.0 Van 1
498.0 270.0 477.0 270.0 477.0 263.0 498.0 264.0 Van 1
523.0 279.0 501.0 279.0 501.0 272.0 523.0 272.0 Van 1
525.0 270.0 503.0 270.0 503.0 262.0 525.0 262.0 Van 1
525.0 260.0 504.0 260.0 504.0 254.0 525.0 254.0 Van 1
526.0 252.0 505.0 252.0 505.0 246.0 525.0 246.0 Van 1
524.0 243.0 507.0 243.0 507.0 236.0 524.0 236.0 Van 1
524.0 224.0 498.0 225.0 498.0 217.0 523.0 217.0 Van 1
531.0 198.0 505.0 198.0 505.0 190.0 531.0 190.0 Van 1
492.0 224.0 470.0 224.0 470.0 218.0 492.0 218.0 Van 1
493.0 216.0 473.0 215.0 473.0 208.0 493.0 208.0 Van 1
495.0 197.0 473.0 197.0 473.0 190.0 495.0 190.0 Van 1
493.0 189.0 472.0 189.0 472.0 183.0 492.0 183.0 Van 1
493.0 179.0 470.0 179.0 470.0 172.0 493.0 172.0 Van 1
492.0 169.0 468.0 170.0 468.0 163.0 492.0 162.0 Van 1
526.0 169.0 504.0 170.0 504.0 162.0 526.0 162.0 Van 1
492.0 152.0 468.0 151.0 468.0 144.0 492.0 144.0 Van 1
495.0 143.0 472.0 143.0 472.0 135.0 495.0 135.0 Van 1
492.0 123.0 468.0 124.0 468.0 117.0 492.0 116.0 Van 1
495.0 105.0 471.0 106.0 471.0 98.0 495.0 98.0 Van 1
496.0 95.0 471.0 95.0 471.0 88.0 496.0 88.0 Van 1
495.0 87.0 474.0 87.0 474.0 80.0 495.0 80.0 Van 1
494.0 79.0 468.0 79.0 468.0 71.0 494.0 71.0 Van 1
526.0 133.0 500.0 133.0 500.0 125.0 526.0 125.0 Van 1
520.0 87.0 502.0 87.0 502.0 81.0 520.0 80.0 Van 1
521.0 63.0 520.0 70.0 498.0 70.0 498.0 63.0 Van 1
586.0 100.0 563.0 100.0 563.0 93.0 586.0 93.0 Van 1
586.0 90.0 562.0 90.0 562.0 83.0 586.0 83.0 Van 1
585.0 72.0 562.0 72.0 562.0 65.0 585.0 65.0 Van 1
585.0 64.0 561.0 64.0 561.0 57.0 585.0 57.0 Van 1
560.0 38.0 548.0 38.0 547.0 18.0 560.0 17.0 Van 1
504.0 16.0 503.0 34.0 493.0 34.0 494.0 15.0 Van 1
490.0 17.0 489.0 34.0 480.0 34.0 481.0 17.0 Van 1
434.0 277.0 410.0 277.0 410.0 270.0 434.0 270.0 Van 1
432.0 249.0 408.0 249.0 408.0 242.0 432.0 242.0 Van 1
436.0 213.0 411.0 213.0 411.0 205.0 436.0 205.0 Van 1
431.0 194.0 411.0 194.0 411.0 187.0 431.0 187.0 Van 1
431.0 149.0 408.0 149.0 408.0 142.0 431.0 142.0 Van 1
399.0 122.0 377.0 122.0 377.0 114.0 399.0 115.0 Van 1
399.0 112.0 376.0 112.0 376.0 103.0 399.0 104.0 Van 1
432.0 119.0 408.0 119.0 408.0 113.0 432.0 113.0 Van 1
428.0 112.0 410.0 111.0 410.0 104.0 428.0 105.0 Van 1
400.0 99.0 380.0 99.0 380.0 92.0 400.0 92.0 Van 1
401.0 90.0 377.0 90.0 377.0 82.0 401.0 82.0 Van 1
431.0 76.0 410.0 76.0 410.0 69.0 431.0 69.0 Van 1
335.0 128.0 313.0 128.0 313.0 121.0 335.0 121.0 Van 1
336.0 119.0 314.0 119.0 314.0 113.0 336.0 112.0 Van 1
337.0 91.0 315.0 92.0 314.0 85.0 336.0 84.0 Van 1
340.0 82.0 317.0 82.0 316.0 75.0 339.0 75.0 Van 1
339.0 64.0 316.0 64.0 316.0 57.0 339.0 57.0 Van 1
335.0 55.0 315.0 55.0 315.0 49.0 335.0 49.0 Van 1
337.0 47.0 314.0 46.0 314.0 39.0 337.0 39.0 Van 1
392.0 31.0 383.0 30.0 383.0 16.0 392.0 16.0 Van 1
380.0 32.0 369.0 31.0 370.0 15.0 380.0 16.0 Van 1
269.0 174.0 259.0 175.0 259.0 158.0 268.0 157.0 Van 1
251.0 223.0 233.0 234.0 229.0 227.0 246.0 216.0 Van 1
253.0 168.0 239.0 177.0 234.0 170.0 248.0 161.0 Van 1
250.0 156.0 239.0 164.0 234.0 157.0 245.0 149.0 Van 1
250.0 142.0 234.0 156.0 229.0 149.0 245.0 136.0 Van 1
249.0 128.0 234.0 141.0 227.0 134.0 242.0 121.0 Van 1
201.0 18.0 181.0 18.0 182.0 10.0 201.0 11.0 Van 1
203.0 9.0 182.0 8.0 182.0 1.0 203.0 1.0 Van 1
139.0 25.0 115.0 26.0 114.0 19.0 139.0 18.0 Van 1
289.0 228.0 277.0 227.0 277.0 207.0 289.0 208.0 Van 1
281.0 319.0 257.0 319.0 257.0 310.0 281.0 311.0 Van 1
429.0 500.0 421.0 500.0 421.0 486.0 429.0 486.0 Van 1
418.0 501.0 407.0 501.0 407.0 483.0 417.0 483.0 Van 1
403.0 503.0 393.0 503.0 392.0 484.0 402.0 484.0 Van 1
102.0 583.0 95.0 588.0 86.0 575.0 92.0 571.0 Van 1
128.0 580.0 122.0 585.0 112.0 572.0 118.0 567.0 Van 1
147.0 583.0 137.0 589.0 126.0 572.0 135.0 566.0 Van 1
162.0 582.0 154.0 588.0 140.0 571.0 149.0 565.0 Van 1
177.0 581.0 169.0 587.0 157.0 572.0 164.0 566.0 Van 1
231.0 587.0 220.0 589.0 217.0 570.0 227.0 569.0 Van 1
222.0 566.0 214.0 572.0 202.0 555.0 209.0 550.0 Van 1
102.0 563.0 95.0 568.0 84.0 553.0 90.0 548.0 Van 1
88.0 567.0 82.0 572.0 69.0 558.0 76.0 552.0 Van 1
131.0 522.0 124.0 529.0 112.0 514.0 119.0 508.0 Van 1
115.0 522.0 107.0 528.0 96.0 514.0 104.0 508.0 Van 1
101.0 523.0 94.0 529.0 83.0 515.0 89.0 509.0 Van 1
230.0 500.0 222.0 503.0 219.0 493.0 227.0 490.0 Van 1
162.0 506.0 155.0 511.0 144.0 497.0 151.0 492.0 Van 1
148.0 507.0 140.0 513.0 129.0 497.0 137.0 492.0 Van 1
133.0 507.0 125.0 514.0 111.0 496.0 119.0 490.0 Van 1
88.0 508.0 81.0 513.0 71.0 501.0 77.0 496.0 Van 1
17.0 585.0 0.0 585.0 0.0 579.0 17.0 579.0 Van 1
19.0 576.0 0.0 577.0 0.0 570.0 19.0 570.0 Van 1
16.0 568.0 0.0 568.0 0.0 561.0 16.0 561.0 Van 1
16.0 550.0 1.0 550.0 1.0 543.0 16.0 543.0 Van 1
17.0 541.0 0.0 542.0 0.0 536.0 16.0 535.0 Van 1
20.0 533.0 0.0 534.0 0.0 527.0 19.0 526.0 Van 1
17.0 525.0 0.0 525.0 0.0 518.0 17.0 517.0 Van 1
20.0 516.0 0.0 516.0 0.0 509.0 20.0 509.0 Van 1
17.0 506.0 0.0 507.0 0.0 501.0 17.0 500.0 Van 1
17.0 498.0 0.0 498.0 0.0 491.0 17.0 491.0 Van 1
287.0 336.0 286.0 355.0 274.0 355.0 275.0 335.0 Van 1
160.0 401.0 148.0 416.0 141.0 410.0 152.0 395.0 Van 1
150.0 399.0 135.0 415.0 128.0 409.0 143.0 393.0 Van 1
135.0 396.0 124.0 411.0 117.0 406.0 128.0 391.0 Van 1
117.0 398.0 107.0 412.0 101.0 407.0 110.0 393.0 Van 1
101.0 397.0 91.0 411.0 85.0 407.0 95.0 393.0 Van 1
83.0 401.0 74.0 413.0 68.0 408.0 77.0 396.0 Van 1
51.0 492.0 41.0 492.0 41.0 477.0 51.0 477.0 Van 1
210.0 470.0 202.0 477.0 190.0 463.0 197.0 456.0 Van 1
177.0 468.0 170.0 473.0 160.0 460.0 167.0 454.0 Van 1
163.0 468.0 156.0 474.0 146.0 460.0 152.0 455.0 Van 1
148.0 469.0 141.0 475.0 130.0 461.0 137.0 455.0 Van 1
134.0 471.0 126.0 477.0 115.0 462.0 122.0 456.0 Van 1
103.0 469.0 97.0 474.0 85.0 460.0 91.0 455.0 Van 1
86.0 446.0 79.0 452.0 67.0 436.0 74.0 430.0 Van 1
102.0 446.0 95.0 452.0 82.0 436.0 89.0 430.0 Van 1
115.0 445.0 107.0 451.0 95.0 436.0 103.0 429.0 Van 1
129.0 446.0 122.0 450.0 111.0 434.0 119.0 429.0 Van 1
143.0 445.0 136.0 450.0 125.0 433.0 132.0 428.0 Van 1
157.0 444.0 149.0 449.0 140.0 435.0 147.0 430.0 Van 1
172.0 444.0 165.0 449.0 156.0 435.0 162.0 430.0 Van 1
188.0 446.0 181.0 451.0 167.0 434.0 175.0 429.0 Van 1
218.0 444.0 210.0 451.0 197.0 435.0 206.0 429.0 Van 1
229.0 442.0 223.0 447.0 210.0 433.0 216.0 428.0 Van 1
267.0 372.0 256.0 371.0 257.0 355.0 267.0 355.0 Van 1
188.0 387.0 179.0 387.0 178.0 371.0 187.0 370.0 Van 1
209.0 346.0 199.0 346.0 199.0 331.0 208.0 331.0 Van 1
169.0 330.0 167.0 344.0 157.0 344.0 158.0 329.0 Van 1
155.0 330.0 154.0 344.0 145.0 344.0 145.0 330.0 Van 1
128.0 348.0 118.0 348.0 118.0 333.0 128.0 333.0 Van 1
116.0 329.0 115.0 347.0 104.0 347.0 104.0 329.0 Van 1
102.0 345.0 92.0 345.0 92.0 329.0 102.0 329.0 Van 1
54.0 332.0 53.0 348.0 44.0 347.0 44.0 332.0 Van 1
208.0 294.0 197.0 295.0 196.0 279.0 206.0 278.0 Van 1
169.0 295.0 161.0 295.0 160.0 279.0 169.0 279.0 Van 1
125.0 294.0 116.0 294.0 116.0 279.0 125.0 279.0 Van 1
111.0 292.0 101.0 292.0 101.0 277.0 111.0 277.0 Van 1
