44.0 754.0 24.0 756.0 23.0 750.0 43.0 747.0 Van 1
49.0 764.0 28.0 765.0 27.0 758.0 49.0 758.0 Van 1
48.0 773.0 28.0 776.0 27.0 769.0 47.0 766.0 Van 1
49.0 783.0 28.0 785.0 28.0 777.0 49.0 776.0 Van 1
52.0 792.0 31.0 793.0 31.0 787.0 51.0 786.0 Van 1
324.0 743.0 316.0 744.0 314.0 728.0 322.0 727.0 Van 1
333.0 689.0 325.0 690.0 324.0 677.0 331.0 676.0 Van 1
348.0 689.0 340.0 690.0 337.0 677.0 346.0 675.0 Van 1
310.0 689.0 303.0 690.0 301.0 676.0 308.0 675.0 Van 1
297.0 691.0 290.0 692.0 287.0 676.0 295.0 675.0 Van 1
274.0 690.0 267.0 692.0 263.0 678.0 271.0 676.0 Van 1
225.0 281.0 184.0 284.0 183.0 274.0 224.0 270.0 Van 1
383.0 36.0 377.0 42.0 364.0 27.0 371.0 21.0 Van 1
168.0 16.0 160.0 18.0 157.0 3.0 166.0 2.0 Van 1
153.0 8.0 152.0 23.0 144.0 23.0 144.0 8.0 Van 1
140.0 23.0 132.0 22.0 132.0 8.0 140.0 8.0 Van 1
77.0 585.0 58.0 587.0 57.0 580.0 76.0 578.0 Van 1
100.0 583.0 81.0 584.0 80.0 578.0 99.0 577.0 Van 1
103.0 628.0 95.0 629.0 93.0 614.0 101.0 613.0 Van 1
89.0 629.0 81.0 631.0 78.0 615.0 87.0 614.0 Van 1
66.0 633.0 58.0 633.0 56.0 616.0 65.0 615.0 Van 1
