600.0 250.0 581.0 250.0 581.0 242.0 600.0 243.0 Van 1
800.0 475.0 781.0 475.0 781.0 469.0 800.0 468.0 Van 1
801.0 568.0 780.0 568.0 779.0 561.0 801.0 560.0 Van 1
194.0 81.0 173.0 82.0 172.0 74.0 193.0 72.0 Van 1
364.0 20.0 355.0 21.0 354.0 4.0 364.0 3.0 Van 1
415.0 21.0 405.0 21.0 405.0 4.0 415.0 3.0 Van 1
15.0 256.0 0.0 256.0 0.0 248.0 15.0 248.0 Van 1
77.0 458.0 74.0 464.0 55.0 454.0 59.0 448.0 Van 1
137.0 485.0 126.0 485.0 126.0 467.0 137.0 466.0 Van 1
159.0 482.0 151.0 482.0 150.0 466.0 159.0 466.0 Van 1
314.0 492.0 294.0 492.0 293.0 486.0 314.0 485.0 Van 1
402.0 452.0 393.0 453.0 393.0 437.0 402.0 437.0 Van 1
