143.0 533.0 142.0 548.0 132.0 547.0 133.0 533.0 Van 1
122.0 495.0 111.0 498.0 105.0 477.0 115.0 474.0 Van 1
598.0 26.0 588.0 27.0 586.0 10.0 597.0 9.0 Van 1
543.0 79.0 533.0 80.0 530.0 60.0 540.0 58.0 Van 1
379.0 53.0 354.0 54.0 354.0 44.0 378.0 42.0 Van 1
339.0 129.0 332.0 139.0 313.0 125.0 320.0 116.0 Van 1
538.0 740.0 528.0 741.0 525.0 723.0 535.0 722.0 Van 1
501.0 693.0 477.0 694.0 477.0 685.0 501.0 684.0 Van 1
489.0 576.0 467.0 578.0 466.0 568.0 488.0 566.0 Van 1
600.0 438.0 580.0 439.0 579.0 427.0 600.0 427.0 Van 1
303.0 450.0 280.0 452.0 279.0 442.0 302.0 441.0 Van 1
143.0 465.0 117.0 468.0 116.0 457.0 142.0 455.0 Van 1
136.0 663.0 123.0 665.0 120.0 641.0 134.0 639.0 Van 1
179.0 770.0 170.0 771.0 168.0 755.0 178.0 754.0 Van 1
138.0 433.0 137.0 442.0 115.0 440.0 116.0 431.0 Van 1
