554.0 556.0 545.0 556.0 545.0 538.0 554.0 538.0 Van 1
490.0 491.0 469.0 491.0 469.0 485.0 490.0 484.0 Van 1
489.0 417.0 469.0 417.0 469.0 411.0 489.0 411.0 Van 1
271.0 554.0 250.0 554.0 250.0 547.0 271.0 547.0 Van 1
166.0 572.0 145.0 572.0 145.0 567.0 166.0 567.0 Van 1
230.0 486.0 220.0 486.0 220.0 467.0 230.0 467.0 Van 1
270.0 453.0 250.0 452.0 250.0 447.0 270.0 447.0 Van 1
459.0 503.0 445.0 503.0 445.0 497.0 459.0 496.0 Van 1
137.0 270.0 136.0 285.0 128.0 284.0 128.0 269.0 Van 1
307.0 122.0 289.0 122.0 289.0 116.0 307.0 115.0 Van 1
441.0 309.0 424.0 308.0 424.0 303.0 441.0 303.0 Van 1
667.0 82.0 666.0 93.0 656.0 93.0 656.0 81.0 Van 1
663.0 110.0 656.0 110.0 655.0 94.0 662.0 94.0 Van 1
664.0 126.0 656.0 127.0 655.0 112.0 662.0 111.0 Van 1
666.0 146.0 659.0 146.0 659.0 131.0 666.0 131.0 Van 1
