871.0 391.0 863.0 391.0 863.0 378.0 871.0 378.0 Van 1
871.0 435.0 863.0 435.0 863.0 421.0 871.0 421.0 Van 1
599.0 967.0 598.0 974.0 584.0 973.0 584.0 967.0 Van 1
841.0 862.0 840.0 873.0 832.0 873.0 832.0 862.0 Van 1
791.0 877.0 782.0 877.0 783.0 860.0 791.0 860.0 Van 1
762.0 875.0 754.0 875.0 754.0 861.0 762.0 861.0 Van 1
697.0 877.0 687.0 877.0 687.0 862.0 696.0 862.0 Van 1
680.0 877.0 669.0 877.0 669.0 860.0 680.0 859.0 Van 1
664.0 861.0 663.0 877.0 654.0 877.0 654.0 860.0 Van 1
653.0 862.0 652.0 877.0 643.0 877.0 644.0 862.0 Van 1
645.0 827.0 626.0 827.0 626.0 820.0 645.0 820.0 Van 1
645.0 817.0 625.0 816.0 625.0 809.0 645.0 810.0 Van 1
642.0 787.0 623.0 787.0 623.0 779.0 642.0 780.0 Van 1
645.0 769.0 626.0 769.0 626.0 763.0 645.0 763.0 Van 1
811.0 826.0 789.0 826.0 789.0 819.0 811.0 818.0 Van 1
808.0 805.0 788.0 805.0 788.0 798.0 808.0 798.0 Van 1
806.0 795.0 787.0 795.0 787.0 787.0 806.0 787.0 Van 1
808.0 769.0 807.0 777.0 787.0 777.0 788.0 769.0 Van 1
812.0 758.0 787.0 758.0 787.0 749.0 812.0 750.0 Van 1
809.0 747.0 787.0 747.0 787.0 739.0 809.0 739.0 Van 1
812.0 728.0 791.0 728.0 790.0 720.0 812.0 720.0 Van 1
955.0 836.0 935.0 835.0 935.0 829.0 955.0 829.0 Van 1
955.0 838.0 954.0 845.0 934.0 844.0 934.0 838.0 Van 1
961.0 863.0 939.0 861.0 939.0 854.0 961.0 856.0 Van 1
909.0 774.0 900.0 774.0 899.0 755.0 909.0 755.0 Van 1
908.0 840.0 900.0 841.0 899.0 824.0 907.0 824.0 Van 1
869.0 749.0 860.0 749.0 860.0 733.0 869.0 733.0 Van 1
725.0 729.0 703.0 730.0 702.0 722.0 725.0 722.0 Van 1
727.0 739.0 705.0 739.0 705.0 731.0 727.0 731.0 Van 1
725.0 741.0 724.0 749.0 703.0 748.0 703.0 741.0 Van 1
726.0 759.0 705.0 759.0 705.0 752.0 726.0 752.0 Van 1
728.0 768.0 707.0 768.0 707.0 761.0 728.0 761.0 Van 1
726.0 776.0 708.0 777.0 708.0 771.0 726.0 770.0 Van 1
725.0 787.0 705.0 787.0 705.0 780.0 725.0 780.0 Van 1
724.0 790.0 723.0 797.0 702.0 796.0 703.0 789.0 Van 1
725.0 827.0 706.0 826.0 706.0 820.0 725.0 820.0 Van 1
705.0 837.0 682.0 837.0 682.0 830.0 705.0 830.0 Van 1
701.0 816.0 681.0 816.0 681.0 809.0 701.0 809.0 Van 1
702.0 807.0 681.0 806.0 682.0 799.0 702.0 800.0 Van 1
702.0 788.0 681.0 787.0 681.0 780.0 702.0 781.0 Van 1
784.0 720.0 783.0 729.0 761.0 728.0 761.0 719.0 Van 1
785.0 739.0 763.0 738.0 763.0 730.0 785.0 731.0 Van 1
786.0 759.0 763.0 758.0 763.0 750.0 786.0 751.0 Van 1
786.0 778.0 764.0 777.0 764.0 769.0 786.0 769.0 Van 1
786.0 787.0 765.0 787.0 765.0 779.0 786.0 779.0 Van 1
783.0 805.0 766.0 805.0 766.0 799.0 783.0 799.0 Van 1
785.0 814.0 765.0 814.0 765.0 807.0 785.0 807.0 Van 1
785.0 825.0 765.0 825.0 765.0 817.0 785.0 817.0 Van 1
786.0 836.0 764.0 836.0 764.0 828.0 786.0 828.0 Van 1
742.0 226.0 741.0 234.0 719.0 234.0 719.0 226.0 Van 1
703.0 234.0 683.0 233.0 683.0 226.0 703.0 227.0 Van 1
674.0 234.0 655.0 234.0 655.0 227.0 674.0 228.0 Van 1
827.0 483.0 826.0 499.0 817.0 498.0 817.0 483.0 Van 1
597.0 235.0 576.0 235.0 576.0 228.0 597.0 228.0 Van 1
495.0 266.0 473.0 266.0 473.0 259.0 495.0 258.0 Van 1
465.0 265.0 450.0 265.0 450.0 259.0 465.0 259.0 Van 1
588.0 99.0 570.0 99.0 570.0 89.0 588.0 90.0 Van 1
646.0 72.0 628.0 71.0 628.0 64.0 646.0 65.0 Van 1
676.0 63.0 667.0 63.0 667.0 47.0 676.0 47.0 Van 1
689.0 64.0 679.0 64.0 679.0 45.0 689.0 45.0 Van 1
723.0 48.0 722.0 63.0 714.0 63.0 714.0 48.0 Van 1
20.0 69.0 11.0 70.0 11.0 53.0 19.0 53.0 Van 1
62.0 120.0 61.0 129.0 38.0 128.0 38.0 118.0 Van 1
441.0 684.0 419.0 684.0 419.0 678.0 441.0 677.0 Van 1
311.0 939.0 293.0 938.0 293.0 932.0 311.0 932.0 Van 1
283.0 937.0 267.0 937.0 267.0 931.0 283.0 931.0 Van 1
