574.0 607.0 565.0 608.0 564.0 592.0 573.0 591.0 Van 1
572.0 576.0 571.0 589.0 564.0 589.0 565.0 576.0 Van 1
588.0 956.0 579.0 956.0 579.0 941.0 588.0 941.0 Van 1
588.0 936.0 581.0 936.0 580.0 923.0 587.0 923.0 Van 1
586.0 894.0 578.0 894.0 578.0 882.0 585.0 882.0 Van 1
640.0 855.0 632.0 856.0 628.0 841.0 636.0 839.0 Van 1
608.0 672.0 607.0 694.0 598.0 693.0 598.0 671.0 Van 1
578.0 724.0 577.0 739.0 568.0 739.0 568.0 724.0 Van 1
579.0 805.0 572.0 805.0 571.0 791.0 579.0 791.0 Van 1
179.0 872.0 163.0 873.0 162.0 867.0 178.0 866.0 Van 1
982.0 625.0 964.0 625.0 964.0 619.0 982.0 620.0 Van 1
930.0 649.0 914.0 649.0 914.0 644.0 930.0 643.0 Van 1
731.0 631.0 711.0 632.0 711.0 626.0 731.0 625.0 Van 1
672.0 634.0 648.0 634.0 648.0 628.0 672.0 628.0 Van 1
339.0 677.0 320.0 676.0 320.0 669.0 339.0 669.0 Van 1
310.0 676.0 290.0 676.0 290.0 670.0 310.0 669.0 Van 1
278.0 677.0 261.0 677.0 261.0 671.0 278.0 671.0 Van 1
387.0 277.0 366.0 276.0 366.0 270.0 387.0 271.0 Van 1
359.0 278.0 339.0 277.0 339.0 271.0 359.0 271.0 Van 1
920.0 70.0 900.0 70.0 900.0 65.0 919.0 64.0 Van 1
831.0 72.0 804.0 72.0 804.0 65.0 831.0 65.0 Van 1
610.0 77.0 593.0 77.0 593.0 72.0 610.0 72.0 Van 1
537.0 80.0 516.0 80.0 516.0 74.0 537.0 73.0 Van 1
364.0 74.0 346.0 74.0 346.0 67.0 364.0 67.0 Van 1
334.0 74.0 312.0 75.0 312.0 69.0 333.0 68.0 Van 1
284.0 76.0 258.0 77.0 258.0 69.0 284.0 69.0 Van 1
90.0 103.0 70.0 103.0 70.0 96.0 90.0 96.0 Van 1
60.0 103.0 42.0 104.0 42.0 97.0 60.0 96.0 Van 1
118.0 806.0 110.0 807.0 110.0 791.0 117.0 791.0 Van 1
107.0 572.0 101.0 572.0 101.0 560.0 107.0 560.0 Van 1
964.0 907.0 956.0 907.0 955.0 892.0 964.0 892.0 Van 1
963.0 716.0 944.0 716.0 944.0 710.0 963.0 710.0 Van 1
854.0 709.0 838.0 710.0 838.0 704.0 853.0 703.0 Van 1
423.0 846.0 416.0 847.0 416.0 832.0 423.0 832.0 Van 1
437.0 839.0 430.0 839.0 430.0 825.0 437.0 825.0 Van 1
155.0 463.0 147.0 463.0 147.0 449.0 155.0 449.0 Van 1
183.0 462.0 175.0 462.0 175.0 446.0 183.0 446.0 Van 1
137.0 507.0 136.0 522.0 129.0 522.0 129.0 507.0 Van 1
714.0 341.0 706.0 342.0 705.0 329.0 713.0 328.0 Van 1
725.0 337.0 717.0 337.0 716.0 324.0 724.0 324.0 Van 1
751.0 457.0 742.0 457.0 742.0 441.0 750.0 441.0 Van 1
850.0 571.0 849.0 588.0 837.0 587.0 838.0 570.0 Van 1
775.0 229.0 767.0 229.0 767.0 211.0 775.0 211.0 Van 1
439.0 256.0 430.0 256.0 430.0 242.0 439.0 242.0 Van 1
393.0 255.0 383.0 255.0 384.0 239.0 393.0 240.0 Van 1
176.0 236.0 174.0 243.0 157.0 237.0 158.0 231.0 Van 1
615.0 645.0 596.0 647.0 596.0 640.0 615.0 639.0 Van 1
