586.0 121.0 575.0 122.0 575.0 117.0 586.0 116.0 Van 1
589.0 414.0 569.0 413.0 569.0 406.0 589.0 407.0 Van 1
587.0 422.0 567.0 423.0 567.0 415.0 587.0 415.0 Van 1
79.0 629.0 77.0 643.0 70.0 642.0 72.0 628.0 Van 1
272.0 647.0 265.0 647.0 266.0 635.0 272.0 635.0 Van 1
332.0 652.0 320.0 653.0 320.0 632.0 332.0 632.0 Van 1
502.0 765.0 495.0 781.0 487.0 778.0 494.0 762.0 Van 1
120.0 602.0 110.0 601.0 110.0 587.0 120.0 588.0 Van 1
141.0 604.0 130.0 604.0 131.0 585.0 141.0 585.0 Van 1
170.0 603.0 162.0 603.0 162.0 588.0 170.0 588.0 Van 1
280.0 605.0 272.0 605.0 272.0 591.0 279.0 590.0 Van 1
382.0 644.0 367.0 644.0 366.0 639.0 382.0 638.0 Van 1
