801.0 171.0 789.0 180.0 785.0 175.0 797.0 166.0 Van 1
798.0 185.0 785.0 194.0 781.0 189.0 794.0 179.0 Van 1
809.0 213.0 795.0 224.0 791.0 218.0 805.0 207.0 Van 1
827.0 352.0 812.0 362.0 808.0 356.0 823.0 346.0 Van 1
847.0 465.0 834.0 474.0 830.0 468.0 843.0 459.0 Van 1
265.0 36.0 257.0 51.0 248.0 46.0 256.0 32.0 Van 1
279.0 41.0 271.0 54.0 265.0 50.0 273.0 37.0 Van 1
806.0 515.0 799.0 515.0 797.0 500.0 805.0 499.0 Van 1
810.0 535.0 802.0 535.0 801.0 521.0 809.0 521.0 Van 1
863.0 569.0 848.0 579.0 844.0 573.0 860.0 564.0 Van 1
822.0 626.0 815.0 628.0 813.0 613.0 820.0 612.0 Van 1
879.0 673.0 862.0 684.0 857.0 677.0 874.0 666.0 Van 1
877.0 719.0 864.0 727.0 861.0 722.0 874.0 713.0 Van 1
892.0 782.0 880.0 790.0 876.0 785.0 889.0 776.0 Van 1
995.0 938.0 975.0 939.0 975.0 933.0 994.0 931.0 Van 1
968.0 970.0 949.0 971.0 949.0 964.0 968.0 963.0 Van 1
905.0 976.0 885.0 977.0 885.0 969.0 905.0 969.0 Van 1
764.0 989.0 743.0 990.0 742.0 982.0 764.0 982.0 Van 1
295.0 985.0 280.0 986.0 279.0 981.0 294.0 979.0 Van 1
318.0 983.0 298.0 984.0 298.0 978.0 318.0 977.0 Van 1
273.0 882.0 252.0 884.0 251.0 876.0 272.0 875.0 Van 1
286.0 846.0 267.0 847.0 267.0 839.0 286.0 839.0 Van 1
228.0 724.0 220.0 724.0 219.0 707.0 227.0 707.0 Van 1
405.0 728.0 396.0 729.0 394.0 715.0 403.0 714.0 Van 1
310.0 606.0 303.0 606.0 302.0 592.0 309.0 591.0 Van 1
218.0 639.0 210.0 641.0 207.0 626.0 215.0 625.0 Van 1
532.0 353.0 513.0 354.0 512.0 347.0 532.0 347.0 Van 1
528.0 325.0 508.0 328.0 507.0 321.0 527.0 318.0 Van 1
529.0 314.0 507.0 316.0 507.0 309.0 528.0 307.0 Van 1
654.0 344.0 637.0 345.0 637.0 339.0 654.0 337.0 Van 1
183.0 212.0 161.0 215.0 160.0 208.0 182.0 204.0 Van 1
185.0 227.0 167.0 227.0 166.0 221.0 184.0 220.0 Van 1
256.0 224.0 246.0 225.0 245.0 208.0 255.0 208.0 Van 1
343.0 434.0 325.0 435.0 324.0 428.0 342.0 427.0 Van 1
58.0 870.0 38.0 871.0 38.0 863.0 57.0 862.0 Van 1
23.0 544.0 2.0 546.0 2.0 539.0 23.0 537.0 Van 1
712.0 627.0 699.0 628.0 698.0 621.0 711.0 620.0 Van 1
