458.0 46.0 444.0 59.0 438.0 52.0 452.0 39.0 Van 1
576.0 114.0 566.0 128.0 559.0 123.0 569.0 109.0 Van 1
532.0 147.0 520.0 158.0 514.0 152.0 526.0 141.0 Van 1
561.0 161.0 548.0 175.0 542.0 169.0 555.0 156.0 Van 1
569.0 165.0 557.0 176.0 553.0 171.0 565.0 160.0 Van 1
606.0 183.0 595.0 196.0 590.0 192.0 600.0 178.0 Van 1
658.0 98.0 647.0 113.0 640.0 108.0 651.0 93.0 Van 1
781.0 64.0 777.0 71.0 763.0 62.0 766.0 56.0 Van 1
798.0 41.0 793.0 49.0 778.0 40.0 783.0 32.0 Van 1
49.0 174.0 44.0 181.0 29.0 169.0 34.0 163.0 Van 1
99.0 193.0 95.0 198.0 80.0 188.0 84.0 182.0 Van 1
137.0 222.0 133.0 227.0 119.0 218.0 123.0 212.0 Van 1
173.0 252.0 169.0 257.0 153.0 245.0 157.0 239.0 Van 1
190.0 264.0 186.0 269.0 172.0 260.0 176.0 254.0 Van 1
227.0 294.0 222.0 299.0 208.0 286.0 212.0 281.0 Van 1
189.0 365.0 183.0 371.0 172.0 360.0 178.0 355.0 Van 1
351.0 390.0 347.0 396.0 333.0 387.0 338.0 381.0 Van 1
388.0 420.0 384.0 426.0 369.0 416.0 373.0 409.0 Van 1
409.0 434.0 405.0 440.0 388.0 430.0 393.0 423.0 Van 1
337.0 476.0 332.0 481.0 320.0 470.0 325.0 465.0 Van 1
479.0 491.0 475.0 497.0 460.0 486.0 465.0 480.0 Van 1
507.0 597.0 503.0 602.0 490.0 591.0 494.0 586.0 Van 1
274.0 830.0 266.0 834.0 259.0 818.0 266.0 815.0 Van 1
286.0 821.0 277.0 826.0 267.0 809.0 275.0 804.0 Van 1
689.0 955.0 678.0 965.0 674.0 961.0 684.0 951.0 Van 1
736.0 921.0 723.0 931.0 719.0 925.0 732.0 916.0 Van 1
806.0 899.0 794.0 911.0 788.0 906.0 801.0 893.0 Van 1
760.0 692.0 755.0 699.0 739.0 687.0 744.0 680.0 Van 1
735.0 677.0 731.0 682.0 721.0 676.0 725.0 670.0 Van 1
678.0 641.0 675.0 646.0 660.0 636.0 663.0 631.0 Van 1
763.0 663.0 755.0 673.0 749.0 668.0 757.0 658.0 Van 1
795.0 622.0 785.0 637.0 778.0 632.0 788.0 617.0 Van 1
849.0 702.0 838.0 716.0 831.0 711.0 842.0 697.0 Van 1
963.0 695.0 949.0 703.0 945.0 697.0 960.0 689.0 Van 1
857.0 577.0 847.0 591.0 839.0 585.0 849.0 571.0 Van 1
952.0 597.0 948.0 603.0 934.0 595.0 938.0 589.0 Van 1
1000.0 540.812561 988.94751 535.977112 992.0 529.000061 1000.0 532.500061 Van 1
997.000122 658.0 983.000122 650.0 987.000122 643.0 1001.000122 651.0 Van 1
801.0 679.0 788.0 690.0 785.0 685.0 797.0 675.0 Van 1
986.0 453.0 976.0 468.0 969.0 463.0 979.0 448.0 Van 1
976.0 448.0 966.0 461.0 960.0 456.0 970.0 443.0 Van 1
949.0 436.0 938.0 448.0 931.0 442.0 942.0 430.0 Van 1
985.0 401.0 976.0 414.0 970.0 410.0 978.0 397.0 Van 1
994.999878 345.0 987.690918 340.502197 995.999878 327.000061 1003.308838 331.497864 Van 1
991.0 250.0 988.0 257.0 971.0 250.0 975.0 243.0 Van 1
935.0 241.0 930.0 248.0 919.0 240.0 924.0 234.0 Van 1
910.0 337.0 897.0 352.0 889.0 345.0 902.0 330.0 Van 1
537.0 535.0 531.0 543.0 513.0 531.0 519.0 523.0 Van 1
458.0 56.0 451.0 63.0 447.0 59.0 453.0 52.0 Van 1
990.0 409.0 985.0 419.0 979.0 415.0 984.0 406.0 Van 1
985.0 258.0 983.0 264.0 967.0 257.0 970.0 251.0 Van 1
937.0 609.0 934.0 615.0 925.0 610.0 928.0 604.0 Van 1
998.0 581.0 994.0 586.0 979.0 578.0 982.0 572.0 Van 1
587.0 574.0 583.0 580.0 566.0 569.0 570.0 562.0 Van 1
640.0 615.0 637.0 619.0 627.0 612.0 630.0 607.0 Van 1
5.999999 120.000008 2.0 124.000008 0.0 122.000008 0.0 115.000008 Van 1
29.0 136.0 25.0 141.0 18.0 135.0 23.0 130.0 Van 1
44.0 148.0 38.0 154.0 28.0 145.0 34.0 138.0 Van 1
