31.0 86.0 22.0 90.0 15.0 71.0 24.0 68.0 Van 1
14.0 86.0 4.0 88.0 1.0 69.0 11.0 68.0 Van 1
161.0 153.0 159.0 170.0 149.0 169.0 152.0 151.0 Van 1
757.0 399.0 756.0 406.0 735.0 403.0 736.0 396.0 Van 1
531.0 285.0 507.0 285.0 507.0 279.0 531.0 279.0 Van 1
390.0 277.0 382.0 277.0 382.0 262.0 390.0 261.0 Van 1
443.0 298.0 435.0 298.0 435.0 281.0 443.0 281.0 Van 1
442.0 315.0 435.0 315.0 434.0 300.0 441.0 299.0 Van 1
575.0 337.0 567.0 337.0 566.0 322.0 574.0 322.0 Van 1
523.0 347.0 502.0 346.0 503.0 340.0 523.0 341.0 Van 1
549.0 348.0 527.0 348.0 527.0 341.0 549.0 341.0 Van 1
522.0 385.0 503.0 385.0 503.0 379.0 522.0 378.0 Van 1
542.0 385.0 524.0 385.0 524.0 379.0 542.0 379.0 Van 1
562.0 451.0 561.0 460.0 540.0 458.0 541.0 449.0 Van 1
562.0 446.0 542.0 445.0 542.0 439.0 562.0 439.0 Van 1
488.0 487.0 487.0 494.0 468.0 493.0 468.0 487.0 Van 1
322.0 373.0 303.0 372.0 303.0 366.0 322.0 366.0 Van 1
114.0 408.0 106.0 408.0 106.0 392.0 114.0 392.0 Van 1
105.0 496.0 103.0 515.0 94.0 514.0 96.0 495.0 Van 1
100.0 521.0 98.0 535.0 90.0 534.0 92.0 520.0 Van 1
95.0 539.0 94.0 554.0 86.0 554.0 87.0 539.0 Van 1
159.0 520.0 151.0 520.0 152.0 503.0 159.0 503.0 Van 1
182.0 569.0 162.0 568.0 163.0 562.0 182.0 563.0 Van 1
271.0 525.0 269.0 543.0 261.0 542.0 263.0 524.0 Van 1
301.0 570.0 299.0 584.0 292.0 583.0 293.0 569.0 Van 1
456.0 595.0 435.0 596.0 435.0 589.0 456.0 588.0 Van 1
523.0 585.0 506.0 584.0 506.0 578.0 523.0 579.0 Van 1
792.0 158.0 776.0 168.0 772.0 161.0 787.0 151.0 Van 1
796.0 113.0 785.0 126.0 780.0 121.0 790.0 108.0 Van 1
563.0 24.0 543.0 22.0 544.0 17.0 563.0 18.0 Van 1
517.0 19.0 496.0 22.0 495.0 13.0 516.0 11.0 Van 1
323.0 21.0 321.0 40.0 311.0 39.0 314.0 20.0 Van 1
