791.0 407.0 785.0 424.0 776.0 421.0 781.0 404.0 Van 1
808.0 415.0 801.0 430.0 792.0 425.0 800.0 411.0 Van 1
852.0 427.0 847.0 443.0 839.0 440.0 844.0 424.0 Van 1
819.0 489.0 814.0 502.0 807.0 499.0 813.0 486.0 Van 1
659.0 570.0 653.0 587.0 644.0 584.0 651.0 566.0 Van 1
619.0 579.0 613.0 596.0 604.0 592.0 611.0 575.0 Van 1
493.0 538.0 486.0 552.0 478.0 548.0 485.0 534.0 Van 1
512.0 580.0 510.0 587.0 486.0 580.0 488.0 573.0 Van 1
585.0 614.0 579.0 629.0 571.0 626.0 577.0 611.0 Van 1
637.0 631.0 633.0 647.0 625.0 644.0 630.0 629.0 Van 1
501.0 657.0 490.0 663.0 487.0 657.0 498.0 652.0 Van 1
907.0 768.0 904.0 775.0 886.0 768.0 889.0 760.0 Van 1
649.0 770.0 643.0 777.0 628.0 765.0 634.0 758.0 Van 1
478.590179 1003.491821 465.508209 992.59021 471.000031 986.0 484.082001 996.901611 Van 1
10.0 452.0 4.0 456.0 0.0 449.0 5.0 446.0 Van 1
374.0 349.0 367.0 366.0 358.0 363.0 365.0 345.0 Van 1
244.0 416.0 237.0 420.0 229.0 407.0 235.0 403.0 Van 1
341.0 410.0 335.0 426.0 326.0 422.0 332.0 407.0 Van 1
254.0 352.0 240.0 359.0 237.0 352.0 250.0 345.0 Van 1
86.0 92.0 84.0 100.0 65.0 97.0 67.0 89.0 Van 1
417.0 189.0 415.0 196.0 393.0 189.0 395.0 182.0 Van 1
834.0 291.0 814.0 292.0 813.0 284.0 834.0 283.0 Van 1
887.0 342.0 865.0 342.0 865.0 335.0 887.0 335.0 Van 1
815.0 235.0 808.0 235.0 809.0 220.0 815.0 220.0 Van 1
849.0 238.0 840.0 238.0 839.0 221.0 848.0 221.0 Van 1
894.0 225.0 892.0 242.0 882.0 241.0 884.0 224.0 Van 1
903.0 227.0 902.0 242.0 893.0 242.0 894.0 226.0 Van 1
798.0 204.0 797.0 212.0 777.0 208.0 779.0 201.0 Van 1
804.0 187.0 803.0 195.0 785.0 192.0 786.0 184.0 Van 1
806.0 178.0 805.0 186.0 785.0 183.0 786.0 175.0 Van 1
860.0 184.0 859.0 192.0 839.0 187.0 840.0 180.0 Van 1
867.0 167.0 865.0 175.0 845.0 170.0 847.0 162.0 Van 1
869.0 140.0 868.0 147.0 853.0 144.0 855.0 137.0 Van 1
874.0 132.0 873.0 138.0 858.0 136.0 859.0 129.0 Van 1
873.0 123.0 872.0 130.0 860.0 128.0 861.0 121.0 Van 1
909.0 113.0 908.0 120.0 889.0 117.0 890.0 110.0 Van 1
897.0 156.0 896.0 163.0 879.0 158.0 880.0 151.0 Van 1
888.0 181.0 887.0 187.0 870.0 185.0 871.0 179.0 Van 1
949.0 161.0 948.0 169.0 928.0 166.0 929.0 158.0 Van 1
952.0 153.0 950.0 161.0 930.0 156.0 932.0 149.0 Van 1
965.0 120.0 964.0 127.0 944.0 123.0 946.0 116.0 Van 1
970.0 94.0 969.0 101.0 948.0 98.0 950.0 90.0 Van 1
974.0 168.0 973.0 175.0 953.0 171.0 954.0 165.0 Van 1
984.0 134.0 983.0 140.0 969.0 138.0 969.0 132.0 Van 1
993.0 242.0 985.0 242.0 984.0 228.0 992.0 227.0 Van 1
969.0 244.0 962.0 245.0 962.0 230.0 968.0 230.0 Van 1
826.0 120.0 825.0 127.0 807.0 124.0 808.0 117.0 Van 1
837.0 95.0 835.0 103.0 814.0 97.0 816.0 89.0 Van 1
846.0 70.0 844.0 78.0 824.0 73.0 826.0 66.0 Van 1
873.0 55.0 870.0 69.0 862.0 67.0 865.0 53.0 Van 1
928.0 67.0 921.0 84.0 913.0 81.0 919.0 64.0 Van 1
938.0 70.0 935.0 85.0 924.0 83.0 928.0 67.0 Van 1
947.0 72.0 943.0 86.0 935.0 84.0 939.0 70.0 Van 1
247.0 333.0 231.0 341.0 227.0 333.0 243.0 326.0 Van 1
315.0 847.0 307.0 852.0 301.0 841.0 309.0 836.0 Van 1
