123.0 143.0 103.0 145.0 102.0 139.0 123.0 137.0 Van 1
165.0 160.0 143.0 160.0 143.0 154.0 165.0 154.0 Van 1
165.0 292.0 157.0 295.0 151.0 281.0 159.0 277.0 Van 1
104.0 244.0 82.0 253.0 79.0 246.0 101.0 237.0 Van 1
17.0 229.0 -2.0 213.0 3.0 205.0 23.0 221.0 Van 1
14.0 623.0 1.0 632.0 -3.0 625.0 9.0 616.0 Van 1
124.0 624.0 119.0 629.0 107.0 617.0 111.0 613.0 Van 1
542.0 796.0 526.0 807.0 522.0 801.0 538.0 790.0 Van 1
323.0 532.0 308.0 544.0 303.0 537.0 318.0 526.0 Van 1
568.0 600.0 551.0 610.0 548.0 604.0 565.0 594.0 Van 1
380.0 45.0 355.0 50.0 354.0 43.0 378.0 37.0 Van 1
