556.0 587.0 537.0 589.0 537.0 581.0 555.0 580.0 Van 1
89.0 257.0 80.0 259.0 77.0 243.0 86.0 241.0 Van 1
171.0 465.0 149.0 465.0 149.0 458.0 171.0 458.0 Van 1
238.0 530.0 218.0 530.0 218.0 525.0 238.0 525.0 Van 1
247.0 557.0 238.0 557.0 237.0 540.0 247.0 540.0 Van 1
269.0 535.0 261.0 535.0 261.0 520.0 269.0 519.0 Van 1
668.0 192.0 648.0 192.0 648.0 185.0 668.0 185.0 Van 1
555.0 250.0 532.0 249.0 532.0 243.0 555.0 244.0 Van 1
618.0 243.0 617.0 250.0 595.0 249.0 596.0 242.0 Van 1
728.0 235.0 706.0 235.0 706.0 228.0 728.0 228.0 Van 1
704.0 249.0 683.0 248.0 683.0 243.0 704.0 244.0 Van 1
