284.0 51.0 280.0 54.0 271.0 45.0 274.0 42.0 Van 1
309.0 60.0 307.0 76.0 299.0 75.0 302.0 59.0 Van 1
297.0 59.0 296.0 75.0 289.0 74.0 290.0 58.0 Van 1
333.0 380.0 329.0 392.0 323.0 391.0 326.0 378.0 Van 1
332.0 730.0 328.0 737.0 305.0 723.0 309.0 716.0 Van 1
348.0 742.0 344.0 747.0 330.0 737.0 334.0 732.0 Van 1
369.0 757.0 364.0 763.0 344.0 749.0 349.0 743.0 Van 1
387.0 767.0 383.0 773.0 367.0 762.0 371.0 756.0 Van 1
394.0 748.0 383.0 762.0 377.0 757.0 389.0 743.0 Van 1
384.0 745.0 374.0 756.0 368.0 751.0 378.0 740.0 Van 1
