155.0 496.0 145.0 510.0 138.0 506.0 149.0 491.0 Van 1
61.0 479.0 56.0 486.0 37.0 472.0 42.0 465.0 Van 1
59.0 859.0 49.0 870.0 44.0 865.0 54.0 855.0 Van 1
26.0 884.0 12.0 897.0 6.0 890.0 20.0 878.0 Van 1
81.0 897.0 70.0 909.0 63.0 903.0 75.0 891.0 Van 1
2.0 977.0 -3.0 971.0 8.0 959.0 14.0 965.0 Van 1
588.0 833.0 582.0 840.0 568.0 827.0 573.0 821.0 Van 1
763.0 490.0 753.0 501.0 747.0 496.0 756.0 485.0 Van 1
776.0 409.0 774.0 415.0 762.0 411.0 764.0 405.0 Van 1
561.0 287.0 542.0 291.0 540.0 284.0 559.0 279.0 Van 1
351.0 37.0 344.0 42.0 333.0 25.0 341.0 20.0 Van 1
289.0 135.0 281.0 139.0 273.0 123.0 281.0 119.0 Van 1
254.0 53.0 245.0 55.0 241.0 40.0 249.0 38.0 Van 1
248.0 36.0 238.0 38.0 234.0 24.0 244.0 21.0 Van 1
