346.0 256.0 337.0 256.0 337.0 238.0 346.0 238.0 Van 1
228.0 464.0 210.0 463.0 210.0 456.0 228.0 457.0 Van 1
232.0 438.0 213.0 438.0 213.0 431.0 232.0 431.0 Van 1
242.0 330.0 224.0 330.0 225.0 322.0 242.0 322.0 Van 1
318.0 317.0 301.0 316.0 301.0 310.0 318.0 310.0 Van 1
293.0 315.0 278.0 315.0 278.0 310.0 293.0 310.0 Van 1
291.0 389.0 272.0 389.0 272.0 383.0 291.0 383.0 Van 1
287.0 448.0 269.0 448.0 269.0 441.0 287.0 442.0 Van 1
285.0 463.0 269.0 464.0 268.0 457.0 285.0 457.0 Van 1
287.0 472.0 268.0 472.0 268.0 465.0 287.0 465.0 Van 1
285.0 480.0 268.0 481.0 268.0 473.0 285.0 473.0 Van 1
