37.0 118.0 15.0 118.0 15.0 111.0 37.0 110.0 Van 1
38.0 127.0 18.0 128.0 18.0 121.0 38.0 120.0 Van 1
43.0 155.0 19.0 156.0 18.0 147.0 42.0 146.0 Van 1
41.0 165.0 21.0 165.0 21.0 158.0 41.0 158.0 Van 1
107.0 176.0 87.0 177.0 86.0 171.0 106.0 170.0 Van 1
46.0 185.0 24.0 186.0 24.0 178.0 46.0 178.0 Van 1
108.0 220.0 87.0 221.0 87.0 214.0 108.0 213.0 Van 1
111.0 230.0 90.0 231.0 89.0 224.0 111.0 223.0 Van 1
52.0 212.0 27.0 214.0 27.0 205.0 51.0 204.0 Van 1
54.0 233.0 28.0 234.0 28.0 227.0 54.0 226.0 Van 1
54.0 225.0 24.0 226.0 24.0 215.0 54.0 214.0 Van 1
115.0 349.0 111.0 356.0 94.0 347.0 98.0 341.0 Van 1
486.0 688.0 467.0 697.0 464.0 690.0 483.0 681.0 Van 1
474.0 673.0 456.0 682.0 452.0 674.0 470.0 666.0 Van 1
463.0 666.0 448.0 674.0 445.0 667.0 460.0 659.0 Van 1
455.0 649.0 439.0 657.0 436.0 650.0 452.0 642.0 Van 1
447.0 507.0 442.0 512.0 428.0 502.0 432.0 496.0 Van 1
318.0 702.0 309.0 702.0 309.0 686.0 318.0 685.0 Van 1
266.0 594.0 258.0 595.0 256.0 579.0 265.0 578.0 Van 1
308.0 572.0 298.0 572.0 297.0 557.0 307.0 557.0 Van 1
299.0 491.0 288.0 492.0 287.0 474.0 298.0 473.0 Van 1
352.0 250.0 334.0 250.0 334.0 243.0 352.0 242.0 Van 1
352.0 232.0 337.0 232.0 337.0 226.0 352.0 225.0 Van 1
349.0 219.0 330.0 219.0 329.0 213.0 348.0 212.0 Van 1
348.0 203.0 327.0 206.0 327.0 199.0 348.0 197.0 Van 1
376.0 125.0 360.0 131.0 358.0 124.0 374.0 119.0 Van 1
379.0 135.0 364.0 141.0 362.0 135.0 376.0 129.0 Van 1
389.0 142.0 371.0 149.0 369.0 142.0 386.0 136.0 Van 1
439.0 163.0 416.0 167.0 415.0 160.0 437.0 155.0 Van 1
533.0 175.0 526.0 178.0 520.0 163.0 527.0 161.0 Van 1
511.0 184.0 503.0 188.0 496.0 169.0 504.0 166.0 Van 1
496.0 185.0 489.0 188.0 482.0 173.0 489.0 170.0 Van 1
517.0 295.0 509.0 297.0 505.0 281.0 513.0 279.0 Van 1
404.0 319.0 397.0 323.0 388.0 308.0 395.0 303.0 Van 1
534.0 337.0 517.0 341.0 515.0 334.0 532.0 329.0 Van 1
281.0 381.0 274.0 382.0 272.0 368.0 280.0 367.0 Van 1
253.0 318.0 244.0 320.0 242.0 303.0 251.0 302.0 Van 1
269.0 286.0 260.0 287.0 258.0 272.0 267.0 271.0 Van 1
255.0 177.0 247.0 178.0 245.0 163.0 253.0 162.0 Van 1
243.0 92.0 235.0 93.0 233.0 79.0 241.0 78.0 Van 1
