771.0 515.0 763.0 518.0 757.0 502.0 765.0 499.0 Van 1
68.0 16.0 43.0 15.0 43.0 6.0 68.0 7.0 Van 1
64.0 26.0 43.0 25.0 44.0 18.0 64.0 19.0 Van 1
64.0 38.0 39.0 38.0 39.0 30.0 64.0 29.0 Van 1
327.0 48.0 307.0 49.0 307.0 42.0 327.0 42.0 Van 1
604.0 129.0 597.0 132.0 593.0 116.0 600.0 114.0 Van 1
594.0 95.0 587.0 98.0 581.0 82.0 588.0 80.0 Van 1
583.0 65.0 576.0 68.0 571.0 53.0 578.0 51.0 Van 1
576.0 41.0 565.0 44.0 560.0 27.0 570.0 24.0 Van 1
563.0 13.0 556.0 16.0 551.0 0.0 558.0 0.0 Van 1
724.0 581.0 705.0 581.0 705.0 575.0 724.0 575.0 Van 1
137.0 557.0 112.0 557.0 112.0 548.0 136.0 547.0 Van 1
11.0 556.0 0.0 556.0 0.0 548.0 11.0 548.0 Van 1
561.0 532.0 553.0 535.0 541.0 511.0 548.0 507.0 Van 1
461.0 234.0 437.0 239.0 435.0 231.0 460.0 227.0 Van 1
294.0 244.0 275.0 248.0 273.0 241.0 292.0 237.0 Van 1
290.0 225.0 270.0 231.0 268.0 223.0 288.0 218.0 Van 1
367.0 163.0 330.0 163.0 330.0 154.0 367.0 153.0 Van 1
287.0 156.0 261.0 160.0 260.0 152.0 286.0 148.0 Van 1
439.0 82.0 420.0 82.0 420.0 74.0 439.0 74.0 Van 1
380.0 84.0 358.0 84.0 358.0 77.0 380.0 76.0 Van 1
355.0 111.0 332.0 110.0 332.0 102.0 355.0 103.0 Van 1
354.0 83.0 332.0 83.0 332.0 75.0 354.0 75.0 Van 1
