438.0 411.0 416.0 416.0 414.0 405.0 435.0 400.0 Van 1
445.0 429.0 422.0 433.0 421.0 424.0 443.0 420.0 Van 1
455.0 475.0 433.0 479.0 432.0 470.0 454.0 466.0 Van 1
359.0 438.0 337.0 445.0 334.0 436.0 356.0 428.0 Van 1
370.0 480.0 346.0 482.0 345.0 474.0 369.0 472.0 Van 1
375.0 507.0 351.0 510.0 350.0 501.0 373.0 498.0 Van 1
378.0 515.0 355.0 519.0 353.0 511.0 377.0 506.0 Van 1
393.0 561.0 365.0 564.0 365.0 556.0 392.0 553.0 Van 1
355.0 534.0 342.0 538.0 336.0 518.0 349.0 514.0 Van 1
314.0 582.0 303.0 582.0 302.0 563.0 313.0 563.0 Van 1
78.0 398.0 56.0 401.0 55.0 392.0 77.0 389.0 Van 1
203.0 433.0 192.0 436.0 187.0 418.0 198.0 415.0 Van 1
176.0 84.0 168.0 100.0 159.0 95.0 166.0 80.0 Van 1
136.0 63.0 124.0 80.0 115.0 74.0 127.0 57.0 Van 1
573.0 639.0 571.0 649.0 537.0 643.0 539.0 632.0 Van 1
