309.0 779.0 292.0 789.0 288.0 781.0 305.0 772.0 Van 1
312.0 766.0 303.0 771.0 293.0 754.0 302.0 749.0 Van 1
322.0 624.0 313.0 630.0 301.0 612.0 310.0 606.0 Van 1
442.0 525.0 429.0 530.0 426.0 523.0 439.0 517.0 Van 1
490.0 277.0 472.0 282.0 469.0 274.0 488.0 268.0 Van 1
544.0 264.0 526.0 270.0 524.0 262.0 541.0 256.0 Van 1
533.0 237.0 513.0 241.0 511.0 232.0 531.0 228.0 Van 1
329.0 295.0 319.0 298.0 315.0 285.0 325.0 282.0 Van 1
506.0 165.0 493.0 167.0 492.0 160.0 505.0 157.0 Van 1
537.0 102.0 519.0 107.0 516.0 98.0 535.0 94.0 Van 1
480.0 104.0 465.0 107.0 463.0 99.0 478.0 96.0 Van 1
468.0 77.0 452.0 81.0 450.0 74.0 466.0 69.0 Van 1
315.0 211.0 294.0 216.0 292.0 207.0 312.0 201.0 Van 1
329.0 86.0 310.0 91.0 308.0 83.0 326.0 78.0 Van 1
