566.0 371.0 552.0 377.0 549.0 371.0 564.0 365.0 Van 1
744.0 520.0 737.0 537.0 729.0 534.0 735.0 517.0 Van 1
791.0 339.0 781.0 360.0 770.0 355.0 780.0 334.0 Van 1
787.0 201.0 785.0 208.0 766.0 201.0 769.0 194.0 Van 1
763.0 153.0 755.0 154.0 753.0 137.0 761.0 136.0 Van 1
772.0 122.0 758.0 132.0 752.0 125.0 767.0 115.0 Van 1
728.0 108.0 713.0 117.0 710.0 111.0 725.0 103.0 Van 1
780.0 11.0 758.0 12.0 758.0 4.0 780.0 4.0 Van 1
638.0 147.0 636.0 160.0 628.0 159.0 631.0 145.0 Van 1
251.0 43.0 242.0 43.0 242.0 27.0 251.0 27.0 Van 1
161.0 43.0 151.0 44.0 150.0 25.0 160.0 25.0 Van 1
67.0 39.0 59.0 39.0 59.0 26.0 67.0 26.0 Van 1
45.0 44.0 36.0 44.0 36.0 29.0 45.0 29.0 Van 1
19.0 39.0 10.0 39.0 10.0 24.0 19.0 24.0 Van 1
9.0 41.0 0.0 41.0 0.0 24.0 9.0 24.0 Van 1
647.0 256.0 637.0 269.0 631.0 264.0 641.0 251.0 Van 1
632.0 278.0 618.0 288.0 613.0 282.0 627.0 271.0 Van 1
613.0 289.0 595.0 298.0 592.0 291.0 609.0 283.0 Van 1
592.0 299.0 574.0 307.0 571.0 300.0 589.0 293.0 Van 1
574.0 309.0 555.0 317.0 553.0 310.0 572.0 303.0 Van 1
554.0 317.0 535.0 327.0 532.0 320.0 551.0 311.0 Van 1
33.0 385.0 28.0 401.0 19.0 398.0 24.0 382.0 Van 1
342.0 575.0 341.0 582.0 319.0 579.0 319.0 572.0 Van 1
127.0 568.0 107.0 582.0 102.0 575.0 121.0 560.0 Van 1
