811.0 436.0 802.0 436.0 802.0 425.0 810.0 425.0 Van 1
553.0 645.0 528.0 646.0 527.0 641.0 552.0 639.0 Van 1
349.0 621.0 341.0 623.0 337.0 607.0 346.0 605.0 Van 1
419.0 594.0 398.0 594.0 398.0 588.0 418.0 588.0 Van 1
418.0 584.0 396.0 584.0 396.0 579.0 418.0 578.0 Van 1
414.0 575.0 395.0 576.0 395.0 570.0 414.0 569.0 Van 1
413.0 567.0 395.0 567.0 394.0 561.0 413.0 560.0 Van 1
357.0 565.0 331.0 568.0 331.0 562.0 356.0 559.0 Van 1
352.0 530.0 328.0 530.0 328.0 524.0 352.0 524.0 Van 1
324.0 542.0 300.0 542.0 300.0 535.0 324.0 534.0 Van 1
