711.0 995.0 704.0 998.0 697.0 984.0 703.0 981.0 Van 1
688.0 1000.0 677.0 1000.0 670.0 986.0 679.0 982.0 Van 1
686.0 954.0 679.0 958.0 672.0 944.0 680.0 940.0 Van 1
696.0 950.0 690.0 953.0 684.0 940.0 691.0 937.0 Van 1
720.0 944.0 713.0 947.0 706.0 934.0 712.0 931.0 Van 1
728.0 940.0 723.0 943.0 716.0 930.0 721.0 927.0 Van 1
751.0 933.0 744.0 937.0 736.0 923.0 743.0 919.0 Van 1
780.0 919.0 773.0 922.0 768.0 910.0 774.0 907.0 Van 1
778.0 894.0 772.0 897.0 764.0 882.0 771.0 879.0 Van 1
769.0 897.0 761.0 901.0 752.0 887.0 761.0 882.0 Van 1
700.0 920.0 693.0 923.0 685.0 909.0 692.0 905.0 Van 1
690.0 923.0 682.0 927.0 674.0 912.0 682.0 908.0 Van 1
632.0 939.0 624.0 943.0 616.0 927.0 624.0 923.0 Van 1
603.0 976.0 597.0 978.0 592.0 965.0 598.0 963.0 Van 1
584.0 981.0 576.0 984.0 570.0 968.0 578.0 965.0 Van 1
537.0 962.0 530.0 964.0 525.0 949.0 532.0 946.0 Van 1
536.0 997.0 526.0 1000.0 520.0 981.0 530.0 978.0 Van 1
441.0 928.0 434.0 929.0 432.0 916.0 439.0 915.0 Van 1
534.0 51.0 514.0 51.0 514.0 45.0 533.0 44.0 Van 1
477.0 22.0 461.0 22.0 461.0 17.0 477.0 16.0 Van 1
