379.0 648.0 374.0 653.0 361.0 639.0 367.0 634.0 Van 1
633.0 269.0 631.0 274.0 613.0 267.0 615.0 262.0 Van 1
621.0 275.0 619.0 280.0 602.0 274.0 604.0 269.0 Van 1
598.0 287.0 595.0 293.0 578.0 285.0 580.0 280.0 Van 1
527.0 272.0 522.0 277.0 508.0 265.0 514.0 260.0 Van 1
589.0 295.0 586.0 302.0 566.0 292.0 569.0 285.0 Van 1
242.0 431.0 241.0 439.0 215.0 436.0 216.0 428.0 Van 1
545.0 751.0 541.0 756.0 529.0 745.0 533.0 740.0 Van 1
338.0 848.0 322.0 858.0 318.0 851.0 334.0 842.0 Van 1
993.0 608.0 977.0 618.0 972.0 612.0 988.0 601.0 Van 1
36.0 908.0 16.0 920.0 12.0 914.0 31.0 902.0 Van 1
153.0 873.0 137.0 882.0 134.0 876.0 149.0 867.0 Van 1
852.0 577.0 837.0 586.0 834.0 581.0 848.0 572.0 Van 1
833.0 533.0 827.0 539.0 814.0 525.0 820.0 519.0 Van 1
895.0 517.0 879.0 527.0 876.0 521.0 891.0 512.0 Van 1
937.0 553.0 921.0 561.0 918.0 556.0 934.0 547.0 Van 1
921.0 540.0 904.0 550.0 900.0 543.0 917.0 533.0 Van 1
882.0 606.0 871.0 617.0 865.0 612.0 877.0 601.0 Van 1
875.0 601.0 861.0 609.0 857.0 603.0 871.0 595.0 Van 1
868.0 592.0 851.0 603.0 846.0 595.0 863.0 585.0 Van 1
793.0 607.0 787.0 611.0 777.0 599.0 783.0 595.0 Van 1
805.0 603.0 800.0 608.0 786.0 595.0 792.0 589.0 Van 1
643.0 642.0 638.0 647.0 624.0 634.0 629.0 628.0 Van 1
978.0 131.0 962.0 143.0 957.0 137.0 974.0 125.0 Van 1
986.0 138.0 973.0 147.0 969.0 142.0 982.0 133.0 Van 1
1000.0 155.0 986.0 163.0 983.0 158.0 997.0 150.0 Van 1
982.0 326.0 977.0 331.0 964.0 318.0 969.0 313.0 Van 1
857.0 323.0 852.0 328.0 841.0 316.0 845.0 312.0 Van 1
832.0 359.0 827.0 364.0 814.0 350.0 818.0 345.0 Van 1
838.0 334.0 832.0 340.0 818.0 325.0 824.0 319.0 Van 1
817.0 344.0 812.0 349.0 798.0 337.0 804.0 331.0 Van 1
657.0 461.0 651.0 466.0 638.0 453.0 644.0 448.0 Van 1
693.0 437.0 688.0 443.0 676.0 430.0 681.0 425.0 Van 1
762.0 398.0 758.0 403.0 745.0 394.0 749.0 388.0 Van 1
771.0 391.0 766.0 396.0 753.0 385.0 757.0 380.0 Van 1
412.0 535.0 406.0 542.0 392.0 529.0 397.0 523.0 Van 1
575.0 532.0 556.0 545.0 549.0 535.0 568.0 522.0 Van 1
705.0 487.0 700.0 492.0 686.0 478.0 691.0 473.0 Van 1
618.0 538.0 612.0 543.0 599.0 530.0 605.0 525.0 Van 1
937.0 277.0 931.0 283.0 917.0 269.0 923.0 263.0 Van 1
976.0 256.0 971.0 262.0 957.0 248.0 963.0 242.0 Van 1
917.0 288.0 911.0 293.0 899.0 281.0 904.0 276.0 Van 1
931.0 304.0 927.0 309.0 914.0 296.0 918.0 291.0 Van 1
983.0 249.0 978.0 254.0 967.0 242.0 972.0 237.0 Van 1
164.0 182.0 163.0 188.0 148.0 188.0 148.0 182.0 Van 1
715.0 479.0 710.0 486.0 694.0 472.0 700.0 466.0 Van 1
