107.0 358.0 99.0 362.0 90.0 347.0 98.0 343.0 Van 1
114.0 304.0 107.0 308.0 98.0 292.0 106.0 288.0 Van 1
624.0 184.0 601.0 193.0 599.0 187.0 621.0 177.0 Van 1
596.0 134.0 573.0 144.0 570.0 137.0 593.0 127.0 Van 1
564.0 84.0 541.0 94.0 537.0 85.0 561.0 76.0 Van 1
509.0 78.0 503.0 81.0 497.0 72.0 502.0 68.0 Van 1
533.0 17.0 531.0 24.0 513.0 17.0 515.0 11.0 Van 1
507.0 30.0 505.0 37.0 485.0 30.0 488.0 22.0 Van 1
999.0 941.0 981.0 946.0 979.0 940.0 997.0 935.0 Van 1
958.0 990.0 942.0 993.0 941.0 987.0 957.0 984.0 Van 1
218.0 383.0 212.0 388.0 201.0 375.0 207.0 370.0 Van 1
234.0 397.0 225.0 403.0 221.0 398.0 231.0 392.0 Van 1
241.0 403.0 229.0 412.0 225.0 407.0 237.0 397.0 Van 1
182.0 424.0 167.0 431.0 164.0 424.0 179.0 417.0 Van 1
200.0 447.0 184.0 455.0 181.0 448.0 197.0 441.0 Van 1
44.0 435.0 27.0 443.0 23.0 436.0 40.0 428.0 Van 1
75.0 484.0 57.0 495.0 53.0 488.0 71.0 477.0 Van 1
80.0 493.0 65.0 500.0 62.0 494.0 77.0 486.0 Van 1
86.0 501.0 68.0 510.0 65.0 503.0 83.0 494.0 Van 1
97.0 515.0 79.0 524.0 76.0 518.0 94.0 510.0 Van 1
106.0 534.0 91.0 544.0 87.0 537.0 102.0 528.0 Van 1
176.0 552.0 158.0 561.0 154.0 554.0 173.0 545.0 Van 1
201.0 540.0 184.0 548.0 181.0 542.0 198.0 534.0 Van 1
310.0 592.0 305.0 607.0 298.0 604.0 303.0 590.0 Van 1
305.0 609.0 300.0 623.0 291.0 619.0 297.0 605.0 Van 1
440.0 609.0 433.0 611.0 427.0 595.0 434.0 593.0 Van 1
419.0 627.0 413.0 631.0 405.0 616.0 411.0 613.0 Van 1
655.0 245.0 632.0 254.0 629.0 247.0 652.0 238.0 Van 1
47.0 685.0 31.0 691.0 28.0 683.0 44.0 677.0 Van 1
142.0 674.0 134.0 677.0 127.0 662.0 135.0 658.0 Van 1
166.0 710.0 158.0 714.0 150.0 699.0 158.0 695.0 Van 1
60.0 815.0 43.0 823.0 39.0 817.0 57.0 808.0 Van 1
79.0 821.0 61.0 828.0 58.0 821.0 76.0 814.0 Van 1
471.0 677.0 453.0 685.0 450.0 678.0 468.0 670.0 Van 1
541.0 622.0 519.0 628.0 517.0 621.0 539.0 615.0 Van 1
739.0 972.0 721.0 977.0 719.0 969.0 737.0 965.0 Van 1
626.0 901.0 620.0 905.0 613.0 892.0 619.0 888.0 Van 1
598.0 853.0 590.0 856.0 583.0 841.0 591.0 837.0 Van 1
571.0 805.0 564.0 809.0 555.0 792.0 562.0 788.0 Van 1
545.0 761.0 538.0 764.0 531.0 749.0 537.0 746.0 Van 1
517.0 740.0 511.0 743.0 503.0 728.0 509.0 725.0 Van 1
503.0 717.0 497.0 720.0 491.0 706.0 497.0 703.0 Van 1
535.0 716.0 527.0 720.0 515.0 696.0 522.0 692.0 Van 1
449.0 752.0 447.0 760.0 426.0 755.0 428.0 747.0 Van 1
654.0 603.0 637.0 608.0 636.0 603.0 652.0 598.0 Van 1
664.0 615.0 643.0 624.0 640.0 616.0 660.0 607.0 Van 1
675.0 570.0 658.0 575.0 656.0 570.0 673.0 564.0 Van 1
869.0 528.0 852.0 534.0 850.0 528.0 867.0 522.0 Van 1
997.0 538.0 991.0 541.0 985.0 526.0 992.0 523.0 Van 1
996.0 672.0 990.0 674.0 985.0 659.0 992.0 657.0 Van 1
994.0 721.0 990.0 705.0 996.0 703.0 1000.0 719.0 Van 1
493.0 980.0 485.0 984.0 477.0 969.0 485.0 964.0 Van 1
27.0 987.0 20.0 992.0 7.0 976.0 15.0 971.0 Van 1
