772.0 255.0 769.0 271.0 760.0 270.0 763.0 253.0 Van 1
751.0 253.0 745.0 270.0 736.0 267.0 742.0 250.0 Van 1
716.0 244.0 712.0 258.0 703.0 255.0 708.0 241.0 Van 1
706.0 239.0 702.0 259.0 691.0 256.0 696.0 237.0 Van 1
635.0 85.0 633.0 92.0 612.0 87.0 614.0 80.0 Van 1
655.0 89.0 654.0 95.0 636.0 92.0 636.0 85.0 Van 1
661.0 204.0 660.0 210.0 647.0 208.0 648.0 201.0 Van 1
665.0 195.0 663.0 202.0 645.0 197.0 647.0 190.0 Van 1
674.0 165.0 672.0 173.0 655.0 169.0 657.0 161.0 Van 1
686.0 133.0 685.0 139.0 666.0 135.0 669.0 128.0 Van 1
687.0 282.0 685.0 290.0 666.0 284.0 667.0 277.0 Van 1
603.0 247.0 602.0 255.0 583.0 252.0 584.0 245.0 Van 1
199.0 166.0 196.0 173.0 180.0 168.0 182.0 160.0 Van 1
159.0 173.0 158.0 182.0 133.0 177.0 134.0 169.0 Van 1
107.0 161.0 106.0 169.0 88.0 165.0 89.0 158.0 Van 1
87.0 187.0 78.0 189.0 74.0 172.0 83.0 170.0 Van 1
709.0 301.0 707.0 306.0 697.0 303.0 699.0 298.0 Van 1
454.0 202.0 452.0 209.0 432.0 204.0 434.0 198.0 Van 1
