286.0 166.0 270.0 166.0 270.0 160.0 286.0 159.0 Van 1
112.0 449.0 102.0 450.0 101.0 433.0 111.0 432.0 Van 1
379.0 833.0 366.0 832.0 366.0 827.0 379.0 827.0 Van 1
947.0 826.0 924.0 827.0 924.0 819.0 947.0 819.0 Van 1
923.0 826.0 901.0 826.0 901.0 820.0 923.0 819.0 Van 1
66.0 930.0 52.0 931.0 52.0 925.0 66.0 925.0 Van 1
417.0 681.0 397.0 681.0 397.0 674.0 417.0 674.0 Van 1
419.0 691.0 398.0 691.0 398.0 685.0 419.0 684.0 Van 1
759.0 411.0 729.0 411.0 729.0 403.0 759.0 402.0 Van 1
783.0 83.0 764.0 82.0 764.0 75.0 783.0 76.0 Van 1
