563.0 575.0 549.0 584.0 546.0 578.0 559.0 570.0 Van 1
557.0 569.0 542.0 579.0 538.0 573.0 553.0 563.0 Van 1
426.0 494.0 412.0 504.0 408.0 498.0 422.0 488.0 Van 1
419.0 487.0 405.0 497.0 401.0 490.0 414.0 481.0 Van 1
316.0 444.0 301.0 453.0 297.0 448.0 313.0 439.0 Van 1
533.0 547.0 522.0 559.0 516.0 553.0 527.0 541.0 Van 1
510.0 585.0 491.0 595.0 487.0 588.0 506.0 577.0 Van 1
424.0 668.0 407.0 679.0 403.0 673.0 420.0 662.0 Van 1
352.0 632.0 345.0 638.0 335.0 625.0 341.0 620.0 Van 1
324.0 600.0 317.0 606.0 307.0 594.0 314.0 588.0 Van 1
259.0 585.0 252.0 590.0 241.0 576.0 247.0 571.0 Van 1
255.0 523.0 249.0 529.0 238.0 516.0 244.0 511.0 Van 1
227.0 549.0 220.0 554.0 208.0 540.0 214.0 535.0 Van 1
252.0 788.0 247.0 792.0 238.0 780.0 242.0 776.0 Van 1
457.0 181.0 451.0 186.0 440.0 172.0 447.0 167.0 Van 1
347.0 268.0 330.0 278.0 327.0 273.0 344.0 263.0 Van 1
287.0 350.0 280.0 355.0 271.0 342.0 278.0 337.0 Van 1
352.0 382.0 335.0 393.0 331.0 387.0 348.0 376.0 Van 1
92.0 260.0 74.0 270.0 70.0 264.0 89.0 254.0 Van 1
130.0 555.0 112.0 566.0 108.0 560.0 125.0 549.0 Van 1
190.0 449.0 183.0 455.0 173.0 443.0 179.0 437.0 Van 1
132.0 438.0 124.0 444.0 110.0 427.0 118.0 421.0 Van 1
157.0 409.0 150.0 415.0 139.0 403.0 146.0 397.0 Van 1
102.0 405.0 95.0 411.0 84.0 396.0 92.0 391.0 Van 1
40.0 338.0 34.0 343.0 23.0 329.0 29.0 324.0 Van 1
52.0 509.0 44.0 515.0 34.0 502.0 42.0 496.0 Van 1
276.0 41.0 262.0 51.0 257.0 44.0 271.0 34.0 Van 1
255.0 54.0 239.0 65.0 234.0 58.0 251.0 47.0 Van 1
142.0 122.0 122.0 135.0 116.0 126.0 136.0 113.0 Van 1
249.0 23.0 237.0 31.0 234.0 25.0 245.0 18.0 Van 1
46.0 143.0 28.0 155.0 24.0 148.0 42.0 137.0 Van 1
