333.0 42.0 315.0 41.0 315.0 35.0 333.0 36.0 Van 1
329.0 46.0 328.0 52.0 311.0 49.0 311.0 43.0 Van 1
324.0 60.0 305.0 58.0 305.0 52.0 324.0 53.0 Van 1
262.0 93.0 261.0 99.0 243.0 97.0 243.0 90.0 Van 1
201.0 187.0 199.0 194.0 180.0 191.0 181.0 184.0 Van 1
102.0 176.0 100.0 186.0 83.0 183.0 84.0 174.0 Van 1
619.0 230.0 615.0 245.0 606.0 242.0 611.0 227.0 Van 1
631.0 229.0 627.0 246.0 619.0 244.0 623.0 228.0 Van 1
837.0 916.0 829.0 917.0 827.0 900.0 836.0 900.0 Van 1
191.0 923.0 184.0 938.0 177.0 934.0 184.0 920.0 Van 1
459.0 940.0 439.0 939.0 439.0 933.0 459.0 933.0 Van 1
333.0 744.0 312.0 741.0 313.0 735.0 333.0 737.0 Van 1
398.0 729.0 377.0 727.0 377.0 722.0 398.0 723.0 Van 1
553.0 842.0 552.0 849.0 530.0 847.0 530.0 839.0 Van 1
689.0 810.0 681.0 810.0 681.0 795.0 689.0 795.0 Van 1
767.0 784.0 750.0 784.0 750.0 775.0 767.0 776.0 Van 1
477.0 591.0 473.0 598.0 458.0 588.0 462.0 581.0 Van 1
483.0 583.0 480.0 588.0 464.0 579.0 467.0 573.0 Van 1
556.0 521.0 553.0 535.0 545.0 533.0 548.0 519.0 Van 1
659.0 488.0 651.0 488.0 651.0 474.0 659.0 473.0 Van 1
601.0 494.0 593.0 495.0 591.0 479.0 599.0 478.0 Van 1
587.0 480.0 581.0 496.0 574.0 493.0 580.0 478.0 Van 1
237.0 413.0 236.0 420.0 217.0 415.0 218.0 409.0 Van 1
235.0 404.0 234.0 410.0 216.0 407.0 217.0 401.0 Van 1
258.0 324.0 257.0 332.0 234.0 330.0 234.0 322.0 Van 1
258.0 315.0 257.0 322.0 239.0 319.0 241.0 312.0 Van 1
646.0 308.0 641.0 323.0 632.0 321.0 637.0 306.0 Van 1
