585.0 578.0 575.0 578.0 575.0 561.0 585.0 561.0 Van 1
430.0 755.0 396.0 755.0 396.0 745.0 429.0 745.0 Van 1
189.0 636.0 171.0 637.0 171.0 630.0 189.0 630.0 Van 1
115.0 412.0 105.0 412.0 105.0 396.0 114.0 396.0 Van 1
154.0 410.0 145.0 410.0 145.0 393.0 154.0 393.0 Van 1
155.0 433.0 146.0 433.0 146.0 417.0 154.0 417.0 Van 1
114.0 464.0 106.0 464.0 106.0 450.0 114.0 450.0 Van 1
117.0 504.0 107.0 505.0 106.0 487.0 116.0 487.0 Van 1
154.0 599.0 153.0 620.0 143.0 619.0 143.0 599.0 Van 1
116.0 632.0 107.0 632.0 108.0 617.0 116.0 617.0 Van 1
