627.0 650.0 605.0 651.0 605.0 645.0 627.0 644.0 Van 1
627.0 814.0 605.0 813.0 605.0 806.0 627.0 806.0 Van 1
40.0 415.0 21.0 415.0 21.0 406.0 40.0 406.0 Van 1
977.0 887.0 958.0 887.0 958.0 880.0 977.0 879.0 Van 1
1000.0 808.998657 988.977234 808.499023 989.999939 786.0 1000.0 786.454468 Van 1
966.0 746.0 965.0 755.0 947.0 754.0 947.0 746.0 Van 1
1000.0 465.0 990.0 465.0 990.0 450.0 1000.0 449.0 Van 1
1000.0 401.0 990.0 401.0 989.0 384.0 998.0 383.0 Van 1
322.0 29.0 312.0 29.0 312.0 13.0 322.0 13.0 Van 1
355.0 154.0 345.0 154.0 345.0 137.0 355.0 137.0 Van 1
322.0 178.0 313.0 178.0 312.0 164.0 321.0 163.0 Van 1
284.0 337.0 264.0 337.0 264.0 329.0 284.0 329.0 Van 1
321.0 384.0 320.0 400.0 311.0 400.0 311.0 384.0 Van 1
321.0 447.0 311.0 447.0 312.0 428.0 321.0 428.0 Van 1
323.0 455.0 322.0 473.0 311.0 472.0 312.0 455.0 Van 1
321.0 545.0 313.0 545.0 312.0 529.0 320.0 528.0 Van 1
298.0 550.0 297.0 559.0 276.0 557.0 277.0 548.0 Van 1
657.0 117.0 648.0 117.0 648.0 100.0 657.0 100.0 Van 1
689.0 186.0 680.0 186.0 680.0 170.0 689.0 170.0 Van 1
614.0 206.0 597.0 206.0 597.0 200.0 614.0 199.0 Van 1
742.0 336.0 719.0 337.0 719.0 329.0 741.0 328.0 Van 1
768.0 302.0 746.0 303.0 746.0 295.0 768.0 294.0 Van 1
656.0 686.0 646.0 686.0 647.0 671.0 656.0 671.0 Van 1
353.0 940.0 343.0 940.0 343.0 922.0 353.0 922.0 Van 1
97.0 131.0 77.0 131.0 77.0 123.0 97.0 123.0 Van 1
9.0 109.0 0.0 109.0 0.0 92.0 9.0 93.0 Van 1
