182.0 68.0 162.0 71.0 161.0 63.0 181.0 60.0 Van 1
590.0 379.0 581.0 382.0 577.0 364.0 586.0 362.0 Van 1
585.0 357.0 576.0 359.0 573.0 341.0 582.0 340.0 Van 1
574.0 356.0 564.0 358.0 561.0 340.0 571.0 338.0 Van 1
598.0 306.0 591.0 308.0 587.0 293.0 595.0 291.0 Van 1
598.0 243.0 583.0 246.0 581.0 239.0 597.0 236.0 Van 1
573.0 248.0 555.0 250.0 553.0 242.0 572.0 240.0 Van 1
516.0 286.0 498.0 287.0 497.0 280.0 516.0 279.0 Van 1
461.0 265.0 441.0 266.0 441.0 257.0 460.0 256.0 Van 1
457.0 273.0 437.0 276.0 436.0 268.0 456.0 266.0 Van 1
437.0 265.0 418.0 267.0 418.0 259.0 436.0 257.0 Van 1
407.0 270.0 392.0 272.0 391.0 265.0 406.0 263.0 Van 1
215.0 133.0 197.0 136.0 196.0 130.0 215.0 128.0 Van 1
237.0 165.0 231.0 165.0 230.0 152.0 237.0 152.0 Van 1
240.0 184.0 233.0 185.0 231.0 167.0 237.0 166.0 Van 1
360.0 276.0 342.0 280.0 342.0 272.0 358.0 268.0 Van 1
593.0 532.0 576.0 536.0 574.0 527.0 591.0 524.0 Van 1
542.0 473.0 519.0 476.0 517.0 466.0 541.0 463.0 Van 1
385.0 676.0 377.0 679.0 372.0 663.0 380.0 661.0 Van 1
345.0 781.0 336.0 782.0 334.0 764.0 343.0 764.0 Van 1
304.0 755.0 296.0 756.0 294.0 739.0 303.0 738.0 Van 1
63.0 653.0 57.0 659.0 45.0 648.0 50.0 642.0 Van 1
120.0 306.0 104.0 309.0 102.0 302.0 117.0 299.0 Van 1
19.0 530.0 1.0 531.0 0.0 523.0 19.0 522.0 Van 1
166.0 535.0 146.0 537.0 145.0 528.0 166.0 526.0 Van 1
171.0 581.0 152.0 583.0 152.0 575.0 170.0 573.0 Van 1
265.0 63.0 261.0 70.0 245.0 61.0 249.0 54.0 Van 1
262.0 31.0 254.0 32.0 252.0 18.0 260.0 17.0 Van 1
373.0 60.0 365.0 62.0 362.0 45.0 371.0 44.0 Van 1
