186.0 602.0 184.0 616.0 176.0 615.0 178.0 601.0 Van 1
181.0 521.0 179.0 536.0 171.0 535.0 173.0 520.0 Van 1
204.0 522.0 202.0 537.0 194.0 536.0 196.0 521.0 Van 1
211.0 264.0 194.0 264.0 193.0 257.0 211.0 257.0 Van 1
341.0 296.0 332.0 297.0 330.0 279.0 338.0 277.0 Van 1
362.0 203.0 354.0 203.0 352.0 190.0 361.0 189.0 Van 1
389.0 207.0 379.0 207.0 378.0 190.0 388.0 189.0 Van 1
367.0 283.0 358.0 285.0 353.0 266.0 362.0 263.0 Van 1
596.0 377.0 578.0 378.0 577.0 371.0 596.0 370.0 Van 1
386.0 549.0 385.0 569.0 375.0 568.0 376.0 548.0 Van 1
459.0 576.0 458.0 583.0 439.0 579.0 440.0 573.0 Van 1
544.0 29.0 525.0 34.0 523.0 27.0 542.0 21.0 Van 1
