506.0 218.0 481.0 230.0 478.0 223.0 502.0 210.0 Van 1
548.0 226.0 544.0 233.0 527.0 222.0 531.0 216.0 Van 1
547.0 203.0 543.0 210.0 527.0 200.0 531.0 193.0 Van 1
546.0 153.0 541.0 159.0 528.0 150.0 532.0 144.0 Van 1
464.0 148.0 454.0 148.0 454.0 132.0 464.0 132.0 Van 1
463.0 178.0 462.0 195.0 451.0 195.0 452.0 177.0 Van 1
421.0 232.0 412.0 232.0 412.0 215.0 421.0 216.0 Van 1
385.0 202.0 363.0 202.0 363.0 195.0 385.0 195.0 Van 1
328.0 210.0 307.0 210.0 307.0 203.0 328.0 203.0 Van 1
334.0 191.0 311.0 191.0 312.0 184.0 334.0 184.0 Van 1
293.0 226.0 271.0 226.0 271.0 218.0 293.0 218.0 Van 1
296.0 218.0 273.0 218.0 273.0 210.0 296.0 210.0 Van 1
295.0 208.0 273.0 208.0 273.0 200.0 295.0 200.0 Van 1
296.0 196.0 275.0 197.0 275.0 191.0 296.0 190.0 Van 1
225.0 205.0 202.0 205.0 202.0 198.0 225.0 197.0 Van 1
224.0 196.0 201.0 196.0 201.0 190.0 224.0 190.0 Van 1
191.0 203.0 169.0 202.0 169.0 195.0 191.0 196.0 Van 1
134.0 217.0 111.0 218.0 111.0 211.0 134.0 211.0 Van 1
133.0 210.0 111.0 210.0 111.0 203.0 133.0 203.0 Van 1
133.0 202.0 110.0 202.0 109.0 195.0 133.0 195.0 Van 1
127.0 183.0 105.0 182.0 105.0 174.0 127.0 174.0 Van 1
340.0 245.0 318.0 245.0 318.0 239.0 340.0 239.0 Van 1
315.0 246.0 288.0 246.0 288.0 239.0 315.0 239.0 Van 1
282.0 245.0 256.0 245.0 256.0 237.0 281.0 237.0 Van 1
214.0 243.0 191.0 244.0 191.0 237.0 214.0 236.0 Van 1
182.0 243.0 158.0 243.0 158.0 236.0 182.0 236.0 Van 1
113.0 243.0 93.0 244.0 93.0 236.0 113.0 236.0 Van 1
591.0 35.0 571.0 36.0 571.0 29.0 591.0 28.0 Van 1
548.0 36.0 528.0 36.0 528.0 30.0 548.0 29.0 Van 1
405.0 44.0 376.0 43.0 376.0 35.0 405.0 36.0 Van 1
356.0 66.0 332.0 65.0 332.0 58.0 356.0 58.0 Van 1
353.0 55.0 330.0 54.0 331.0 47.0 353.0 48.0 Van 1
280.0 55.0 278.0 63.0 254.0 62.0 254.0 54.0 Van 1
589.0 764.0 566.0 764.0 566.0 757.0 589.0 756.0 Van 1
547.0 765.0 525.0 764.0 526.0 755.0 547.0 757.0 Van 1
565.0 774.0 563.0 783.0 542.0 782.0 543.0 774.0 Van 1
492.0 783.0 470.0 782.0 470.0 775.0 492.0 775.0 Van 1
306.0 758.0 281.0 758.0 282.0 750.0 306.0 751.0 Van 1
231.0 755.0 210.0 755.0 210.0 749.0 231.0 749.0 Van 1
146.0 781.0 123.0 782.0 123.0 774.0 146.0 773.0 Van 1
158.0 754.0 135.0 754.0 135.0 747.0 158.0 747.0 Van 1
416.0 708.0 407.0 708.0 407.0 693.0 416.0 693.0 Van 1
445.0 696.0 435.0 697.0 434.0 679.0 443.0 679.0 Van 1
420.0 610.0 410.0 610.0 410.0 593.0 420.0 593.0 Van 1
368.0 525.0 359.0 525.0 358.0 519.0 368.0 519.0 Van 1
366.0 506.0 345.0 506.0 345.0 499.0 366.0 498.0 Van 1
338.0 505.0 317.0 505.0 317.0 499.0 338.0 499.0 Van 1
308.0 505.0 285.0 505.0 285.0 499.0 308.0 499.0 Van 1
424.0 442.0 423.0 460.0 412.0 460.0 412.0 441.0 Van 1
454.0 331.0 453.0 347.0 443.0 346.0 443.0 330.0 Van 1
542.0 264.0 541.0 271.0 518.0 270.0 518.0 263.0 Van 1
203.0 520.0 183.0 521.0 183.0 514.0 203.0 513.0 Van 1
