552.0 218.0 545.0 218.0 544.0 204.0 551.0 203.0 Van 1
470.0 219.0 469.0 236.0 462.0 235.0 462.0 219.0 Van 1
303.0 295.0 302.0 316.0 294.0 316.0 295.0 295.0 Van 1
295.0 347.0 287.0 347.0 287.0 330.0 294.0 330.0 Van 1
407.0 377.0 400.0 377.0 400.0 356.0 407.0 356.0 Van 1
497.0 629.0 475.0 634.0 473.0 626.0 496.0 621.0 Van 1
463.0 621.0 444.0 626.0 443.0 620.0 462.0 615.0 Van 1
479.0 686.0 474.0 690.0 468.0 681.0 473.0 677.0 Van 1
386.0 758.0 385.0 773.0 376.0 773.0 377.0 758.0 Van 1
363.0 758.0 362.0 776.0 354.0 775.0 356.0 757.0 Van 1
340.0 774.0 333.0 774.0 332.0 757.0 340.0 757.0 Van 1
258.0 778.0 251.0 778.0 250.0 760.0 257.0 760.0 Van 1
