111.0 90.0 102.0 90.0 101.0 80.0 110.0 79.0 Van 1
123.0 206.0 102.0 206.0 102.0 198.0 123.0 199.0 Van 1
123.0 214.0 102.0 215.0 102.0 208.0 123.0 207.0 Van 1
64.0 205.0 54.0 205.0 54.0 186.0 64.0 186.0 Van 1
41.0 478.0 34.0 479.0 34.0 462.0 41.0 462.0 Van 1
95.0 470.0 87.0 470.0 86.0 457.0 95.0 456.0 Van 1
208.0 526.0 185.0 527.0 185.0 520.0 207.0 519.0 Van 1
68.0 648.0 58.0 649.0 58.0 632.0 67.0 632.0 Van 1
66.0 686.0 58.0 686.0 58.0 671.0 65.0 670.0 Van 1
253.0 792.0 244.0 793.0 242.0 778.0 251.0 777.0 Van 1
270.0 721.0 247.0 722.0 246.0 712.0 269.0 711.0 Van 1
246.0 693.0 237.0 694.0 236.0 673.0 246.0 673.0 Van 1
240.0 66.0 231.0 66.0 230.0 49.0 240.0 49.0 Van 1
241.0 80.0 240.0 97.0 230.0 96.0 231.0 79.0 Van 1
239.0 223.0 231.0 223.0 231.0 210.0 239.0 210.0 Van 1
239.0 590.0 238.0 607.0 229.0 607.0 230.0 590.0 Van 1
294.0 617.0 287.0 617.0 287.0 600.0 294.0 600.0 Van 1
295.0 578.0 286.0 578.0 286.0 559.0 295.0 559.0 Van 1
291.0 315.0 283.0 315.0 283.0 296.0 291.0 296.0 Van 1
292.0 293.0 283.0 293.0 283.0 278.0 292.0 278.0 Van 1
292.0 274.0 283.0 275.0 282.0 257.0 291.0 256.0 Van 1
291.0 254.0 282.0 254.0 282.0 237.0 291.0 237.0 Van 1
292.0 233.0 284.0 233.0 283.0 216.0 291.0 215.0 Van 1
292.0 129.0 283.0 129.0 282.0 110.0 292.0 110.0 Van 1
292.0 46.0 284.0 46.0 283.0 27.0 292.0 27.0 Van 1
292.0 21.0 282.0 21.0 282.0 5.0 291.0 5.0 Van 1
531.0 375.0 520.0 376.0 520.0 356.0 531.0 355.0 Van 1
569.0 408.0 559.0 408.0 559.0 389.0 568.0 388.0 Van 1
414.0 405.0 404.0 405.0 404.0 386.0 414.0 386.0 Van 1
348.0 490.0 329.0 490.0 328.0 483.0 348.0 483.0 Van 1
393.0 578.0 370.0 578.0 370.0 568.0 393.0 569.0 Van 1
395.0 595.0 373.0 595.0 373.0 589.0 395.0 589.0 Van 1
450.0 657.0 441.0 657.0 441.0 637.0 450.0 637.0 Van 1
489.0 650.0 480.0 652.0 474.0 631.0 484.0 628.0 Van 1
513.0 645.0 504.0 649.0 497.0 631.0 506.0 628.0 Van 1
538.0 642.0 528.0 644.0 523.0 621.0 534.0 619.0 Van 1
564.0 621.0 543.0 622.0 543.0 615.0 563.0 614.0 Van 1
562.0 596.0 538.0 597.0 538.0 590.0 561.0 589.0 Van 1
501.0 593.0 479.0 593.0 479.0 586.0 501.0 586.0 Van 1
499.0 575.0 477.0 576.0 477.0 568.0 499.0 568.0 Van 1
499.0 556.0 478.0 556.0 478.0 550.0 499.0 549.0 Van 1
676.0 600.0 669.0 605.0 657.0 588.0 664.0 583.0 Van 1
915.0 821.0 902.0 832.0 897.0 826.0 910.0 815.0 Van 1
918.0 848.0 905.0 857.0 901.0 851.0 914.0 842.0 Van 1
709.0 915.0 703.0 922.0 688.0 909.0 694.0 902.0 Van 1
690.0 930.0 685.0 935.0 671.0 922.0 676.0 917.0 Van 1
665.0 883.0 651.0 894.0 646.0 888.0 660.0 877.0 Van 1
601.0 924.0 586.0 933.0 582.0 928.0 598.0 918.0 Van 1
511.0 737.0 490.0 737.0 490.0 730.0 511.0 730.0 Van 1
181.0 880.0 165.0 885.0 162.0 879.0 179.0 873.0 Van 1
660.0 738.0 641.0 737.0 641.0 731.0 660.0 732.0 Van 1
770.0 714.0 749.0 714.0 749.0 707.0 769.0 707.0 Van 1
894.0 720.0 871.0 719.0 871.0 711.0 894.0 712.0 Van 1
53.0 639.0 47.0 643.0 39.0 631.0 46.0 626.0 Van 1
