53.0 505.0 37.0 506.0 37.0 499.0 53.0 498.0 Van 1
385.0 424.0 360.0 429.0 359.0 421.0 383.0 416.0 Van 1
557.0 408.0 535.0 408.0 535.0 400.0 557.0 400.0 Van 1
564.0 367.0 556.0 383.0 550.0 380.0 557.0 364.0 Van 1
493.0 288.0 485.0 288.0 484.0 270.0 493.0 270.0 Van 1
580.0 271.0 572.0 271.0 573.0 256.0 580.0 257.0 Van 1
576.0 172.0 567.0 173.0 566.0 158.0 574.0 157.0 Van 1
568.0 130.0 560.0 132.0 556.0 114.0 564.0 112.0 Van 1
553.0 65.0 545.0 66.0 543.0 51.0 551.0 50.0 Van 1
326.0 47.0 319.0 47.0 319.0 32.0 326.0 32.0 Van 1
109.0 261.0 100.0 261.0 100.0 243.0 108.0 243.0 Van 1
106.0 203.0 99.0 203.0 99.0 189.0 106.0 189.0 Van 1
107.0 176.0 100.0 177.0 98.0 161.0 105.0 161.0 Van 1
