118.0 969.0 116.0 985.0 107.0 984.0 109.0 968.0 Van 1
157.0 831.0 130.0 831.0 130.0 824.0 157.0 824.0 Van 1
464.0 408.0 463.0 424.0 453.0 423.0 454.0 407.0 Van 1
463.0 433.0 462.0 449.0 452.0 449.0 453.0 433.0 Van 1
578.0 450.0 568.0 449.0 569.0 435.0 578.0 435.0 Van 1
780.0 765.0 778.0 781.0 766.0 779.0 768.0 764.0 Van 1
544.0 812.0 526.0 812.0 526.0 805.0 544.0 804.0 Van 1
19.0 939.0 1.0 939.0 1.0 933.0 19.0 933.0 Van 1
18.0 947.0 0.0 947.0 0.0 941.0 18.0 942.0 Van 1
19.0 965.0 0.0 966.0 0.0 959.0 18.0 959.0 Van 1
21.0 969.0 20.0 975.0 0.0 974.0 0.0 968.0 Van 1
880.0 814.0 871.0 814.0 870.0 799.0 879.0 799.0 Van 1
843.0 475.0 842.0 494.0 827.0 494.0 828.0 475.0 Van 1
843.0 159.0 833.0 159.0 833.0 142.0 843.0 142.0 Van 1
790.0 97.0 779.0 97.0 778.0 82.0 789.0 82.0 Van 1
961.0 377.0 953.0 378.0 953.0 361.0 961.0 361.0 Van 1
966.0 467.0 957.0 467.0 957.0 451.0 966.0 451.0 Van 1
