744.0 162.0 730.0 161.0 731.0 143.0 744.0 144.0 Van 1
240.0 493.0 229.0 493.0 229.0 478.0 239.0 478.0 Van 1
300.0 535.0 290.0 535.0 289.0 518.0 299.0 518.0 Van 1
430.0 510.0 422.0 512.0 418.0 489.0 426.0 487.0 Van 1
379.0 514.0 370.0 514.0 370.0 497.0 379.0 497.0 Van 1
358.0 483.0 338.0 483.0 339.0 475.0 358.0 476.0 Van 1
379.0 495.0 369.0 495.0 369.0 477.0 379.0 477.0 Van 1
394.0 496.0 384.0 496.0 384.0 478.0 394.0 478.0 Van 1
626.0 467.0 605.0 467.0 605.0 460.0 626.0 460.0 Van 1
382.0 467.0 360.0 467.0 360.0 461.0 381.0 460.0 Van 1
359.0 469.0 334.0 467.0 334.0 460.0 359.0 461.0 Van 1
105.0 405.0 101.0 411.0 87.0 402.0 91.0 396.0 Van 1
116.0 392.0 111.0 397.0 97.0 385.0 102.0 379.0 Van 1
314.0 237.0 305.0 237.0 304.0 223.0 313.0 222.0 Van 1
150.0 231.0 141.0 232.0 140.0 215.0 149.0 215.0 Van 1
451.0 182.0 426.0 183.0 426.0 175.0 450.0 174.0 Van 1
202.0 182.0 181.0 183.0 181.0 176.0 202.0 175.0 Van 1
125.0 151.0 116.0 151.0 116.0 131.0 125.0 131.0 Van 1
172.0 148.0 163.0 148.0 163.0 132.0 172.0 132.0 Van 1
102.0 374.0 96.0 379.0 89.0 369.0 94.0 365.0 Van 1
