116.0 208.0 114.0 215.0 98.0 209.0 100.0 202.0 Van 1
185.0 190.0 182.0 200.0 162.0 194.0 164.0 183.0 Van 1
263.0 260.0 260.0 267.0 244.0 261.0 247.0 253.0 Van 1
473.0 276.0 472.0 283.0 455.0 279.0 457.0 272.0 Van 1
533.0 305.0 531.0 311.0 512.0 305.0 514.0 299.0 Van 1
734.0 361.0 733.0 366.0 717.0 362.0 719.0 356.0 Van 1
764.0 356.0 762.0 363.0 745.0 358.0 747.0 352.0 Van 1
749.0 387.0 747.0 392.0 731.0 387.0 733.0 381.0 Van 1
289.0 425.0 287.0 432.0 264.0 425.0 266.0 419.0 Van 1
295.0 373.0 286.0 397.0 276.0 394.0 285.0 370.0 Van 1
