519.0 612.0 513.0 619.0 497.0 605.0 504.0 598.0 Van 1
338.0 433.0 323.0 447.0 317.0 441.0 331.0 426.0 Van 1
490.0 366.0 478.0 385.0 469.0 380.0 481.0 360.0 Van 1
478.0 363.0 467.0 381.0 459.0 376.0 469.0 358.0 Van 1
385.0 326.0 375.0 342.0 367.0 337.0 376.0 321.0 Van 1
148.0 286.0 123.0 288.0 123.0 279.0 148.0 278.0 Van 1
229.0 260.0 223.0 273.0 215.0 269.0 221.0 257.0 Van 1
327.0 86.0 321.0 93.0 305.0 81.0 311.0 74.0 Van 1
384.0 54.0 369.0 70.0 362.0 63.0 377.0 47.0 Van 1
399.0 68.0 387.0 81.0 380.0 75.0 392.0 62.0 Van 1
453.0 51.0 442.0 59.0 437.0 53.0 447.0 45.0 Van 1
429.0 35.0 416.0 47.0 411.0 40.0 423.0 29.0 Van 1
400.0 14.0 385.0 27.0 379.0 20.0 394.0 7.0 Van 1
338.0 389.0 331.0 397.0 316.0 384.0 323.0 376.0 Van 1
460.0 19.0 453.0 27.0 448.0 22.0 455.0 15.0 Van 1
506.0 49.0 497.0 57.0 493.0 53.0 502.0 45.0 Van 1
523.0 61.0 511.0 69.0 507.0 64.0 519.0 56.0 Van 1
466.0 359.0 459.0 372.0 453.0 369.0 460.0 356.0 Van 1
532.0 346.0 526.0 355.0 519.0 351.0 524.0 342.0 Van 1
