867.0 58.0 858.0 60.0 856.0 45.0 865.0 43.0 Van 1
884.0 41.0 881.0 59.0 870.0 57.0 872.0 39.0 Van 1
934.0 819.0 930.0 829.0 923.0 826.0 928.0 816.0 Van 1
815.0 687.0 794.0 686.0 794.0 679.0 815.0 680.0 Van 1
836.0 446.0 823.0 458.0 818.0 453.0 831.0 441.0 Van 1
859.0 407.0 843.0 418.0 839.0 412.0 856.0 401.0 Van 1
882.0 394.0 864.0 405.0 860.0 398.0 878.0 387.0 Van 1
938.0 225.0 937.0 234.0 909.0 228.0 911.0 219.0 Van 1
753.0 253.0 744.0 254.0 743.0 237.0 752.0 237.0 Van 1
410.0 62.0 405.0 67.0 393.0 55.0 398.0 50.0 Van 1
585.0 178.0 579.0 182.0 568.0 169.0 573.0 164.0 Van 1
416.0 198.0 398.0 210.0 393.0 203.0 411.0 191.0 Van 1
393.0 244.0 388.0 250.0 378.0 242.0 382.0 236.0 Van 1
335.0 167.0 328.0 173.0 319.0 162.0 325.0 156.0 Van 1
350.0 183.0 345.0 187.0 334.0 175.0 339.0 170.0 Van 1
339.0 185.0 334.0 190.0 322.0 177.0 326.0 173.0 Van 1
128.0 125.0 109.0 135.0 106.0 128.0 125.0 119.0 Van 1
87.0 170.0 68.0 183.0 62.0 174.0 81.0 161.0 Van 1
153.0 275.0 148.0 281.0 135.0 269.0 140.0 263.0 Van 1
333.0 325.0 332.0 331.0 319.0 328.0 320.0 322.0 Van 1
641.0 337.0 636.0 344.0 622.0 333.0 628.0 326.0 Van 1
616.0 357.0 609.0 363.0 596.0 348.0 602.0 342.0 Van 1
542.0 355.0 538.0 360.0 524.0 348.0 528.0 343.0 Van 1
648.0 410.0 644.0 415.0 631.0 401.0 635.0 397.0 Van 1
692.0 451.0 687.0 456.0 678.0 446.0 683.0 441.0 Van 1
448.0 449.0 443.0 454.0 432.0 442.0 436.0 437.0 Van 1
563.0 491.0 557.0 497.0 547.0 487.0 553.0 482.0 Van 1
375.0 702.0 364.0 714.0 359.0 709.0 370.0 697.0 Van 1
731.0 990.0 727.0 998.0 712.0 991.0 716.0 983.0 Van 1
51.0 462.0 32.0 471.0 28.0 464.0 47.0 455.0 Van 1
43.0 475.0 29.0 482.0 25.0 476.0 39.0 468.0 Van 1
49.0 482.0 31.0 491.0 28.0 485.0 46.0 476.0 Van 1
50.0 499.0 34.0 507.0 31.0 500.0 47.0 492.0 Van 1
81.0 368.0 67.0 376.0 63.0 370.0 77.0 362.0 Van 1
109.0 684.0 103.0 688.0 94.0 674.0 100.0 670.0 Van 1
277.0 749.0 260.0 756.0 257.0 749.0 274.0 742.0 Van 1
418.0 889.0 412.0 894.0 400.0 877.0 407.0 872.0 Van 1
508.0 840.0 495.0 854.0 488.0 847.0 501.0 834.0 Van 1
832.0 741.0 811.0 741.0 812.0 732.0 832.0 733.0 Van 1
