791.0 412.0 782.0 413.0 781.0 399.0 790.0 399.0 Van 1
804.0 442.0 795.0 443.0 794.0 429.0 803.0 429.0 Van 1
460.0 407.0 451.0 407.0 451.0 394.0 460.0 394.0 Van 1
13.0 70.0 3.0 70.0 3.0 54.0 13.0 55.0 Van 1
283.0 49.0 275.0 49.0 274.0 32.0 282.0 32.0 Van 1
298.0 48.0 288.0 49.0 287.0 36.0 297.0 35.0 Van 1
724.0 238.0 717.0 238.0 716.0 224.0 724.0 224.0 Van 1
804.0 464.0 794.0 463.0 794.0 445.0 804.0 445.0 Van 1
807.0 426.0 794.0 426.0 794.0 402.0 807.0 402.0 Van 1
542.0 253.0 534.0 253.0 533.0 240.0 541.0 239.0 Van 1
513.0 518.0 495.0 517.0 495.0 510.0 513.0 510.0 Van 1
535.0 520.0 519.0 520.0 519.0 513.0 535.0 514.0 Van 1
561.0 519.0 541.0 520.0 541.0 513.0 561.0 513.0 Van 1
837.0 524.0 817.0 524.0 817.0 519.0 837.0 518.0 Van 1
974.0 510.0 956.0 512.0 955.0 506.0 974.0 505.0 Van 1
403.0 765.0 381.0 772.0 379.0 765.0 401.0 758.0 Van 1
158.0 515.0 138.0 515.0 139.0 508.0 158.0 508.0 Van 1
228.0 630.0 218.0 638.0 214.0 632.0 224.0 625.0 Van 1
