969.0 12.0 968.0 19.0 947.0 17.0 947.0 10.0 Van 1
949.0 122.0 948.0 129.0 930.0 126.0 931.0 119.0 Van 1
640.0 189.0 639.0 195.0 622.0 193.0 623.0 186.0 Van 1
634.0 325.0 624.0 339.0 618.0 335.0 628.0 321.0 Van 1
133.0 972.0 125.0 975.0 120.0 960.0 128.0 957.0 Van 1
156.0 966.0 149.0 969.0 144.0 955.0 151.0 952.0 Van 1
167.0 964.0 160.0 966.0 155.0 951.0 162.0 949.0 Van 1
767.0 912.0 756.0 926.0 749.0 921.0 759.0 906.0 Van 1
727.0 825.0 722.0 833.0 700.0 822.0 705.0 814.0 Van 1
661.0 824.0 658.0 830.0 643.0 821.0 647.0 815.0 Van 1
484.0 726.0 481.0 731.0 460.0 719.0 463.0 714.0 Van 1
462.0 686.0 459.0 691.0 444.0 685.0 446.0 679.0 Van 1
271.0 908.0 263.0 919.0 257.0 915.0 265.0 904.0 Van 1
361.0 888.0 357.0 894.0 343.0 884.0 347.0 878.0 Van 1
252.0 880.0 238.0 886.0 235.0 879.0 249.0 873.0 Van 1
288.0 857.0 278.0 869.0 271.0 864.0 282.0 852.0 Van 1
260.0 843.0 250.0 855.0 244.0 850.0 254.0 838.0 Van 1
248.0 838.0 239.0 849.0 232.0 844.0 241.0 832.0 Van 1
365.0 836.0 356.0 848.0 350.0 843.0 359.0 831.0 Van 1
356.0 831.0 348.0 840.0 342.0 836.0 351.0 826.0 Van 1
319.0 810.0 310.0 823.0 303.0 818.0 313.0 805.0 Van 1
303.0 800.0 292.0 811.0 285.0 805.0 296.0 794.0 Van 1
284.0 793.0 275.0 803.0 269.0 798.0 279.0 787.0 Van 1
273.0 787.0 264.0 797.0 259.0 793.0 268.0 783.0 Van 1
24.0 501.0 16.0 502.0 14.0 484.0 22.0 483.0 Van 1
221.0 221.0 199.0 221.0 199.0 214.0 221.0 214.0 Van 1
198.0 202.0 179.0 205.0 178.0 200.0 197.0 196.0 Van 1
17.0 57.0 8.0 73.0 1.0 69.0 10.0 53.0 Van 1
391.0 145.0 388.0 162.0 379.0 161.0 381.0 143.0 Van 1
348.0 156.0 342.0 171.0 334.0 168.0 340.0 153.0 Van 1
358.0 158.0 354.0 173.0 345.0 171.0 350.0 155.0 Van 1
364.0 140.0 360.0 155.0 353.0 153.0 357.0 138.0 Van 1
319.0 127.0 311.0 140.0 305.0 136.0 313.0 123.0 Van 1
296.0 135.0 286.0 148.0 280.0 143.0 290.0 130.0 Van 1
275.0 96.0 262.0 104.0 258.0 99.0 271.0 90.0 Van 1
268.0 89.0 254.0 97.0 251.0 91.0 264.0 83.0 Van 1
254.0 71.0 237.0 78.0 234.0 72.0 252.0 65.0 Van 1
227.0 69.0 210.0 75.0 208.0 68.0 224.0 62.0 Van 1
167.0 73.0 149.0 79.0 147.0 73.0 165.0 68.0 Van 1
171.0 83.0 155.0 88.0 153.0 81.0 169.0 76.0 Van 1
178.0 99.0 163.0 105.0 160.0 98.0 176.0 92.0 Van 1
294.0 32.0 277.0 37.0 275.0 29.0 292.0 24.0 Van 1
305.0 49.0 288.0 56.0 285.0 49.0 303.0 42.0 Van 1
318.0 66.0 303.0 76.0 298.0 70.0 313.0 59.0 Van 1
326.0 72.0 312.0 84.0 306.0 77.0 320.0 65.0 Van 1
308.0 59.0 294.0 66.0 290.0 59.0 305.0 52.0 Van 1
658.0 723.0 636.0 724.0 636.0 717.0 658.0 717.0 Van 1
338.0 524.0 335.0 529.0 321.0 522.0 324.0 516.0 Van 1
994.0 521.0 988.0 517.0 997.0 502.0 1004.0 507.0 Van 1
966.0 418.0 958.0 431.0 951.0 427.0 959.0 414.0 Van 1
919.0 357.0 915.0 373.0 908.0 372.0 911.0 355.0 Van 1
927.0 359.0 925.0 375.0 917.0 374.0 920.0 357.0 Van 1
585.0 401.0 582.0 408.0 562.0 400.0 565.0 393.0 Van 1
604.0 380.0 601.0 386.0 583.0 378.0 586.0 372.0 Van 1
