658.0 488.0 638.0 487.0 638.0 480.0 658.0 480.0 Van 1
661.0 488.0 660.0 497.0 639.0 496.0 639.0 488.0 Van 1
662.0 516.0 640.0 516.0 640.0 507.0 662.0 508.0 Van 1
667.0 527.0 641.0 528.0 641.0 520.0 667.0 519.0 Van 1
664.0 551.0 641.0 551.0 641.0 542.0 664.0 541.0 Van 1
666.0 580.0 643.0 581.0 643.0 572.0 666.0 571.0 Van 1
667.0 591.0 640.0 591.0 640.0 583.0 667.0 583.0 Van 1
433.0 260.0 425.0 261.0 424.0 243.0 433.0 243.0 Van 1
48.0 375.0 25.0 375.0 25.0 365.0 48.0 365.0 Van 1
46.0 403.0 27.0 403.0 27.0 393.0 46.0 394.0 Van 1
