449.0 568.0 443.0 572.0 434.0 557.0 441.0 553.0 Van 1
401.0 543.0 383.0 549.0 381.0 542.0 398.0 536.0 Van 1
329.0 404.0 312.0 409.0 311.0 404.0 327.0 398.0 Van 1
35.0 466.0 17.0 473.0 15.0 466.0 32.0 459.0 Van 1
591.0 133.0 585.0 137.0 578.0 124.0 584.0 121.0 Van 1
339.0 186.0 334.0 189.0 329.0 178.0 334.0 176.0 Van 1
318.0 165.0 314.0 171.0 302.0 163.0 306.0 157.0 Van 1
276.0 165.0 270.0 167.0 264.0 153.0 269.0 150.0 Van 1
160.0 580.0 152.0 584.0 145.0 568.0 152.0 564.0 Van 1
147.0 560.0 141.0 563.0 132.0 547.0 140.0 544.0 Van 1
