776.0 286.0 770.0 291.0 759.0 276.0 765.0 271.0 Van 1
762.0 286.0 756.0 290.0 745.0 275.0 750.0 271.0 Van 1
747.0 285.0 740.0 289.0 733.0 275.0 740.0 272.0 Van 1
704.0 291.0 696.0 295.0 687.0 280.0 695.0 275.0 Van 1
495.0 494.0 488.0 494.0 487.0 477.0 494.0 477.0 Van 1
494.0 538.0 486.0 538.0 486.0 522.0 494.0 522.0 Van 1
462.0 559.0 447.0 560.0 447.0 553.0 461.0 552.0 Van 1
10.0 247.0 2.0 248.0 2.0 230.0 9.0 230.0 Van 1
26.0 228.0 17.0 228.0 16.0 208.0 25.0 208.0 Van 1
60.0 210.0 51.0 210.0 52.0 195.0 60.0 195.0 Van 1
172.0 351.0 166.0 351.0 165.0 338.0 171.0 337.0 Van 1
230.0 547.0 212.0 548.0 212.0 542.0 230.0 542.0 Van 1
259.0 582.0 258.0 600.0 249.0 600.0 250.0 581.0 Van 1
