528.0 671.0 507.0 671.0 507.0 664.0 528.0 664.0 Van 1
287.0 406.0 272.0 410.0 266.0 383.0 281.0 380.0 Van 1
390.0 19.0 382.0 19.0 383.0 5.0 390.0 5.0 Van 1
390.0 36.0 382.0 36.0 382.0 22.0 390.0 22.0 Van 1
401.0 40.0 393.0 40.0 393.0 22.0 401.0 22.0 Van 1
516.0 305.0 497.0 305.0 497.0 297.0 516.0 297.0 Van 1
517.0 514.0 509.0 514.0 509.0 498.0 517.0 498.0 Van 1
506.0 514.0 498.0 514.0 498.0 496.0 506.0 497.0 Van 1
483.0 513.0 476.0 513.0 476.0 496.0 483.0 496.0 Van 1
336.0 361.0 317.0 362.0 317.0 355.0 335.0 354.0 Van 1
315.0 354.0 314.0 363.0 286.0 362.0 287.0 353.0 Van 1
63.0 305.0 40.0 305.0 40.0 296.0 63.0 297.0 Van 1
51.0 477.0 32.0 477.0 32.0 469.0 50.0 468.0 Van 1
55.0 532.0 36.0 533.0 36.0 525.0 55.0 524.0 Van 1
55.0 551.0 35.0 551.0 35.0 544.0 55.0 544.0 Van 1
53.0 570.0 31.0 570.0 31.0 563.0 53.0 562.0 Van 1
52.0 562.0 30.0 561.0 30.0 552.0 52.0 553.0 Van 1
103.0 571.0 83.0 571.0 83.0 564.0 103.0 564.0 Van 1
23.0 786.0 0.0 785.0 0.0 778.0 23.0 779.0 Van 1
73.0 766.0 65.0 766.0 65.0 751.0 72.0 751.0 Van 1
340.0 797.0 313.0 797.0 312.0 787.0 340.0 786.0 Van 1
136.0 372.0 135.0 389.0 127.0 388.0 128.0 371.0 Van 1
549.0 219.0 542.0 223.0 534.0 209.0 541.0 205.0 Van 1
579.0 156.0 570.0 155.0 571.0 139.0 579.0 140.0 Van 1
