291.0 27.0 285.0 42.0 276.0 39.0 283.0 24.0 Van 1
408.0 22.0 399.0 30.0 395.0 25.0 404.0 17.0 Van 1
438.0 96.0 426.0 107.0 420.0 100.0 433.0 90.0 Van 1
402.0 154.0 388.0 168.0 382.0 163.0 396.0 149.0 Van 1
319.0 165.0 317.0 173.0 294.0 166.0 296.0 158.0 Van 1
301.0 198.0 299.0 205.0 281.0 198.0 283.0 192.0 Van 1
249.0 192.0 241.0 208.0 233.0 204.0 241.0 188.0 Van 1
230.0 184.0 222.0 201.0 213.0 196.0 221.0 180.0 Van 1
142.0 20.0 134.0 37.0 125.0 33.0 133.0 15.0 Van 1
109.0 16.0 100.0 30.0 94.0 25.0 102.0 12.0 Van 1
119.0 35.0 114.0 51.0 106.0 49.0 111.0 32.0 Van 1
100.0 76.0 94.0 92.0 85.0 89.0 92.0 73.0 Van 1
79.0 135.0 71.0 150.0 62.0 146.0 70.0 131.0 Van 1
57.0 126.0 51.0 144.0 43.0 141.0 49.0 123.0 Van 1
189.0 756.0 177.0 767.0 172.0 761.0 184.0 750.0 Van 1
200.0 763.0 184.0 777.0 179.0 770.0 195.0 757.0 Van 1
413.0 524.0 394.0 526.0 393.0 520.0 412.0 518.0 Van 1
428.0 29.0 415.0 41.0 409.0 34.0 423.0 23.0 Van 1
