861.0 475.0 853.0 475.0 853.0 462.0 860.0 462.0 Van 1
992.0 471.0 985.0 471.0 985.0 456.0 992.0 456.0 Van 1
983.0 458.0 982.0 472.0 974.0 471.0 975.0 457.0 Van 1
968.0 471.0 960.0 471.0 960.0 455.0 967.0 455.0 Van 1
919.0 76.0 911.0 78.0 909.0 64.0 916.0 63.0 Van 1
938.0 77.0 931.0 77.0 931.0 65.0 938.0 65.0 Van 1
956.0 129.0 947.0 129.0 947.0 115.0 955.0 114.0 Van 1
86.0 625.0 64.0 625.0 64.0 619.0 86.0 619.0 Van 1
109.0 625.0 91.0 626.0 91.0 620.0 109.0 620.0 Van 1
308.0 594.0 307.0 600.0 285.0 599.0 286.0 593.0 Van 1
331.0 601.0 312.0 600.0 312.0 594.0 331.0 594.0 Van 1
357.0 600.0 335.0 601.0 335.0 595.0 357.0 594.0 Van 1
314.0 631.0 296.0 630.0 296.0 625.0 314.0 625.0 Van 1
475.0 635.0 456.0 634.0 456.0 627.0 475.0 628.0 Van 1
841.0 642.0 821.0 642.0 821.0 636.0 841.0 636.0 Van 1
862.0 641.0 845.0 641.0 845.0 636.0 862.0 636.0 Van 1
890.0 642.0 871.0 641.0 871.0 635.0 890.0 636.0 Van 1
820.0 945.0 819.0 962.0 809.0 962.0 810.0 944.0 Van 1
848.0 695.0 840.0 695.0 840.0 679.0 848.0 679.0 Van 1
824.0 704.0 815.0 705.0 813.0 685.0 822.0 685.0 Van 1
819.0 662.0 818.0 681.0 809.0 681.0 810.0 661.0 Van 1
455.0 922.0 430.0 920.0 431.0 914.0 455.0 915.0 Van 1
438.0 727.0 431.0 727.0 430.0 712.0 438.0 712.0 Van 1
358.0 736.0 351.0 736.0 352.0 724.0 358.0 724.0 Van 1
303.0 733.0 293.0 734.0 293.0 719.0 303.0 719.0 Van 1
324.0 696.0 316.0 696.0 316.0 681.0 324.0 680.0 Van 1
244.0 687.0 236.0 687.0 236.0 674.0 244.0 674.0 Van 1
210.0 686.0 202.0 686.0 201.0 672.0 210.0 672.0 Van 1
187.0 685.0 180.0 685.0 180.0 671.0 187.0 671.0 Van 1
161.0 684.0 154.0 684.0 155.0 671.0 161.0 671.0 Van 1
115.0 704.0 114.0 717.0 107.0 717.0 108.0 704.0 Van 1
51.0 702.0 49.0 716.0 42.0 715.0 43.0 701.0 Van 1
166.0 424.0 157.0 425.0 156.0 415.0 165.0 414.0 Van 1
163.0 365.0 162.0 384.0 153.0 384.0 154.0 364.0 Van 1
278.0 601.0 264.0 599.0 265.0 592.0 278.0 594.0 Van 1
475.0 604.0 460.0 604.0 460.0 598.0 475.0 598.0 Van 1
396.0 723.0 386.0 724.0 385.0 708.0 395.0 708.0 Van 1
348.0 734.0 339.0 735.0 338.0 721.0 347.0 720.0 Van 1
74.0 701.0 73.0 716.0 62.0 716.0 62.0 701.0 Van 1
824.0 78.0 813.0 79.0 812.0 64.0 822.0 63.0 Van 1
725.0 411.0 716.0 412.0 713.0 395.0 723.0 394.0 Van 1
693.0 271.0 673.0 285.0 666.0 275.0 685.0 261.0 Van 1
