427.0 349.0 423.0 356.0 406.0 347.0 410.0 340.0 Van 1
376.0 325.0 373.0 332.0 356.0 324.0 359.0 318.0 Van 1
405.0 382.0 401.0 389.0 380.0 380.0 383.0 372.0 Van 1
397.0 388.0 394.0 396.0 375.0 387.0 378.0 380.0 Van 1
281.0 524.0 278.0 530.0 260.0 522.0 263.0 516.0 Van 1
195.0 487.0 192.0 494.0 175.0 486.0 178.0 479.0 Van 1
165.0 473.0 162.0 481.0 144.0 472.0 147.0 465.0 Van 1
138.0 462.0 136.0 468.0 120.0 462.0 122.0 455.0 Van 1
80.0 436.0 77.0 442.0 62.0 435.0 65.0 429.0 Van 1
725.0 0.0 717.0 15.0 709.0 10.0 715.0 0.0 Van 1
687.0 33.0 678.0 49.0 670.0 45.0 680.0 29.0 Van 1
