301.0 44.0 284.0 44.0 284.0 38.0 301.0 38.0 Van 1
329.0 65.0 323.0 65.0 321.0 52.0 327.0 51.0 Van 1
405.0 106.0 385.0 106.0 385.0 101.0 405.0 101.0 Van 1
311.0 139.0 291.0 140.0 291.0 133.0 311.0 133.0 Van 1
244.0 182.0 231.0 183.0 231.0 177.0 244.0 177.0 Van 1
275.0 241.0 254.0 241.0 254.0 235.0 275.0 234.0 Van 1
249.0 260.0 235.0 260.0 235.0 253.0 249.0 253.0 Van 1
247.0 250.0 235.0 250.0 235.0 245.0 247.0 245.0 Van 1
178.0 128.0 163.0 128.0 163.0 122.0 178.0 122.0 Van 1
181.0 136.0 164.0 137.0 164.0 131.0 181.0 130.0 Van 1
182.0 178.0 167.0 178.0 167.0 172.0 182.0 172.0 Van 1
248.0 175.0 232.0 175.0 232.0 169.0 248.0 169.0 Van 1
204.0 135.0 189.0 135.0 189.0 129.0 204.0 129.0 Van 1
205.0 169.0 188.0 169.0 188.0 163.0 205.0 163.0 Van 1
208.0 177.0 189.0 177.0 189.0 171.0 208.0 171.0 Van 1
208.0 202.0 191.0 202.0 191.0 197.0 208.0 197.0 Van 1
141.0 206.0 125.0 206.0 125.0 200.0 141.0 200.0 Van 1
141.0 181.0 122.0 181.0 122.0 175.0 141.0 174.0 Van 1
80.0 201.0 60.0 201.0 60.0 196.0 80.0 195.0 Van 1
74.0 185.0 59.0 185.0 59.0 179.0 74.0 179.0 Van 1
140.0 164.0 126.0 164.0 126.0 158.0 140.0 158.0 Van 1
142.0 155.0 122.0 155.0 122.0 149.0 142.0 149.0 Van 1
76.0 160.0 57.0 160.0 57.0 153.0 76.0 153.0 Van 1
73.0 150.0 58.0 150.0 58.0 145.0 73.0 145.0 Van 1
18.0 274.0 0.0 274.0 0.0 268.0 18.0 268.0 Van 1
405.0 316.0 397.0 316.0 397.0 300.0 404.0 299.0 Van 1
406.0 336.0 398.0 336.0 398.0 319.0 406.0 319.0 Van 1
588.0 1000.0 580.0 1000.0 580.0 990.0 588.0 990.0 Van 1
581.0 930.0 573.0 930.0 573.0 914.0 581.0 913.0 Van 1
492.0 385.0 486.0 385.0 485.0 374.0 492.0 373.0 Van 1
724.0 374.0 707.0 375.0 707.0 367.0 724.0 367.0 Van 1
