1154.0 1392.0 1144.0 1421.0 1164.0 1428.0 1174.0 1400.0 other-ship 1
1356.0 1394.0 1404.0 1382.0 1402.0 1371.0 1353.0 1383.0 other-ship 1
1328.0 1413.0 1412.0 1398.0 1409.0 1384.0 1326.0 1399.0 other-ship 1
1339.0 1433.0 1407.0 1425.0 1405.0 1413.0 1337.0 1421.0 other-ship 1
1154.0 1392.0 1144.0 1421.0 1164.0 1428.0 1174.0 1400.0 other-ship 1
1356.0 1394.0 1404.0 1382.0 1402.0 1371.0 1353.0 1383.0 other-ship 1
1328.0 1413.0 1412.0 1398.0 1409.0 1384.0 1326.0 1399.0 other-ship 1
1339.0 1433.0 1407.0 1425.0 1405.0 1413.0 1337.0 1421.0 other-ship 1
1154.0 1392.0 1144.0 1421.0 1164.0 1428.0 1174.0 1400.0 other-ship 1
1356.0 1394.0 1404.0 1382.0 1402.0 1371.0 1353.0 1383.0 other-ship 1
1328.0 1413.0 1412.0 1398.0 1409.0 1384.0 1326.0 1399.0 other-ship 1
1339.0 1433.0 1407.0 1425.0 1405.0 1413.0 1337.0 1421.0 other-ship 1
