289.0 930.0 231.0 932.0 231.0 942.0 289.0 941.0 other-ship 1
358.0 969.0 302.0 971.0 302.0 982.0 359.0 980.0 other-ship 1
358.0 959.0 299.0 960.0 299.0 970.0 358.0 968.0 other-ship 1
420.0 928.0 364.0 929.0 364.0 938.0 420.0 937.0 other-ship 1
354.0 929.0 298.0 930.0 298.0 940.0 354.0 939.0 other-ship 1
419.0 918.0 363.0 919.0 363.0 928.0 419.0 926.0 other-ship 1
301.0 758.0 223.0 760.0 224.0 773.0 301.0 771.0 other-ship 1
327.0 1161.0 239.0 1163.0 240.0 1177.0 327.0 1175.0 other-ship 1
372.0 1161.0 335.0 1162.0 336.0 1170.0 372.0 1169.0 other-ship 1
410.0 1162.0 373.0 1163.0 373.0 1172.0 411.0 1171.0 other-ship 1
