549.0 20.0 532.0 28.0 528.0 21.0 546.0 13.0 Small_Car Vehicle 1
635.0 34.0 634.0 54.0 623.0 53.0 625.0 33.0 Small_Car Vehicle 1
99.0 513.0 94.0 520.0 76.0 510.0 80.0 502.0 Dump_Truck Vehicle 1
97.0 608.0 83.0 615.0 79.0 609.0 94.0 601.0 Van Vehicle 1
161.0 637.0 153.0 638.0 153.0 624.0 161.0 623.0 Small_Car Vehicle 1
81.0 768.0 79.0 777.0 58.0 774.0 59.0 765.0 Small_Car Vehicle 1
153.0 848.0 152.0 854.0 139.0 854.0 139.0 847.0 Van Vehicle 1
401.0 801.0 400.0 809.0 376.0 807.0 377.0 798.0 Dump_Truck Vehicle 1
420.0 794.0 419.0 802.0 397.0 799.0 398.0 792.0 Small_Car Vehicle 1
388.0 766.0 387.0 775.0 367.0 771.0 368.0 762.0 Small_Car Vehicle 1
442.0 801.0 425.0 801.0 425.0 794.0 442.0 794.0 Van Vehicle 1
538.0 717.0 535.0 735.0 525.0 733.0 528.0 716.0 Small_Car Vehicle 1
449.0 500.0 432.0 499.0 432.0 492.0 449.0 493.0 Small_Car Vehicle 1
557.0 448.0 549.0 448.0 549.0 432.0 557.0 431.0 Van Vehicle 1
545.0 391.0 544.0 407.0 536.0 406.0 537.0 390.0 Small_Car Vehicle 1
694.0 720.0 692.0 735.0 685.0 734.0 687.0 719.0 Small_Car Vehicle 1
705.0 722.0 704.0 738.0 694.0 737.0 696.0 721.0 Van Vehicle 1
690.0 765.0 676.0 765.0 676.0 758.0 690.0 758.0 Van Vehicle 1
967.0 865.0 966.0 888.0 956.0 887.0 957.0 864.0 Dump_Truck Vehicle 1
470.0 209.0 462.0 290.0 413.0 288.0 420.0 206.0 Tennis_Court Court 1
537.0 213.0 529.0 294.0 480.0 292.0 488.0 211.0 Tennis_Court Court 1
454.0 331.0 444.0 413.0 394.0 410.0 403.0 329.0 Tennis_Court Court 1
519.0 337.0 511.0 417.0 461.0 414.0 471.0 333.0 Tennis_Court Court 1
347.0 241.0 334.0 367.0 170.0 350.0 182.0 224.0 Baseball_Field Court 1
