157.0 592.0 156.0 672.0 111.0 672.0 111.0 591.0 Tennis_Court Court 1
96.0 672.0 50.0 672.0 49.0 591.0 96.0 590.0 Tennis_Court Court 1
491.0 84.0 475.0 96.0 470.0 89.0 485.0 77.0 Small_Car Vehicle 1
477.0 69.0 460.0 81.0 456.0 74.0 473.0 63.0 Small_Car Vehicle 1
35.0 672.0 0.0 672.0 0.0 591.0 35.0 591.0 Tennis_Court Court 1
281.0 800.0 234.0 800.0 234.0 753.0 281.0 753.0 Tennis_Court Court 1
456.0 74.0 437.0 86.0 432.0 78.0 451.0 66.0 Dump_Truck Vehicle 1
211.0 661.0 189.0 661.0 189.0 653.0 211.0 653.0 Dump_Truck Vehicle 1
210.0 669.0 189.0 670.0 189.0 662.0 210.0 662.0 Small_Car Vehicle 1
350.0 174.0 331.0 183.0 327.0 176.0 347.0 167.0 Van Vehicle 1
