93.0 551.0 81.0 560.0 77.0 555.0 89.0 546.0 Van Vehicle 1
91.0 600.0 85.0 605.0 74.0 593.0 80.0 587.0 Small_Car Vehicle 1
600.0 794.0 593.0 794.0 593.0 775.0 600.0 775.0 Dump_Truck Vehicle 1
564.0 753.0 548.0 755.0 547.0 748.0 563.0 746.0 Small_Car Vehicle 1
600.0 751.0 593.0 751.0 594.0 734.0 600.0 734.0 Small_Car Vehicle 1
527.0 765.0 510.0 766.0 509.0 759.0 527.0 759.0 Van Vehicle 1
539.0 743.0 519.0 746.0 518.0 741.0 538.0 738.0 Small_Car Vehicle 1
539.0 735.0 518.0 735.0 518.0 728.0 539.0 728.0 Van Vehicle 1
169.0 792.0 160.0 793.0 159.0 776.0 167.0 776.0 Small_Car Vehicle 1
218.0 745.0 217.0 764.0 209.0 764.0 209.0 745.0 Dump_Truck Vehicle 1
283.0 757.0 282.0 764.0 258.0 764.0 258.0 756.0 Van Vehicle 1
281.0 774.0 261.0 774.0 261.0 768.0 281.0 768.0 Van Vehicle 1
309.0 733.0 303.0 734.0 303.0 719.0 309.0 719.0 Van Vehicle 1
324.0 736.0 318.0 736.0 318.0 724.0 324.0 724.0 Van Vehicle 1
334.0 747.0 325.0 747.0 325.0 731.0 333.0 731.0 Van Vehicle 1
343.0 749.0 334.0 749.0 334.0 729.0 342.0 729.0 Dump_Truck Vehicle 1
376.0 741.0 348.0 740.0 349.0 731.0 376.0 733.0 Dump_Truck Vehicle 1
376.0 717.0 375.0 724.0 355.0 723.0 356.0 717.0 Dump_Truck Vehicle 1
375.0 750.0 353.0 749.0 353.0 743.0 375.0 743.0 Dump_Truck Vehicle 1
277.0 676.0 260.0 676.0 260.0 670.0 277.0 670.0 Small_Car Vehicle 1
240.0 664.0 229.0 664.0 230.0 644.0 240.0 644.0 Dump_Truck Vehicle 1
239.0 596.0 232.0 596.0 232.0 580.0 239.0 580.0 Small_Car Vehicle 1
273.0 564.0 272.0 580.0 264.0 579.0 264.0 563.0 Small_Car Vehicle 1
292.0 565.0 291.0 582.0 283.0 581.0 285.0 564.0 Small_Car Vehicle 1
302.0 583.0 294.0 582.0 295.0 565.0 302.0 565.0 Small_Car Vehicle 1
313.0 581.0 305.0 580.0 305.0 566.0 313.0 566.0 Small_Car Vehicle 1
390.0 572.0 367.0 573.0 367.0 566.0 390.0 565.0 Small_Car Vehicle 1
388.0 557.0 387.0 563.0 366.0 563.0 366.0 557.0 Dump_Truck Vehicle 1
388.0 553.0 366.0 553.0 366.0 547.0 388.0 547.0 Small_Car Vehicle 1
388.0 544.0 368.0 544.0 368.0 537.0 388.0 537.0 Small_Car Vehicle 1
387.0 534.0 370.0 534.0 370.0 528.0 387.0 527.0 Van Vehicle 1
387.0 524.0 369.0 524.0 368.0 518.0 386.0 518.0 Small_Car Vehicle 1
387.0 512.0 372.0 513.0 371.0 507.0 387.0 507.0 Small_Car Vehicle 1
390.0 503.0 369.0 504.0 369.0 497.0 389.0 497.0 Small_Car Vehicle 1
338.0 538.0 319.0 538.0 319.0 532.0 338.0 532.0 Small_Car Vehicle 1
316.0 539.0 292.0 539.0 292.0 532.0 316.0 532.0 Van Vehicle 1
340.0 528.0 319.0 528.0 319.0 522.0 339.0 522.0 Van Vehicle 1
338.0 518.0 318.0 519.0 318.0 513.0 338.0 512.0 Small_Car Vehicle 1
315.0 520.0 294.0 520.0 294.0 513.0 315.0 513.0 Small_Car Vehicle 1
340.0 509.0 318.0 508.0 318.0 502.0 340.0 502.0 Dump_Truck Vehicle 1
317.0 507.0 295.0 507.0 295.0 500.0 317.0 500.0 Small_Car Vehicle 1
339.0 498.0 319.0 498.0 319.0 491.0 339.0 491.0 Small_Car Vehicle 1
316.0 496.0 298.0 496.0 298.0 491.0 316.0 491.0 Small_Car Vehicle 1
340.0 486.0 319.0 486.0 319.0 480.0 340.0 480.0 Van Vehicle 1
316.0 487.0 293.0 487.0 293.0 480.0 316.0 480.0 Dump_Truck Vehicle 1
268.0 522.0 259.0 522.0 259.0 507.0 268.0 507.0 Van Vehicle 1
268.0 501.0 259.0 501.0 259.0 486.0 268.0 486.0 Van Vehicle 1
388.0 475.0 370.0 475.0 370.0 468.0 388.0 468.0 Van Vehicle 1
386.0 464.0 368.0 464.0 367.0 458.0 386.0 458.0 Van Vehicle 1
340.0 456.0 332.0 456.0 332.0 437.0 340.0 437.0 Dump_Truck Vehicle 1
307.0 456.0 298.0 455.0 298.0 437.0 307.0 437.0 Small_Car Vehicle 1
292.0 453.0 284.0 453.0 284.0 437.0 291.0 437.0 Van Vehicle 1
280.0 437.0 279.0 454.0 270.0 454.0 270.0 436.0 Dump_Truck Vehicle 1
241.0 447.0 234.0 447.0 234.0 434.0 241.0 434.0 Van Vehicle 1
283.0 418.0 265.0 418.0 265.0 413.0 283.0 412.0 Small_Car Vehicle 1
343.0 424.0 342.0 431.0 322.0 430.0 322.0 423.0 Small_Car Vehicle 1
293.0 433.0 286.0 433.0 286.0 422.0 293.0 422.0 Small_Car Vehicle 1
546.0 533.0 524.0 532.0 525.0 525.0 546.0 526.0 Van Vehicle 1
552.0 522.0 527.0 521.0 527.0 515.0 552.0 516.0 Small_Car Vehicle 1
565.0 478.0 548.0 478.0 548.0 471.0 565.0 472.0 Small_Car Vehicle 1
436.0 444.0 400.0 446.0 399.0 434.0 436.0 433.0 Van Vehicle 1
584.0 356.0 561.0 356.0 561.0 348.0 584.0 348.0 Van Vehicle 1
581.0 346.0 561.0 345.0 561.0 339.0 581.0 339.0 Small_Car Vehicle 1
281.0 363.0 262.0 364.0 262.0 357.0 281.0 357.0 Small_Car Vehicle 1
281.0 353.0 264.0 353.0 264.0 347.0 281.0 347.0 Small_Car Vehicle 1
282.0 343.0 264.0 343.0 264.0 337.0 282.0 337.0 Small_Car Vehicle 1
242.0 310.0 235.0 310.0 235.0 296.0 242.0 296.0 Small_Car Vehicle 1
318.0 242.0 299.0 243.0 299.0 238.0 318.0 237.0 Van Vehicle 1
242.0 216.0 236.0 216.0 236.0 203.0 242.0 203.0 Van Vehicle 1
581.0 230.0 558.0 230.0 558.0 222.0 581.0 222.0 Van Vehicle 1
528.0 246.0 508.0 246.0 508.0 240.0 528.0 240.0 Small_Car Vehicle 1
587.0 151.0 563.0 152.0 563.0 146.0 587.0 144.0 Small_Car Vehicle 1
570.0 131.0 554.0 131.0 554.0 126.0 570.0 126.0 Van Vehicle 1
548.0 133.0 526.0 132.0 526.0 124.0 548.0 125.0 Dump_Truck Vehicle 1
172.0 260.0 165.0 260.0 165.0 244.0 172.0 244.0 Small_Car Vehicle 1
177.0 221.0 176.0 238.0 166.0 238.0 166.0 221.0 Small_Car Vehicle 1
174.0 199.0 173.0 215.0 166.0 215.0 166.0 199.0 Small_Car Vehicle 1
244.0 145.0 243.0 162.0 235.0 162.0 236.0 145.0 Small_Car Vehicle 1
175.0 149.0 166.0 149.0 166.0 133.0 174.0 133.0 Van Vehicle 1
242.0 109.0 241.0 124.0 235.0 124.0 235.0 109.0 Small_Car Vehicle 1
243.0 98.0 235.0 99.0 235.0 81.0 243.0 81.0 Dump_Truck Vehicle 1
177.0 75.0 176.0 94.0 167.0 94.0 168.0 74.0 Small_Car Vehicle 1
280.0 28.0 260.0 29.0 260.0 22.0 280.0 21.0 Small_Car Vehicle 1
312.0 39.0 287.0 38.0 287.0 30.0 312.0 31.0 Van Vehicle 1
313.0 27.0 287.0 28.0 287.0 21.0 313.0 20.0 Dump_Truck Vehicle 1
328.0 54.0 305.0 54.0 305.0 48.0 328.0 48.0 Small_Car Vehicle 1
353.0 53.0 338.0 52.0 339.0 47.0 353.0 47.0 Van Vehicle 1
576.0 25.0 559.0 25.0 558.0 19.0 576.0 18.0 Van Vehicle 1
584.0 11.0 564.0 12.0 564.0 5.0 584.0 4.0 Small_Car Vehicle 1
561.0 6.0 560.0 12.0 541.0 8.0 543.0 1.0 Van Vehicle 1
