5.0 360.0 51.0 322.0 19.0 284.0 -26.0 321.0 A220 Airplane 1
440.0 403.0 405.0 360.0 365.0 392.0 401.0 436.0 Boeing737 Airplane 1
382.0 446.0 348.0 403.0 309.0 432.0 344.0 477.0 Boeing737 Airplane 1
330.0 488.0 294.0 445.0 257.0 477.0 290.0 520.0 Boeing737 Airplane 1
276.0 531.0 240.0 487.0 205.0 515.0 240.0 561.0 Boeing737 Airplane 1
134.0 423.0 105.0 387.0 73.0 412.0 103.0 448.0 other-airplane Airplane 1
92.0 454.0 61.0 418.0 25.0 447.0 55.0 485.0 other-airplane Airplane 1
505.0 98.0 476.0 62.0 438.0 92.0 467.0 129.0 other-airplane Airplane 1
684.0 207.0 651.0 167.0 611.0 197.0 644.0 238.0 Boeing737 Airplane 1
763.0 151.0 711.0 87.0 648.0 137.0 700.0 202.0 Boeing787 Airplane 1
800.0 115.0 769.0 79.0 736.0 106.0 765.0 143.0 A220 Airplane 1
923.0 22.0 871.0 -42.0 809.0 7.0 861.0 72.0 Boeing787 Airplane 1
891.0 963.0 866.0 920.0 911.0 894.0 936.0 937.0 Intersection Road 1
