687.0 235.0 666.0 265.0 636.0 244.0 657.0 214.0 other-airplane Airplane 1
688.0 291.000031 660.58728 271.582672 677.58728 247.582672 705.0 267.000031 other-airplane Airplane 1
635.0 285.0 562.0 291.0 555.0 216.0 629.0 210.0 Boeing747 Airplane 1
651.0 212.0 606.0 215.0 603.0 171.0 649.0 168.0 other-airplane Airplane 1
523.0 260.0 506.0 271.0 494.0 253.0 512.0 242.0 other-airplane Airplane 1
589.0 274.0 576.0 296.0 554.0 282.0 567.0 261.0 other-airplane Airplane 1
536.0 282.0 500.0 312.0 471.0 277.0 508.0 247.0 Boeing737 Airplane 1
536.0 287.0 519.0 296.0 509.0 277.0 526.0 268.0 other-airplane Airplane 1
447.0 169.0 417.0 193.0 391.0 162.0 420.0 137.0 other-airplane Airplane 1
449.0 155.0 405.0 159.0 400.0 115.0 445.0 111.0 other-airplane Airplane 1
504.0 162.0 453.0 166.0 448.0 107.0 500.0 103.0 other-airplane Airplane 1
525.0 155.0 495.0 160.0 489.0 127.0 519.0 122.0 other-airplane Airplane 1
560.0 157.0 545.0 166.0 536.0 150.0 550.0 141.0 other-airplane Airplane 1
567.0 157.0 505.0 160.0 503.0 100.0 564.0 97.0 other-airplane Airplane 1
