919.0 686.0 902.0 685.0 902.0 679.0 919.0 679.0 Van Vehicle 1
23.0 260.0 2.0 265.0 0.0 258.0 21.0 253.0 Small_Car Vehicle 1
26.0 335.0 11.0 340.0 9.0 333.0 24.0 329.0 Van Vehicle 1
16.0 349.0 0.0 355.0 -1.0 349.0 13.0 343.0 Van Vehicle 1
25.0 365.0 6.0 374.0 3.0 367.0 22.0 358.0 Small_Car Vehicle 1
38.0 379.0 21.0 387.0 18.0 380.0 35.0 372.0 Van Vehicle 1
45.0 386.0 27.0 394.0 24.0 387.0 42.0 379.0 Van Vehicle 1
59.0 374.0 39.0 380.0 37.0 372.0 57.0 366.0 Van Vehicle 1
67.0 382.0 47.0 389.0 44.0 381.0 64.0 373.0 Van Vehicle 1
75.0 391.0 57.0 400.0 54.0 393.0 72.0 384.0 Van Vehicle 1
49.0 394.0 31.0 402.0 27.0 395.0 46.0 386.0 Van Vehicle 1
56.0 402.0 40.0 409.0 37.0 403.0 53.0 395.0 Van Vehicle 1
82.0 400.0 64.0 406.0 62.0 400.0 80.0 394.0 Van Vehicle 1
64.0 407.0 44.0 416.0 41.0 410.0 61.0 401.0 Van Vehicle 1
72.0 415.0 54.0 422.0 51.0 416.0 70.0 408.0 Van Vehicle 1
76.0 422.0 58.0 430.0 55.0 423.0 74.0 416.0 Van Vehicle 1
98.0 412.0 79.0 422.0 76.0 416.0 94.0 405.0 Small_Car Vehicle 1
88.0 430.0 67.0 438.0 64.0 430.0 85.0 422.0 Van Vehicle 1
104.0 421.0 88.0 428.0 85.0 420.0 101.0 413.0 Van Vehicle 1
112.0 428.0 95.0 436.0 92.0 429.0 109.0 421.0 Small_Car Vehicle 1
94.0 436.0 73.0 445.0 70.0 438.0 92.0 429.0 Small_Car Vehicle 1
1.0 439.0 -1.0 428.0 23.0 420.0 26.0 431.0 Van Vehicle 1
433.0 933.0 428.0 937.0 418.0 926.0 423.0 922.0 Van Vehicle 1
65.0 809.0 59.0 814.0 48.0 801.0 54.0 796.0 Van Vehicle 1
101.0 924.0 91.0 933.0 61.0 898.0 71.0 889.0 Bus Vehicle 1
144.0 900.0 136.0 905.0 125.0 890.0 132.0 885.0 Van Vehicle 1
311.0 422.0 290.0 432.0 286.0 424.0 308.0 414.0 Small_Car Vehicle 1
942.0 939.0 936.0 943.0 927.0 930.0 932.0 926.0 Dump_Truck Vehicle 1
912.0 966.0 904.0 971.0 895.0 957.0 903.0 951.0 Van Vehicle 1
929.0 985.0 921.0 990.0 910.0 974.0 918.0 969.0 Van Vehicle 1
986.0 992.0 978.0 997.0 969.0 984.0 978.0 979.0 Van Vehicle 1
960.0 724.0 937.0 724.0 937.0 716.0 960.0 716.0 Van Vehicle 1
892.0 677.0 878.0 677.0 878.0 671.0 892.0 672.0 Van Vehicle 1
932.0 774.0 909.0 773.0 909.0 765.0 932.0 766.0 Van Vehicle 1
962.0 780.0 961.0 786.0 936.0 784.0 936.0 778.0 Small_Car Vehicle 1
830.0 289.0 823.0 295.0 812.0 280.0 820.0 274.0 Van Vehicle 1
617.0 138.0 572.0 153.0 537.0 78.0 580.0 65.0 Tennis_Court Court 1
966.0 671.0 942.0 672.0 942.0 664.0 966.0 663.0 Dump_Truck Vehicle 1
940.0 671.0 922.0 671.0 922.0 664.0 940.0 663.0 Dump_Truck Vehicle 1
65.0 321.0 49.0 330.0 45.0 323.0 60.0 313.0 Van Vehicle 1
