992.0 893.0 986.0 874.0 998.0 870.0 1004.0 889.0 Dump_Truck Vehicle 1
785.0 903.0 782.0 911.0 762.0 904.0 764.0 896.0 Small_Car Vehicle 1
755.0 928.0 751.0 950.0 741.0 948.0 745.0 927.0 Dump_Truck Vehicle 1
931.0 648.0 913.0 656.0 909.0 648.0 927.0 640.0 Van Vehicle 1
977.0 250.0 968.0 255.0 957.0 235.0 966.0 230.0 Small_Car Vehicle 1
920.0 243.0 896.0 244.0 896.0 236.0 919.0 235.0 Small_Car Vehicle 1
917.0 256.0 897.0 265.0 893.0 256.0 913.0 247.0 Small_Car Vehicle 1
892.0 242.0 890.0 262.0 879.0 261.0 881.0 241.0 Small_Car Vehicle 1
778.0 731.0 719.0 751.0 712.0 731.0 772.0 711.0 Intersection Road 1
899.0 744.0 892.0 748.0 884.0 735.0 891.0 731.0 Small_Car Vehicle 1
415.0 944.0 398.0 954.0 393.0 946.0 410.0 936.0 Van Vehicle 1
410.0 898.0 400.0 902.0 393.0 884.0 403.0 880.0 Van Vehicle 1
402.0 880.0 391.0 885.0 383.0 866.0 395.0 862.0 Van Vehicle 1
244.0 921.0 233.0 924.0 228.0 904.0 239.0 901.0 Dump_Truck Vehicle 1
277.0 926.0 264.0 930.0 253.0 894.0 266.0 890.0 other-vehicle Vehicle 1
239.0 893.0 217.0 901.0 214.0 892.0 235.0 883.0 Dump_Truck Vehicle 1
131.0 1001.0 129.0 991.0 151.0 987.0 153.0 997.0 Van Vehicle 1
103.0 973.0 93.0 976.0 86.0 958.0 96.0 955.0 Small_Car Vehicle 1
222.0 861.0 199.0 866.0 197.0 857.0 219.0 851.0 Van Vehicle 1
257.0 831.0 250.0 834.0 245.0 820.0 252.0 817.0 Van Vehicle 1
179.0 848.0 170.0 851.0 164.0 836.0 173.0 833.0 Dump_Truck Vehicle 1
80.0 826.0 70.0 827.0 69.0 810.0 79.0 809.0 Van Vehicle 1
100.0 705.0 64.0 719.0 59.0 706.0 95.0 693.0 Cargo_Truck Vehicle 1
37.0 584.0 22.0 589.0 19.0 581.0 34.0 575.0 Van Vehicle 1
40.0 563.0 16.0 570.0 14.0 561.0 38.0 553.0 Dump_Truck Vehicle 1
367.0 495.0 358.0 499.0 352.0 480.0 361.0 477.0 Motorboat Ship 1
293.0 489.0 284.0 493.0 275.0 477.0 284.0 472.0 Van Vehicle 1
407.0 440.0 399.0 445.0 392.0 431.0 400.0 426.0 Van Vehicle 1
525.0 448.0 516.0 452.0 508.0 435.0 517.0 431.0 Dump_Truck Vehicle 1
486.0 419.0 474.0 424.0 471.0 416.0 484.0 412.0 Van Vehicle 1
985.0 210.0 952.0 231.0 926.0 189.0 958.0 168.0 Intersection Road 1
59.0 320.0 50.0 322.0 47.0 305.0 55.0 303.0 Small_Car Vehicle 1
359.0 289.0 337.0 292.0 336.0 284.0 358.0 281.0 Small_Car Vehicle 1
135.0 51.0 114.0 54.0 113.0 47.0 134.0 44.0 Dump_Truck Vehicle 1
136.0 64.0 119.0 66.0 118.0 60.0 135.0 58.0 Small_Car Vehicle 1
88.0 919.0 48.0 929.0 43.0 906.0 83.0 897.0 Intersection Road 1
