168.0 709.0 141.0 709.0 141.0 700.0 168.0 700.0 Cargo_Truck Vehicle 1
164.0 674.0 133.0 675.0 133.0 666.0 164.0 665.0 Small_Car Vehicle 1
335.0 673.0 309.0 675.0 308.0 667.0 334.0 665.0 Van Vehicle 1
442.0 630.0 441.0 645.0 431.0 644.0 432.0 630.0 Small_Car Vehicle 1
441.0 623.0 432.0 623.0 432.0 609.0 441.0 609.0 Small_Car Vehicle 1
417.0 591.0 405.0 591.0 406.0 573.0 417.0 574.0 Small_Car Vehicle 1
442.0 536.0 432.0 536.0 431.0 517.0 441.0 517.0 Dump_Truck Vehicle 1
414.0 535.0 413.0 550.0 405.0 549.0 406.0 535.0 Small_Car Vehicle 1
360.0 567.0 336.0 566.0 337.0 558.0 360.0 559.0 Small_Car Vehicle 1
230.0 462.0 209.0 463.0 209.0 458.0 230.0 457.0 Small_Car Vehicle 1
349.0 458.0 327.0 458.0 327.0 452.0 349.0 452.0 Small_Car Vehicle 1
381.0 410.0 380.0 418.0 361.0 418.0 361.0 410.0 Van Vehicle 1
443.0 390.0 434.0 390.0 433.0 374.0 443.0 374.0 Van Vehicle 1
417.0 390.0 406.0 390.0 407.0 371.0 417.0 371.0 Dump_Truck Vehicle 1
417.0 350.0 408.0 350.0 407.0 332.0 417.0 332.0 Van Vehicle 1
206.0 365.0 201.0 373.0 183.0 361.0 188.0 353.0 Small_Car Vehicle 1
139.0 292.0 118.0 293.0 118.0 285.0 139.0 284.0 Van Vehicle 1
158.0 236.0 157.0 244.0 133.0 244.0 133.0 236.0 Cargo_Truck Vehicle 1
212.0 193.0 190.0 194.0 190.0 187.0 212.0 187.0 Small_Car Vehicle 1
380.0 193.0 360.0 193.0 360.0 185.0 380.0 185.0 Van Vehicle 1
357.0 135.0 342.0 137.0 342.0 131.0 357.0 130.0 Van Vehicle 1
141.0 144.0 107.0 144.0 107.0 131.0 141.0 132.0 Van Vehicle 1
171.0 144.0 144.0 143.0 144.0 134.0 171.0 134.0 Van Vehicle 1
254.0 68.0 245.0 69.0 242.0 50.0 252.0 48.0 Van Vehicle 1
30.0 121.0 20.0 121.0 19.0 106.0 29.0 105.0 Van Vehicle 1
83.0 125.0 71.0 125.0 71.0 101.0 83.0 101.0 Van Vehicle 1
29.0 182.0 19.0 183.0 19.0 161.0 29.0 161.0 Small_Car Vehicle 1
78.0 226.0 69.0 226.0 68.0 208.0 77.0 208.0 Small_Car Vehicle 1
30.0 260.0 28.0 281.0 16.0 280.0 17.0 259.0 Small_Car Vehicle 1
57.0 535.0 46.0 535.0 46.0 517.0 57.0 517.0 Van Vehicle 1
55.0 678.0 47.0 678.0 48.0 663.0 55.0 663.0 Van Vehicle 1
495.0 233.0 471.0 234.0 471.0 227.0 495.0 225.0 other-vehicle Vehicle 1
526.0 234.0 501.0 235.0 501.0 227.0 525.0 226.0 Van Vehicle 1
524.0 358.0 496.0 359.0 496.0 353.0 523.0 352.0 Dump_Truck Vehicle 1
743.0 351.0 742.0 361.0 714.0 359.0 715.0 349.0 Van Vehicle 1
796.0 330.0 787.0 331.0 786.0 314.0 796.0 314.0 Van Vehicle 1
797.0 401.0 787.0 402.0 786.0 383.0 796.0 382.0 Dump_Truck Vehicle 1
824.0 236.0 814.0 236.0 814.0 217.0 824.0 217.0 Small_Car Vehicle 1
761.0 464.0 742.0 464.0 742.0 457.0 761.0 458.0 Van Vehicle 1
796.0 606.0 787.0 608.0 783.0 590.0 792.0 588.0 Small_Car Vehicle 1
987.0 46.0 978.0 47.0 977.0 27.0 987.0 27.0 Small_Car Vehicle 1
889.0 143.0 864.0 146.0 863.0 138.0 888.0 136.0 Van Vehicle 1
876.0 187.0 854.0 190.0 853.0 181.0 875.0 178.0 Van Vehicle 1
880.0 335.0 850.0 334.0 850.0 326.0 880.0 327.0 Van Vehicle 1
953.0 358.0 930.0 359.0 929.0 351.0 953.0 350.0 Van Vehicle 1
897.0 359.0 873.0 359.0 872.0 351.0 896.0 351.0 Van Vehicle 1
978.0 653.0 969.0 653.0 968.0 637.0 977.0 637.0 Van Vehicle 1
909.0 598.0 908.0 605.0 886.0 605.0 886.0 598.0 Van Vehicle 1
875.0 604.0 851.0 604.0 851.0 597.0 875.0 597.0 Small_Car Vehicle 1
872.0 616.0 849.0 617.0 849.0 610.0 872.0 608.0 Small_Car Vehicle 1
22.0 995.0 12.0 996.0 12.0 978.0 22.0 978.0 Small_Car Vehicle 1
71.0 988.0 60.0 988.0 60.0 972.0 71.0 972.0 Van Vehicle 1
73.0 936.0 72.0 952.0 62.0 952.0 63.0 935.0 Van Vehicle 1
74.0 898.0 62.0 899.0 61.0 880.0 73.0 879.0 Small_Car Vehicle 1
76.0 856.0 73.0 875.0 62.0 874.0 64.0 854.0 Small_Car Vehicle 1
21.0 909.0 12.0 910.0 11.0 894.0 20.0 893.0 Van Vehicle 1
115.0 922.0 114.0 931.0 93.0 930.0 93.0 922.0 Van Vehicle 1
113.0 819.0 112.0 829.0 89.0 828.0 89.0 819.0 Small_Car Vehicle 1
164.0 776.0 139.0 779.0 138.0 770.0 163.0 768.0 Van Vehicle 1
129.0 765.0 106.0 766.0 105.0 758.0 128.0 758.0 Small_Car Vehicle 1
270.0 674.0 252.0 674.0 252.0 666.0 270.0 667.0 Van Vehicle 1
716.0 777.0 715.0 858.0 662.0 858.0 664.0 777.0 Tennis_Court Court 1
790.0 779.0 788.0 859.0 735.0 859.0 736.0 778.0 Tennis_Court Court 1
327.0 686.0 314.0 686.0 314.0 681.0 327.0 681.0 Van Vehicle 1
81.0 705.0 15.0 704.0 16.0 666.0 81.0 667.0 Intersection Road 1
