11.0 293.0 3.0 293.0 3.0 276.0 11.0 276.0 Small_Car Vehicle 1
26.0 298.0 17.0 299.0 15.0 279.0 24.0 278.0 other-vehicle Vehicle 1
218.0 339.0 209.0 358.0 201.0 354.0 210.0 335.0 Dump_Truck Vehicle 1
387.0 497.0 372.0 498.0 371.0 491.0 387.0 491.0 Van Vehicle 1
392.0 508.0 373.0 509.0 373.0 502.0 391.0 500.0 Small_Car Vehicle 1
188.0 164.0 187.0 172.0 164.0 167.0 166.0 159.0 Van Vehicle 1
285.0 10.0 278.0 25.0 270.0 21.0 277.0 6.0 Small_Car Vehicle 1
295.0 15.0 287.0 29.0 280.0 25.0 287.0 11.0 Van Vehicle 1
304.0 19.0 297.0 33.0 290.0 30.0 297.0 15.0 Small_Car Vehicle 1
327.0 24.0 321.0 40.0 313.0 37.0 319.0 21.0 Small_Car Vehicle 1
356.0 36.0 351.0 51.0 343.0 49.0 348.0 34.0 Small_Car Vehicle 1
367.0 40.0 361.0 55.0 353.0 52.0 360.0 37.0 Small_Car Vehicle 1
378.0 43.0 371.0 57.0 364.0 53.0 371.0 40.0 Van Vehicle 1
388.0 49.0 381.0 61.0 375.0 57.0 382.0 46.0 Van Vehicle 1
483.0 28.0 475.0 31.0 469.0 15.0 477.0 12.0 Small_Car Vehicle 1
505.0 20.0 498.0 23.0 491.0 8.0 499.0 5.0 Small_Car Vehicle 1
540.0 15.0 531.0 16.0 530.0 0.0 539.0 0.0 Small_Car Vehicle 1
650.0 40.0 639.0 48.0 635.0 43.0 647.0 36.0 Small_Car Vehicle 1
665.0 57.0 649.0 67.0 645.0 60.0 660.0 50.0 Small_Car Vehicle 1
672.0 66.0 657.0 76.0 653.0 70.0 668.0 60.0 Van Vehicle 1
737.0 100.0 736.0 115.0 727.0 115.0 727.0 100.0 Van Vehicle 1
748.0 100.0 747.0 115.0 738.0 115.0 739.0 99.0 Van Vehicle 1
759.0 99.0 757.0 117.0 749.0 116.0 750.0 98.0 Small_Car Vehicle 1
782.0 103.0 781.0 118.0 772.0 118.0 773.0 102.0 Van Vehicle 1
794.0 104.0 792.0 121.0 784.0 120.0 786.0 103.0 Van Vehicle 1
