264.0 736.0 388.0 651.0 374.0 631.0 251.0 715.0 Liquid_Cargo_Ship Ship 1
350.0 483.0 278.0 388.0 261.0 401.0 333.0 496.0 Liquid_Cargo_Ship Ship 1
458.0 630.0 498.0 686.0 512.0 676.0 471.0 621.0 Dry_Cargo_Ship Ship 1
530.0 757.0 492.0 701.0 480.0 709.0 519.0 765.0 Dry_Cargo_Ship Ship 1
474.0 826.0 529.0 798.0 523.0 788.0 469.0 816.0 Dry_Cargo_Ship Ship 1
482.0 838.0 544.0 806.0 538.0 794.0 475.0 826.0 Dry_Cargo_Ship Ship 1
501.0 990.0 537.0 951.0 530.0 944.0 493.0 983.0 other-ship Ship 1
661.0 999.0 599.0 893.0 581.0 904.0 643.0 1009.0 Dry_Cargo_Ship Ship 1
522.0 944.0 547.0 917.0 541.0 912.0 517.0 939.0 other-ship Ship 1
1010.0 922.0 971.0 869.0 960.0 878.0 998.0 931.0 Dry_Cargo_Ship Ship 1
