41.0 646.0 41.0 657.0 46.0 657.0 47.0 646.0 Motorboat Ship 1
37.0 654.0 4.0 654.0 4.0 659.0 37.0 659.0 Dry_Cargo_Ship Ship 1
107.0 693.0 23.0 667.0 18.0 683.0 101.0 709.0 Dry_Cargo_Ship Ship 1
123.0 716.0 16.0 683.0 10.0 702.0 116.0 736.0 Dry_Cargo_Ship Ship 1
151.0 669.0 138.0 712.0 146.0 715.0 160.0 672.0 Fishing_Boat Ship 1
161.0 666.0 147.0 719.0 159.0 723.0 172.0 669.0 Fishing_Boat Ship 1
169.0 676.0 161.0 719.0 168.0 722.0 180.0 678.0 Fishing_Boat Ship 1
176.0 694.0 168.0 727.0 176.0 729.0 184.0 697.0 Fishing_Boat Ship 1
702.0 271.0 695.0 232.0 740.0 225.0 746.0 264.0 Intersection Road 1
760.0 321.0 768.0 273.0 819.0 283.0 811.0 331.0 Football_Field Court 1
557.0 898.0 540.0 847.0 568.0 838.0 584.0 888.0 Bridge Road 1
829.0 949.0 843.0 920.0 854.0 925.0 841.0 954.0 Bridge Road 1
645.0 560.0 654.0 528.0 690.0 540.0 680.0 571.0 Intersection Road 1
