886.0 809.0 838.0 892.0 744.0 837.0 793.0 755.0 Baseball_Field Court 1
725.0 1073.0 599.0 989.0 671.0 882.0 796.0 967.0 Baseball_Field Court 1
478.0 907.0 469.0 920.0 463.0 916.0 472.0 903.0 Small_Car Vehicle 1
505.0 872.0 495.0 887.0 488.0 882.0 499.0 867.0 Small_Car Vehicle 1
522.0 851.0 513.0 864.0 506.0 859.0 515.0 846.0 Small_Car Vehicle 1
535.0 836.0 525.0 850.0 518.0 845.0 528.0 831.0 Small_Car Vehicle 1
567.0 795.0 557.0 809.0 550.0 804.0 560.0 790.0 Van Vehicle 1
578.0 781.0 569.0 793.0 562.0 788.0 571.0 776.0 Van Vehicle 1
607.0 744.0 594.0 760.0 587.0 754.0 599.0 738.0 Small_Car Vehicle 1
659.0 676.0 648.0 688.0 642.0 684.0 653.0 671.0 Small_Car Vehicle 1
672.0 659.0 662.0 672.0 656.0 667.0 665.0 654.0 Small_Car Vehicle 1
687.0 640.0 678.0 652.0 672.0 647.0 681.0 635.0 Van Vehicle 1
720.0 674.0 712.0 686.0 706.0 682.0 714.0 670.0 Van Vehicle 1
732.0 659.0 722.0 671.0 716.0 666.0 726.0 654.0 Van Vehicle 1
744.0 642.0 734.0 655.0 729.0 650.0 739.0 638.0 Small_Car Vehicle 1
763.0 621.0 751.0 636.0 745.0 630.0 756.0 616.0 Small_Car Vehicle 1
789.0 593.0 775.0 611.0 766.0 604.0 780.0 587.0 Small_Car Vehicle 1
810.0 483.0 800.0 497.0 794.0 492.0 804.0 478.0 Small_Car Vehicle 1
821.0 469.0 812.0 481.0 806.0 477.0 815.0 465.0 Van Vehicle 1
833.0 454.0 823.0 468.0 816.0 463.0 826.0 449.0 Van Vehicle 1
891.0 380.0 881.0 394.0 875.0 390.0 884.0 376.0 Small_Car Vehicle 1
902.0 365.0 893.0 378.0 887.0 374.0 896.0 361.0 Small_Car Vehicle 1
922.0 341.0 912.0 357.0 905.0 352.0 915.0 337.0 Small_Car Vehicle 1
995.0 252.0 972.0 282.0 962.0 274.0 984.0 244.0 Cargo_Truck Vehicle 1
888.0 534.0 868.0 543.0 865.0 535.0 885.0 527.0 Small_Car Vehicle 1
901.0 538.0 885.0 546.0 881.0 540.0 897.0 531.0 Small_Car Vehicle 1
939.0 558.0 920.0 569.0 916.0 562.0 935.0 551.0 Small_Car Vehicle 1
951.0 561.0 940.0 571.0 935.0 565.0 946.0 556.0 Small_Car Vehicle 1
