32.0 108.0 10.0 107.0 10.0 101.0 32.0 102.0 Small_Car Vehicle 1
63.0 107.0 38.0 106.0 39.0 99.0 63.0 100.0 Van Vehicle 1
431.0 110.0 407.0 108.0 407.0 102.0 431.0 103.0 Van Vehicle 1
307.0 72.0 296.0 72.0 296.0 53.0 307.0 53.0 Dump_Truck Vehicle 1
333.0 26.0 323.0 27.0 322.0 10.0 332.0 10.0 Van Vehicle 1
276.0 18.0 255.0 16.0 255.0 11.0 276.0 12.0 Van Vehicle 1
105.0 22.0 97.0 26.0 88.0 8.0 96.0 3.0 Dump_Truck Vehicle 1
86.0 26.0 78.0 26.0 78.0 12.0 86.0 12.0 Van Vehicle 1
72.0 579.0 63.0 579.0 62.0 566.0 72.0 566.0 Small_Car Vehicle 1
129.0 489.0 103.0 489.0 104.0 481.0 129.0 482.0 Van Vehicle 1
304.0 528.0 296.0 529.0 295.0 511.0 303.0 511.0 Van Vehicle 1
332.0 439.0 321.0 438.0 322.0 419.0 332.0 420.0 Van Vehicle 1
332.0 416.0 323.0 416.0 323.0 398.0 332.0 398.0 Small_Car Vehicle 1
305.0 624.0 304.0 645.0 294.0 645.0 294.0 624.0 Van Vehicle 1
331.0 705.0 322.0 705.0 322.0 683.0 331.0 682.0 Dump_Truck Vehicle 1
304.0 696.0 297.0 696.0 296.0 682.0 303.0 682.0 Van Vehicle 1
70.0 631.0 56.0 630.0 56.0 625.0 70.0 626.0 Van Vehicle 1
491.0 779.0 484.0 780.0 481.0 766.0 489.0 764.0 Van Vehicle 1
332.0 235.0 324.0 236.0 323.0 220.0 331.0 219.0 Small_Car Vehicle 1
60.0 244.0 51.0 246.0 48.0 229.0 57.0 227.0 Small_Car Vehicle 1
73.0 246.0 64.0 246.0 63.0 227.0 72.0 227.0 Van Vehicle 1
423.0 461.0 403.0 460.0 403.0 453.0 423.0 453.0 Van Vehicle 1
492.0 416.0 486.0 416.0 486.0 401.0 492.0 401.0 Van Vehicle 1
572.0 337.0 565.0 338.0 564.0 322.0 571.0 321.0 Van Vehicle 1
334.0 453.0 331.0 496.0 288.0 493.0 292.0 449.0 Intersection Road 1
334.0 92.0 333.0 134.0 294.0 133.0 295.0 91.0 Intersection Road 1
