325.0 642.0 276.0 683.0 284.0 693.0 333.0 651.0 Dry_Cargo_Ship Ship 1
171.0 543.0 138.0 599.0 149.0 605.0 182.0 549.0 Dry_Cargo_Ship Ship 1
129.0 335.0 38.0 352.0 43.0 374.0 134.0 357.0 Engineering_Ship Ship 1
195.0 294.0 254.0 294.0 254.0 284.0 195.0 284.0 Liquid_Cargo_Ship Ship 1
117.0 176.0 37.0 189.0 39.0 205.0 119.0 192.0 Dry_Cargo_Ship Ship 1
123.0 193.0 38.0 206.0 40.0 221.0 125.0 208.0 Dry_Cargo_Ship Ship 1
434.0 317.0 367.0 330.0 370.0 341.0 436.0 328.0 Dry_Cargo_Ship Ship 1
632.0 319.0 563.0 332.0 565.0 344.0 634.0 331.0 Dry_Cargo_Ship Ship 1
442.0 141.0 381.0 162.0 385.0 174.0 446.0 152.0 Dry_Cargo_Ship Ship 1
501.0 24.0 421.0 17.0 419.0 37.0 499.0 44.0 Dry_Cargo_Ship Ship 1
935.0 136.0 874.0 147.0 876.0 160.0 938.0 148.0 Dry_Cargo_Ship Ship 1
