457.0 59.0 409.0 67.0 398.0 0.0 447.0 0.0 Tennis_Court Court 1
558.0 229.0 479.0 234.0 476.0 161.0 555.0 157.0 Baseball_Field Court 1
718.0 580.0 612.0 580.0 609.0 479.0 716.0 477.0 Baseball_Field Court 1
359.0 296.0 349.0 297.0 349.0 281.0 359.0 281.0 Van Vehicle 1
309.0 304.0 301.0 306.0 296.0 288.0 304.0 285.0 Small_Car Vehicle 1
297.0 307.0 289.0 309.0 285.0 291.0 293.0 289.0 Small_Car Vehicle 1
262.0 312.0 254.0 313.0 250.0 296.0 259.0 294.0 Small_Car Vehicle 1
249.0 311.0 241.0 314.0 237.0 298.0 245.0 295.0 Van Vehicle 1
257.0 287.0 249.0 290.0 243.0 273.0 252.0 271.0 Small_Car Vehicle 1
245.0 288.0 239.0 290.0 233.0 275.0 239.0 273.0 Small_Car Vehicle 1
420.0 437.0 397.0 439.0 396.0 432.0 419.0 430.0 Small_Car Vehicle 1
437.0 547.0 415.0 549.0 415.0 541.0 437.0 539.0 Small_Car Vehicle 1
313.0 588.0 304.0 589.0 301.0 572.0 309.0 570.0 Small_Car Vehicle 1
323.0 584.0 316.0 585.0 313.0 570.0 321.0 569.0 Small_Car Vehicle 1
396.0 577.0 386.0 579.0 383.0 562.0 393.0 560.0 Small_Car Vehicle 1
383.0 578.0 375.0 579.0 372.0 562.0 381.0 561.0 Dump_Truck Vehicle 1
359.0 580.0 351.0 582.0 349.0 567.0 356.0 565.0 Small_Car Vehicle 1
337.0 583.0 327.0 584.0 325.0 567.0 334.0 565.0 Small_Car Vehicle 1
391.0 560.0 382.0 562.0 380.0 545.0 389.0 544.0 Small_Car Vehicle 1
380.0 560.0 372.0 562.0 368.0 545.0 376.0 543.0 Small_Car Vehicle 1
356.0 563.0 347.0 564.0 344.0 547.0 354.0 546.0 Van Vehicle 1
345.0 564.0 336.0 566.0 333.0 550.0 342.0 548.0 Small_Car Vehicle 1
332.0 564.0 323.0 565.0 321.0 548.0 330.0 547.0 Small_Car Vehicle 1
322.0 567.0 312.0 569.0 309.0 551.0 318.0 549.0 Small_Car Vehicle 1
310.0 569.0 300.0 571.0 297.0 555.0 307.0 553.0 Small_Car Vehicle 1
257.0 599.0 236.0 600.0 236.0 593.0 256.0 591.0 Van Vehicle 1
259.0 589.0 237.0 591.0 236.0 583.0 259.0 581.0 Van Vehicle 1
254.0 580.0 233.0 582.0 232.0 573.0 254.0 571.0 Small_Car Vehicle 1
252.0 571.0 231.0 572.0 230.0 565.0 252.0 563.0 Small_Car Vehicle 1
250.0 560.0 226.0 562.0 225.0 555.0 250.0 553.0 Dump_Truck Vehicle 1
249.0 553.0 229.0 555.0 228.0 547.0 249.0 545.0 Small_Car Vehicle 1
247.0 545.0 226.0 546.0 226.0 538.0 247.0 537.0 Van Vehicle 1
244.0 535.0 222.0 537.0 222.0 530.0 244.0 528.0 Small_Car Vehicle 1
243.0 526.0 224.0 527.0 224.0 519.0 243.0 518.0 Small_Car Vehicle 1
241.0 517.0 220.0 519.0 220.0 512.0 241.0 510.0 Small_Car Vehicle 1
241.0 507.0 221.0 509.0 220.0 502.0 240.0 501.0 Small_Car Vehicle 1
243.0 497.0 220.0 499.0 220.0 492.0 242.0 490.0 Dump_Truck Vehicle 1
241.0 489.0 217.0 492.0 216.0 482.0 240.0 480.0 Small_Car Vehicle 1
238.0 479.0 216.0 482.0 215.0 476.0 237.0 472.0 Small_Car Vehicle 1
239.0 470.0 215.0 473.0 214.0 465.0 238.0 462.0 Small_Car Vehicle 1
228.0 427.0 206.0 430.0 206.0 424.0 227.0 422.0 Small_Car Vehicle 1
226.0 399.0 202.0 402.0 201.0 396.0 225.0 393.0 Van Vehicle 1
221.0 388.0 200.0 391.0 199.0 386.0 220.0 383.0 Small_Car Vehicle 1
219.0 372.0 204.0 373.0 204.0 367.0 219.0 366.0 Van Vehicle 1
216.0 364.0 198.0 365.0 197.0 359.0 216.0 358.0 Small_Car Vehicle 1
218.0 354.0 196.0 355.0 196.0 349.0 218.0 348.0 Small_Car Vehicle 1
176.0 361.0 167.0 362.0 165.0 342.0 175.0 341.0 Small_Car Vehicle 1
154.0 366.0 144.0 367.0 140.0 348.0 151.0 346.0 Dump_Truck Vehicle 1
144.0 367.0 136.0 369.0 131.0 352.0 139.0 350.0 Small_Car Vehicle 1
118.0 371.0 110.0 372.0 108.0 355.0 116.0 354.0 Dump_Truck Vehicle 1
108.0 372.0 98.0 373.0 95.0 356.0 105.0 354.0 Small_Car Vehicle 1
95.0 372.0 88.0 374.0 83.0 357.0 91.0 355.0 Small_Car Vehicle 1
69.0 375.0 62.0 376.0 59.0 361.0 66.0 359.0 Van Vehicle 1
60.0 379.0 51.0 380.0 48.0 364.0 56.0 362.0 Van Vehicle 1
35.0 382.0 26.0 384.0 23.0 368.0 32.0 366.0 Small_Car Vehicle 1
24.0 384.0 16.0 385.0 14.0 369.0 22.0 368.0 Van Vehicle 1
153.0 317.0 145.0 319.0 141.0 304.0 149.0 302.0 Small_Car Vehicle 1
143.0 318.0 134.0 321.0 130.0 306.0 138.0 303.0 Van Vehicle 1
122.0 326.0 112.0 328.0 108.0 310.0 119.0 308.0 Small_Car Vehicle 1
111.0 326.0 101.0 328.0 96.0 311.0 106.0 309.0 Small_Car Vehicle 1
99.0 327.0 89.0 329.0 85.0 313.0 95.0 311.0 Small_Car Vehicle 1
86.0 330.0 76.0 332.0 73.0 315.0 83.0 314.0 Small_Car Vehicle 1
59.0 334.0 52.0 336.0 47.0 319.0 54.0 317.0 Small_Car Vehicle 1
305.0 235.0 297.0 236.0 295.0 220.0 302.0 219.0 Small_Car Vehicle 1
282.0 237.0 274.0 239.0 269.0 224.0 277.0 221.0 Van Vehicle 1
242.0 219.0 232.0 222.0 227.0 206.0 237.0 203.0 Small_Car Vehicle 1
255.0 218.0 243.0 220.0 239.0 203.0 251.0 200.0 Dump_Truck Vehicle 1
277.0 215.0 268.0 218.0 264.0 202.0 273.0 200.0 Van Vehicle 1
288.0 214.0 280.0 216.0 276.0 199.0 284.0 197.0 Van Vehicle 1
299.0 212.0 290.0 214.0 287.0 196.0 295.0 195.0 Small_Car Vehicle 1
310.0 209.0 301.0 212.0 297.0 195.0 306.0 193.0 Small_Car Vehicle 1
322.0 208.0 314.0 210.0 310.0 194.0 318.0 192.0 Small_Car Vehicle 1
231.0 223.0 221.0 225.0 216.0 207.0 226.0 205.0 Small_Car Vehicle 1
218.0 224.0 210.0 226.0 206.0 210.0 214.0 208.0 Small_Car Vehicle 1
287.0 164.0 281.0 167.0 276.0 153.0 282.0 151.0 Small_Car Vehicle 1
299.0 166.0 292.0 167.0 289.0 152.0 296.0 151.0 Small_Car Vehicle 1
311.0 164.0 304.0 165.0 301.0 149.0 309.0 147.0 Small_Car Vehicle 1
337.0 159.0 329.0 162.0 324.0 147.0 331.0 145.0 Small_Car Vehicle 1
322.0 163.0 314.0 164.0 312.0 148.0 320.0 147.0 Van Vehicle 1
265.0 170.0 257.0 172.0 252.0 156.0 261.0 153.0 Small_Car Vehicle 1
254.0 173.0 244.0 176.0 240.0 160.0 250.0 157.0 Van Vehicle 1
305.0 139.0 297.0 141.0 293.0 124.0 301.0 122.0 Small_Car Vehicle 1
329.0 137.0 321.0 139.0 317.0 120.0 325.0 119.0 Small_Car Vehicle 1
317.0 138.0 309.0 140.0 304.0 121.0 312.0 119.0 Small_Car Vehicle 1
258.0 149.0 250.0 151.0 246.0 133.0 255.0 132.0 Small_Car Vehicle 1
247.0 149.0 238.0 152.0 234.0 136.0 243.0 134.0 Small_Car Vehicle 1
234.0 151.0 227.0 153.0 223.0 138.0 230.0 136.0 Small_Car Vehicle 1
221.0 154.0 214.0 156.0 211.0 140.0 218.0 139.0 Small_Car Vehicle 1
211.0 156.0 203.0 158.0 200.0 141.0 208.0 139.0 Small_Car Vehicle 1
200.0 157.0 192.0 158.0 189.0 141.0 197.0 140.0 Small_Car Vehicle 1
315.0 94.0 308.0 95.0 304.0 79.0 312.0 77.0 Small_Car Vehicle 1
304.0 94.0 296.0 96.0 293.0 80.0 301.0 78.0 Small_Car Vehicle 1
283.0 99.0 276.0 102.0 270.0 85.0 277.0 83.0 Small_Car Vehicle 1
270.0 100.0 264.0 102.0 260.0 87.0 266.0 85.0 Small_Car Vehicle 1
260.0 103.0 252.0 106.0 247.0 88.0 255.0 85.0 Small_Car Vehicle 1
250.0 103.0 239.0 107.0 234.0 90.0 245.0 87.0 Small_Car Vehicle 1
223.0 109.0 215.0 111.0 210.0 93.0 219.0 91.0 Small_Car Vehicle 1
237.0 105.0 228.0 107.0 223.0 89.0 232.0 87.0 Van Vehicle 1
213.0 107.0 204.0 110.0 200.0 93.0 208.0 90.0 Small_Car Vehicle 1
202.0 110.0 194.0 113.0 188.0 95.0 195.0 92.0 Small_Car Vehicle 1
190.0 111.0 182.0 113.0 177.0 98.0 185.0 96.0 Small_Car Vehicle 1
277.0 72.0 269.0 74.0 265.0 59.0 273.0 57.0 Small_Car Vehicle 1
289.0 75.0 281.0 77.0 277.0 61.0 285.0 59.0 Small_Car Vehicle 1
299.0 73.0 291.0 74.0 288.0 57.0 296.0 56.0 Small_Car Vehicle 1
254.0 78.0 245.0 81.0 241.0 63.0 249.0 61.0 Small_Car Vehicle 1
242.0 81.0 235.0 83.0 229.0 66.0 236.0 63.0 Small_Car Vehicle 1
231.0 83.0 222.0 85.0 218.0 68.0 227.0 66.0 Small_Car Vehicle 1
218.0 84.0 210.0 87.0 203.0 68.0 212.0 65.0 Small_Car Vehicle 1
205.0 85.0 197.0 88.0 192.0 71.0 200.0 68.0 Small_Car Vehicle 1
183.0 90.0 174.0 92.0 170.0 75.0 180.0 72.0 Van Vehicle 1
15.0 60.0 8.0 61.0 6.0 49.0 13.0 48.0 Van Vehicle 1
40.0 59.0 32.0 61.0 28.0 44.0 36.0 42.0 Small_Car Vehicle 1
62.0 59.0 51.0 60.0 48.0 38.0 59.0 37.0 Dump_Truck Vehicle 1
87.0 53.0 78.0 55.0 75.0 37.0 83.0 35.0 Small_Car Vehicle 1
76.0 58.0 65.0 60.0 62.0 37.0 72.0 36.0 Dump_Truck Vehicle 1
110.0 49.0 101.0 51.0 98.0 33.0 106.0 31.0 Small_Car Vehicle 1
121.0 48.0 112.0 49.0 110.0 32.0 119.0 30.0 Small_Car Vehicle 1
65.0 10.0 56.0 12.0 52.0 0.0 62.0 0.0 Small_Car Vehicle 1
52.0 15.0 44.0 17.0 40.0 0.0 48.0 0.0 Small_Car Vehicle 1
29.0 18.0 20.0 20.0 16.0 3.0 25.0 1.0 Small_Car Vehicle 1
206.0 29.0 179.0 33.0 178.0 26.0 205.0 23.0 Dump_Truck Vehicle 1
196.0 12.0 174.0 15.0 173.0 6.0 195.0 3.0 Van Vehicle 1
626.0 34.0 611.0 42.0 607.0 36.0 622.0 27.0 Van Vehicle 1
624.0 21.0 609.0 30.0 605.0 24.0 620.0 15.0 Small_Car Vehicle 1
617.0 10.0 603.0 21.0 599.0 15.0 613.0 5.0 Small_Car Vehicle 1
664.0 20.0 645.0 22.0 644.0 15.0 664.0 14.0 Small_Car Vehicle 1
687.0 11.0 667.0 12.0 666.0 5.0 686.0 4.0 Van Vehicle 1
686.0 28.0 667.0 30.0 667.0 23.0 686.0 21.0 Van Vehicle 1
688.0 37.0 669.0 38.0 668.0 31.0 687.0 30.0 Small_Car Vehicle 1
689.0 46.0 670.0 48.0 669.0 41.0 688.0 40.0 Van Vehicle 1
697.0 64.0 677.0 65.0 676.0 58.0 697.0 57.0 Small_Car Vehicle 1
750.0 59.0 732.0 60.0 732.0 53.0 750.0 52.0 Van Vehicle 1
776.0 56.0 755.0 57.0 755.0 51.0 776.0 50.0 Small_Car Vehicle 1
776.0 48.0 756.0 49.0 755.0 41.0 775.0 40.0 Small_Car Vehicle 1
751.0 50.0 730.0 51.0 730.0 44.0 751.0 43.0 Small_Car Vehicle 1
746.0 40.0 728.0 41.0 728.0 35.0 746.0 35.0 Van Vehicle 1
767.0 20.0 747.0 21.0 747.0 15.0 766.0 14.0 Van Vehicle 1
765.0 10.0 745.0 11.0 745.0 5.0 765.0 4.0 Van Vehicle 1
764.0 1.0 745.0 3.0 745.0 0.0 764.0 0.0 Van Vehicle 1
520.0 53.0 472.0 62.0 461.0 0.0 510.0 0.0 Tennis_Court Court 1
583.0 47.0 535.0 55.0 526.0 0.0 575.0 0.0 Tennis_Court Court 1
347.0 204.0 338.0 206.0 334.0 189.0 343.0 187.0 Small_Car Vehicle 1
275.0 307.0 265.0 309.0 262.0 292.0 273.0 291.0 Van Vehicle 1
76.0 333.0 64.0 336.0 60.0 316.0 72.0 314.0 Van Vehicle 1
