102.0 210.0 79.0 217.0 77.0 209.0 100.0 203.0 Small_Car Vehicle 1
150.0 203.0 122.0 207.0 121.0 198.0 149.0 194.0 Small_Car Vehicle 1
119.0 255.0 110.0 256.0 108.0 240.0 117.0 239.0 Van Vehicle 1
267.0 472.0 256.0 472.0 255.0 452.0 266.0 452.0 Small_Car Vehicle 1
295.0 437.0 294.0 453.0 282.0 453.0 283.0 436.0 Small_Car Vehicle 1
335.0 466.0 311.0 465.0 311.0 458.0 335.0 458.0 Small_Car Vehicle 1
265.0 396.0 257.0 397.0 256.0 381.0 264.0 380.0 Van Vehicle 1
325.0 426.0 305.0 426.0 305.0 417.0 325.0 417.0 Van Vehicle 1
265.0 357.0 256.0 358.0 255.0 342.0 264.0 341.0 Van Vehicle 1
291.0 289.0 280.0 289.0 279.0 268.0 290.0 268.0 Dump_Truck Vehicle 1
513.0 186.0 490.0 189.0 489.0 182.0 513.0 179.0 Van Vehicle 1
581.0 178.0 559.0 181.0 558.0 174.0 580.0 171.0 Small_Car Vehicle 1
462.0 226.0 452.0 226.0 452.0 208.0 462.0 208.0 Small_Car Vehicle 1
477.0 227.0 467.0 228.0 466.0 211.0 476.0 211.0 Van Vehicle 1
325.0 485.0 307.0 484.0 308.0 477.0 325.0 478.0 Van Vehicle 1
331.0 472.0 309.0 474.0 308.0 468.0 331.0 465.0 Small_Car Vehicle 1
321.0 499.0 306.0 498.0 306.0 490.0 321.0 490.0 Small_Car Vehicle 1
321.0 522.0 319.0 540.0 312.0 539.0 314.0 522.0 Van Vehicle 1
680.0 34.0 670.0 36.0 668.0 14.0 678.0 13.0 Small_Car Vehicle 1
778.0 111.0 752.0 114.0 752.0 107.0 777.0 104.0 Small_Car Vehicle 1
45.0 578.0 44.0 586.0 25.0 583.0 26.0 575.0 Van Vehicle 1
