82.0 44.0 72.0 45.0 71.0 26.0 81.0 25.0 Small_Car Vehicle 1
69.0 45.0 61.0 46.0 59.0 28.0 67.0 28.0 Small_Car Vehicle 1
56.0 44.0 47.0 44.0 47.0 27.0 55.0 27.0 Small_Car Vehicle 1
44.0 45.0 35.0 45.0 34.0 29.0 43.0 28.0 Small_Car Vehicle 1
31.0 29.0 30.0 45.0 22.0 45.0 22.0 28.0 Small_Car Vehicle 1
20.0 28.0 19.0 46.0 9.0 46.0 9.0 28.0 Small_Car Vehicle 1
39.0 675.0 38.0 691.0 31.0 690.0 33.0 674.0 Van Vehicle 1
78.0 629.0 77.0 647.0 67.0 647.0 67.0 629.0 Small_Car Vehicle 1
97.0 671.0 96.0 687.0 88.0 687.0 88.0 671.0 Small_Car Vehicle 1
97.0 650.0 89.0 650.0 89.0 632.0 97.0 632.0 Small_Car Vehicle 1
86.0 753.0 65.0 752.0 65.0 747.0 86.0 747.0 Small_Car Vehicle 1
190.0 784.0 171.0 790.0 169.0 783.0 188.0 777.0 Small_Car Vehicle 1
185.0 777.0 176.0 778.0 175.0 761.0 184.0 761.0 Small_Car Vehicle 1
179.0 718.0 160.0 718.0 160.0 712.0 179.0 712.0 Small_Car Vehicle 1
206.0 717.0 187.0 717.0 188.0 710.0 206.0 711.0 Van Vehicle 1
233.0 717.0 209.0 717.0 209.0 711.0 233.0 711.0 Small_Car Vehicle 1
257.0 716.0 236.0 717.0 236.0 710.0 257.0 710.0 Small_Car Vehicle 1
371.0 714.0 351.0 715.0 351.0 709.0 370.0 708.0 Van Vehicle 1
430.0 714.0 409.0 714.0 409.0 707.0 430.0 707.0 Small_Car Vehicle 1
600.0 543.0 591.0 544.0 590.0 528.0 598.0 527.0 Small_Car Vehicle 1
588.0 545.0 578.0 545.0 577.0 525.0 588.0 525.0 Small_Car Vehicle 1
553.0 545.0 544.0 545.0 544.0 527.0 553.0 527.0 Small_Car Vehicle 1
542.0 528.0 541.0 544.0 534.0 544.0 534.0 527.0 Van Vehicle 1
530.0 544.0 522.0 544.0 522.0 526.0 530.0 525.0 Dump_Truck Vehicle 1
520.0 549.0 511.0 549.0 511.0 528.0 520.0 529.0 Small_Car Vehicle 1
541.0 552.0 540.0 563.0 505.0 562.0 505.0 552.0 Van Vehicle 1
526.0 328.0 505.0 330.0 505.0 324.0 525.0 322.0 Van Vehicle 1
422.0 327.0 404.0 327.0 404.0 321.0 422.0 321.0 Small_Car Vehicle 1
358.0 408.0 349.0 409.0 348.0 394.0 356.0 393.0 Small_Car Vehicle 1
344.0 411.0 336.0 412.0 335.0 393.0 344.0 392.0 Van Vehicle 1
358.0 457.0 350.0 458.0 349.0 439.0 357.0 439.0 Van Vehicle 1
299.0 413.0 290.0 414.0 288.0 393.0 298.0 393.0 Small_Car Vehicle 1
274.0 409.0 266.0 409.0 267.0 398.0 274.0 398.0 Small_Car Vehicle 1
245.0 353.0 244.0 361.0 225.0 361.0 225.0 352.0 Small_Car Vehicle 1
264.0 330.0 242.0 330.0 242.0 322.0 264.0 322.0 Van Vehicle 1
294.0 194.0 272.0 196.0 272.0 189.0 294.0 187.0 Van Vehicle 1
293.0 157.0 272.0 156.0 272.0 147.0 293.0 148.0 Small_Car Vehicle 1
293.0 165.0 271.0 164.0 272.0 157.0 293.0 158.0 Small_Car Vehicle 1
295.0 176.0 272.0 176.0 272.0 168.0 295.0 168.0 Small_Car Vehicle 1
238.0 178.0 219.0 177.0 219.0 169.0 238.0 169.0 Small_Car Vehicle 1
241.0 162.0 240.0 169.0 220.0 168.0 220.0 161.0 Van Vehicle 1
240.0 142.0 219.0 141.0 219.0 133.0 240.0 133.0 Small_Car Vehicle 1
292.0 119.0 274.0 119.0 274.0 112.0 292.0 113.0 Small_Car Vehicle 1
291.0 109.0 272.0 109.0 272.0 101.0 291.0 101.0 Van Vehicle 1
291.0 92.0 271.0 91.0 271.0 82.0 291.0 82.0 Van Vehicle 1
239.0 96.0 218.0 95.0 219.0 87.0 239.0 88.0 Small_Car Vehicle 1
241.0 86.0 220.0 86.0 220.0 78.0 241.0 78.0 Small_Car Vehicle 1
290.0 65.0 289.0 73.0 272.0 73.0 272.0 64.0 Van Vehicle 1
290.0 55.0 289.0 64.0 270.0 62.0 270.0 54.0 Van Vehicle 1
238.0 67.0 215.0 67.0 215.0 57.0 238.0 57.0 Small_Car Vehicle 1
290.0 44.0 271.0 44.0 271.0 36.0 290.0 36.0 Van Vehicle 1
290.0 35.0 269.0 35.0 269.0 26.0 290.0 27.0 Small_Car Vehicle 1
289.0 17.0 288.0 26.0 269.0 26.0 269.0 17.0 Van Vehicle 1
288.0 17.0 270.0 16.0 271.0 8.0 288.0 9.0 Van Vehicle 1
239.0 22.0 220.0 20.0 220.0 13.0 239.0 14.0 Small_Car Vehicle 1
