39.0 864.0 29.0 864.0 28.0 843.0 39.0 843.0 Small_Car Vehicle 1
354.0 860.0 349.0 880.0 338.0 877.0 343.0 857.0 Van Vehicle 1
388.0 678.0 366.0 679.0 365.0 671.0 387.0 670.0 Van Vehicle 1
572.0 930.0 563.0 929.0 564.0 913.0 572.0 913.0 Van Vehicle 1
496.0 877.0 486.0 877.0 486.0 859.0 496.0 859.0 Van Vehicle 1
773.0 913.0 764.0 914.0 763.0 896.0 772.0 896.0 Small_Car Vehicle 1
867.0 774.0 844.0 774.0 844.0 765.0 867.0 765.0 Van Vehicle 1
893.0 677.0 863.0 676.0 864.0 666.0 893.0 667.0 Dump_Truck Vehicle 1
189.0 609.0 188.0 621.0 180.0 621.0 180.0 608.0 Small_Car Vehicle 1
498.0 593.0 487.0 594.0 486.0 571.0 497.0 571.0 Dump_Truck Vehicle 1
496.0 570.0 487.0 570.0 487.0 557.0 496.0 557.0 Van Vehicle 1
769.0 578.0 759.0 579.0 758.0 562.0 767.0 561.0 Van Vehicle 1
768.0 463.0 753.0 463.0 753.0 438.0 767.0 438.0 Motorboat Ship 1
492.0 449.0 483.0 450.0 480.0 432.0 490.0 431.0 Van Vehicle 1
358.0 466.0 351.0 472.0 339.0 459.0 345.0 453.0 Van Vehicle 1
931.0 299.0 920.0 299.0 921.0 279.0 931.0 279.0 Van Vehicle 1
82.0 190.0 64.0 191.0 64.0 183.0 81.0 182.0 Small_Car Vehicle 1
97.0 93.0 66.0 93.0 66.0 83.0 97.0 83.0 Dump_Truck Vehicle 1
291.0 95.0 265.0 95.0 265.0 85.0 291.0 85.0 Van Vehicle 1
404.0 157.0 395.0 157.0 395.0 140.0 404.0 140.0 Van Vehicle 1
436.0 187.0 427.0 190.0 420.0 170.0 429.0 168.0 Van Vehicle 1
606.0 165.0 595.0 166.0 595.0 145.0 606.0 145.0 Dump_Truck Vehicle 1
992.0 75.0 946.0 75.0 946.0 61.0 992.0 62.0 Truck_Tractor Vehicle 1
208.0 41.0 200.0 41.0 199.0 23.0 208.0 23.0 Small_Car Vehicle 1
672.0 425.0 663.0 425.0 663.0 405.0 672.0 405.0 Small_Car Vehicle 1
931.0 105.0 879.0 107.0 877.0 60.0 929.0 58.0 Intersection Road 1
936.0 379.0 887.0 381.0 885.0 334.0 934.0 332.0 Intersection Road 1
957.0 993.0 895.0 994.0 894.0 941.0 956.0 940.0 Intersection Road 1
