953.0 991.0 929.0 992.0 929.0 985.0 953.0 983.0 Van Vehicle 1
952.0 973.0 930.0 974.0 930.0 967.0 952.0 966.0 Van Vehicle 1
951.0 944.0 927.0 945.0 927.0 939.0 951.0 938.0 Van Vehicle 1
928.0 965.0 908.0 965.0 907.0 958.0 928.0 958.0 Van Vehicle 1
924.0 946.0 902.0 946.0 902.0 939.0 924.0 939.0 Small_Car Vehicle 1
923.0 915.0 902.0 918.0 901.0 911.0 922.0 908.0 Small_Car Vehicle 1
874.0 983.0 851.0 983.0 851.0 977.0 874.0 977.0 Van Vehicle 1
874.0 937.0 850.0 938.0 850.0 931.0 874.0 930.0 Van Vehicle 1
872.0 919.0 851.0 919.0 851.0 913.0 871.0 912.0 Van Vehicle 1
258.0 196.0 240.0 196.0 240.0 190.0 258.0 191.0 Dump_Truck Vehicle 1
257.0 205.0 242.0 204.0 242.0 198.0 257.0 198.0 Dump_Truck Vehicle 1
258.0 331.0 234.0 331.0 234.0 323.0 258.0 323.0 Dump_Truck Vehicle 1
264.0 296.0 239.0 296.0 239.0 288.0 264.0 288.0 Van Vehicle 1
262.0 222.0 243.0 223.0 243.0 217.0 262.0 217.0 Van Vehicle 1
83.0 112.0 82.0 132.0 71.0 132.0 72.0 111.0 Van Vehicle 1
97.0 111.0 96.0 133.0 84.0 133.0 85.0 111.0 Dump_Truck Vehicle 1
170.0 114.0 169.0 131.0 159.0 130.0 160.0 113.0 Small_Car Vehicle 1
238.0 127.0 213.0 127.0 213.0 119.0 238.0 119.0 Dump_Truck Vehicle 1
240.0 107.0 215.0 106.0 216.0 98.0 240.0 100.0 Dump_Truck Vehicle 1
238.0 89.0 213.0 90.0 213.0 81.0 238.0 81.0 Van Vehicle 1
238.0 71.0 218.0 71.0 218.0 64.0 238.0 64.0 Van Vehicle 1
239.0 63.0 213.0 63.0 213.0 55.0 239.0 55.0 Dump_Truck Vehicle 1
240.0 45.0 220.0 45.0 221.0 38.0 240.0 38.0 Van Vehicle 1
243.0 37.0 218.0 37.0 218.0 29.0 243.0 30.0 Van Vehicle 1
243.0 19.0 218.0 19.0 218.0 11.0 243.0 11.0 Van Vehicle 1
140.0 958.0 130.0 958.0 129.0 942.0 140.0 941.0 Small_Car Vehicle 1
136.0 915.0 127.0 915.0 127.0 898.0 136.0 899.0 Small_Car Vehicle 1
134.0 868.0 126.0 868.0 126.0 851.0 134.0 851.0 Small_Car Vehicle 1
321.0 584.0 300.0 585.0 300.0 579.0 321.0 578.0 Van Vehicle 1
339.0 576.0 317.0 577.0 317.0 570.0 339.0 570.0 Van Vehicle 1
616.0 488.0 608.0 488.0 608.0 473.0 616.0 473.0 Small_Car Vehicle 1
864.0 516.0 844.0 517.0 844.0 510.0 864.0 509.0 Small_Car Vehicle 1
711.0 721.0 700.0 721.0 700.0 704.0 710.0 703.0 Van Vehicle 1
812.0 678.0 805.0 683.0 799.0 675.0 807.0 670.0 Small_Car Vehicle 1
864.0 617.0 837.0 617.0 837.0 610.0 864.0 610.0 Dump_Truck Vehicle 1
846.0 601.0 823.0 602.0 823.0 596.0 846.0 594.0 Van Vehicle 1
807.0 571.0 799.0 571.0 799.0 554.0 807.0 554.0 Small_Car Vehicle 1
688.0 584.0 678.0 584.0 678.0 569.0 687.0 569.0 Van Vehicle 1
596.0 537.0 586.0 537.0 585.0 518.0 596.0 518.0 Small_Car Vehicle 1
605.0 533.0 598.0 533.0 597.0 518.0 605.0 518.0 Small_Car Vehicle 1
630.0 532.0 619.0 532.0 619.0 514.0 630.0 514.0 Small_Car Vehicle 1
616.0 533.0 607.0 533.0 607.0 517.0 616.0 516.0 Van Vehicle 1
670.0 474.0 661.0 474.0 661.0 458.0 670.0 459.0 Small_Car Vehicle 1
672.0 456.0 657.0 455.0 658.0 433.0 672.0 433.0 Excavator Vehicle 1
601.0 304.0 585.0 304.0 585.0 297.0 601.0 297.0 Dump_Truck Vehicle 1
610.0 267.0 591.0 268.0 591.0 260.0 610.0 260.0 Van Vehicle 1
610.0 348.0 586.0 349.0 586.0 340.0 610.0 339.0 Van Vehicle 1
673.0 324.0 672.0 342.0 662.0 341.0 663.0 324.0 Small_Car Vehicle 1
675.0 155.0 667.0 155.0 667.0 137.0 675.0 137.0 Small_Car Vehicle 1
673.0 232.0 672.0 248.0 663.0 248.0 663.0 232.0 Van Vehicle 1
673.0 210.0 664.0 209.0 665.0 193.0 673.0 194.0 Small_Car Vehicle 1
709.0 198.0 708.0 213.0 700.0 213.0 700.0 197.0 Small_Car Vehicle 1
714.0 110.0 705.0 110.0 704.0 94.0 714.0 94.0 Dump_Truck Vehicle 1
