324.0 714.0 303.0 726.0 298.0 718.0 320.0 706.0 other-vehicle Vehicle 1
326.0 749.0 309.0 759.0 304.0 751.0 321.0 742.0 Van Vehicle 1
292.0 674.0 282.0 674.0 282.0 656.0 292.0 656.0 Dump_Truck Vehicle 1
359.0 645.0 340.0 645.0 339.0 639.0 358.0 639.0 Small_Car Vehicle 1
362.0 635.0 340.0 635.0 340.0 628.0 362.0 628.0 Dump_Truck Vehicle 1
358.0 623.0 339.0 623.0 338.0 618.0 358.0 617.0 Small_Car Vehicle 1
357.0 615.0 341.0 615.0 341.0 610.0 357.0 610.0 Small_Car Vehicle 1
360.0 605.0 340.0 606.0 340.0 600.0 360.0 599.0 Small_Car Vehicle 1
359.0 596.0 339.0 597.0 339.0 590.0 359.0 590.0 Small_Car Vehicle 1
358.0 586.0 338.0 587.0 338.0 580.0 358.0 580.0 Van Vehicle 1
358.0 577.0 338.0 577.0 338.0 572.0 358.0 571.0 Van Vehicle 1
360.0 569.0 339.0 569.0 339.0 562.0 360.0 562.0 Van Vehicle 1
359.0 560.0 338.0 559.0 339.0 554.0 359.0 554.0 Van Vehicle 1
360.0 550.0 339.0 550.0 339.0 544.0 360.0 543.0 Van Vehicle 1
359.0 541.0 340.0 541.0 340.0 535.0 359.0 534.0 Small_Car Vehicle 1
359.0 533.0 339.0 532.0 339.0 526.0 359.0 526.0 Small_Car Vehicle 1
360.0 523.0 338.0 523.0 338.0 516.0 360.0 517.0 Van Vehicle 1
296.0 495.0 276.0 496.0 275.0 489.0 296.0 488.0 Small_Car Vehicle 1
295.0 485.0 275.0 486.0 275.0 480.0 295.0 480.0 Van Vehicle 1
292.0 505.0 270.0 505.0 270.0 499.0 292.0 498.0 Van Vehicle 1
292.0 514.0 274.0 514.0 274.0 509.0 292.0 508.0 Van Vehicle 1
297.0 522.0 275.0 523.0 275.0 517.0 297.0 516.0 Van Vehicle 1
297.0 532.0 275.0 533.0 275.0 526.0 296.0 525.0 Van Vehicle 1
299.0 540.0 276.0 541.0 276.0 534.0 299.0 534.0 Van Vehicle 1
300.0 551.0 275.0 551.0 274.0 543.0 300.0 542.0 Small_Car Vehicle 1
300.0 559.0 277.0 560.0 277.0 553.0 300.0 552.0 Small_Car Vehicle 1
291.0 568.0 272.0 569.0 272.0 563.0 291.0 562.0 Van Vehicle 1
296.0 578.0 274.0 578.0 274.0 572.0 296.0 572.0 Small_Car Vehicle 1
295.0 589.0 276.0 591.0 276.0 583.0 295.0 581.0 Van Vehicle 1
270.0 598.0 248.0 598.0 248.0 591.0 270.0 591.0 Small_Car Vehicle 1
268.0 589.0 241.0 589.0 241.0 581.0 268.0 581.0 Dump_Truck Vehicle 1
266.0 579.0 245.0 580.0 245.0 572.0 266.0 572.0 Small_Car Vehicle 1
268.0 570.0 248.0 570.0 248.0 563.0 268.0 563.0 Small_Car Vehicle 1
268.0 543.0 245.0 542.0 245.0 536.0 268.0 536.0 Small_Car Vehicle 1
266.0 533.0 247.0 533.0 247.0 527.0 266.0 526.0 Van Vehicle 1
265.0 524.0 247.0 525.0 247.0 519.0 265.0 518.0 Van Vehicle 1
266.0 514.0 245.0 515.0 245.0 508.0 266.0 508.0 Small_Car Vehicle 1
267.0 490.0 266.0 497.0 245.0 496.0 246.0 490.0 Van Vehicle 1
270.0 486.0 244.0 487.0 244.0 480.0 270.0 478.0 Dump_Truck Vehicle 1
268.0 476.0 246.0 477.0 245.0 471.0 267.0 470.0 Van Vehicle 1
266.0 468.0 246.0 468.0 246.0 461.0 266.0 462.0 Van Vehicle 1
263.0 460.0 244.0 459.0 244.0 452.0 263.0 453.0 Small_Car Vehicle 1
297.0 458.0 278.0 458.0 278.0 452.0 297.0 452.0 Small_Car Vehicle 1
296.0 448.0 277.0 449.0 277.0 442.0 296.0 442.0 Van Vehicle 1
301.0 431.0 274.0 432.0 273.0 424.0 301.0 423.0 Dump_Truck Vehicle 1
262.0 441.0 244.0 440.0 244.0 433.0 262.0 433.0 Van Vehicle 1
265.0 431.0 243.0 431.0 243.0 424.0 265.0 424.0 Van Vehicle 1
268.0 421.0 247.0 422.0 247.0 415.0 268.0 414.0 Dump_Truck Vehicle 1
295.0 419.0 275.0 420.0 275.0 414.0 295.0 413.0 Small_Car Vehicle 1
359.0 450.0 336.0 450.0 336.0 443.0 359.0 442.0 Dump_Truck Vehicle 1
357.0 403.0 336.0 403.0 336.0 396.0 357.0 396.0 Small_Car Vehicle 1
356.0 393.0 337.0 393.0 337.0 386.0 356.0 386.0 Small_Car Vehicle 1
289.0 376.0 270.0 377.0 270.0 370.0 289.0 369.0 Van Vehicle 1
292.0 386.0 271.0 387.0 271.0 381.0 291.0 380.0 Small_Car Vehicle 1
265.0 376.0 245.0 376.0 245.0 370.0 265.0 370.0 Van Vehicle 1
291.0 367.0 270.0 367.0 269.0 360.0 291.0 360.0 Van Vehicle 1
296.0 357.0 276.0 358.0 275.0 352.0 296.0 351.0 Van Vehicle 1
292.0 348.0 271.0 348.0 271.0 342.0 292.0 342.0 Van Vehicle 1
293.0 338.0 271.0 338.0 271.0 331.0 293.0 331.0 Van Vehicle 1
264.0 338.0 242.0 338.0 242.0 332.0 264.0 332.0 Van Vehicle 1
267.0 358.0 246.0 357.0 246.0 351.0 267.0 351.0 Small_Car Vehicle 1
267.0 367.0 245.0 368.0 245.0 361.0 267.0 360.0 Small_Car Vehicle 1
207.0 404.0 187.0 406.0 187.0 398.0 206.0 397.0 Van Vehicle 1
205.0 395.0 186.0 396.0 186.0 390.0 205.0 389.0 Small_Car Vehicle 1
205.0 386.0 185.0 386.0 184.0 379.0 204.0 379.0 Van Vehicle 1
203.0 376.0 182.0 377.0 182.0 370.0 203.0 370.0 Van Vehicle 1
206.0 366.0 184.0 367.0 184.0 361.0 206.0 360.0 Van Vehicle 1
205.0 358.0 183.0 359.0 182.0 353.0 204.0 352.0 Van Vehicle 1
205.0 349.0 184.0 350.0 184.0 344.0 205.0 343.0 Small_Car Vehicle 1
204.0 339.0 182.0 340.0 182.0 334.0 204.0 332.0 Van Vehicle 1
204.0 330.0 183.0 331.0 183.0 325.0 204.0 324.0 Small_Car Vehicle 1
208.0 319.0 182.0 321.0 181.0 313.0 207.0 312.0 Van Vehicle 1
206.0 309.0 183.0 308.0 184.0 302.0 206.0 303.0 Van Vehicle 1
358.0 308.0 332.0 309.0 331.0 302.0 358.0 301.0 Van Vehicle 1
358.0 320.0 334.0 320.0 334.0 313.0 358.0 312.0 Dump_Truck Vehicle 1
357.0 329.0 337.0 330.0 337.0 323.0 357.0 322.0 Dump_Truck Vehicle 1
355.0 375.0 334.0 374.0 334.0 368.0 355.0 368.0 Van Vehicle 1
203.0 423.0 187.0 423.0 187.0 416.0 203.0 415.0 Small_Car Vehicle 1
208.0 425.0 207.0 432.0 185.0 431.0 185.0 424.0 Van Vehicle 1
205.0 441.0 187.0 441.0 186.0 434.0 205.0 434.0 Small_Car Vehicle 1
204.0 450.0 182.0 450.0 182.0 443.0 204.0 443.0 Van Vehicle 1
209.0 459.0 186.0 459.0 185.0 452.0 209.0 451.0 Van Vehicle 1
204.0 468.0 186.0 468.0 186.0 463.0 204.0 463.0 Van Vehicle 1
204.0 478.0 184.0 478.0 184.0 472.0 204.0 472.0 Van Vehicle 1
208.0 497.0 183.0 497.0 183.0 490.0 208.0 489.0 Van Vehicle 1
208.0 506.0 186.0 505.0 186.0 499.0 208.0 499.0 Small_Car Vehicle 1
204.0 515.0 185.0 515.0 185.0 508.0 203.0 508.0 Small_Car Vehicle 1
205.0 523.0 184.0 524.0 184.0 517.0 205.0 516.0 Small_Car Vehicle 1
206.0 532.0 184.0 532.0 184.0 526.0 206.0 526.0 Small_Car Vehicle 1
204.0 541.0 186.0 542.0 186.0 535.0 204.0 535.0 Van Vehicle 1
205.0 550.0 184.0 551.0 184.0 545.0 204.0 544.0 Small_Car Vehicle 1
206.0 579.0 186.0 579.0 186.0 573.0 206.0 572.0 Small_Car Vehicle 1
207.0 597.0 184.0 597.0 184.0 591.0 207.0 590.0 Van Vehicle 1
213.0 608.0 186.0 607.0 186.0 600.0 213.0 601.0 Dump_Truck Vehicle 1
212.0 639.0 189.0 639.0 189.0 632.0 212.0 632.0 Van Vehicle 1
