795.0 147.0 788.0 163.0 779.0 159.0 787.0 143.0 Small_Car Vehicle 1
724.0 126.0 720.0 142.0 710.0 139.0 714.0 124.0 Small_Car Vehicle 1
700.0 119.0 698.0 135.0 687.0 134.0 689.0 118.0 Van Vehicle 1
915.0 126.0 914.0 137.0 862.0 133.0 862.0 122.0 Cargo_Truck Vehicle 1
752.0 134.0 747.0 151.0 737.0 148.0 743.0 131.0 Van Vehicle 1
652.0 103.0 645.0 119.0 635.0 115.0 642.0 99.0 Van Vehicle 1
630.0 97.0 626.0 113.0 617.0 110.0 621.0 95.0 Van Vehicle 1
619.0 93.0 613.0 108.0 605.0 105.0 610.0 90.0 Small_Car Vehicle 1
609.0 90.0 603.0 107.0 594.0 104.0 600.0 87.0 Small_Car Vehicle 1
587.0 83.0 582.0 97.0 574.0 94.0 580.0 80.0 Small_Car Vehicle 1
568.0 77.0 560.0 94.0 551.0 90.0 560.0 73.0 Small_Car Vehicle 1
526.0 62.0 520.0 81.0 511.0 78.0 517.0 59.0 Dump_Truck Vehicle 1
377.0 20.0 372.0 35.0 364.0 32.0 369.0 18.0 Small_Car Vehicle 1
575.0 246.0 527.0 245.0 527.0 163.0 575.0 164.0 Tennis_Court Court 1
516.0 163.0 515.0 244.0 468.0 244.0 468.0 164.0 Tennis_Court Court 1
456.0 164.0 455.0 246.0 409.0 245.0 410.0 164.0 Tennis_Court Court 1
396.0 245.0 349.0 245.0 350.0 164.0 396.0 163.0 Tennis_Court Court 1
338.0 164.0 337.0 246.0 289.0 246.0 291.0 164.0 Tennis_Court Court 1
278.0 245.0 229.0 245.0 231.0 163.0 278.0 164.0 Tennis_Court Court 1
