588.0 114.0 568.0 116.0 567.0 109.0 587.0 107.0 Dump_Truck Vehicle 1
261.0 99.0 246.0 100.0 243.0 69.0 257.0 67.0 Van Vehicle 1
92.0 387.0 75.0 387.0 75.0 380.0 91.0 380.0 Small_Car Vehicle 1
95.0 396.0 75.0 397.0 75.0 391.0 95.0 390.0 Small_Car Vehicle 1
68.0 409.0 52.0 410.0 52.0 403.0 68.0 402.0 Van Vehicle 1
205.0 384.0 180.0 386.0 179.0 377.0 205.0 375.0 Dump_Truck Vehicle 1
531.0 281.0 521.0 281.0 520.0 265.0 530.0 264.0 Cargo_Truck Vehicle 1
595.0 394.0 575.0 395.0 575.0 387.0 594.0 386.0 Small_Car Vehicle 1
154.0 718.0 147.0 719.0 145.0 701.0 153.0 700.0 Small_Car Vehicle 1
168.0 717.0 160.0 718.0 157.0 702.0 165.0 700.0 Small_Car Vehicle 1
209.0 667.0 203.0 671.0 192.0 654.0 198.0 650.0 Dump_Truck Vehicle 1
234.0 588.0 209.0 588.0 209.0 580.0 233.0 580.0 Dump_Truck Vehicle 1
283.0 623.0 281.0 633.0 246.0 625.0 249.0 614.0 Dump_Truck Vehicle 1
71.0 615.0 64.0 616.0 61.0 602.0 69.0 601.0 Van Vehicle 1
85.0 620.0 75.0 621.0 73.0 599.0 83.0 598.0 Dump_Truck Vehicle 1
