121.0 743.0 99.0 743.0 99.0 735.0 121.0 735.0 Dump_Truck Vehicle 1
115.0 751.0 96.0 751.0 96.0 744.0 115.0 743.0 Small_Car Vehicle 1
17.0 811.0 14.0 816.0 3.0 809.0 6.0 804.0 Van Vehicle 1
24.0 804.0 20.0 810.0 5.0 799.0 9.0 793.0 Small_Car Vehicle 1
38.0 789.0 34.0 796.0 16.0 785.0 21.0 778.0 Small_Car Vehicle 1
262.0 647.0 250.0 660.0 243.0 655.0 255.0 641.0 Van Vehicle 1
270.0 651.0 259.0 664.0 253.0 658.0 263.0 646.0 Small_Car Vehicle 1
279.0 655.0 268.0 667.0 262.0 662.0 273.0 650.0 Dump_Truck Vehicle 1
290.0 661.0 277.0 674.0 270.0 668.0 283.0 655.0 Small_Car Vehicle 1
307.0 671.0 297.0 684.0 290.0 679.0 300.0 666.0 Small_Car Vehicle 1
337.0 681.0 325.0 697.0 318.0 692.0 331.0 676.0 Small_Car Vehicle 1
354.0 693.0 343.0 706.0 337.0 701.0 347.0 687.0 Van Vehicle 1
374.0 699.0 361.0 718.0 354.0 712.0 367.0 694.0 Dump_Truck Vehicle 1
409.0 721.0 399.0 736.0 391.0 732.0 401.0 716.0 Van Vehicle 1
261.0 699.0 250.0 712.0 245.0 707.0 256.0 695.0 Van Vehicle 1
258.0 720.0 246.0 733.0 240.0 728.0 251.0 714.0 Van Vehicle 1
287.0 732.0 276.0 746.0 268.0 740.0 279.0 726.0 Van Vehicle 1
233.0 754.0 222.0 768.0 214.0 762.0 225.0 748.0 Cargo_Truck Vehicle 1
306.0 861.0 302.0 868.0 285.0 858.0 289.0 851.0 Van Vehicle 1
421.0 778.0 409.0 792.0 402.0 786.0 413.0 772.0 Van Vehicle 1
323.0 905.0 314.0 919.0 307.0 914.0 316.0 900.0 Van Vehicle 1
333.0 909.0 323.0 922.0 317.0 918.0 326.0 904.0 Small_Car Vehicle 1
345.0 913.0 332.0 928.0 326.0 922.0 338.0 907.0 Small_Car Vehicle 1
298.0 994.0 294.0 1000.0 280.0 990.0 283.0 985.0 Van Vehicle 1
411.0 947.0 407.0 954.0 385.0 942.0 390.0 935.0 Small_Car Vehicle 1
431.0 937.0 426.0 945.0 404.0 931.0 409.0 923.0 Van Vehicle 1
449.0 916.0 445.0 923.0 426.0 913.0 430.0 905.0 Van Vehicle 1
460.0 900.0 456.0 907.0 440.0 898.0 444.0 892.0 Van Vehicle 1
619.0 845.0 496.0 864.0 484.0 812.0 606.0 793.0 Basketball_Court Court 1
633.0 906.0 511.0 926.0 498.0 874.0 623.0 857.0 Basketball_Court Court 1
