776.0 961.0 748.0 972.0 744.0 962.0 772.0 951.0 Dump_Truck Vehicle 1
697.188721 1002.660461 691.0 981.000061 703.811279 977.339661 710.0 999.000061 Dump_Truck Vehicle 1
706.0 711.0 697.0 716.0 686.0 696.0 695.0 691.0 Van Vehicle 1
818.0 678.0 808.0 686.0 791.0 666.0 801.0 658.0 Cargo_Truck Vehicle 1
844.0 697.0 835.0 703.0 824.0 686.0 833.0 681.0 Small_Car Vehicle 1
861.0 685.0 851.0 693.0 839.0 677.0 849.0 669.0 Small_Car Vehicle 1
850.0 667.0 837.0 675.0 824.0 655.0 836.0 646.0 Small_Car Vehicle 1
934.0 679.0 907.0 693.0 903.0 684.0 930.0 670.0 Small_Car Vehicle 1
995.400208 677.200012 973.000183 666.000061 978.000183 656.000061 1000.400208 667.200012 Dump_Truck Vehicle 1
685.0 743.0 671.0 751.0 666.0 742.0 680.0 735.0 Van Vehicle 1
916.0 579.0 904.0 586.0 900.0 579.0 911.0 572.0 other-vehicle Vehicle 1
