954.0 372.0 788.0 268.0 766.0 303.0 932.0 407.0 Dry_Cargo_Ship Ship 1
945.0 456.0 842.0 427.0 836.0 446.0 939.0 476.0 Dry_Cargo_Ship Ship 1
318.0 508.0 361.0 529.0 367.0 516.0 324.0 495.0 Motorboat Ship 1
328.0 494.0 369.0 516.0 376.0 503.0 335.0 482.0 Motorboat Ship 1
345.0 475.0 383.0 494.0 390.0 482.0 351.0 462.0 Motorboat Ship 1
413.0 473.0 550.0 403.0 530.0 363.0 392.0 434.0 Engineering_Ship Ship 1
638.0 384.0 662.0 391.0 664.0 384.0 641.0 377.0 Motorboat Ship 1
716.0 416.0 732.0 366.0 709.0 358.0 692.0 408.0 Passenger_Ship Ship 1
734.0 424.0 743.0 402.0 733.0 398.0 723.0 420.0 Motorboat Ship 1
976.0 449.0 944.0 434.0 939.0 445.0 971.0 460.0 Tugboat Ship 1
342.0 687.0 370.0 681.0 353.0 600.0 324.0 606.0 Engineering_Ship Ship 1
335.0 688.0 315.0 565.0 279.0 571.0 299.0 694.0 Dry_Cargo_Ship Ship 1
104.0 1034.0 365.0 939.0 349.0 895.0 88.0 990.0 Bridge Road 1
