39.0 218.0 17.0 219.0 17.0 212.0 39.0 210.0 Van Vehicle 1
81.0 212.0 64.0 213.0 63.0 207.0 81.0 206.0 Van Vehicle 1
181.0 204.0 161.0 204.0 161.0 199.0 181.0 198.0 Small_Car Vehicle 1
228.0 202.0 211.0 202.0 210.0 195.0 228.0 195.0 Van Vehicle 1
276.0 196.0 258.0 198.0 258.0 192.0 276.0 191.0 Small_Car Vehicle 1
305.0 193.0 285.0 195.0 284.0 188.0 305.0 186.0 Dump_Truck Vehicle 1
485.0 177.0 465.0 179.0 464.0 172.0 484.0 170.0 Van Vehicle 1
513.0 175.0 493.0 176.0 493.0 169.0 512.0 168.0 Small_Car Vehicle 1
571.0 204.0 553.0 204.0 553.0 197.0 571.0 197.0 Van Vehicle 1
550.0 205.0 530.0 206.0 529.0 199.0 549.0 198.0 Van Vehicle 1
276.0 230.0 258.0 230.0 257.0 223.0 276.0 223.0 Van Vehicle 1
186.0 237.0 167.0 237.0 167.0 231.0 186.0 231.0 Small_Car Vehicle 1
127.0 244.0 108.0 243.0 108.0 236.0 127.0 236.0 Van Vehicle 1
146.0 240.0 129.0 241.0 129.0 235.0 146.0 234.0 Small_Car Vehicle 1
85.0 248.0 69.0 248.0 69.0 241.0 85.0 241.0 Small_Car Vehicle 1
51.0 560.0 27.0 561.0 27.0 553.0 50.0 552.0 Van Vehicle 1
292.0 546.0 273.0 546.0 273.0 539.0 292.0 538.0 Van Vehicle 1
314.0 544.0 295.0 545.0 295.0 538.0 314.0 537.0 Small_Car Vehicle 1
475.0 535.0 457.0 536.0 457.0 528.0 475.0 527.0 Small_Car Vehicle 1
521.0 533.0 503.0 533.0 503.0 526.0 521.0 525.0 Van Vehicle 1
535.0 566.0 517.0 566.0 516.0 558.0 535.0 558.0 Van Vehicle 1
508.0 566.0 488.0 568.0 487.0 561.0 508.0 560.0 Small_Car Vehicle 1
480.0 569.0 460.0 568.0 460.0 561.0 480.0 561.0 Van Vehicle 1
445.0 570.0 425.0 570.0 426.0 562.0 445.0 563.0 Van Vehicle 1
39.0 592.0 18.0 593.0 18.0 585.0 39.0 584.0 Small_Car Vehicle 1
54.0 127.0 53.0 144.0 46.0 144.0 46.0 127.0 Van Vehicle 1
204.0 63.0 188.0 64.0 188.0 56.0 204.0 55.0 Van Vehicle 1
233.0 63.0 212.0 64.0 212.0 56.0 233.0 56.0 Small_Car Vehicle 1
206.0 71.0 190.0 72.0 190.0 65.0 206.0 65.0 Van Vehicle 1
262.0 82.0 253.0 82.0 253.0 67.0 261.0 66.0 Van Vehicle 1
308.0 29.0 287.0 29.0 287.0 21.0 308.0 21.0 Small_Car Vehicle 1
326.0 31.0 319.0 31.0 319.0 16.0 326.0 16.0 Van Vehicle 1
337.0 33.0 329.0 33.0 329.0 14.0 337.0 14.0 Small_Car Vehicle 1
349.0 33.0 341.0 34.0 340.0 17.0 347.0 16.0 Small_Car Vehicle 1
211.0 40.0 194.0 46.0 191.0 40.0 209.0 34.0 Van Vehicle 1
223.0 37.0 217.0 51.0 211.0 48.0 217.0 34.0 Small_Car Vehicle 1
185.0 45.0 167.0 46.0 167.0 39.0 184.0 38.0 Dump_Truck Vehicle 1
371.0 23.0 363.0 23.0 363.0 7.0 371.0 7.0 Van Vehicle 1
368.0 102.0 361.0 102.0 361.0 86.0 368.0 86.0 Van Vehicle 1
386.0 128.0 378.0 128.0 378.0 112.0 386.0 112.0 Small_Car Vehicle 1
400.0 116.0 399.0 136.0 390.0 135.0 391.0 116.0 Small_Car Vehicle 1
399.0 103.0 392.0 103.0 392.0 90.0 399.0 89.0 Van Vehicle 1
400.0 88.0 392.0 89.0 392.0 71.0 399.0 71.0 Small_Car Vehicle 1
431.0 93.0 414.0 101.0 411.0 95.0 428.0 86.0 Small_Car Vehicle 1
400.0 51.0 392.0 50.0 393.0 34.0 400.0 34.0 Small_Car Vehicle 1
574.0 8.0 573.0 14.0 556.0 13.0 557.0 6.0 Small_Car Vehicle 1
576.0 148.0 569.0 148.0 569.0 134.0 576.0 134.0 Small_Car Vehicle 1
21.0 384.0 16.0 400.0 10.0 398.0 15.0 382.0 Small_Car Vehicle 1
29.0 400.0 23.0 400.0 22.0 386.0 29.0 386.0 Small_Car Vehicle 1
40.0 398.0 32.0 398.0 33.0 382.0 40.0 382.0 Van Vehicle 1
51.0 399.0 43.0 398.0 43.0 383.0 51.0 383.0 Small_Car Vehicle 1
166.0 365.0 158.0 366.0 157.0 351.0 164.0 350.0 Van Vehicle 1
176.0 367.0 168.0 367.0 168.0 351.0 176.0 351.0 Van Vehicle 1
234.0 361.0 226.0 361.0 225.0 344.0 233.0 344.0 Dump_Truck Vehicle 1
246.0 360.0 239.0 360.0 239.0 345.0 245.0 345.0 Small_Car Vehicle 1
291.0 309.0 284.0 328.0 277.0 325.0 284.0 306.0 Van Vehicle 1
313.0 244.0 311.0 259.0 304.0 259.0 305.0 244.0 Small_Car Vehicle 1
347.0 330.0 328.0 330.0 329.0 323.0 347.0 323.0 Van Vehicle 1
345.0 342.0 326.0 342.0 326.0 335.0 345.0 335.0 Small_Car Vehicle 1
311.0 393.0 294.0 393.0 294.0 387.0 311.0 387.0 Small_Car Vehicle 1
284.0 394.0 266.0 394.0 266.0 388.0 284.0 388.0 Small_Car Vehicle 1
324.0 450.0 304.0 451.0 304.0 444.0 324.0 443.0 Small_Car Vehicle 1
339.0 467.0 332.0 467.0 332.0 451.0 339.0 450.0 Van Vehicle 1
329.0 517.0 320.0 518.0 319.0 498.0 328.0 498.0 Small_Car Vehicle 1
285.0 444.0 265.0 445.0 265.0 438.0 285.0 437.0 Van Vehicle 1
71.0 427.0 65.0 427.0 64.0 412.0 71.0 412.0 Van Vehicle 1
48.0 459.0 32.0 457.0 33.0 451.0 48.0 452.0 Small_Car Vehicle 1
48.0 466.0 33.0 465.0 33.0 459.0 48.0 460.0 Small_Car Vehicle 1
17.0 416.0 15.0 433.0 7.0 432.0 9.0 415.0 Small_Car Vehicle 1
21.0 625.0 14.0 625.0 14.0 616.0 21.0 615.0 Van Vehicle 1
425.0 654.0 418.0 654.0 418.0 639.0 425.0 639.0 Van Vehicle 1
453.0 652.0 445.0 652.0 443.0 637.0 451.0 636.0 Van Vehicle 1
484.0 649.0 476.0 649.0 476.0 634.0 484.0 634.0 Van Vehicle 1
429.0 611.0 422.0 611.0 422.0 601.0 429.0 601.0 Small_Car Vehicle 1
473.0 602.0 465.0 603.0 464.0 590.0 472.0 589.0 Van Vehicle 1
540.0 594.0 533.0 594.0 532.0 579.0 539.0 579.0 Small_Car Vehicle 1
367.0 316.0 360.0 316.0 360.0 302.0 367.0 302.0 Small_Car Vehicle 1
395.0 310.0 388.0 311.0 388.0 295.0 395.0 295.0 Van Vehicle 1
396.0 336.0 395.0 354.0 386.0 353.0 388.0 335.0 Dump_Truck Vehicle 1
367.0 373.0 358.0 372.0 358.0 356.0 367.0 356.0 Van Vehicle 1
365.0 412.0 358.0 412.0 358.0 397.0 365.0 397.0 Van Vehicle 1
366.0 432.0 356.0 432.0 356.0 416.0 366.0 416.0 Van Vehicle 1
365.0 469.0 358.0 469.0 356.0 453.0 364.0 453.0 Dump_Truck Vehicle 1
434.0 434.0 428.0 434.0 427.0 423.0 433.0 423.0 Small_Car Vehicle 1
428.0 318.0 427.0 324.0 412.0 323.0 412.0 317.0 Van Vehicle 1
426.0 328.0 425.0 336.0 408.0 332.0 409.0 325.0 Van Vehicle 1
482.0 286.0 475.0 286.0 475.0 271.0 482.0 271.0 Small_Car Vehicle 1
483.0 304.0 475.0 304.0 475.0 287.0 482.0 287.0 Small_Car Vehicle 1
481.0 330.0 473.0 330.0 473.0 313.0 481.0 313.0 Small_Car Vehicle 1
493.0 344.0 483.0 344.0 483.0 322.0 493.0 322.0 Dump_Truck Vehicle 1
555.0 333.0 536.0 333.0 536.0 326.0 555.0 326.0 Small_Car Vehicle 1
553.0 341.0 535.0 341.0 535.0 335.0 553.0 335.0 Small_Car Vehicle 1
562.0 346.0 546.0 359.0 541.0 353.0 557.0 340.0 Small_Car Vehicle 1
575.0 359.0 568.0 359.0 566.0 345.0 574.0 345.0 Van Vehicle 1
586.0 358.0 579.0 359.0 578.0 343.0 585.0 343.0 Van Vehicle 1
596.0 357.0 589.0 357.0 589.0 343.0 596.0 343.0 Van Vehicle 1
572.0 384.0 551.0 383.0 551.0 376.0 572.0 377.0 Small_Car Vehicle 1
571.0 401.0 553.0 401.0 553.0 395.0 571.0 394.0 Small_Car Vehicle 1
414.0 217.0 350.0 222.0 346.0 182.0 411.0 177.0 Intersection Road 1
