257.0 336.0 223.0 287.0 182.0 315.0 217.0 364.0 other-airplane Airplane 1
342.0 280.0 296.0 222.0 236.0 271.0 282.0 329.0 A330 Airplane 1
459.0 171.0 432.0 136.0 403.0 157.0 430.0 194.0 other-airplane Airplane 1
101.0 463.0 69.0 423.0 32.0 452.0 63.0 492.0 A220 Airplane 1
413.0 723.0 361.0 660.0 298.0 711.0 348.0 775.0 Boeing747 Airplane 1
540.0 622.0 500.0 570.0 451.0 607.0 492.0 660.0 other-airplane Airplane 1
619.0 561.0 573.0 500.0 513.0 545.0 559.0 605.0 Boeing787 Airplane 1
169.0 921.0 117.0 855.0 53.0 905.0 107.0 971.0 Boeing747 Airplane 1
242.0 862.0 190.0 795.0 126.0 845.0 178.0 912.0 Boeing747 Airplane 1
918.0 251.0 894.0 220.0 913.0 205.0 937.0 236.0 Basketball_Court Court 1
936.0 237.0 912.0 206.0 931.0 191.0 955.0 221.0 Basketball_Court Court 1
