66.0 84.0 73.0 95.0 75.0 94.0 70.0 79.0 Motorboat Ship 1
100.0 120.0 82.0 104.0 77.0 104.0 95.0 125.0 Motorboat Ship 1
99.0 126.0 101.0 129.0 103.0 129.0 100.0 120.0 Motorboat Ship 1
104.0 135.0 117.0 145.0 120.0 145.0 108.0 129.0 Motorboat Ship 1
114.0 153.0 141.0 187.0 146.0 179.0 119.0 145.0 other-ship Ship 1
243.0 361.0 300.0 453.0 315.0 445.0 252.0 352.0 Warship Ship 1
364.0 562.0 316.0 487.0 300.0 495.0 350.0 570.0 Warship Ship 1
408.0 595.0 322.0 454.0 300.0 468.0 393.0 604.0 Warship Ship 1
517.0 762.0 425.0 626.0 405.0 637.0 497.0 775.0 Warship Ship 1
496.0 779.0 406.0 637.0 391.0 652.0 475.0 792.0 Warship Ship 1
564.0 845.0 525.0 787.0 500.0 804.0 541.0 861.0 Tugboat Ship 1
539.0 861.0 500.0 801.0 475.0 817.0 515.0 876.0 Tugboat Ship 1
577.0 950.0 553.0 910.0 544.0 917.0 568.0 954.0 Tugboat Ship 1
628.0 987.0 569.0 887.0 550.0 902.0 616.0 1000.0 Warship Ship 1
650.0 979.0 580.0 877.0 568.0 887.0 630.0 992.0 Warship Ship 1
172.0 809.0 156.0 762.0 150.0 762.0 164.0 811.0 Fishing_Boat Ship 1
204.0 877.0 191.0 829.0 179.0 829.0 200.0 879.0 Fishing_Boat Ship 1
103.0 895.0 102.0 851.0 97.0 851.0 99.0 895.0 Fishing_Boat Ship 1
613.0 429.0 623.0 420.0 600.0 402.0 592.0 412.0 Basketball_Court Court 1
588.0 461.0 600.0 445.0 575.0 420.0 564.0 436.0 Basketball_Court Court 1
647.0 471.0 659.0 460.0 639.0 434.0 624.0 445.0 Basketball_Court Court 1
213.0 995.0 200.0 960.0 192.0 962.0 202.0 1000.0 Fishing_Boat Ship 1
614.0 503.0 625.0 493.0 606.0 472.0 598.0 484.0 Tennis_Court Court 1
628.0 487.0 641.0 477.0 624.0 456.0 614.0 468.0 Tennis_Court Court 1
502.0 425.0 551.0 370.0 450.0 263.0 400.0 318.0 Football_Field Court 1
225.0 36.0 230.0 15.0 241.0 18.0 234.0 38.0 Bridge Road 1
302.0 87.0 319.0 50.0 335.0 56.0 320.0 95.0 Bridge Road 1
769.0 72.0 769.0 39.0 807.0 39.0 807.0 72.0 Intersection Road 1
