106.0 314.0 63.0 316.0 60.0 270.0 103.0 268.0 A220 Airplane 1
318.0 316.0 276.0 318.0 275.0 274.0 316.0 273.0 A220 Airplane 1
323.0 370.0 277.0 371.0 277.0 326.0 323.0 326.0 A220 Airplane 1
332.0 431.0 277.0 432.0 276.0 389.0 331.0 387.0 other-airplane Airplane 1
329.0 492.0 283.0 493.0 282.0 449.0 328.0 448.0 A220 Airplane 1
325.0 607.0 284.0 607.0 284.0 565.0 325.0 565.0 other-airplane Airplane 1
309.0 681.0 268.0 682.0 267.0 639.0 309.0 639.0 other-airplane Airplane 1
331.0 745.0 289.0 747.0 287.0 704.0 330.0 702.0 other-airplane Airplane 1
335.0 798.0 293.0 799.0 292.0 756.0 334.0 755.0 other-airplane Airplane 1
519.0 159.0 444.0 162.0 440.0 85.0 516.0 81.0 Boeing787 Airplane 1
