944.0 992.0 915.0 991.0 915.0 983.0 944.0 984.0 Dump_Truck Vehicle 1
1000.0 883.0 974.0 883.0 974.0 875.0 1000.0 875.0 Van Vehicle 1
839.0 832.0 838.0 841.0 810.0 840.0 810.0 831.0 Small_Car Vehicle 1
745.0 863.0 720.0 863.0 720.0 855.0 745.0 855.0 Van Vehicle 1
741.0 879.0 716.0 879.0 716.0 872.0 741.0 872.0 Van Vehicle 1
822.0 949.0 799.0 949.0 799.0 942.0 822.0 942.0 Van Vehicle 1
832.0 990.0 810.0 990.0 810.0 983.0 832.0 983.0 Small_Car Vehicle 1
742.0 934.0 721.0 934.0 721.0 928.0 742.0 928.0 Van Vehicle 1
692.0 989.0 672.0 989.0 672.0 983.0 692.0 983.0 Small_Car Vehicle 1
557.0 870.0 556.0 879.0 522.0 879.0 522.0 870.0 Dump_Truck Vehicle 1
563.0 862.0 539.0 863.0 539.0 856.0 562.0 855.0 Van Vehicle 1
617.0 951.0 599.0 951.0 598.0 944.0 617.0 944.0 Van Vehicle 1
467.0 986.0 446.0 986.0 446.0 979.0 467.0 979.0 Small_Car Vehicle 1
369.0 933.0 353.0 932.0 353.0 926.0 369.0 926.0 Small_Car Vehicle 1
472.0 850.0 442.0 850.0 442.0 840.0 472.0 840.0 Van Vehicle 1
361.0 878.0 338.0 878.0 338.0 870.0 361.0 870.0 Small_Car Vehicle 1
361.0 860.0 336.0 861.0 336.0 853.0 361.0 853.0 Small_Car Vehicle 1
294.0 939.0 274.0 938.0 274.0 932.0 294.0 932.0 Van Vehicle 1
203.0 982.0 184.0 982.0 184.0 975.0 203.0 975.0 Van Vehicle 1
158.0 932.0 136.0 933.0 136.0 925.0 158.0 925.0 Small_Car Vehicle 1
154.0 959.0 130.0 959.0 130.0 951.0 154.0 952.0 Dump_Truck Vehicle 1
70.0 944.0 50.0 944.0 50.0 938.0 70.0 938.0 Van Vehicle 1
178.0 495.0 172.0 503.0 156.0 492.0 162.0 483.0 Small_Car Vehicle 1
79.0 464.0 62.0 474.0 58.0 467.0 75.0 457.0 Van Vehicle 1
484.0 611.0 469.0 632.0 460.0 625.0 474.0 604.0 Dump_Truck Vehicle 1
721.0 615.0 720.0 631.0 711.0 630.0 713.0 614.0 Small_Car Vehicle 1
842.0 614.0 836.0 626.0 828.0 623.0 835.0 610.0 Van Vehicle 1
501.0 484.0 499.0 500.0 490.0 499.0 492.0 483.0 Small_Car Vehicle 1
633.0 498.0 625.0 498.0 625.0 481.0 633.0 481.0 Small_Car Vehicle 1
660.0 500.0 651.0 500.0 651.0 481.0 660.0 481.0 Dump_Truck Vehicle 1
1000.0 324.0 979.0 324.0 979.0 317.0 1000.0 317.0 Van Vehicle 1
982.0 347.0 981.0 354.0 961.0 353.0 961.0 346.0 Small_Car Vehicle 1
843.0 321.0 842.0 327.0 820.0 327.0 821.0 321.0 Small_Car Vehicle 1
904.0 328.0 881.0 327.0 882.0 319.0 904.0 320.0 Van Vehicle 1
728.0 312.0 704.0 312.0 704.0 304.0 728.0 304.0 Small_Car Vehicle 1
723.0 352.0 701.0 353.0 701.0 345.0 723.0 345.0 Van Vehicle 1
703.0 361.0 702.0 368.0 683.0 368.0 683.0 361.0 Van Vehicle 1
623.0 366.0 603.0 366.0 603.0 360.0 623.0 360.0 Van Vehicle 1
517.0 366.0 496.0 366.0 496.0 360.0 517.0 360.0 Van Vehicle 1
577.0 352.0 560.0 351.0 560.0 346.0 577.0 346.0 Van Vehicle 1
501.0 352.0 479.0 352.0 479.0 345.0 501.0 344.0 Van Vehicle 1
422.0 353.0 401.0 353.0 401.0 345.0 422.0 345.0 Small_Car Vehicle 1
349.0 365.0 327.0 364.0 327.0 357.0 349.0 357.0 Small_Car Vehicle 1
322.0 353.0 294.0 353.0 294.0 344.0 322.0 344.0 Dump_Truck Vehicle 1
328.0 325.0 304.0 325.0 304.0 318.0 328.0 318.0 Van Vehicle 1
152.0 366.0 100.0 366.0 100.0 356.0 152.0 356.0 Cargo_Truck Vehicle 1
164.0 353.0 143.0 353.0 143.0 345.0 164.0 345.0 Small_Car Vehicle 1
821.0 13.0 800.0 13.0 800.0 6.0 821.0 6.0 Small_Car Vehicle 1
305.0 141.0 304.0 148.0 285.0 146.0 286.0 139.0 Small_Car Vehicle 1
398.0 152.0 383.0 152.0 383.0 145.0 398.0 145.0 Small_Car Vehicle 1
167.0 848.0 71.0 848.0 72.0 836.0 167.0 836.0 Cargo_Truck Vehicle 1
206.0 861.0 184.0 860.0 184.0 854.0 206.0 854.0 Small_Car Vehicle 1
242.0 874.0 219.0 875.0 219.0 868.0 242.0 868.0 Van Vehicle 1
331.0 147.0 330.0 155.0 305.0 151.0 306.0 143.0 Dump_Truck Vehicle 1
