120.0 45.0 97.0 45.0 98.0 37.0 120.0 38.0 Van Vehicle 1
14.0 486.0 13.0 503.0 3.0 503.0 5.0 486.0 Van Vehicle 1
14.0 437.0 13.0 453.0 4.0 452.0 5.0 437.0 Small_Car Vehicle 1
12.0 510.0 11.0 528.0 3.0 527.0 4.0 510.0 Van Vehicle 1
29.0 559.0 18.0 559.0 18.0 541.0 28.0 541.0 Van Vehicle 1
63.0 532.0 51.0 533.0 50.0 513.0 62.0 513.0 Small_Car Vehicle 1
67.0 427.0 55.0 428.0 53.0 408.0 66.0 408.0 Small_Car Vehicle 1
66.0 392.0 53.0 393.0 53.0 375.0 66.0 374.0 Small_Car Vehicle 1
63.0 372.0 53.0 373.0 53.0 357.0 62.0 357.0 Small_Car Vehicle 1
68.0 278.0 59.0 278.0 59.0 261.0 68.0 261.0 Small_Car Vehicle 1
68.0 257.0 58.0 257.0 58.0 240.0 68.0 240.0 Small_Car Vehicle 1
15.0 266.0 5.0 266.0 5.0 255.0 15.0 255.0 Small_Car Vehicle 1
105.0 305.0 82.0 306.0 82.0 300.0 104.0 299.0 Van Vehicle 1
128.0 301.0 103.0 302.0 103.0 293.0 128.0 292.0 Van Vehicle 1
154.0 301.0 128.0 300.0 128.0 293.0 154.0 294.0 Dump_Truck Vehicle 1
280.0 70.0 257.0 70.0 257.0 61.0 280.0 61.0 Small_Car Vehicle 1
344.0 100.0 335.0 101.0 334.0 86.0 344.0 86.0 Small_Car Vehicle 1
403.0 183.0 394.0 183.0 394.0 167.0 403.0 167.0 Small_Car Vehicle 1
435.0 215.0 427.0 216.0 426.0 200.0 434.0 200.0 Van Vehicle 1
404.0 203.0 394.0 204.0 394.0 187.0 404.0 187.0 Van Vehicle 1
404.0 254.0 403.0 273.0 392.0 272.0 393.0 254.0 Small_Car Vehicle 1
125.0 289.0 103.0 290.0 103.0 281.0 125.0 281.0 Van Vehicle 1
185.0 282.0 175.0 282.0 175.0 256.0 185.0 256.0 Dump_Truck Vehicle 1
285.0 286.0 263.0 287.0 263.0 280.0 285.0 279.0 Small_Car Vehicle 1
404.0 346.0 392.0 346.0 392.0 325.0 404.0 325.0 Small_Car Vehicle 1
403.0 368.0 402.0 391.0 390.0 391.0 391.0 368.0 Dump_Truck Vehicle 1
356.0 441.0 334.0 442.0 334.0 434.0 356.0 433.0 Dump_Truck Vehicle 1
433.0 568.0 422.0 568.0 421.0 549.0 433.0 549.0 Small_Car Vehicle 1
401.0 394.0 398.0 415.0 389.0 414.0 391.0 394.0 Small_Car Vehicle 1
434.0 471.0 422.0 471.0 422.0 453.0 433.0 452.0 Small_Car Vehicle 1
433.0 494.0 420.0 494.0 420.0 472.0 433.0 472.0 Van Vehicle 1
686.0 70.0 664.0 70.0 664.0 62.0 686.0 62.0 Van Vehicle 1
777.0 51.0 750.0 52.0 750.0 44.0 776.0 44.0 Van Vehicle 1
689.0 199.0 664.0 199.0 663.0 191.0 688.0 190.0 Small_Car Vehicle 1
733.0 192.0 709.0 191.0 710.0 182.0 733.0 183.0 Dump_Truck Vehicle 1
485.0 285.0 464.0 286.0 464.0 279.0 485.0 278.0 Small_Car Vehicle 1
747.0 234.0 726.0 236.0 725.0 230.0 746.0 228.0 Van Vehicle 1
784.0 470.0 772.0 471.0 771.0 450.0 783.0 449.0 Small_Car Vehicle 1
780.0 531.0 769.0 531.0 769.0 513.0 779.0 513.0 Dump_Truck Vehicle 1
743.0 444.0 719.0 445.0 718.0 436.0 742.0 435.0 Small_Car Vehicle 1
713.0 559.0 691.0 560.0 691.0 552.0 713.0 551.0 Small_Car Vehicle 1
70.0 73.0 7.0 74.0 7.0 35.0 68.0 34.0 Intersection Road 1
