44.0 428.0 41.0 434.0 24.0 424.0 27.0 418.0 Van Vehicle 1
41.0 385.0 38.0 390.0 28.0 384.0 31.0 379.0 Small_Car Vehicle 1
75.0 23.0 67.0 23.0 67.0 7.0 75.0 7.0 Van Vehicle 1
71.0 30.0 68.0 36.0 52.0 27.0 55.0 21.0 Small_Car Vehicle 1
42.0 72.0 36.0 76.0 25.0 63.0 31.0 59.0 Van Vehicle 1
43.0 112.0 34.0 127.0 26.0 123.0 35.0 108.0 Small_Car Vehicle 1
139.0 50.0 129.0 63.0 124.0 59.0 134.0 46.0 Van Vehicle 1
198.0 44.0 194.0 50.0 179.0 41.0 183.0 34.0 Small_Car Vehicle 1
244.0 52.0 241.0 58.0 225.0 50.0 228.0 44.0 Van Vehicle 1
330.0 92.0 326.0 98.0 311.0 89.0 314.0 83.0 Van Vehicle 1
370.0 125.0 367.0 132.0 351.0 122.0 355.0 116.0 Small_Car Vehicle 1
126.0 102.0 123.0 107.0 109.0 100.0 113.0 94.0 Small_Car Vehicle 1
77.0 184.0 72.0 189.0 59.0 176.0 64.0 172.0 Van Vehicle 1
286.0 332.0 280.0 337.0 271.0 326.0 277.0 321.0 Van Vehicle 1
187.0 385.0 186.0 401.0 177.0 400.0 179.0 385.0 Small_Car Vehicle 1
338.0 581.0 323.0 589.0 320.0 583.0 334.0 575.0 Small_Car Vehicle 1
331.0 576.0 315.0 584.0 311.0 577.0 327.0 569.0 Small_Car Vehicle 1
329.0 567.0 312.0 571.0 310.0 565.0 327.0 560.0 Small_Car Vehicle 1
481.0 585.0 455.0 585.0 455.0 578.0 481.0 578.0 Van Vehicle 1
582.0 583.0 564.0 583.0 564.0 576.0 582.0 576.0 Small_Car Vehicle 1
361.0 441.0 359.0 462.0 351.0 462.0 353.0 441.0 Small_Car Vehicle 1
438.0 441.0 437.0 448.0 419.0 445.0 419.0 439.0 Small_Car Vehicle 1
460.0 444.0 459.0 451.0 439.0 448.0 440.0 441.0 Small_Car Vehicle 1
417.0 349.0 415.0 365.0 407.0 364.0 410.0 348.0 Dump_Truck Vehicle 1
460.0 329.0 446.0 329.0 446.0 323.0 460.0 323.0 Van Vehicle 1
434.0 249.0 433.0 265.0 424.0 264.0 425.0 249.0 Small_Car Vehicle 1
396.0 220.0 395.0 237.0 387.0 237.0 388.0 219.0 Small_Car Vehicle 1
400.0 200.0 399.0 214.0 392.0 214.0 392.0 200.0 Van Vehicle 1
441.0 194.0 440.0 208.0 433.0 207.0 434.0 193.0 Small_Car Vehicle 1
444.0 172.0 443.0 187.0 436.0 186.0 438.0 171.0 Small_Car Vehicle 1
414.0 114.0 412.0 130.0 405.0 130.0 406.0 114.0 Small_Car Vehicle 1
490.0 93.0 474.0 91.0 474.0 85.0 490.0 87.0 Small_Car Vehicle 1
511.0 88.0 510.0 95.0 493.0 94.0 494.0 87.0 Small_Car Vehicle 1
502.0 32.0 501.0 38.0 488.0 36.0 489.0 30.0 Small_Car Vehicle 1
506.0 20.0 505.0 25.0 488.0 23.0 489.0 18.0 Van Vehicle 1
507.0 10.0 506.0 16.0 491.0 15.0 491.0 9.0 Van Vehicle 1
568.0 51.0 565.0 55.0 554.0 47.0 558.0 42.0 Van Vehicle 1
753.0 127.0 737.0 128.0 737.0 122.0 753.0 122.0 Small_Car Vehicle 1
754.0 138.0 736.0 138.0 736.0 131.0 754.0 131.0 Small_Car Vehicle 1
757.0 170.0 736.0 171.0 736.0 164.0 757.0 163.0 Small_Car Vehicle 1
493.0 243.0 476.0 242.0 476.0 237.0 493.0 237.0 Small_Car Vehicle 1
754.0 268.0 734.0 268.0 734.0 262.0 753.0 262.0 Small_Car Vehicle 1
750.0 305.0 732.0 306.0 732.0 300.0 750.0 299.0 Small_Car Vehicle 1
719.0 451.0 701.0 452.0 701.0 445.0 719.0 445.0 Van Vehicle 1
762.0 554.0 755.0 554.0 754.0 538.0 761.0 538.0 Van Vehicle 1
