319.0 228.0 371.0 206.0 353.0 166.0 301.0 188.0 A321 Airplane 1
348.0 291.0 398.0 270.0 381.0 230.0 331.0 251.0 A321 Airplane 1
373.0 357.0 424.0 332.0 406.0 293.0 354.0 317.0 A321 Airplane 1
745.0 285.0 705.0 304.0 717.0 331.0 758.0 312.0 other-airplane Airplane 1
800.0 395.0 760.0 415.0 780.0 454.0 820.0 434.0 A220 Airplane 1
824.0 443.0 779.0 465.0 799.0 504.0 843.0 483.0 A220 Airplane 1
9.0 779.0 -27.0 846.0 40.0 881.0 76.0 814.0 A330 Airplane 1
688.0 631.0 681.0 584.0 638.0 591.0 646.0 638.0 Boeing737 Airplane 1
492.0 586.0 540.0 600.0 551.0 558.0 504.0 545.0 A220 Airplane 1
436.0 616.0 456.0 659.0 496.0 641.0 477.0 598.0 A220 Airplane 1
371.0 634.0 339.0 679.0 374.0 703.0 406.0 659.0 A321 Airplane 1
598.0 810.0 583.0 775.0 548.0 790.0 563.0 825.0 other-airplane Airplane 1
496.0 847.0 486.0 824.0 463.0 834.0 473.0 857.0 other-airplane Airplane 1
463.0 869.0 447.0 836.0 414.0 851.0 430.0 885.0 other-airplane Airplane 1
