1000.0 785.0 990.0 785.0 991.0 770.0 1000.0 770.0 Van Vehicle 1
47.0 835.0 41.0 841.0 28.0 827.0 33.0 821.0 Van Vehicle 1
29.0 836.0 24.0 841.0 10.0 827.0 16.0 822.0 Van Vehicle 1
119.0 884.0 106.0 904.0 97.0 899.0 110.0 878.0 Dump_Truck Vehicle 1
5.0 887.0 -2.0 881.0 6.0 868.0 14.0 874.0 Van Vehicle 1
113.0 837.0 107.0 843.0 93.0 826.0 99.0 821.0 Van Vehicle 1
7.0 842.0 -5.0 826.0 0.0 821.0 14.0 836.0 Small_Car Vehicle 1
32.0 818.0 26.0 824.0 12.0 808.0 18.0 803.0 Van Vehicle 1
9.0 825.0 -1.0 814.0 4.0 808.0 15.0 819.0 Van Vehicle 1
12.0 718.0 -1.0 698.0 6.0 694.0 19.0 713.0 Dump_Truck Vehicle 1
35.0 687.0 34.0 706.0 25.0 706.0 26.0 687.0 Dump_Truck Vehicle 1
69.0 706.0 62.0 711.0 53.0 697.0 60.0 693.0 Small_Car Vehicle 1
7.0 729.0 -1.0 716.0 3.0 713.0 12.0 725.0 Van Vehicle 1
51.0 719.0 45.0 724.0 35.0 711.0 41.0 706.0 Van Vehicle 1
81.0 725.0 75.0 729.0 66.0 716.0 72.0 712.0 Van Vehicle 1
27.0 753.0 14.0 772.0 6.0 767.0 19.0 748.0 Dump_Truck Vehicle 1
41.0 772.0 31.0 787.0 23.0 783.0 33.0 767.0 Small_Car Vehicle 1
49.0 756.0 41.0 768.0 35.0 764.0 44.0 752.0 Van Vehicle 1
65.0 764.0 52.0 781.0 45.0 775.0 58.0 759.0 Dump_Truck Vehicle 1
95.0 755.0 84.0 774.0 76.0 768.0 87.0 750.0 Dump_Truck Vehicle 1
124.0 752.0 112.0 770.0 104.0 765.0 116.0 747.0 Dump_Truck Vehicle 1
145.0 756.0 136.0 770.0 129.0 766.0 139.0 752.0 Van Vehicle 1
18.0 951.0 12.0 955.0 3.0 943.0 9.0 939.0 Van Vehicle 1
35.0 952.0 27.0 957.0 16.0 943.0 24.0 937.0 Van Vehicle 1
47.0 938.0 41.0 942.0 29.0 926.0 36.0 921.0 Van Vehicle 1
86.0 952.0 77.0 957.0 66.0 941.0 75.0 935.0 Van Vehicle 1
130.0 932.0 122.0 938.0 110.0 923.0 118.0 916.0 Van Vehicle 1
430.0 568.0 401.0 574.0 399.0 564.0 428.0 559.0 Dump_Truck Vehicle 1
462.0 298.0 451.0 298.0 450.0 280.0 461.0 280.0 Small_Car Vehicle 1
556.0 220.0 534.0 221.0 534.0 213.0 556.0 212.0 Van Vehicle 1
156.0 131.0 147.0 132.0 147.0 115.0 156.0 115.0 Van Vehicle 1
210.0 116.0 209.0 131.0 201.0 131.0 201.0 116.0 Van Vehicle 1
602.0 141.0 593.0 142.0 592.0 127.0 601.0 126.0 Van Vehicle 1
951.0 231.0 949.0 239.0 929.0 234.0 931.0 226.0 Van Vehicle 1
989.0 200.0 981.0 200.0 981.0 183.0 989.0 183.0 Van Vehicle 1
841.0 619.0 832.0 620.0 831.0 607.0 840.0 607.0 Van Vehicle 1
835.0 702.0 816.0 702.0 816.0 695.0 835.0 694.0 Van Vehicle 1
834.0 713.0 812.0 713.0 812.0 706.0 834.0 706.0 Small_Car Vehicle 1
700.0 857.0 695.0 878.0 685.0 876.0 689.0 855.0 Dump_Truck Vehicle 1
939.0 908.0 919.0 908.0 919.0 902.0 939.0 902.0 Van Vehicle 1
946.0 898.0 919.0 900.0 918.0 893.0 946.0 891.0 Van Vehicle 1
949.0 889.0 918.0 890.0 918.0 882.0 949.0 880.0 Van Vehicle 1
896.0 925.0 887.0 925.0 887.0 909.0 896.0 909.0 Van Vehicle 1
