581.0 430.0 580.0 447.0 571.0 447.0 572.0 430.0 Small_Car Vehicle 1
374.0 418.0 372.0 438.0 359.0 437.0 361.0 417.0 Cargo_Truck Vehicle 1
991.0 69.0 981.0 74.0 973.0 57.0 982.0 52.0 Van Vehicle 1
844.0 143.0 834.0 151.0 820.0 133.0 830.0 125.0 Dump_Truck Vehicle 1
982.441101 308.26474 978.999939 301.000031 997.999939 292.000031 1001.441101 299.26474 Small_Car Vehicle 1
993.000183 379.000031 983.911926 363.852997 992.000183 359.000031 1001.08844 374.147064 Small_Car Vehicle 1
958.0 335.0 940.0 344.0 936.0 336.0 954.0 327.0 Small_Car Vehicle 1
968.0 351.0 952.0 359.0 949.0 353.0 965.0 345.0 Small_Car Vehicle 1
900.0 465.0 889.0 470.0 887.0 464.0 898.0 460.0 Small_Car Vehicle 1
821.0 496.0 804.0 503.0 801.0 497.0 818.0 489.0 Small_Car Vehicle 1
674.0 379.0 673.0 397.0 664.0 396.0 665.0 379.0 Small_Car Vehicle 1
626.0 429.0 625.0 448.0 615.0 447.0 615.0 428.0 Dump_Truck Vehicle 1
640.0 378.0 637.0 394.0 627.0 392.0 630.0 376.0 Small_Car Vehicle 1
600.0 384.0 598.0 402.0 587.0 401.0 590.0 382.0 Van Vehicle 1
583.0 375.0 582.0 393.0 572.0 392.0 573.0 375.0 Small_Car Vehicle 1
547.0 373.0 545.0 389.0 536.0 388.0 538.0 372.0 Small_Car Vehicle 1
461.0 370.0 460.0 385.0 452.0 384.0 453.0 369.0 Small_Car Vehicle 1
449.0 369.0 448.0 384.0 439.0 384.0 440.0 368.0 Small_Car Vehicle 1
423.0 365.0 422.0 381.0 413.0 381.0 414.0 365.0 Small_Car Vehicle 1
413.0 419.0 412.0 435.0 404.0 435.0 405.0 419.0 Small_Car Vehicle 1
355.0 361.0 354.0 379.0 345.0 378.0 346.0 361.0 Small_Car Vehicle 1
581.0 538.0 562.0 547.0 559.0 540.0 578.0 531.0 Small_Car Vehicle 1
557.0 550.0 544.0 564.0 538.0 558.0 552.0 545.0 Small_Car Vehicle 1
412.0 558.0 404.0 563.0 394.0 550.0 402.0 544.0 Van Vehicle 1
398.0 560.0 389.0 566.0 379.0 551.0 388.0 545.0 Small_Car Vehicle 1
410.0 618.0 404.0 624.0 392.0 611.0 398.0 605.0 Small_Car Vehicle 1
377.0 632.0 370.0 637.0 359.0 622.0 366.0 617.0 Small_Car Vehicle 1
368.0 570.0 362.0 575.0 350.0 559.0 356.0 555.0 Small_Car Vehicle 1
353.0 571.0 347.0 576.0 336.0 562.0 342.0 557.0 Small_Car Vehicle 1
344.0 577.0 337.0 582.0 327.0 568.0 335.0 563.0 Small_Car Vehicle 1
283.0 605.0 277.0 610.0 265.0 598.0 271.0 592.0 Dump_Truck Vehicle 1
355.0 643.0 348.0 648.0 339.0 634.0 345.0 629.0 Van Vehicle 1
237.0 678.0 220.0 689.0 216.0 683.0 233.0 671.0 Van Vehicle 1
219.0 664.0 203.0 675.0 199.0 670.0 215.0 658.0 Small_Car Vehicle 1
196.0 644.0 182.0 653.0 178.0 647.0 192.0 638.0 Small_Car Vehicle 1
188.0 636.0 172.0 647.0 167.0 640.0 183.0 629.0 Van Vehicle 1
180.0 629.0 166.0 640.0 161.0 633.0 176.0 623.0 Van Vehicle 1
173.0 620.0 158.0 630.0 155.0 624.0 169.0 615.0 Small_Car Vehicle 1
151.0 673.0 135.0 684.0 131.0 678.0 147.0 666.0 Small_Car Vehicle 1
132.0 658.0 116.0 669.0 112.0 663.0 128.0 652.0 Van Vehicle 1
128.0 650.0 110.0 661.0 106.0 654.0 125.0 644.0 Van Vehicle 1
84.0 644.0 34.0 675.0 29.0 666.0 78.0 635.0 Cargo_Truck Vehicle 1
157.0 807.0 143.0 817.0 139.0 812.0 154.0 801.0 Small_Car Vehicle 1
329.0 876.0 322.0 884.0 308.0 871.0 315.0 863.0 Small_Car Vehicle 1
303.0 889.0 297.0 894.0 285.0 881.0 291.0 876.0 Van Vehicle 1
295.0 896.0 288.0 902.0 274.0 887.0 281.0 881.0 Small_Car Vehicle 1
290.0 930.0 275.0 940.0 270.0 933.0 285.0 923.0 Small_Car Vehicle 1
264.999939 907.999878 249.999939 917.999878 245.999954 911.999878 260.999969 901.999878 Small_Car Vehicle 1
300.0 942.0 283.0 955.0 278.0 948.0 296.0 936.0 Van Vehicle 1
343.0 988.0 330.0 997.0 325.0 990.0 339.0 981.0 Small_Car Vehicle 1
