369.0 167.0 364.0 173.0 351.0 163.0 356.0 157.0 Dump_Truck Vehicle 1
456.0 276.0 454.0 284.0 439.0 280.0 441.0 272.0 Van Vehicle 1
421.0 246.0 417.0 252.0 406.0 242.0 410.0 237.0 Van Vehicle 1
503.0 175.0 499.0 180.0 486.0 172.0 490.0 166.0 Van Vehicle 1
710.0 117.0 706.0 123.0 694.0 114.0 698.0 108.0 Van Vehicle 1
678.0 208.0 672.0 214.0 660.0 202.0 666.0 196.0 Small_Car Vehicle 1
641.0 252.0 629.0 265.0 623.0 259.0 635.0 247.0 Van Vehicle 1
658.0 265.0 646.0 277.0 639.0 269.0 652.0 258.0 Van Vehicle 1
705.0 271.0 700.0 276.0 688.0 263.0 693.0 258.0 Small_Car Vehicle 1
37.0 941.0 32.0 946.0 18.0 935.0 22.0 929.0 Van Vehicle 1
122.0 978.0 109.0 991.0 103.0 985.0 116.0 971.0 Van Vehicle 1
72.0 933.0 56.0 948.0 50.0 941.0 66.0 926.0 Dump_Truck Vehicle 1
47.0 915.0 34.0 925.0 30.0 920.0 43.0 910.0 Van Vehicle 1
639.0 901.0 634.0 907.0 619.0 894.0 624.0 888.0 Small_Car Vehicle 1
631.0 906.0 625.0 913.0 609.0 899.0 615.0 892.0 Dump_Truck Vehicle 1
607.0 926.0 603.0 933.0 591.0 922.0 595.0 916.0 Van Vehicle 1
601.0 934.0 596.0 940.0 580.0 926.0 586.0 920.0 Dump_Truck Vehicle 1
593.0 939.0 587.0 946.0 573.0 935.0 580.0 928.0 Small_Car Vehicle 1
546.0 880.0 535.0 891.0 530.0 887.0 541.0 875.0 Van Vehicle 1
531.0 866.0 519.0 879.0 513.0 874.0 525.0 861.0 Van Vehicle 1
514.0 851.0 503.0 864.0 498.0 859.0 509.0 847.0 Van Vehicle 1
479.0 827.0 469.0 836.0 463.0 832.0 473.0 821.0 Small_Car Vehicle 1
93.0 546.0 87.0 552.0 76.0 540.0 81.0 534.0 Van Vehicle 1
116.0 565.0 110.0 573.0 94.0 558.0 101.0 552.0 Van Vehicle 1
225.0 637.0 216.0 652.0 208.0 647.0 217.0 632.0 Van Vehicle 1
318.0 635.0 302.0 650.0 296.0 643.0 312.0 629.0 Van Vehicle 1
246.0 580.0 232.0 593.0 227.0 587.0 241.0 575.0 Small_Car Vehicle 1
131.0 483.0 117.0 497.0 111.0 490.0 125.0 478.0 Van Vehicle 1
101.0 456.0 89.0 468.0 84.0 463.0 96.0 451.0 Van Vehicle 1
90.0 453.0 80.0 463.0 75.0 458.0 85.0 448.0 Van Vehicle 1
86.0 442.0 71.0 458.0 65.0 452.0 80.0 436.0 Dump_Truck Vehicle 1
32.0 210.0 21.0 222.0 15.0 217.0 27.0 205.0 Van Vehicle 1
25.0 202.0 13.0 212.0 8.0 207.0 20.0 196.0 Van Vehicle 1
20.0 192.0 9.0 204.0 4.0 199.0 15.0 187.0 Van Vehicle 1
19.0 168.0 16.0 172.0 5.0 163.0 9.0 158.0 Van Vehicle 1
34.0 154.0 30.0 159.0 18.0 149.0 22.0 144.0 Van Vehicle 1
115.0 15.0 109.0 10.0 121.0 -1.0 127.0 3.0 Small_Car Vehicle 1
235.0 29.0 224.0 39.0 220.0 34.0 230.0 24.0 Van Vehicle 1
252.0 42.0 239.0 53.0 234.0 48.0 247.0 36.0 Van Vehicle 1
267.0 55.0 252.0 70.0 245.0 63.0 260.0 48.0 Dump_Truck Vehicle 1
390.0 39.0 385.0 45.0 373.0 35.0 378.0 29.0 Van Vehicle 1
915.0 399.0 910.0 404.0 894.0 392.0 899.0 386.0 Dump_Truck Vehicle 1
908.0 57.0 902.0 62.0 891.0 49.0 897.0 44.0 Van Vehicle 1
944.0 87.0 938.0 93.0 926.0 81.0 932.0 75.0 Van Vehicle 1
957.0 115.0 951.0 121.0 940.0 110.0 946.0 104.0 Van Vehicle 1
977.0 115.0 973.0 121.0 962.0 110.0 966.0 105.0 Van Vehicle 1
990.0 143.0 985.0 148.0 971.0 136.0 976.0 130.0 Small_Car Vehicle 1
454.0 658.0 438.0 672.0 432.0 665.0 448.0 651.0 Dump_Truck Vehicle 1
618.0 624.0 610.0 633.0 605.0 629.0 614.0 620.0 Van Vehicle 1
625.0 685.0 614.0 696.0 609.0 691.0 620.0 680.0 Van Vehicle 1
733.0 748.0 727.0 754.0 710.0 739.0 716.0 733.0 Dump_Truck Vehicle 1
609.0 775.0 594.0 790.0 589.0 785.0 603.0 770.0 Dump_Truck Vehicle 1
364.0 823.0 360.0 827.0 351.0 817.0 355.0 814.0 Van Vehicle 1
34.0 503.0 11.0 510.0 8.0 498.0 30.0 492.0 Van Vehicle 1
