292.0 388.0 274.0 387.0 275.0 380.0 292.0 381.0 Small_Car Vehicle 1
300.0 363.0 284.0 363.0 285.0 356.0 300.0 357.0 Small_Car Vehicle 1
366.0 406.0 349.0 407.0 349.0 401.0 366.0 400.0 Small_Car Vehicle 1
367.0 392.0 366.0 398.0 351.0 398.0 351.0 392.0 Small_Car Vehicle 1
273.0 778.0 258.0 785.0 256.0 779.0 271.0 773.0 Small_Car Vehicle 1
244.0 774.0 236.0 775.0 234.0 759.0 242.0 758.0 Small_Car Vehicle 1
234.0 776.0 227.0 778.0 223.0 762.0 231.0 761.0 Small_Car Vehicle 1
222.0 777.0 216.0 778.0 213.0 764.0 220.0 763.0 Van Vehicle 1
554.0 7.0 553.0 17.0 536.0 17.0 536.0 7.0 Small_Car Vehicle 1
543.0 501.0 542.0 580.0 499.0 580.0 500.0 501.0 Tennis_Court Court 1
601.0 501.0 598.0 581.0 556.0 580.0 556.0 501.0 Tennis_Court Court 1
437.0 28.0 436.0 45.0 427.0 45.0 427.0 27.0 Van Vehicle 1
