545.0 20.0 543.0 26.0 525.0 18.0 527.0 12.0 Small_Car Vehicle 1
578.0 238.0 573.0 243.0 561.0 231.0 566.0 225.0 Small_Car Vehicle 1
557.0 298.0 552.0 305.0 540.0 294.0 545.0 287.0 Small_Car Vehicle 1
548.0 306.0 543.0 312.0 530.0 300.0 535.0 294.0 Van Vehicle 1
535.0 321.0 530.0 327.0 518.0 316.0 523.0 311.0 Van Vehicle 1
524.0 338.0 519.0 345.0 505.0 334.0 511.0 327.0 Small_Car Vehicle 1
491.0 377.0 487.0 382.0 473.0 370.0 477.0 366.0 Van Vehicle 1
487.0 386.0 483.0 391.0 467.0 379.0 471.0 374.0 Small_Car Vehicle 1
427.0 457.0 423.0 462.0 409.0 449.0 413.0 445.0 Small_Car Vehicle 1
444.0 431.0 439.0 436.0 427.0 425.0 432.0 420.0 Van Vehicle 1
457.0 414.0 452.0 420.0 439.0 409.0 444.0 404.0 Van Vehicle 1
471.0 400.0 467.0 405.0 454.0 393.0 459.0 388.0 Van Vehicle 1
436.0 449.0 433.0 453.0 418.0 443.0 421.0 439.0 Van Vehicle 1
376.0 520.0 371.0 524.0 358.0 512.0 363.0 507.0 Small_Car Vehicle 1
399.0 488.0 395.0 492.0 382.0 480.0 386.0 476.0 Small_Car Vehicle 1
406.0 479.0 400.0 484.0 388.0 471.0 394.0 466.0 Van Vehicle 1
415.0 473.0 410.0 478.0 399.0 467.0 403.0 462.0 Van Vehicle 1
421.0 464.0 417.0 469.0 406.0 458.0 410.0 454.0 Van Vehicle 1
392.0 495.0 387.0 500.0 374.0 488.0 380.0 482.0 Small_Car Vehicle 1
439.0 514.0 438.0 521.0 413.0 518.0 414.0 511.0 Dump_Truck Vehicle 1
433.0 523.0 432.0 528.0 411.0 526.0 412.0 521.0 Dump_Truck Vehicle 1
413.0 547.0 412.0 553.0 391.0 551.0 391.0 545.0 Van Vehicle 1
387.0 584.0 361.0 581.0 362.0 575.0 387.0 578.0 Dump_Truck Vehicle 1
336.0 565.0 330.0 571.0 317.0 560.0 323.0 554.0 Small_Car Vehicle 1
211.0 517.0 185.0 550.0 178.0 544.0 203.0 512.0 Truck_Tractor Vehicle 1
400.0 569.0 380.0 568.0 380.0 562.0 400.0 562.0 Van Vehicle 1
377.0 593.0 376.0 600.0 354.0 599.0 355.0 592.0 Dump_Truck Vehicle 1
281.0 623.0 278.0 630.0 256.0 620.0 259.0 613.0 Small_Car Vehicle 1
502.0 722.0 498.0 731.0 476.0 720.0 481.0 711.0 Dump_Truck Vehicle 1
416.0 684.0 412.0 692.0 390.0 681.0 394.0 674.0 Dump_Truck Vehicle 1
217.0 124.0 113.884216 58.1814 173.884216 -35.818573 277.0 30.000027 Baseball_Field Court 1
