109.0 12.0 107.0 20.0 83.0 15.0 84.0 6.0 Small_Car Vehicle 1
100.0 28.0 97.0 37.0 76.0 29.0 79.0 21.0 Small_Car Vehicle 1
28.0 162.0 25.0 171.0 4.0 168.0 5.0 159.0 Dump_Truck Vehicle 1
354.0 97.0 346.0 112.0 338.0 108.0 346.0 93.0 Small_Car Vehicle 1
281.0 118.0 274.0 133.0 266.0 129.0 275.0 114.0 Van Vehicle 1
231.0 221.0 221.0 241.0 211.0 236.0 221.0 217.0 Dump_Truck Vehicle 1
253.0 286.0 242.0 310.0 232.0 306.0 243.0 282.0 Dump_Truck Vehicle 1
212.0 367.0 205.0 383.0 197.0 379.0 204.0 363.0 Van Vehicle 1
189.0 413.0 181.0 432.0 174.0 429.0 182.0 410.0 Van Vehicle 1
35.0 428.0 32.0 437.0 3.0 429.0 5.0 420.0 Dump_Truck Vehicle 1
99.0 475.0 92.0 490.0 83.0 487.0 90.0 471.0 Van Vehicle 1
91.0 490.0 84.0 505.0 75.0 501.0 83.0 486.0 Van Vehicle 1
73.0 635.0 67.0 652.0 58.0 649.0 64.0 632.0 Small_Car Vehicle 1
165.0 459.0 153.0 491.0 86.0 467.0 98.0 435.0 Intersection Road 1
564.0 47.0 559.0 62.0 549.0 58.0 554.0 44.0 Van Vehicle 1
583.0 50.0 580.0 64.0 570.0 62.0 574.0 48.0 Van Vehicle 1
226.0 422.0 223.0 432.0 204.0 426.0 206.0 416.0 Cargo_Truck Vehicle 1
598.0 375.0 591.0 394.0 581.0 390.0 589.0 372.0 Van Vehicle 1
590.0 394.0 581.0 412.0 572.0 407.0 580.0 389.0 Van Vehicle 1
138.0 593.0 135.0 602.0 113.0 594.0 116.0 585.0 Small_Car Vehicle 1
292.0 709.0 285.0 716.0 266.0 700.0 274.0 693.0 Van Vehicle 1
481.0 596.0 470.0 619.0 460.0 614.0 471.0 592.0 Dump_Truck Vehicle 1
496.0 565.0 488.0 592.0 475.0 588.0 483.0 561.0 Dump_Truck Vehicle 1
