395.0 800.0 380.0 800.0 371.0 790.0 380.0 783.0 Van Vehicle 1
51.0 39.0 43.0 55.0 35.0 51.0 43.0 35.0 Small_Car Vehicle 1
403.0 471.0 397.0 478.0 382.0 466.0 388.0 459.0 Small_Car Vehicle 1
543.0 441.0 537.0 447.0 524.0 436.0 530.0 429.0 Small_Car Vehicle 1
298.0 81.0 284.0 91.0 278.0 84.0 293.0 74.0 Small_Car Vehicle 1
328.0 99.0 312.0 112.0 306.0 105.0 323.0 92.0 Van Vehicle 1
150.0 142.0 140.0 156.0 131.0 150.0 141.0 135.0 Van Vehicle 1
124.0 185.0 112.0 196.0 104.0 188.0 116.0 177.0 Van Vehicle 1
81.0 151.0 76.0 159.0 58.0 148.0 63.0 140.0 Dump_Truck Vehicle 1
487.0 364.0 474.0 377.0 468.0 371.0 481.0 358.0 other-vehicle Vehicle 1
