901.0 114.0 830.0 120.0 824.0 61.0 895.0 55.0 Intersection Road 1
225.0 101.0 203.0 101.0 203.0 95.0 225.0 95.0 Small_Car Vehicle 1
482.0 78.0 461.0 77.0 461.0 71.0 482.0 71.0 Small_Car Vehicle 1
522.0 78.0 499.0 78.0 499.0 72.0 522.0 71.0 Van Vehicle 1
638.0 77.0 615.0 76.0 615.0 70.0 638.0 70.0 Small_Car Vehicle 1
881.0 149.0 872.0 149.0 872.0 135.0 881.0 135.0 Van Vehicle 1
963.0 68.0 940.0 67.0 941.0 59.0 963.0 60.0 Small_Car Vehicle 1
997.0 568.0 988.0 568.0 988.0 560.0 997.0 560.0 Small_Car Vehicle 1
972.0 569.0 963.0 569.0 963.0 560.0 972.0 560.0 Small_Car Vehicle 1
991.0 636.0 983.0 637.0 982.0 621.0 989.0 620.0 Van Vehicle 1
990.0 616.0 981.0 617.0 981.0 601.0 990.0 601.0 Van Vehicle 1
942.0 595.0 930.0 594.0 930.0 586.0 942.0 587.0 Small_Car Vehicle 1
943.0 637.0 942.0 646.0 922.0 644.0 923.0 635.0 Van Vehicle 1
1000.0 663.892944 973.000061 661.000061 973.858826 652.984924 1000.0 655.785767 Van Vehicle 1
996.0 721.0 973.0 721.0 973.0 714.0 996.0 714.0 Small_Car Vehicle 1
887.0 508.0 879.0 508.0 879.0 493.0 886.0 492.0 Van Vehicle 1
