769.0 6.0 764.0 22.0 756.0 20.0 761.0 4.0 Small_Car Vehicle 1
647.0 81.0 644.0 94.0 635.0 93.0 638.0 79.0 Van Vehicle 1
632.0 84.0 629.0 98.0 620.0 96.0 624.0 82.0 Small_Car Vehicle 1
623.0 76.0 617.0 92.0 610.0 89.0 616.0 73.0 Small_Car Vehicle 1
607.0 72.0 603.0 89.0 594.0 86.0 599.0 69.0 Small_Car Vehicle 1
594.0 70.0 591.0 81.0 585.0 79.0 588.0 68.0 Small_Car Vehicle 1
583.0 66.0 578.0 84.0 570.0 81.0 575.0 64.0 Van Vehicle 1
531.0 55.0 528.0 69.0 521.0 68.0 524.0 53.0 Small_Car Vehicle 1
566.0 110.0 561.0 125.0 553.0 123.0 558.0 107.0 Small_Car Vehicle 1
553.0 109.0 549.0 124.0 542.0 122.0 546.0 107.0 Small_Car Vehicle 1
531.0 100.0 526.0 117.0 518.0 115.0 523.0 98.0 Van Vehicle 1
522.0 99.0 515.0 116.0 508.0 113.0 514.0 96.0 Small_Car Vehicle 1
477.0 90.0 472.0 105.0 465.0 102.0 470.0 87.0 Small_Car Vehicle 1
465.0 86.0 461.0 101.0 455.0 99.0 459.0 85.0 Small_Car Vehicle 1
455.0 84.0 450.0 99.0 444.0 97.0 448.0 82.0 Van Vehicle 1
435.0 81.0 427.0 100.0 418.0 96.0 426.0 77.0 Dump_Truck Vehicle 1
478.0 44.0 473.0 57.0 466.0 54.0 471.0 41.0 Van Vehicle 1
429.0 35.0 427.0 51.0 419.0 49.0 421.0 34.0 Small_Car Vehicle 1
402.0 27.0 399.0 40.0 393.0 39.0 396.0 26.0 Small_Car Vehicle 1
391.0 20.0 386.0 41.0 375.0 39.0 380.0 17.0 Van Vehicle 1
372.0 20.0 367.0 35.0 359.0 32.0 364.0 18.0 Van Vehicle 1
344.0 68.0 338.0 82.0 331.0 79.0 337.0 65.0 Van Vehicle 1
321.0 62.0 316.0 79.0 307.0 76.0 313.0 59.0 Small_Car Vehicle 1
230.0 17.0 229.0 22.0 210.0 18.0 211.0 12.0 Small_Car Vehicle 1
209.0 55.0 204.0 74.0 197.0 72.0 202.0 53.0 Van Vehicle 1
548.0 519.0 531.0 519.0 530.0 512.0 548.0 512.0 Van Vehicle 1
547.0 528.0 528.0 529.0 528.0 521.0 546.0 521.0 Van Vehicle 1
549.0 539.0 526.0 539.0 526.0 531.0 549.0 531.0 Van Vehicle 1
546.0 545.0 527.0 546.0 527.0 540.0 545.0 539.0 Small_Car Vehicle 1
548.0 556.0 528.0 556.0 528.0 550.0 548.0 550.0 Small_Car Vehicle 1
545.0 566.0 528.0 567.0 528.0 561.0 545.0 560.0 Van Vehicle 1
547.0 576.0 528.0 576.0 528.0 569.0 547.0 569.0 Small_Car Vehicle 1
547.0 585.0 527.0 586.0 527.0 579.0 547.0 578.0 Van Vehicle 1
547.0 593.0 529.0 594.0 529.0 587.0 547.0 587.0 Small_Car Vehicle 1
610.0 592.0 591.0 592.0 591.0 584.0 610.0 584.0 Small_Car Vehicle 1
611.0 584.0 591.0 583.0 591.0 576.0 611.0 576.0 Small_Car Vehicle 1
612.0 574.0 590.0 574.0 590.0 566.0 612.0 566.0 Van Vehicle 1
612.0 564.0 593.0 564.0 593.0 557.0 611.0 557.0 Van Vehicle 1
611.0 556.0 591.0 556.0 591.0 548.0 611.0 548.0 Small_Car Vehicle 1
610.0 546.0 588.0 546.0 588.0 539.0 610.0 539.0 Small_Car Vehicle 1
610.0 537.0 589.0 538.0 589.0 530.0 610.0 530.0 Small_Car Vehicle 1
611.0 527.0 591.0 526.0 591.0 518.0 611.0 519.0 Small_Car Vehicle 1
611.0 519.0 594.0 518.0 594.0 510.0 611.0 511.0 Small_Car Vehicle 1
82.0 169.0 81.0 176.0 62.0 173.0 63.0 166.0 Van Vehicle 1
121.0 206.0 119.0 214.0 98.0 208.0 100.0 200.0 Small_Car Vehicle 1
140.0 227.0 138.0 233.0 119.0 227.0 121.0 221.0 Van Vehicle 1
48.0 39.0 40.0 53.0 33.0 49.0 41.0 35.0 Van Vehicle 1
143.0 39.0 140.0 55.0 132.0 54.0 135.0 38.0 Small_Car Vehicle 1
155.0 46.0 150.0 60.0 143.0 57.0 148.0 43.0 Small_Car Vehicle 1
198.0 55.0 194.0 71.0 186.0 69.0 189.0 53.0 Small_Car Vehicle 1
