641.0 264.0 635.0 301.0 591.0 293.0 598.0 257.0 other-airplane Airplane 1
75.0 458.0 13.0 464.0 6.0 395.0 68.0 389.0 other-airplane Airplane 1
124.0 354.0 65.0 359.0 61.0 308.0 120.0 303.0 A321 Airplane 1
215.0 497.0 148.0 498.0 147.0 437.0 215.0 436.0 other-airplane Airplane 1
214.0 650.0 139.0 650.0 139.0 584.0 214.0 584.0 other-airplane Airplane 1
667.0 361.0 611.0 418.0 553.0 361.0 609.0 304.0 A350 Airplane 1
668.0 455.0 607.0 527.0 541.0 471.0 602.0 399.0 Boeing747 Airplane 1
840.0 457.0 794.0 501.0 745.0 451.0 790.0 406.0 other-airplane Airplane 1
213.0 663.0 212.0 724.0 145.0 723.0 146.0 663.0 other-airplane Airplane 1
851.0 646.0 789.0 699.0 731.0 631.0 793.0 578.0 Boeing747 Airplane 1
