630.0 70.0 608.0 111.0 528.0 89.0 550.0 50.0 Basketball_Court Court 1
589.0 127.0 581.0 144.0 573.0 141.0 580.0 123.0 Small_Car Vehicle 1
650.0 148.0 643.0 162.0 635.0 158.0 641.0 144.0 Small_Car Vehicle 1
670.0 153.0 663.0 170.0 654.0 166.0 662.0 149.0 Cargo_Truck Vehicle 1
701.0 162.0 696.0 176.0 689.0 173.0 694.0 160.0 Van Vehicle 1
690.0 205.0 684.0 223.0 676.0 220.0 682.0 202.0 Small_Car Vehicle 1
691.0 227.0 685.0 242.0 676.0 239.0 683.0 224.0 Van Vehicle 1
673.0 217.0 664.0 235.0 656.0 231.0 664.0 213.0 Small_Car Vehicle 1
875.0 266.0 860.0 278.0 855.0 271.0 870.0 260.0 Small_Car Vehicle 1
859.0 253.0 847.0 265.0 841.0 259.0 853.0 247.0 Small_Car Vehicle 1
808.0 222.0 799.0 230.0 795.0 225.0 804.0 217.0 Van Vehicle 1
801.0 215.0 791.0 224.0 786.0 218.0 796.0 209.0 Small_Car Vehicle 1
785.0 253.0 771.0 265.0 765.0 258.0 779.0 246.0 Small_Car Vehicle 1
804.0 273.0 793.0 284.0 787.0 277.0 798.0 266.0 Small_Car Vehicle 1
819.0 276.0 802.0 291.0 796.0 283.0 812.0 269.0 Dump_Truck Vehicle 1
838.0 296.0 826.0 307.0 820.0 300.0 833.0 290.0 Van Vehicle 1
802.0 354.0 788.0 368.0 782.0 363.0 796.0 349.0 Van Vehicle 1
790.0 346.0 776.0 359.0 770.0 353.0 784.0 340.0 Dump_Truck Vehicle 1
755.0 318.0 742.0 329.0 736.0 321.0 749.0 311.0 Small_Car Vehicle 1
722.0 356.0 720.0 364.0 701.0 359.0 703.0 351.0 Small_Car Vehicle 1
719.0 365.0 717.0 373.0 694.0 366.0 696.0 358.0 Van Vehicle 1
704.0 388.0 702.0 396.0 686.0 392.0 688.0 383.0 Cargo_Truck Vehicle 1
701.0 398.0 699.0 405.0 681.0 398.0 683.0 392.0 Van Vehicle 1
649.0 392.0 641.0 408.0 633.0 404.0 641.0 388.0 Van Vehicle 1
630.0 384.0 622.0 401.0 613.0 396.0 621.0 380.0 Van Vehicle 1
635.0 325.0 626.0 354.0 613.0 350.0 622.0 321.0 Cargo_Truck Vehicle 1
619.0 321.0 609.0 344.0 597.0 338.0 608.0 316.0 Cargo_Truck Vehicle 1
602.0 315.0 590.0 337.0 580.0 331.0 592.0 309.0 Cargo_Truck Vehicle 1
542.0 220.0 534.0 237.0 525.0 233.0 533.0 215.0 Van Vehicle 1
521.0 216.0 511.0 230.0 504.0 226.0 514.0 211.0 Small_Car Vehicle 1
509.0 216.0 500.0 230.0 494.0 225.0 502.0 212.0 Van Vehicle 1
519.0 235.0 514.0 251.0 506.0 249.0 511.0 232.0 Van Vehicle 1
500.0 276.0 494.0 292.0 485.0 289.0 492.0 273.0 Van Vehicle 1
479.0 335.0 471.0 350.0 462.0 346.0 470.0 331.0 Van Vehicle 1
457.0 326.0 451.0 344.0 443.0 341.0 449.0 323.0 Van Vehicle 1
64.748215 49.263935 -8.30533 24.629606 5.946457 -17.634333 79.0 6.999996 Basketball_Court Court 1
221.0 961.0 219.0 979.0 210.0 978.0 213.0 960.0 Small_Car Vehicle 1
23.0 879.0 20.0 887.0 1.0 879.0 5.0 872.0 Small_Car Vehicle 1
807.0 26.0 802.0 32.0 787.0 18.0 792.0 12.0 Small_Car Vehicle 1
820.0 38.0 815.0 44.0 804.0 33.0 809.0 27.0 Small_Car Vehicle 1
839.0 57.0 834.0 62.0 819.0 48.0 824.0 43.0 Small_Car Vehicle 1
857.0 72.0 853.0 78.0 838.0 66.0 843.0 60.0 Van Vehicle 1
949.0 174.0 944.0 181.0 929.0 169.0 934.0 163.0 Van Vehicle 1
999.0 193.0 995.0 198.0 980.0 188.0 984.0 182.0 Van Vehicle 1
960.0 386.0 936.0 408.0 928.0 399.0 952.0 378.0 Cargo_Truck Vehicle 1
589.0 956.0 577.0 967.0 572.0 961.0 584.0 950.0 Van Vehicle 1
600.0 963.0 584.0 977.0 579.0 970.0 595.0 957.0 Van Vehicle 1
526.0 967.0 523.0 974.0 507.0 968.0 509.0 961.0 Small_Car Vehicle 1
813.0 724.0 794.0 726.0 793.0 720.0 812.0 718.0 Van Vehicle 1
948.0 704.0 947.0 712.0 924.0 709.0 925.0 702.0 Small_Car Vehicle 1
828.0 229.0 815.0 241.0 809.0 234.0 823.0 223.0 Van Vehicle 1
906.0 120.0 902.0 124.0 897.0 119.0 900.0 115.0 Van Vehicle 1
929.0 136.0 925.0 141.0 918.0 135.0 923.0 130.0 Van Vehicle 1
944.0 148.0 938.0 154.0 928.0 145.0 934.0 138.0 Van Vehicle 1
