386.0 295.0 370.0 296.0 369.0 287.0 385.0 286.0 Van Vehicle 1
512.0 134.0 492.0 137.0 491.0 128.0 511.0 125.0 Van Vehicle 1
779.0 488.0 766.0 488.0 765.0 471.0 779.0 470.0 Van Vehicle 1
776.0 117.0 716.0 117.0 716.0 71.0 776.0 72.0 Intersection Road 1
249.0 311.0 222.0 311.0 222.0 302.0 249.0 302.0 Small_Car Vehicle 1
393.0 316.0 371.0 317.0 370.0 307.0 392.0 306.0 Van Vehicle 1
387.0 304.0 371.0 304.0 371.0 298.0 387.0 298.0 Van Vehicle 1
368.0 296.0 346.0 297.0 346.0 286.0 367.0 285.0 Van Vehicle 1
379.0 242.0 357.0 243.0 357.0 235.0 379.0 234.0 Small_Car Vehicle 1
169.0 500.0 149.0 506.0 145.0 495.0 166.0 488.0 other-vehicle Vehicle 1
341.0 129.0 280.0 133.0 278.0 96.0 339.0 93.0 Intersection Road 1
