977.0 477.0 889.0 536.0 855.0 486.0 944.0 427.0 Intersection Road 1
896.0 382.0 754.0 383.0 753.0 291.0 895.0 290.0 Intersection Road 1
516.0 532.0 494.0 532.0 494.0 525.0 516.0 525.0 Small_Car Vehicle 1
408.0 409.0 389.0 409.0 389.0 404.0 408.0 404.0 Van Vehicle 1
359.0 369.0 351.0 382.0 345.0 378.0 354.0 365.0 Small_Car Vehicle 1
348.0 369.0 339.0 383.0 332.0 378.0 342.0 364.0 Small_Car Vehicle 1
334.0 430.0 328.0 436.0 315.0 421.0 321.0 416.0 Small_Car Vehicle 1
382.0 515.0 375.0 515.0 375.0 499.0 382.0 499.0 Small_Car Vehicle 1
243.0 504.0 236.0 520.0 229.0 516.0 236.0 501.0 Small_Car Vehicle 1
284.0 485.0 279.0 489.0 266.0 477.0 270.0 473.0 Small_Car Vehicle 1
284.0 432.0 280.0 436.0 268.0 423.0 272.0 420.0 Small_Car Vehicle 1
199.0 417.0 194.0 421.0 184.0 409.0 189.0 404.0 Small_Car Vehicle 1
254.0 416.0 249.0 420.0 236.0 407.0 241.0 402.0 Small_Car Vehicle 1
244.0 369.0 239.0 382.0 232.0 379.0 237.0 366.0 Small_Car Vehicle 1
221.0 369.0 212.0 381.0 206.0 377.0 215.0 364.0 Small_Car Vehicle 1
194.0 368.0 186.0 383.0 179.0 379.0 187.0 365.0 Van Vehicle 1
117.0 375.0 93.0 376.0 93.0 368.0 116.0 367.0 Van Vehicle 1
120.0 403.0 99.0 402.0 99.0 396.0 120.0 396.0 Van Vehicle 1
122.0 420.0 95.0 420.0 95.0 413.0 122.0 413.0 Van Vehicle 1
135.0 460.0 117.0 459.0 118.0 454.0 135.0 454.0 Van Vehicle 1
135.0 485.0 126.0 485.0 127.0 478.0 135.0 479.0 Small_Car Vehicle 1
139.0 508.0 117.0 508.0 117.0 502.0 139.0 501.0 Small_Car Vehicle 1
102.0 470.0 85.0 471.0 85.0 435.0 102.0 434.0 Cargo_Truck Vehicle 1
53.0 368.0 52.0 410.0 40.0 410.0 41.0 367.0 Cargo_Truck Vehicle 1
38.0 386.0 25.0 386.0 25.0 363.0 38.0 364.0 Cargo_Truck Vehicle 1
23.0 387.0 9.0 387.0 9.0 364.0 23.0 364.0 Cargo_Truck Vehicle 1
696.0 353.0 674.0 351.0 674.0 345.0 696.0 346.0 Small_Car Vehicle 1
903.0 326.0 902.0 332.0 881.0 330.0 882.0 324.0 Small_Car Vehicle 1
918.0 339.0 917.0 345.0 900.0 342.0 901.0 336.0 Van Vehicle 1
964.0 350.0 942.0 348.0 943.0 341.0 964.0 343.0 Van Vehicle 1
708.0 519.0 687.0 520.0 687.0 513.0 708.0 513.0 Small_Car Vehicle 1
677.0 517.0 671.0 518.0 669.0 503.0 676.0 502.0 Van Vehicle 1
664.0 521.0 656.0 522.0 655.0 506.0 662.0 505.0 Small_Car Vehicle 1
655.0 523.0 646.0 524.0 644.0 507.0 652.0 506.0 Small_Car Vehicle 1
882.0 575.0 876.0 577.0 873.0 563.0 879.0 561.0 Van Vehicle 1
886.0 595.0 879.0 595.0 877.0 579.0 885.0 579.0 Small_Car Vehicle 1
891.0 616.0 883.0 617.0 881.0 599.0 889.0 598.0 Small_Car Vehicle 1
943.0 621.0 936.0 623.0 933.0 606.0 939.0 605.0 Van Vehicle 1
903.0 676.0 894.0 677.0 892.0 660.0 901.0 659.0 Small_Car Vehicle 1
479.0 832.0 478.0 838.0 456.0 836.0 457.0 830.0 Van Vehicle 1
700.0 702.0 681.0 703.0 681.0 696.0 700.0 695.0 Van Vehicle 1
755.0 717.0 733.0 719.0 733.0 712.0 755.0 711.0 Van Vehicle 1
916.0 735.0 907.0 737.0 904.0 722.0 913.0 721.0 Van Vehicle 1
924.0 782.0 915.0 785.0 910.0 767.0 920.0 764.0 Van Vehicle 1
921.0 889.0 912.0 891.0 908.0 875.0 917.0 872.0 Small_Car Vehicle 1
34.0 187.0 30.0 197.0 0.0 183.0 0.0 171.0 Cargo_Truck Vehicle 1
65.0 185.0 61.0 194.0 14.0 172.0 18.0 164.0 Cargo_Truck Vehicle 1
112.0 184.0 107.0 194.0 61.0 174.0 65.0 164.0 Cargo_Truck Vehicle 1
157.0 192.0 148.0 200.0 121.0 169.0 130.0 161.0 Cargo_Truck Vehicle 1
201.0 186.0 194.0 194.0 158.0 166.0 164.0 157.0 Cargo_Truck Vehicle 1
218.0 51.0 189.0 50.0 189.0 41.0 218.0 42.0 Cargo_Truck Vehicle 1
533.0 587.0 524.0 587.0 523.0 577.0 532.0 576.0 Van Vehicle 1
546.0 584.0 538.0 585.0 537.0 576.0 545.0 575.0 Small_Car Vehicle 1
