477.0 621.0 461.0 627.0 458.0 621.0 475.0 615.0 Van Vehicle 1
469.0 707.0 436.0 720.0 434.0 714.0 467.0 701.0 other-ship Ship 1
593.0 456.0 576.0 462.0 574.0 455.0 591.0 450.0 Van Vehicle 1
560.0 467.0 539.0 473.0 537.0 466.0 558.0 460.0 Small_Car Vehicle 1
437.0 507.0 419.0 514.0 416.0 506.0 434.0 500.0 Small_Car Vehicle 1
452.0 524.0 436.0 530.0 434.0 524.0 449.0 518.0 Small_Car Vehicle 1
359.0 534.0 341.0 541.0 338.0 533.0 356.0 527.0 Small_Car Vehicle 1
212.0 583.0 193.0 590.0 190.0 584.0 210.0 577.0 Small_Car Vehicle 1
176.0 594.0 159.0 600.0 157.0 594.0 174.0 588.0 Small_Car Vehicle 1
163.0 611.0 144.0 618.0 141.0 611.0 160.0 604.0 Van Vehicle 1
166.0 620.0 145.0 628.0 143.0 622.0 164.0 614.0 Van Vehicle 1
97.0 622.0 78.0 628.0 76.0 621.0 95.0 615.0 Van Vehicle 1
89.0 647.0 68.0 654.0 66.0 647.0 86.0 640.0 Van Vehicle 1
46.0 650.0 24.0 658.0 21.0 651.0 44.0 643.0 Van Vehicle 1
140.0 734.0 118.0 742.0 116.0 735.0 137.0 728.0 Small_Car Vehicle 1
569.0 326.0 550.0 333.0 548.0 327.0 567.0 320.0 Van Vehicle 1
577.0 334.0 558.0 342.0 555.0 335.0 574.0 327.0 Van Vehicle 1
568.0 311.0 545.0 321.0 542.0 313.0 565.0 303.0 Dump_Truck Vehicle 1
276.0 311.0 253.0 312.0 253.0 306.0 276.0 305.0 Van Vehicle 1
85.0 377.0 66.0 383.0 64.0 376.0 83.0 371.0 Van Vehicle 1
360.0 269.0 314.0 284.0 269.0 211.0 316.0 196.0 Tennis_Court Court 1
420.0 248.0 374.0 264.0 329.0 191.0 375.0 176.0 Tennis_Court Court 1
481.0 229.0 434.0 244.0 391.0 171.0 437.0 155.0 Tennis_Court Court 1
540.0 208.0 495.0 224.0 450.0 150.0 497.0 135.0 Tennis_Court Court 1
483.0 729.0 445.0 738.0 443.0 731.0 482.0 721.0 other-ship Ship 1
509.0 697.0 475.0 707.0 473.0 700.0 507.0 690.0 other-ship Ship 1
546.0 679.0 511.0 690.0 509.0 684.0 544.0 672.0 other-ship Ship 1
524.0 716.0 486.0 724.0 485.0 717.0 523.0 709.0 other-ship Ship 1
576.0 688.0 549.0 694.0 548.0 688.0 574.0 682.0 other-ship Ship 1
580.0 673.0 559.0 681.0 557.0 676.0 578.0 668.0 other-ship Ship 1
559.547241 213.417389 511.0 131.0 552.452759 106.582611 601.0 189.0 Tennis_Court Court 1
