934.0 227.0 953.0 188.0 902.0 164.0 884.0 203.0 A321 Airplane 1
975.0 166.0 961.0 119.0 921.0 130.0 935.0 177.0 Boeing737 Airplane 1
986.0 669.0 1020.0 598.0 947.0 563.0 913.0 634.0 Boeing747 Airplane 1
905.0 626.0 938.0 556.0 870.0 523.0 836.0 592.0 Boeing777 Airplane 1
833.0 575.0 872.0 496.0 798.0 459.0 759.0 539.0 Boeing747 Airplane 1
747.0 547.0 781.0 474.0 708.0 440.0 674.0 513.0 Boeing747 Airplane 1
617.0 521.0 585.0 437.0 514.0 464.0 545.0 548.0 Boeing777 Airplane 1
635.0 568.0 593.0 645.0 663.0 683.0 704.0 605.0 Boeing747 Airplane 1
712.0 612.0 669.0 693.0 739.0 731.0 782.0 650.0 Boeing777 Airplane 1
890.0 726.0 860.0 758.0 889.0 786.0 920.0 755.0 A220 Airplane 1
304.0 332.0 313.0 377.0 356.0 369.0 347.0 323.0 A321 Airplane 1
