378.0 974.0 370.0 979.0 361.0 962.0 369.0 957.0 Small_Car Vehicle 1
990.0 312.0 988.0 319.0 974.0 315.0 977.0 307.0 Van Vehicle 1
830.0 412.0 822.0 427.0 814.0 422.0 823.0 408.0 Small_Car Vehicle 1
790.0 449.0 781.0 468.0 773.0 465.0 782.0 446.0 Small_Car Vehicle 1
635.0 721.0 630.0 740.0 619.0 737.0 625.0 718.0 Van Vehicle 1
623.0 715.0 616.0 737.0 605.0 734.0 611.0 712.0 Dump_Truck Vehicle 1
571.0 708.0 567.0 725.0 558.0 722.0 562.0 705.0 Small_Car Vehicle 1
689.0 678.0 685.0 693.0 677.0 691.0 680.0 676.0 Small_Car Vehicle 1
665.0 671.0 660.0 690.0 652.0 687.0 658.0 668.0 Van Vehicle 1
603.0 658.0 599.0 674.0 589.0 672.0 594.0 656.0 Small_Car Vehicle 1
578.0 657.0 573.0 675.0 563.0 672.0 567.0 654.0 Small_Car Vehicle 1
515.0 641.0 509.0 657.0 500.0 653.0 508.0 637.0 Small_Car Vehicle 1
653.0 413.0 646.0 416.0 641.0 407.0 648.0 403.0 Van Vehicle 1
616.0 429.0 609.0 431.0 604.0 415.0 611.0 413.0 Small_Car Vehicle 1
554.0 651.0 548.0 668.0 538.0 665.0 544.0 648.0 Van Vehicle 1
461.0 523.0 458.0 530.0 437.0 521.0 440.0 514.0 Small_Car Vehicle 1
467.0 515.0 464.0 522.0 442.0 513.0 444.0 506.0 Small_Car Vehicle 1
498.0 473.0 495.0 481.0 476.0 475.0 478.0 466.0 Small_Car Vehicle 1
394.0 632.0 372.0 637.0 370.0 629.0 392.0 624.0 Van Vehicle 1
390.0 623.0 368.0 627.0 367.0 620.0 388.0 616.0 Small_Car Vehicle 1
384.0 613.0 364.0 618.0 362.0 610.0 382.0 605.0 Van Vehicle 1
378.0 596.0 357.0 601.0 355.0 594.0 376.0 589.0 Van Vehicle 1
375.0 586.0 355.0 590.0 354.0 583.0 374.0 580.0 Small_Car Vehicle 1
21.0 479.0 18.0 484.0 4.0 476.0 8.0 471.0 Small_Car Vehicle 1
213.0 102.0 211.0 108.0 191.0 102.0 193.0 95.0 Small_Car Vehicle 1
639.0 672.0 637.0 683.0 627.0 681.0 630.0 670.0 Small_Car Vehicle 1
650.0 677.0 649.0 683.0 641.0 682.0 642.0 675.0 Small_Car Vehicle 1
