902.0 137.0 885.0 137.0 885.0 129.0 902.0 129.0 Van Vehicle 1
239.0 69.0 228.0 79.0 223.0 73.0 235.0 64.0 Van Vehicle 1
235.0 609.0 217.0 609.0 217.0 602.0 235.0 602.0 Van Vehicle 1
242.0 599.0 222.0 599.0 222.0 591.0 242.0 591.0 Small_Car Vehicle 1
863.0 29.0 856.0 31.0 852.0 14.0 859.0 13.0 Van Vehicle 1
812.0 59.0 791.0 61.0 790.0 53.0 811.0 51.0 Small_Car Vehicle 1
805.0 51.0 788.0 53.0 787.0 45.0 805.0 44.0 Small_Car Vehicle 1
998.0 280.0 989.0 279.0 989.0 262.0 998.0 263.0 Van Vehicle 1
985.0 279.0 976.0 278.0 976.0 260.0 985.0 260.0 Van Vehicle 1
836.0 173.0 834.0 193.0 825.0 192.0 827.0 172.0 Dump_Truck Vehicle 1
988.0 357.0 979.0 357.0 980.0 340.0 988.0 341.0 Dump_Truck Vehicle 1
681.0 557.0 674.0 557.0 673.0 540.0 681.0 540.0 Van Vehicle 1
839.0 353.0 830.0 353.0 831.0 336.0 839.0 336.0 Small_Car Vehicle 1
772.0 363.0 765.0 367.0 757.0 353.0 764.0 349.0 Van Vehicle 1
760.0 365.0 752.0 368.0 746.0 353.0 754.0 350.0 Van Vehicle 1
243.0 21.0 241.0 38.0 233.0 37.0 235.0 20.0 Van Vehicle 1
257.0 20.0 254.0 26.0 238.0 18.0 241.0 12.0 Small_Car Vehicle 1
153.0 244.0 137.0 252.0 133.0 246.0 150.0 237.0 Van Vehicle 1
313.0 286.0 293.0 287.0 293.0 279.0 313.0 278.0 Small_Car Vehicle 1
540.0 322.0 519.0 323.0 518.0 315.0 540.0 315.0 Dump_Truck Vehicle 1
556.0 360.0 555.0 378.0 546.0 377.0 547.0 360.0 Van Vehicle 1
547.0 340.0 545.0 358.0 538.0 357.0 539.0 340.0 Van Vehicle 1
405.0 335.0 404.0 350.0 397.0 350.0 397.0 334.0 Van Vehicle 1
447.0 352.0 438.0 352.0 439.0 335.0 447.0 335.0 Small_Car Vehicle 1
595.0 332.0 594.0 352.0 586.0 352.0 587.0 331.0 Dump_Truck Vehicle 1
582.0 353.0 573.0 353.0 573.0 334.0 582.0 334.0 Dump_Truck Vehicle 1
602.0 303.0 579.0 302.0 579.0 294.0 602.0 294.0 Van Vehicle 1
622.0 276.0 613.0 276.0 612.0 256.0 621.0 256.0 Dump_Truck Vehicle 1
458.0 257.0 457.0 273.0 450.0 273.0 450.0 257.0 Van Vehicle 1
449.0 167.0 448.0 183.0 440.0 183.0 441.0 167.0 Small_Car Vehicle 1
506.0 98.0 488.0 107.0 485.0 100.0 503.0 92.0 Small_Car Vehicle 1
483.0 139.0 473.0 142.0 466.0 121.0 475.0 118.0 Dump_Truck Vehicle 1
337.0 270.0 326.0 270.0 326.0 252.0 337.0 252.0 Cargo_Truck Vehicle 1
324.0 265.0 318.0 266.0 317.0 251.0 324.0 251.0 Van Vehicle 1
178.0 345.0 170.0 345.0 170.0 331.0 177.0 331.0 Small_Car Vehicle 1
169.0 920.0 154.0 920.0 155.0 912.0 169.0 913.0 Van Vehicle 1
285.0 843.0 276.0 843.0 276.0 821.0 285.0 821.0 Van Vehicle 1
943.0 894.0 926.0 895.0 926.0 887.0 943.0 887.0 Van Vehicle 1
963.0 923.0 962.0 941.0 953.0 941.0 953.0 923.0 Small_Car Vehicle 1
816.0 560.0 809.0 561.0 808.0 544.0 815.0 543.0 Van Vehicle 1
804.0 561.0 797.0 561.0 796.0 544.0 803.0 543.0 Van Vehicle 1
962.0 670.0 954.0 671.0 954.0 654.0 962.0 654.0 Van Vehicle 1
951.0 565.0 931.0 577.0 926.0 569.0 946.0 557.0 Dump_Truck Vehicle 1
896.0 606.0 878.0 606.0 878.0 599.0 896.0 599.0 Van Vehicle 1
883.0 562.0 876.0 562.0 875.0 546.0 882.0 546.0 Van Vehicle 1
783.0 629.0 773.0 629.0 773.0 610.0 783.0 610.0 Van Vehicle 1
718.0 606.0 697.0 606.0 697.0 598.0 718.0 598.0 Van Vehicle 1
670.0 580.0 650.0 581.0 650.0 574.0 670.0 573.0 Van Vehicle 1
643.0 581.0 624.0 581.0 624.0 572.0 643.0 572.0 Van Vehicle 1
556.0 580.0 534.0 580.0 534.0 573.0 556.0 572.0 Van Vehicle 1
557.0 599.0 556.0 607.0 538.0 606.0 538.0 599.0 Small_Car Vehicle 1
473.0 581.0 453.0 581.0 452.0 573.0 473.0 573.0 Small_Car Vehicle 1
271.0 571.0 260.0 589.0 253.0 584.0 264.0 567.0 Small_Car Vehicle 1
625.0 648.0 616.0 648.0 616.0 630.0 625.0 630.0 Van Vehicle 1
353.0 890.0 331.0 889.0 331.0 879.0 353.0 880.0 Van Vehicle 1
624.0 976.0 615.0 976.0 614.0 958.0 623.0 958.0 Van Vehicle 1
624.0 943.0 616.0 942.0 616.0 926.0 624.0 926.0 Van Vehicle 1
625.0 921.0 616.0 922.0 616.0 910.0 624.0 909.0 Van Vehicle 1
606.0 951.0 588.0 951.0 588.0 942.0 606.0 942.0 Van Vehicle 1
690.0 920.0 670.0 920.0 670.0 912.0 690.0 911.0 Small_Car Vehicle 1
689.0 909.0 668.0 910.0 668.0 902.0 689.0 902.0 Dump_Truck Vehicle 1
659.478333 1000.0 650.478271 1000.0 649.000061 983.0 657.932556 982.223267 Dump_Truck Vehicle 1
690.0 975.0 689.0 984.0 669.0 983.0 669.0 975.0 Dump_Truck Vehicle 1
659.0 945.0 650.0 945.0 649.0 926.0 659.0 926.0 Van Vehicle 1
656.0 878.0 647.0 878.0 646.0 858.0 655.0 858.0 Van Vehicle 1
624.0 858.0 623.0 875.0 615.0 875.0 615.0 858.0 Van Vehicle 1
286.0 772.0 277.0 772.0 277.0 758.0 286.0 758.0 Van Vehicle 1
285.0 708.0 277.0 708.0 276.0 689.0 285.0 688.0 Van Vehicle 1
408.0 614.0 407.0 631.0 399.0 631.0 400.0 613.0 Van Vehicle 1
602.0 900.0 579.0 900.0 579.0 890.0 602.0 891.0 Van Vehicle 1
601.0 694.0 583.0 695.0 582.0 686.0 601.0 685.0 Van Vehicle 1
692.0 337.0 691.0 351.0 685.0 351.0 685.0 337.0 Van Vehicle 1
