800.0 535.768494 406.999969 366.0 475.463379 207.512817 800.0 347.706451 Football_Field Court 1
382.0 593.0 358.0 590.0 359.0 584.0 382.0 586.0 Small_Car Vehicle 1
185.0 567.0 184.0 574.0 161.0 573.0 162.0 566.0 Small_Car Vehicle 1
186.0 576.0 185.0 584.0 161.0 582.0 161.0 575.0 Small_Car Vehicle 1
210.0 558.0 209.0 565.0 189.0 564.0 190.0 557.0 Small_Car Vehicle 1
208.0 575.0 188.0 574.0 188.0 566.0 208.0 567.0 Small_Car Vehicle 1
188.0 566.0 163.0 566.0 163.0 559.0 188.0 559.0 Small_Car Vehicle 1
213.0 593.0 191.0 594.0 190.0 588.0 212.0 587.0 Van Vehicle 1
273.0 565.0 254.0 564.0 255.0 557.0 273.0 558.0 Van Vehicle 1
270.0 574.0 251.0 573.0 251.0 567.0 270.0 568.0 Small_Car Vehicle 1
270.0 592.0 249.0 591.0 249.0 585.0 270.0 585.0 Small_Car Vehicle 1
301.0 565.0 279.0 564.0 280.0 558.0 301.0 559.0 Small_Car Vehicle 1
297.0 574.0 277.0 574.0 277.0 568.0 297.0 568.0 Small_Car Vehicle 1
296.0 584.0 272.0 582.0 272.0 576.0 296.0 577.0 Small_Car Vehicle 1
299.0 593.0 278.0 592.0 278.0 584.0 299.0 585.0 Small_Car Vehicle 1
