33.0 233.0 25.0 233.0 25.0 218.0 32.0 217.0 Van Vehicle 1
35.0 217.0 27.0 217.0 27.0 207.0 35.0 208.0 Small_Car Vehicle 1
79.0 100.0 65.0 108.0 61.0 101.0 75.0 93.0 Van Vehicle 1
100.0 94.0 81.0 99.0 79.0 91.0 98.0 86.0 Van Vehicle 1
136.0 80.0 112.0 86.0 110.0 78.0 133.0 72.0 Van Vehicle 1
318.0 53.0 309.0 59.0 301.0 47.0 309.0 41.0 Van Vehicle 1
459.0 79.0 449.0 83.0 441.0 65.0 451.0 61.0 Dump_Truck Vehicle 1
285.0 218.0 277.0 221.0 271.0 205.0 278.0 202.0 Small_Car Vehicle 1
522.0 323.0 514.0 327.0 506.0 312.0 514.0 308.0 Small_Car Vehicle 1
455.0 178.0 447.0 181.0 440.0 166.0 449.0 163.0 Van Vehicle 1
209.0 582.0 190.0 582.0 190.0 576.0 209.0 576.0 Van Vehicle 1
301.0 566.0 294.0 579.0 287.0 576.0 294.0 562.0 Van Vehicle 1
677.0 569.0 676.0 578.0 661.0 577.0 661.0 568.0 Van Vehicle 1
34.0 329.0 0.0 343.0 0.0 310.0 23.0 301.0 Intersection Road 1
