633.0 15.0 621.0 23.0 617.0 18.0 630.0 8.0 Small_Car Vehicle 1
655.0 33.0 651.0 38.0 633.0 26.0 638.0 20.0 Dump_Truck Vehicle 1
832.0 26.0 811.0 28.0 810.0 19.0 831.0 17.0 Dump_Truck Vehicle 1
197.0 72.0 193.0 79.0 179.0 68.0 183.0 62.0 Van Vehicle 1
243.0 147.0 212.0 179.0 178.0 146.0 209.0 114.0 Intersection Road 1
174.0 177.0 158.0 192.0 153.0 186.0 169.0 172.0 Dump_Truck Vehicle 1
339.0 237.0 334.0 244.0 310.0 225.0 315.0 219.0 Cargo_Truck Vehicle 1
343.0 198.0 326.0 212.0 321.0 206.0 338.0 192.0 Van Vehicle 1
437.0 214.0 425.0 225.0 420.0 219.0 432.0 207.0 Dump_Truck Vehicle 1
416.0 234.0 402.0 249.0 396.0 243.0 410.0 228.0 Dump_Truck Vehicle 1
320.0 309.0 306.0 322.0 301.0 316.0 315.0 303.0 Small_Car Vehicle 1
314.0 300.0 301.0 312.0 296.0 306.0 309.0 295.0 Van Vehicle 1
306.0 882.0 293.0 896.0 287.0 891.0 300.0 877.0 Dump_Truck Vehicle 1
410.0 804.0 376.0 841.0 334.0 803.0 368.0 766.0 Intersection Road 1
504.0 849.0 492.0 862.0 487.0 857.0 498.0 844.0 Van Vehicle 1
516.0 850.0 505.0 861.0 500.0 856.0 510.0 844.0 Van Vehicle 1
705.0 532.0 674.0 566.0 630.0 526.0 661.0 492.0 Intersection Road 1
848.0 609.0 836.0 622.0 831.0 617.0 842.0 604.0 Van Vehicle 1
908.0 654.0 896.0 666.0 891.0 661.0 903.0 649.0 Dump_Truck Vehicle 1
857.0 727.0 845.0 743.0 839.0 737.0 851.0 722.0 Van Vehicle 1
891.0 787.0 878.0 800.0 873.0 795.0 886.0 782.0 Van Vehicle 1
869.0 908.0 857.0 920.0 852.0 915.0 864.0 903.0 Van Vehicle 1
54.0 251.0 48.0 256.0 32.0 242.0 38.0 236.0 Dump_Truck Vehicle 1
