275.0 763.0 272.0 769.0 252.0 759.0 255.0 752.0 Small_Car Vehicle 1
282.0 756.0 278.0 763.0 260.0 752.0 264.0 744.0 Small_Car Vehicle 1
288.0 747.0 284.0 754.0 266.0 743.0 270.0 737.0 Van Vehicle 1
295.0 739.0 291.0 746.0 273.0 736.0 276.0 730.0 Van Vehicle 1
301.0 733.0 298.0 740.0 280.0 729.0 284.0 723.0 Van Vehicle 1
315.0 719.0 312.0 725.0 298.0 718.0 301.0 712.0 Van Vehicle 1
324.0 715.0 320.0 721.0 304.0 710.0 309.0 704.0 Van Vehicle 1
330.0 708.0 326.0 714.0 313.0 704.0 317.0 698.0 Van Vehicle 1
334.0 698.0 331.0 704.0 312.0 693.0 316.0 687.0 Van Vehicle 1
347.0 685.0 343.0 692.0 326.0 682.0 330.0 675.0 Small_Car Vehicle 1
354.0 677.0 350.0 683.0 337.0 674.0 340.0 668.0 Van Vehicle 1
359.0 669.0 355.0 675.0 343.0 666.0 347.0 660.0 Van Vehicle 1
366.0 662.0 362.0 668.0 346.0 657.0 350.0 651.0 Van Vehicle 1
376.0 657.0 372.0 663.0 355.0 653.0 359.0 647.0 Small_Car Vehicle 1
388.0 642.0 384.0 647.0 367.0 636.0 370.0 631.0 Van Vehicle 1
397.0 636.0 393.0 643.0 375.0 632.0 380.0 625.0 Small_Car Vehicle 1
402.0 628.0 398.0 633.0 384.0 623.0 388.0 618.0 Van Vehicle 1
412.0 622.0 408.0 628.0 394.0 618.0 398.0 612.0 Van Vehicle 1
416.0 612.0 412.0 618.0 397.0 609.0 400.0 603.0 Van Vehicle 1
426.0 606.0 422.0 614.0 403.0 604.0 408.0 596.0 Small_Car Vehicle 1
429.0 598.0 426.0 604.0 411.0 597.0 414.0 591.0 Van Vehicle 1
440.0 583.0 437.0 591.0 417.0 583.0 420.0 575.0 Small_Car Vehicle 1
444.0 573.0 442.0 581.0 421.0 574.0 423.0 566.0 Small_Car Vehicle 1
460.0 550.0 457.0 557.0 437.0 549.0 440.0 541.0 Van Vehicle 1
482.0 497.0 481.0 504.0 459.0 501.0 460.0 493.0 Van Vehicle 1
484.0 464.0 461.0 463.0 461.0 454.0 484.0 455.0 Van Vehicle 1
490.0 423.0 470.0 424.0 469.0 418.0 490.0 417.0 Van Vehicle 1
486.0 406.0 468.0 406.0 467.0 400.0 486.0 399.0 Van Vehicle 1
488.0 386.0 471.0 388.0 470.0 381.0 488.0 379.0 Van Vehicle 1
499.0 199.0 475.0 201.0 475.0 195.0 498.0 193.0 Small_Car Vehicle 1
608.0 245.0 583.0 247.0 582.0 240.0 607.0 238.0 Van Vehicle 1
936.0 628.0 926.0 630.0 920.0 609.0 930.0 606.0 Small_Car Vehicle 1
990.0 741.0 971.0 747.0 969.0 739.0 988.0 733.0 Small_Car Vehicle 1
985.0 230.0 977.0 231.0 976.0 214.0 985.0 214.0 Small_Car Vehicle 1
891.0 230.0 881.0 230.0 881.0 208.0 891.0 208.0 Small_Car Vehicle 1
867.0 227.0 858.0 227.0 857.0 211.0 867.0 211.0 Small_Car Vehicle 1
997.0 765.0 956.0 783.0 920.0 699.0 961.0 681.0 Intersection Road 1
795.0 218.0 724.0 238.0 702.0 161.0 772.0 141.0 Intersection Road 1
636.0 386.0 569.0 402.0 536.0 310.0 602.0 296.0 Basketball_Court Court 1
717.0 362.0 647.0 377.0 613.0 292.0 681.0 275.0 Basketball_Court Court 1
