807.0 161.0 799.0 163.0 796.0 150.0 803.0 148.0 Small_Car Vehicle 1
976.0 169.0 954.0 167.0 955.0 159.0 976.0 160.0 Small_Car Vehicle 1
952.0 103.0 943.0 107.0 933.0 87.0 942.0 83.0 Small_Car Vehicle 1
1000.0 602.0 993.0 604.0 987.0 589.0 995.0 586.0 Dump_Truck Vehicle 1
991.0 581.0 984.0 584.0 979.0 572.0 986.0 570.0 Small_Car Vehicle 1
980.0 558.0 972.0 560.0 968.0 545.0 977.0 543.0 Small_Car Vehicle 1
974.0 543.0 966.0 545.0 961.0 528.0 969.0 526.0 Small_Car Vehicle 1
962.0 518.0 956.0 520.0 949.0 503.0 956.0 501.0 Small_Car Vehicle 1
954.0 500.0 944.0 502.0 941.0 485.0 951.0 483.0 Small_Car Vehicle 1
992.0 495.0 985.0 497.0 979.0 482.0 986.0 480.0 Van Vehicle 1
937.0 459.0 929.0 462.0 923.0 445.0 931.0 442.0 Small_Car Vehicle 1
991.0 376.0 970.0 382.0 968.0 375.0 989.0 369.0 Van Vehicle 1
994.0 387.0 974.0 397.0 970.0 389.0 990.0 379.0 Cargo_Truck Vehicle 1
895.0 321.0 887.0 325.0 878.0 309.0 886.0 305.0 Small_Car Vehicle 1
900.0 287.0 892.0 290.0 885.0 272.0 893.0 269.0 Van Vehicle 1
892.0 268.0 885.0 271.0 876.0 254.0 883.0 251.0 Small_Car Vehicle 1
883.0 246.0 876.0 249.0 868.0 233.0 875.0 229.0 Small_Car Vehicle 1
870.0 222.0 862.0 224.0 858.0 206.0 865.0 204.0 Small_Car Vehicle 1
864.0 203.0 856.0 206.0 849.0 188.0 857.0 185.0 Van Vehicle 1
855.0 184.0 848.0 187.0 842.0 168.0 850.0 166.0 Small_Car Vehicle 1
847.0 165.0 840.0 167.0 834.0 151.0 841.0 148.0 Small_Car Vehicle 1
838.0 144.0 832.0 147.0 824.0 131.0 831.0 128.0 Small_Car Vehicle 1
824.0 115.0 817.0 118.0 811.0 103.0 818.0 100.0 Small_Car Vehicle 1
800.0 141.0 791.0 146.0 783.0 129.0 792.0 125.0 Small_Car Vehicle 1
792.0 122.0 782.0 125.0 775.0 105.0 785.0 102.0 Dump_Truck Vehicle 1
763.0 56.0 757.0 59.0 749.0 42.0 754.0 39.0 Small_Car Vehicle 1
898.0 885.0 878.0 888.0 877.0 882.0 897.0 879.0 Small_Car Vehicle 1
905.0 892.0 886.0 897.0 885.0 890.0 904.0 885.0 Small_Car Vehicle 1
908.0 902.0 886.0 908.0 884.0 899.0 905.0 894.0 Small_Car Vehicle 1
918.0 919.0 897.0 924.0 895.0 916.0 916.0 911.0 Small_Car Vehicle 1
926.0 955.0 912.0 960.0 909.0 954.0 923.0 949.0 Small_Car Vehicle 1
935.0 963.0 917.0 969.0 915.0 962.0 933.0 956.0 Small_Car Vehicle 1
938.0 971.0 921.0 978.0 918.0 970.0 936.0 964.0 Small_Car Vehicle 1
945.0 979.0 924.0 986.0 922.0 977.0 943.0 971.0 Small_Car Vehicle 1
948.0 989.0 928.0 996.0 926.0 988.0 946.0 981.0 Small_Car Vehicle 1
677.0 858.0 656.0 864.0 654.0 855.0 674.0 849.0 Small_Car Vehicle 1
673.0 849.0 654.0 856.0 651.0 847.0 670.0 841.0 Small_Car Vehicle 1
668.0 841.0 654.0 845.0 652.0 838.0 666.0 834.0 Small_Car Vehicle 1
600.0 845.0 590.0 850.0 582.0 834.0 593.0 829.0 Van Vehicle 1
588.0 851.0 578.0 854.0 573.0 838.0 583.0 835.0 Small_Car Vehicle 1
566.0 854.0 557.0 858.0 551.0 840.0 559.0 836.0 Small_Car Vehicle 1
555.0 857.0 547.0 860.0 541.0 843.0 549.0 840.0 Van Vehicle 1
551.0 912.0 531.0 917.0 529.0 909.0 550.0 904.0 Small_Car Vehicle 1
550.0 903.0 528.0 908.0 526.0 899.0 548.0 894.0 Van Vehicle 1
542.0 885.0 521.0 891.0 519.0 881.0 539.0 875.0 Small_Car Vehicle 1
535.0 876.0 515.0 881.0 513.0 872.0 533.0 868.0 Van Vehicle 1
528.0 859.0 510.0 865.0 507.0 856.0 525.0 850.0 Small_Car Vehicle 1
364.0 965.0 355.0 968.0 349.0 951.0 357.0 948.0 Small_Car Vehicle 1
298.0 890.0 279.0 897.0 276.0 889.0 295.0 882.0 Small_Car Vehicle 1
239.0 919.0 213.0 928.0 210.0 920.0 236.0 911.0 other-vehicle Vehicle 1
185.0 938.0 158.0 947.0 155.0 938.0 182.0 928.0 other-vehicle Vehicle 1
146.0 920.0 125.0 927.0 122.0 919.0 143.0 911.0 Van Vehicle 1
137.0 900.0 117.0 906.0 115.0 898.0 135.0 893.0 Small_Car Vehicle 1
140.0 910.0 121.0 917.0 118.0 910.0 137.0 903.0 Van Vehicle 1
133.0 892.0 113.0 898.0 111.0 891.0 131.0 885.0 Small_Car Vehicle 1
179.0 877.0 161.0 883.0 158.0 875.0 177.0 870.0 Small_Car Vehicle 1
179.0 868.0 158.0 875.0 156.0 868.0 176.0 861.0 Small_Car Vehicle 1
173.0 859.0 154.0 865.0 152.0 857.0 170.0 851.0 Small_Car Vehicle 1
170.0 851.0 151.0 855.0 150.0 848.0 169.0 844.0 Small_Car Vehicle 1
166.0 842.0 146.0 849.0 143.0 842.0 163.0 835.0 Small_Car Vehicle 1
162.0 834.0 143.0 837.0 142.0 830.0 161.0 826.0 Small_Car Vehicle 1
158.0 824.0 139.0 829.0 137.0 822.0 157.0 817.0 Small_Car Vehicle 1
149.0 798.0 127.0 804.0 125.0 797.0 147.0 790.0 Small_Car Vehicle 1
140.0 791.0 120.0 798.0 118.0 791.0 138.0 784.0 Small_Car Vehicle 1
129.0 883.0 109.0 889.0 107.0 882.0 127.0 877.0 Small_Car Vehicle 1
123.0 875.0 106.0 880.0 105.0 874.0 121.0 869.0 Small_Car Vehicle 1
123.0 865.0 102.0 872.0 100.0 865.0 121.0 859.0 Small_Car Vehicle 1
115.0 857.0 99.0 862.0 97.0 855.0 113.0 850.0 Small_Car Vehicle 1
110.0 840.0 91.0 847.0 88.0 839.0 107.0 833.0 Small_Car Vehicle 1
101.0 823.0 80.0 828.0 78.0 820.0 99.0 816.0 Small_Car Vehicle 1
97.0 807.0 73.0 816.0 70.0 809.0 94.0 800.0 Van Vehicle 1
84.0 789.0 66.0 794.0 63.0 787.0 82.0 781.0 Small_Car Vehicle 1
89.0 798.0 70.0 804.0 68.0 797.0 86.0 791.0 Small_Car Vehicle 1
81.0 779.0 63.0 784.0 61.0 777.0 79.0 772.0 Small_Car Vehicle 1
75.0 770.0 59.0 776.0 57.0 771.0 73.0 765.0 Van Vehicle 1
138.0 780.0 117.0 787.0 115.0 780.0 135.0 774.0 Small_Car Vehicle 1
133.0 771.0 113.0 778.0 111.0 771.0 131.0 764.0 Small_Car Vehicle 1
130.0 762.0 111.0 768.0 109.0 761.0 127.0 755.0 Small_Car Vehicle 1
127.0 754.0 106.0 760.0 104.0 753.0 125.0 747.0 Small_Car Vehicle 1
122.0 746.0 102.0 752.0 100.0 745.0 120.0 739.0 Small_Car Vehicle 1
109.0 719.0 92.0 727.0 89.0 721.0 106.0 713.0 Small_Car Vehicle 1
55.0 680.0 38.0 686.0 36.0 680.0 53.0 673.0 Small_Car Vehicle 1
81.0 672.0 62.0 680.0 59.0 673.0 79.0 665.0 Van Vehicle 1
104.0 665.0 85.0 672.0 82.0 665.0 101.0 657.0 Van Vehicle 1
131.0 655.0 115.0 661.0 112.0 655.0 129.0 649.0 Van Vehicle 1
181.0 642.0 161.0 648.0 158.0 641.0 179.0 634.0 Small_Car Vehicle 1
205.0 634.0 185.0 641.0 183.0 634.0 202.0 627.0 Small_Car Vehicle 1
236.0 625.0 216.0 631.0 215.0 625.0 234.0 619.0 Small_Car Vehicle 1
261.0 617.0 244.0 622.0 242.0 616.0 259.0 611.0 Small_Car Vehicle 1
286.0 610.0 265.0 615.0 264.0 608.0 284.0 604.0 Small_Car Vehicle 1
310.0 603.0 290.0 610.0 288.0 603.0 307.0 596.0 Dump_Truck Vehicle 1
408.0 572.0 392.0 579.0 389.0 572.0 405.0 565.0 Van Vehicle 1
436.0 564.0 415.0 571.0 413.0 564.0 433.0 557.0 Small_Car Vehicle 1
461.0 558.0 437.0 565.0 435.0 557.0 459.0 551.0 Small_Car Vehicle 1
490.0 549.0 469.0 556.0 467.0 548.0 487.0 541.0 Van Vehicle 1
514.0 541.0 492.0 546.0 490.0 539.0 512.0 534.0 Small_Car Vehicle 1
567.0 513.0 543.0 520.0 541.0 513.0 565.0 506.0 Small_Car Vehicle 1
582.0 521.0 561.0 527.0 559.0 520.0 580.0 513.0 Small_Car Vehicle 1
605.0 513.0 586.0 519.0 584.0 512.0 603.0 506.0 Van Vehicle 1
655.0 498.0 635.0 504.0 633.0 498.0 653.0 491.0 Small_Car Vehicle 1
687.0 478.0 659.0 487.0 656.0 478.0 684.0 470.0 Cargo_Truck Vehicle 1
686.0 489.0 663.0 495.0 661.0 488.0 684.0 482.0 Small_Car Vehicle 1
707.0 483.0 688.0 488.0 686.0 481.0 705.0 476.0 Small_Car Vehicle 1
782.0 460.0 766.0 465.0 763.0 458.0 779.0 452.0 Van Vehicle 1
802.0 453.0 783.0 458.0 781.0 452.0 801.0 447.0 Small_Car Vehicle 1
831.0 444.0 810.0 452.0 807.0 443.0 828.0 436.0 Small_Car Vehicle 1
855.0 436.0 836.0 441.0 834.0 434.0 853.0 429.0 Small_Car Vehicle 1
786.0 502.0 783.0 520.0 772.0 518.0 775.0 500.0 Dump_Truck Vehicle 1
812.0 526.0 788.0 534.0 785.0 526.0 809.0 517.0 Van Vehicle 1
815.0 539.0 794.0 543.0 793.0 536.0 814.0 532.0 Dump_Truck Vehicle 1
824.0 555.0 801.0 563.0 799.0 554.0 821.0 547.0 Dump_Truck Vehicle 1
955.0 414.0 912.0 428.0 896.0 380.0 939.0 366.0 Intersection Road 1
905.0 411.0 883.0 410.0 883.0 403.0 905.0 404.0 Small_Car Vehicle 1
820.0 437.0 801.0 443.0 799.0 436.0 818.0 429.0 Small_Car Vehicle 1
790.0 427.0 768.0 433.0 766.0 426.0 788.0 420.0 Van Vehicle 1
574.0 268.0 566.0 272.0 556.0 254.0 564.0 250.0 Small_Car Vehicle 1
568.0 287.0 560.0 290.0 553.0 270.0 561.0 267.0 Van Vehicle 1
599.0 484.0 585.0 488.0 583.0 479.0 596.0 476.0 Dump_Truck Vehicle 1
581.0 490.0 558.0 496.0 556.0 489.0 579.0 483.0 Small_Car Vehicle 1
525.0 507.0 509.0 512.0 507.0 504.0 523.0 499.0 Small_Car Vehicle 1
500.0 514.0 486.0 519.0 483.0 509.0 496.0 504.0 Dump_Truck Vehicle 1
231.0 596.0 211.0 601.0 209.0 593.0 229.0 588.0 Van Vehicle 1
283.0 580.0 262.0 585.0 260.0 578.0 281.0 572.0 Small_Car Vehicle 1
426.0 552.0 406.0 559.0 404.0 553.0 423.0 546.0 Small_Car Vehicle 1
414.0 509.0 389.0 516.0 386.0 508.0 411.0 500.0 Dump_Truck Vehicle 1
352.0 501.0 332.0 506.0 331.0 499.0 351.0 494.0 Van Vehicle 1
401.0 487.0 380.0 494.0 378.0 487.0 398.0 479.0 Small_Car Vehicle 1
386.0 457.0 366.0 465.0 362.0 458.0 383.0 449.0 Small_Car Vehicle 1
370.0 423.0 352.0 428.0 350.0 422.0 368.0 417.0 Small_Car Vehicle 1
304.0 401.0 289.0 408.0 286.0 401.0 301.0 394.0 Van Vehicle 1
298.0 388.0 281.0 393.0 278.0 385.0 296.0 380.0 Van Vehicle 1
354.0 379.0 335.0 385.0 333.0 378.0 352.0 372.0 Small_Car Vehicle 1
296.0 379.0 279.0 385.0 277.0 379.0 294.0 373.0 Van Vehicle 1
290.0 364.0 271.0 370.0 270.0 363.0 288.0 358.0 Van Vehicle 1
297.0 252.0 278.0 257.0 276.0 249.0 295.0 244.0 Dump_Truck Vehicle 1
256.0 281.0 233.0 288.0 231.0 280.0 254.0 273.0 Van Vehicle 1
234.0 236.0 212.0 242.0 210.0 235.0 232.0 229.0 Van Vehicle 1
507.0 219.0 486.0 232.0 479.0 221.0 501.0 208.0 other-vehicle Vehicle 1
455.0 119.0 448.0 122.0 440.0 106.0 446.0 103.0 Small_Car Vehicle 1
281.0 185.0 265.0 190.0 262.0 183.0 279.0 177.0 Small_Car Vehicle 1
279.0 160.0 260.0 168.0 258.0 162.0 276.0 154.0 Small_Car Vehicle 1
141.0 526.0 124.0 539.0 116.0 529.0 133.0 516.0 other-vehicle Vehicle 1
94.0 511.0 86.0 515.0 78.0 496.0 86.0 492.0 Small_Car Vehicle 1
74.0 411.0 66.0 414.0 59.0 393.0 67.0 390.0 Small_Car Vehicle 1
29.0 341.0 20.0 344.0 13.0 324.0 22.0 321.0 Small_Car Vehicle 1
35.0 325.0 29.0 328.0 23.0 312.0 30.0 309.0 Small_Car Vehicle 1
18.0 267.0 11.0 269.0 6.0 254.0 13.0 252.0 Small_Car Vehicle 1
392.0 81.0 377.0 88.0 374.0 81.0 390.0 75.0 Small_Car Vehicle 1
429.0 71.0 408.0 79.0 406.0 73.0 426.0 64.0 Small_Car Vehicle 1
464.0 79.0 453.0 84.0 442.0 59.0 453.0 54.0 Van Vehicle 1
427.0 59.0 407.0 66.0 405.0 60.0 425.0 53.0 Small_Car Vehicle 1
411.0 34.0 392.0 40.0 389.0 33.0 409.0 27.0 Van Vehicle 1
405.0 16.0 388.0 23.0 385.0 17.0 403.0 10.0 Small_Car Vehicle 1
