16.0 15.0 0.0 15.0 0.0 8.0 16.0 8.0 Small_Car Vehicle 1
115.0 8.0 98.0 8.0 97.0 2.0 115.0 2.0 Small_Car Vehicle 1
155.0 9.0 136.0 8.0 136.0 2.0 155.0 2.0 Van Vehicle 1
228.0 3.0 209.0 4.0 208.0 0.0 227.0 0.0 Van Vehicle 1
355.0 24.0 340.0 25.0 339.0 19.0 355.0 18.0 Small_Car Vehicle 1
322.0 27.0 298.0 28.0 298.0 21.0 322.0 20.0 Small_Car Vehicle 1
293.0 28.0 276.0 29.0 276.0 22.0 293.0 22.0 Van Vehicle 1
246.0 30.0 226.0 31.0 226.0 25.0 246.0 24.0 Van Vehicle 1
141.0 37.0 123.0 37.0 122.0 29.0 141.0 29.0 Small_Car Vehicle 1
119.0 39.0 102.0 39.0 102.0 34.0 119.0 33.0 other-vehicle Vehicle 1
97.0 40.0 81.0 40.0 81.0 34.0 97.0 34.0 other-vehicle Vehicle 1
74.0 42.0 59.0 42.0 58.0 36.0 74.0 36.0 other-vehicle Vehicle 1
151.0 61.0 141.0 77.0 132.0 71.0 142.0 56.0 Small_Car Vehicle 1
344.0 179.0 333.0 182.0 332.0 175.0 343.0 172.0 Small_Car Vehicle 1
323.0 440.0 308.0 448.0 305.0 442.0 320.0 434.0 Small_Car Vehicle 1
741.0 467.0 720.0 471.0 720.0 465.0 740.0 461.0 Small_Car Vehicle 1
724.0 443.0 705.0 448.0 703.0 442.0 722.0 437.0 Van Vehicle 1
719.0 436.0 700.0 440.0 699.0 433.0 717.0 429.0 Small_Car Vehicle 1
698.0 362.0 683.0 365.0 682.0 359.0 697.0 356.0 other-vehicle Vehicle 1
624.0 366.0 615.0 368.0 613.0 349.0 621.0 347.0 other-vehicle Vehicle 1
293.0 970.0 271.0 971.0 271.0 963.0 293.0 963.0 Cargo_Truck Vehicle 1
334.0 957.0 314.0 956.0 316.0 949.0 334.0 950.0 Van Vehicle 1
309.0 958.0 282.0 960.0 282.0 951.0 308.0 948.0 Cargo_Truck Vehicle 1
332.0 968.0 302.0 969.0 302.0 959.0 332.0 958.0 Cargo_Truck Vehicle 1
955.0 729.0 945.0 731.0 944.0 714.0 953.0 713.0 Van Vehicle 1
994.0 931.0 988.0 931.0 986.0 912.0 993.0 911.0 Small_Car Vehicle 1
982.0 929.0 974.0 929.0 974.0 912.0 982.0 912.0 Small_Car Vehicle 1
948.0 928.0 939.0 929.0 939.0 910.0 947.0 910.0 Van Vehicle 1
936.0 929.0 929.0 930.0 927.0 913.0 934.0 912.0 Small_Car Vehicle 1
925.0 929.0 918.0 932.0 912.0 917.0 919.0 914.0 Small_Car Vehicle 1
914.0 935.0 908.0 937.0 900.0 919.0 907.0 917.0 Van Vehicle 1
876.0 658.0 833.0 670.0 795.0 596.0 837.0 583.0 Tennis_Court Court 1
820.0 676.0 777.0 691.0 738.0 616.0 780.0 602.0 Tennis_Court Court 1
