256.0 513.0 238.0 519.0 235.0 511.0 253.0 505.0 Van Vehicle 1
322.0 642.0 317.0 651.0 298.0 641.0 303.0 633.0 Small_Car Vehicle 1
338.0 631.0 334.0 638.0 310.0 627.0 314.0 619.0 Dump_Truck Vehicle 1
275.0 591.0 274.0 600.0 251.0 599.0 251.0 590.0 Dump_Truck Vehicle 1
400.0 498.0 381.0 505.0 378.0 497.0 397.0 490.0 Small_Car Vehicle 1
406.0 507.0 387.0 514.0 384.0 505.0 403.0 498.0 Van Vehicle 1
411.0 517.0 394.0 522.0 392.0 515.0 409.0 510.0 Van Vehicle 1
448.0 510.0 438.0 514.0 431.0 496.0 441.0 492.0 Small_Car Vehicle 1
458.0 504.0 450.0 507.0 444.0 492.0 452.0 489.0 Van Vehicle 1
405.0 543.0 386.0 551.0 383.0 543.0 402.0 536.0 Small_Car Vehicle 1
469.0 559.0 459.0 563.0 451.0 546.0 461.0 542.0 Van Vehicle 1
457.0 579.0 449.0 583.0 439.0 568.0 447.0 564.0 Small_Car Vehicle 1
460.0 604.0 444.0 612.0 440.0 605.0 456.0 596.0 Van Vehicle 1
516.0 581.0 494.0 588.0 492.0 580.0 513.0 573.0 Van Vehicle 1
520.0 590.0 499.0 595.0 497.0 588.0 518.0 583.0 Small_Car Vehicle 1
525.0 596.0 508.0 604.0 504.0 597.0 522.0 589.0 Small_Car Vehicle 1
528.0 604.0 510.0 611.0 507.0 605.0 525.0 598.0 Van Vehicle 1
532.0 614.0 512.0 617.0 511.0 610.0 531.0 607.0 Small_Car Vehicle 1
484.0 616.0 477.0 621.0 466.0 604.0 474.0 600.0 Dump_Truck Vehicle 1
503.0 629.0 499.0 635.0 484.0 624.0 488.0 619.0 Van Vehicle 1
502.0 651.0 491.0 665.0 485.0 660.0 496.0 647.0 Small_Car Vehicle 1
505.0 664.0 490.0 680.0 484.0 675.0 498.0 658.0 Van Vehicle 1
518.0 651.0 505.0 664.0 499.0 658.0 512.0 645.0 Dump_Truck Vehicle 1
528.0 656.0 515.0 668.0 509.0 662.0 522.0 650.0 Small_Car Vehicle 1
535.0 671.0 522.0 689.0 514.0 683.0 527.0 665.0 Dump_Truck Vehicle 1
544.0 666.0 539.0 685.0 531.0 682.0 535.0 664.0 Van Vehicle 1
560.0 653.0 558.0 670.0 549.0 669.0 550.0 652.0 Van Vehicle 1
574.0 652.0 567.0 677.0 558.0 674.0 564.0 649.0 Van Vehicle 1
581.0 661.0 575.0 682.0 566.0 679.0 572.0 659.0 Van Vehicle 1
536.0 688.0 525.0 702.0 519.0 697.0 530.0 683.0 Small_Car Vehicle 1
544.0 694.0 534.0 710.0 526.0 705.0 536.0 689.0 Small_Car Vehicle 1
535.0 712.0 523.0 727.0 515.0 721.0 527.0 706.0 Cargo_Truck Vehicle 1
524.0 731.0 512.0 747.0 505.0 742.0 517.0 726.0 Dump_Truck Vehicle 1
530.0 740.0 518.0 753.0 512.0 748.0 524.0 735.0 Small_Car Vehicle 1
545.0 722.0 533.0 738.0 526.0 733.0 538.0 717.0 Small_Car Vehicle 1
553.0 729.0 540.0 744.0 533.0 739.0 546.0 724.0 Dump_Truck Vehicle 1
538.0 744.0 528.0 759.0 520.0 754.0 531.0 739.0 Small_Car Vehicle 1
548.0 751.0 536.0 764.0 529.0 758.0 542.0 745.0 Small_Car Vehicle 1
561.0 736.0 550.0 750.0 543.0 744.0 554.0 731.0 Small_Car Vehicle 1
567.0 744.0 557.0 757.0 551.0 752.0 560.0 739.0 Small_Car Vehicle 1
557.0 758.0 545.0 773.0 538.0 767.0 550.0 752.0 Small_Car Vehicle 1
567.0 724.0 561.0 730.0 547.0 714.0 552.0 709.0 Van Vehicle 1
590.0 771.0 586.0 777.0 570.0 767.0 574.0 760.0 Van Vehicle 1
595.0 762.0 591.0 769.0 574.0 759.0 578.0 752.0 Dump_Truck Vehicle 1
596.0 754.0 592.0 759.0 576.0 750.0 579.0 744.0 Van Vehicle 1
593.0 726.0 588.0 735.0 569.0 724.0 574.0 716.0 Dump_Truck Vehicle 1
598.0 743.0 594.0 750.0 575.0 739.0 579.0 732.0 Small_Car Vehicle 1
589.0 699.0 567.0 700.0 567.0 691.0 588.0 690.0 Small_Car Vehicle 1
592.0 668.0 587.0 689.0 577.0 687.0 581.0 666.0 Small_Car Vehicle 1
600.0 673.0 595.0 692.0 586.0 689.0 591.0 670.0 Van Vehicle 1
597.0 792.0 596.0 799.0 576.0 797.0 576.0 790.0 Van Vehicle 1
549.0 403.0 532.0 409.0 529.0 400.0 547.0 395.0 Van Vehicle 1
598.0 537.0 587.0 546.0 582.0 539.0 594.0 531.0 Van Vehicle 1
595.0 525.0 581.0 539.0 575.0 533.0 589.0 519.0 Small_Car Vehicle 1
587.0 505.0 573.0 520.0 567.0 515.0 581.0 499.0 Small_Car Vehicle 1
582.0 495.0 568.0 511.0 561.0 504.0 575.0 489.0 Small_Car Vehicle 1
576.0 487.0 563.0 500.0 558.0 494.0 571.0 481.0 Van Vehicle 1
571.0 477.0 558.0 491.0 552.0 486.0 565.0 471.0 Small_Car Vehicle 1
565.0 467.0 553.0 480.0 547.0 475.0 559.0 462.0 Van Vehicle 1
560.0 459.0 548.0 472.0 541.0 466.0 553.0 452.0 Van Vehicle 1
553.0 451.0 542.0 464.0 535.0 458.0 546.0 445.0 Van Vehicle 1
528.0 477.0 519.0 482.0 508.0 464.0 516.0 459.0 Dump_Truck Vehicle 1
501.0 486.0 492.0 489.0 486.0 473.0 495.0 470.0 Van Vehicle 1
