82.0 96.0 78.0 111.0 69.0 109.0 72.0 94.0 Small_Car Vehicle 1
55.0 120.0 51.0 135.0 41.0 133.0 45.0 118.0 Small_Car Vehicle 1
77.0 119.0 74.0 133.0 64.0 130.0 68.0 116.0 Small_Car Vehicle 1
109.0 152.0 86.0 152.0 86.0 145.0 109.0 144.0 Small_Car Vehicle 1
99.0 157.0 98.0 165.0 77.0 164.0 77.0 156.0 Van Vehicle 1
21.0 327.0 20.0 341.0 11.0 341.0 11.0 327.0 Small_Car Vehicle 1
52.0 356.0 49.0 376.0 39.0 375.0 42.0 354.0 Small_Car Vehicle 1
594.0 506.0 592.0 516.0 565.0 512.0 567.0 502.0 Small_Car Vehicle 1
62.0 720.0 61.0 727.0 41.0 725.0 42.0 718.0 Van Vehicle 1
171.0 719.0 170.0 729.0 132.0 726.0 133.0 716.0 Cargo_Truck Vehicle 1
104.0 789.0 86.0 788.0 86.0 781.0 104.0 782.0 Van Vehicle 1
109.0 773.0 108.0 779.0 87.0 778.0 87.0 772.0 Small_Car Vehicle 1
159.0 765.0 139.0 764.0 140.0 757.0 159.0 758.0 Small_Car Vehicle 1
316.0 538.0 315.0 545.0 296.0 544.0 296.0 537.0 Van Vehicle 1
318.0 556.0 295.0 554.0 296.0 546.0 318.0 548.0 Small_Car Vehicle 1
315.0 563.0 295.0 563.0 295.0 556.0 315.0 556.0 Small_Car Vehicle 1
317.0 565.0 316.0 573.0 295.0 572.0 295.0 564.0 Van Vehicle 1
318.0 582.0 297.0 582.0 297.0 574.0 318.0 574.0 Small_Car Vehicle 1
369.0 607.0 368.0 615.0 347.0 614.0 347.0 605.0 Small_Car Vehicle 1
368.0 624.0 346.0 623.0 347.0 615.0 368.0 616.0 Van Vehicle 1
370.0 606.0 350.0 604.0 351.0 597.0 370.0 599.0 Small_Car Vehicle 1
370.0 590.0 369.0 597.0 349.0 596.0 349.0 589.0 Van Vehicle 1
376.0 582.0 375.0 588.0 353.0 586.0 353.0 579.0 Small_Car Vehicle 1
376.0 571.0 375.0 578.0 354.0 577.0 355.0 571.0 Van Vehicle 1
378.0 562.0 377.0 570.0 352.0 569.0 352.0 561.0 Van Vehicle 1
380.0 554.0 379.0 562.0 356.0 560.0 356.0 552.0 Small_Car Vehicle 1
406.0 554.0 383.0 552.0 383.0 545.0 406.0 548.0 Small_Car Vehicle 1
404.0 564.0 382.0 563.0 382.0 555.0 404.0 556.0 Van Vehicle 1
402.0 574.0 380.0 572.0 381.0 565.0 402.0 567.0 Small_Car Vehicle 1
396.0 600.0 372.0 598.0 373.0 591.0 396.0 593.0 Small_Car Vehicle 1
391.0 601.0 390.0 609.0 370.0 607.0 371.0 599.0 Small_Car Vehicle 1
448.0 636.0 447.0 643.0 425.0 640.0 426.0 633.0 Small_Car Vehicle 1
449.0 618.0 448.0 625.0 426.0 622.0 427.0 615.0 Small_Car Vehicle 1
454.0 598.0 453.0 606.0 430.0 604.0 431.0 596.0 Small_Car Vehicle 1
448.0 652.0 426.0 651.0 427.0 643.0 448.0 644.0 Small_Car Vehicle 1
443.0 671.0 421.0 669.0 421.0 662.0 443.0 664.0 Van Vehicle 1
344.0 721.0 336.0 741.0 326.0 736.0 334.0 717.0 Dump_Truck Vehicle 1
378.0 732.0 377.0 739.0 349.0 737.0 350.0 729.0 other-vehicle Vehicle 1
383.0 694.0 382.0 702.0 357.0 700.0 358.0 692.0 Dump_Truck Vehicle 1
375.0 727.0 350.0 726.0 350.0 720.0 375.0 721.0 Small_Car Vehicle 1
429.0 737.0 428.0 743.0 406.0 741.0 407.0 734.0 Small_Car Vehicle 1
435.0 725.0 407.0 725.0 407.0 716.0 435.0 717.0 Van Vehicle 1
432.0 734.0 406.0 733.0 407.0 725.0 432.0 726.0 Van Vehicle 1
453.0 738.0 452.0 745.0 432.0 743.0 433.0 737.0 Small_Car Vehicle 1
458.0 718.0 457.0 725.0 435.0 723.0 436.0 716.0 Small_Car Vehicle 1
457.0 714.0 437.0 714.0 437.0 707.0 457.0 707.0 Small_Car Vehicle 1
459.0 704.0 436.0 703.0 437.0 696.0 459.0 697.0 Small_Car Vehicle 1
460.0 685.0 439.0 683.0 439.0 677.0 460.0 680.0 Small_Car Vehicle 1
460.0 688.0 459.0 694.0 439.0 694.0 439.0 687.0 Van Vehicle 1
516.0 710.0 491.0 709.0 492.0 701.0 516.0 702.0 Van Vehicle 1
514.0 720.0 493.0 719.0 493.0 712.0 514.0 713.0 Small_Car Vehicle 1
511.0 723.0 510.0 730.0 490.0 727.0 490.0 720.0 Small_Car Vehicle 1
567.0 712.0 566.0 720.0 542.0 719.0 542.0 710.0 Van Vehicle 1
563.0 731.0 562.0 739.0 537.0 737.0 538.0 729.0 Van Vehicle 1
563.0 755.0 561.0 767.0 525.0 761.0 527.0 750.0 Cargo_Truck Vehicle 1
588.0 68.0 587.0 76.0 561.0 72.0 562.0 64.0 Small_Car Vehicle 1
561.0 64.0 560.0 72.0 533.0 69.0 534.0 61.0 Van Vehicle 1
530.0 61.0 528.0 70.0 502.0 66.0 503.0 57.0 Van Vehicle 1
600.0 44.0 583.0 41.0 585.0 33.0 600.0 34.0 Small_Car Vehicle 1
392.0 151.0 377.0 162.0 371.0 154.0 387.0 144.0 Small_Car Vehicle 1
405.0 154.0 389.0 170.0 381.0 162.0 398.0 146.0 Small_Car Vehicle 1
73.0 766.0 72.0 773.0 50.0 771.0 51.0 764.0 Small_Car Vehicle 1
224.0 477.0 205.0 477.0 205.0 470.0 224.0 469.0 Small_Car Vehicle 1
