114.0 392.0 48.0 421.0 19.0 355.0 84.0 326.0 other-airplane Airplane 1
193.0 345.0 135.0 376.0 99.0 310.0 157.0 279.0 other-airplane Airplane 1
272.0 298.0 202.0 335.0 162.0 262.0 232.0 224.0 A350 Airplane 1
264.0 181.0 182.0 236.0 137.0 169.0 218.0 114.0 Boeing777 Airplane 1
275.8302 75.726677 234.830215 9.726685 302.0 -32.0 343.0 33.999992 A330 Airplane 1
447.0 199.0 379.0 236.0 339.0 163.0 407.0 125.0 A330 Airplane 1
533.0 151.0 463.0 190.0 423.0 117.0 493.0 78.0 A330 Airplane 1
620.421387 106.862305 577.421387 18.86232 659.0 -20.999962 702.0 67.000023 A350 Airplane 1
537.0 417.0 462.0 462.0 421.0 395.0 496.0 349.0 Boeing777 Airplane 1
585.0 493.0 504.0 539.0 463.0 467.0 544.0 420.0 Boeing777 Airplane 1
549.98114 617.010742 507.999939 544.0 587.999939 498.0 629.98114 571.010742 Boeing777 Airplane 1
