548.0 180.0 481.0 182.0 480.0 151.0 547.0 149.0 Intersection Road 1
991.0 94.0 978.0 109.0 971.0 103.0 984.0 87.0 Van Vehicle 1
242.0 721.0 207.0 722.0 206.0 695.0 241.0 695.0 Intersection Road 1
914.0 960.0 904.0 961.0 904.0 945.0 913.0 944.0 Small_Car Vehicle 1
926.0 963.0 916.0 963.0 916.0 948.0 926.0 948.0 Van Vehicle 1
939.0 945.0 938.0 962.0 929.0 962.0 930.0 944.0 Small_Car Vehicle 1
949.0 960.0 940.0 960.0 940.0 946.0 949.0 946.0 Small_Car Vehicle 1
962.0 961.0 952.0 962.0 951.0 944.0 962.0 944.0 Small_Car Vehicle 1
973.0 944.0 972.0 960.0 963.0 960.0 964.0 943.0 Small_Car Vehicle 1
947.0 830.0 923.0 829.0 923.0 819.0 947.0 820.0 Small_Car Vehicle 1
946.0 810.0 924.0 809.0 924.0 801.0 946.0 802.0 Small_Car Vehicle 1
946.0 800.0 925.0 800.0 925.0 793.0 946.0 792.0 Van Vehicle 1
944.0 782.0 924.0 782.0 924.0 774.0 944.0 774.0 Small_Car Vehicle 1
944.0 774.0 925.0 774.0 925.0 765.0 944.0 765.0 Small_Car Vehicle 1
945.0 764.0 925.0 764.0 925.0 755.0 945.0 755.0 Small_Car Vehicle 1
819.0 826.0 810.0 826.0 810.0 810.0 819.0 810.0 Small_Car Vehicle 1
807.0 828.0 797.0 828.0 797.0 809.0 806.0 809.0 Dump_Truck Vehicle 1
779.0 828.0 770.0 828.0 769.0 809.0 779.0 809.0 Dump_Truck Vehicle 1
742.0 825.0 732.0 826.0 732.0 807.0 742.0 807.0 Dump_Truck Vehicle 1
729.0 826.0 720.0 826.0 719.0 808.0 729.0 808.0 Small_Car Vehicle 1
843.0 759.0 842.0 778.0 833.0 777.0 834.0 759.0 Van Vehicle 1
819.0 758.0 818.0 775.0 809.0 774.0 809.0 758.0 Van Vehicle 1
806.0 778.0 795.0 779.0 794.0 758.0 805.0 758.0 Van Vehicle 1
774.0 777.0 764.0 777.0 764.0 759.0 773.0 759.0 Small_Car Vehicle 1
761.0 776.0 751.0 777.0 749.0 759.0 759.0 758.0 Small_Car Vehicle 1
744.0 779.0 734.0 779.0 733.0 759.0 744.0 759.0 Small_Car Vehicle 1
694.0 778.0 684.0 778.0 684.0 760.0 694.0 760.0 Small_Car Vehicle 1
486.0 837.0 463.0 836.0 464.0 826.0 486.0 827.0 Van Vehicle 1
540.0 873.0 529.0 873.0 529.0 854.0 539.0 854.0 Small_Car Vehicle 1
295.0 858.0 268.0 860.0 267.0 851.0 294.0 850.0 Van Vehicle 1
74.0 179.0 49.0 180.0 49.0 169.0 74.0 169.0 Dump_Truck Vehicle 1
601.0 375.0 551.0 387.0 548.0 376.0 599.0 364.0 Truck_Tractor Vehicle 1
989.0 146.0 981.0 156.0 961.0 140.0 969.0 130.0 Van Vehicle 1
569.0 722.0 485.0 724.0 485.0 698.0 568.0 696.0 Intersection Road 1
522.0 680.0 511.0 681.0 509.0 659.0 520.0 659.0 Small_Car Vehicle 1
