325.0 146.0 276.0 185.0 251.0 155.0 300.0 115.0 Intersection Road 1
907.0 506.0 852.0 523.0 844.0 496.0 899.0 479.0 Intersection Road 1
595.0 604.0 541.0 622.0 525.0 577.0 580.0 559.0 Intersection Road 1
508.0 778.0 500.0 782.0 493.0 766.0 500.0 763.0 Van Vehicle 1
613.0 657.0 605.0 660.0 598.0 644.0 606.0 641.0 Van Vehicle 1
652.0 616.0 644.0 617.0 641.0 600.0 649.0 599.0 Van Vehicle 1
674.0 600.0 666.0 604.0 657.0 588.0 665.0 584.0 Van Vehicle 1
985.0 750.0 979.0 754.0 970.0 740.0 977.0 736.0 Small_Car Vehicle 1
977.0 732.0 969.0 737.0 959.0 721.0 968.0 716.0 Small_Car Vehicle 1
929.0 713.0 911.0 718.0 909.0 711.0 927.0 706.0 Small_Car Vehicle 1
904.0 645.0 885.0 650.0 883.0 643.0 902.0 638.0 Dump_Truck Vehicle 1
992.0 614.0 970.0 619.0 968.0 611.0 990.0 606.0 Van Vehicle 1
827.0 269.0 808.0 274.0 806.0 267.0 825.0 262.0 Van Vehicle 1
827.0 508.0 805.0 513.0 803.0 506.0 825.0 500.0 Small_Car Vehicle 1
789.0 496.0 781.0 499.0 775.0 483.0 782.0 480.0 Van Vehicle 1
776.0 499.0 769.0 502.0 762.0 487.0 769.0 484.0 Van Vehicle 1
743.0 556.0 721.0 562.0 719.0 554.0 741.0 548.0 Small_Car Vehicle 1
761.0 526.0 747.0 529.0 746.0 523.0 760.0 520.0 Small_Car Vehicle 1
722.0 536.0 704.0 540.0 702.0 534.0 720.0 529.0 Small_Car Vehicle 1
637.0 538.0 629.0 541.0 623.0 526.0 630.0 523.0 Van Vehicle 1
479.0 293.0 456.0 300.0 453.0 292.0 477.0 285.0 Van Vehicle 1
418.0 314.0 411.0 317.0 404.0 302.0 410.0 299.0 Small_Car Vehicle 1
408.0 295.0 401.0 299.0 393.0 285.0 400.0 281.0 Van Vehicle 1
368.0 242.0 335.0 251.0 332.0 240.0 365.0 231.0 Cargo_Truck Vehicle 1
262.0 73.0 246.0 87.0 240.0 80.0 256.0 65.0 Van Vehicle 1
185.0 123.0 165.0 125.0 164.0 118.0 185.0 116.0 Small_Car Vehicle 1
745.0 992.0 737.0 995.0 731.0 981.0 739.0 978.0 Van Vehicle 1
737.0 976.0 731.0 980.0 723.0 966.0 730.0 962.0 Van Vehicle 1
588.0 731.0 565.0 738.0 563.0 731.0 586.0 724.0 Van Vehicle 1
157.0 619.0 151.0 634.0 143.0 631.0 149.0 615.0 Small_Car Vehicle 1
258.0 632.0 252.0 645.0 245.0 642.0 250.0 629.0 Van Vehicle 1
337.0 643.0 336.0 658.0 328.0 657.0 328.0 642.0 Small_Car Vehicle 1
336.0 660.0 334.0 676.0 325.0 675.0 327.0 659.0 Van Vehicle 1
423.0 692.0 414.0 692.0 413.0 676.0 423.0 676.0 Small_Car Vehicle 1
454.0 665.0 447.0 667.0 443.0 652.0 450.0 650.0 Small_Car Vehicle 1
466.0 663.0 458.0 665.0 453.0 650.0 462.0 647.0 Dump_Truck Vehicle 1
119.0 765.0 100.0 770.0 98.0 763.0 118.0 759.0 Van Vehicle 1
29.0 791.0 22.0 794.0 15.0 780.0 22.0 776.0 Small_Car Vehicle 1
213.0 863.0 197.0 871.0 193.0 864.0 209.0 855.0 Van Vehicle 1
263.0 870.0 245.0 877.0 242.0 869.0 260.0 863.0 Van Vehicle 1
214.0 884.0 194.0 890.0 192.0 883.0 212.0 878.0 Small_Car Vehicle 1
264.0 969.0 245.0 975.0 243.0 968.0 262.0 962.0 Small_Car Vehicle 1
272.0 979.0 250.0 986.0 248.0 980.0 270.0 973.0 Small_Car Vehicle 1
319.0 977.0 298.0 984.0 296.0 978.0 317.0 971.0 Van Vehicle 1
281.690552 1001.08606 280.0 995.000122 298.309448 989.914185 300.0 996.000122 Small_Car Vehicle 1
740.0 243.0 731.0 248.0 724.0 232.0 733.0 228.0 Small_Car Vehicle 1
