498.0 196.0 479.0 196.0 479.0 188.0 498.0 189.0 Small_Car Vehicle 1
483.0 163.0 462.0 164.0 462.0 156.0 483.0 155.0 Small_Car Vehicle 1
472.0 196.0 446.0 197.0 446.0 190.0 472.0 189.0 Van Vehicle 1
442.0 196.0 423.0 197.0 423.0 190.0 442.0 189.0 Small_Car Vehicle 1
417.0 196.0 395.0 196.0 395.0 189.0 417.0 189.0 Small_Car Vehicle 1
455.0 164.0 435.0 165.0 435.0 157.0 455.0 157.0 Small_Car Vehicle 1
428.0 165.0 403.0 164.0 403.0 157.0 428.0 157.0 Van Vehicle 1
391.0 199.0 370.0 198.0 371.0 191.0 391.0 192.0 Small_Car Vehicle 1
367.0 199.0 345.0 199.0 345.0 192.0 367.0 192.0 Van Vehicle 1
343.0 197.0 324.0 198.0 324.0 191.0 342.0 190.0 Van Vehicle 1
398.0 165.0 377.0 165.0 377.0 159.0 398.0 159.0 Van Vehicle 1
368.0 168.0 334.0 166.0 334.0 157.0 368.0 159.0 Cargo_Truck Vehicle 1
311.0 203.0 253.0 203.0 253.0 145.0 311.0 145.0 Intersection Road 1
279.0 410.0 272.0 410.0 271.0 391.0 279.0 390.0 Van Vehicle 1
224.0 310.0 201.0 310.0 201.0 301.0 224.0 302.0 Small_Car Vehicle 1
235.0 273.0 212.0 273.0 212.0 264.0 235.0 264.0 Van Vehicle 1
231.0 178.0 214.0 178.0 214.0 171.0 231.0 171.0 Small_Car Vehicle 1
222.0 201.0 202.0 201.0 203.0 192.0 222.0 192.0 Van Vehicle 1
194.0 202.0 173.0 201.0 173.0 194.0 194.0 194.0 Small_Car Vehicle 1
167.0 200.0 146.0 201.0 145.0 193.0 167.0 192.0 Van Vehicle 1
136.0 202.0 114.0 202.0 114.0 195.0 136.0 196.0 Small_Car Vehicle 1
107.0 200.0 88.0 201.0 88.0 195.0 107.0 195.0 Van Vehicle 1
101.0 170.0 81.0 171.0 81.0 164.0 101.0 164.0 Van Vehicle 1
78.0 171.0 56.0 171.0 56.0 164.0 78.0 164.0 Small_Car Vehicle 1
77.0 202.0 55.0 202.0 55.0 194.0 77.0 194.0 Small_Car Vehicle 1
52.0 172.0 32.0 171.0 33.0 163.0 52.0 164.0 Small_Car Vehicle 1
49.0 202.0 29.0 202.0 29.0 194.0 49.0 194.0 Small_Car Vehicle 1
26.0 171.0 6.0 172.0 5.0 164.0 26.0 163.0 Small_Car Vehicle 1
473.0 728.0 465.0 746.0 457.0 743.0 465.0 725.0 Van Vehicle 1
551.0 636.0 513.0 636.0 513.0 625.0 551.0 625.0 Cargo_Truck Vehicle 1
401.0 485.0 378.0 484.0 378.0 476.0 401.0 477.0 Van Vehicle 1
435.0 496.0 415.0 498.0 414.0 491.0 434.0 489.0 Small_Car Vehicle 1
374.0 505.0 352.0 505.0 352.0 496.0 374.0 496.0 Small_Car Vehicle 1
284.0 485.0 276.0 485.0 276.0 469.0 284.0 469.0 Small_Car Vehicle 1
146.0 489.0 125.0 489.0 125.0 482.0 146.0 482.0 Small_Car Vehicle 1
160.0 512.0 137.0 513.0 137.0 505.0 159.0 505.0 Small_Car Vehicle 1
191.0 510.0 172.0 511.0 171.0 503.0 191.0 502.0 Van Vehicle 1
202.0 498.0 185.0 499.0 185.0 491.0 202.0 490.0 Van Vehicle 1
216.0 519.0 194.0 521.0 193.0 513.0 216.0 511.0 Small_Car Vehicle 1
239.0 509.0 218.0 509.0 218.0 502.0 238.0 502.0 Small_Car Vehicle 1
322.0 643.0 255.0 643.0 255.0 594.0 322.0 595.0 Intersection Road 1
285.0 515.0 284.0 531.0 276.0 531.0 276.0 515.0 Van Vehicle 1
288.0 556.0 281.0 556.0 280.0 543.0 287.0 542.0 Small_Car Vehicle 1
286.0 579.0 278.0 580.0 277.0 563.0 285.0 563.0 Small_Car Vehicle 1
304.0 620.0 278.0 621.0 278.0 612.0 304.0 611.0 Dump_Truck Vehicle 1
305.0 607.0 283.0 607.0 283.0 599.0 305.0 599.0 Small_Car Vehicle 1
140.0 624.0 124.0 623.0 125.0 617.0 140.0 617.0 Small_Car Vehicle 1
244.0 609.0 223.0 608.0 223.0 600.0 244.0 601.0 Small_Car Vehicle 1
254.0 619.0 219.0 620.0 218.0 613.0 254.0 612.0 Cargo_Truck Vehicle 1
239.0 631.0 224.0 630.0 224.0 624.0 239.0 624.0 Small_Car Vehicle 1
592.0 195.0 572.0 195.0 572.0 189.0 592.0 188.0 Small_Car Vehicle 1
573.0 162.0 549.0 162.0 549.0 156.0 572.0 155.0 Small_Car Vehicle 1
548.0 163.0 525.0 162.0 525.0 155.0 548.0 155.0 Small_Car Vehicle 1
565.0 187.0 564.0 195.0 539.0 194.0 540.0 186.0 Small_Car Vehicle 1
524.0 163.0 501.0 163.0 501.0 156.0 524.0 157.0 Small_Car Vehicle 1
529.0 194.0 509.0 195.0 509.0 189.0 529.0 188.0 Van Vehicle 1
459.0 141.0 452.0 141.0 450.0 122.0 458.0 122.0 Van Vehicle 1
446.0 139.0 438.0 140.0 438.0 123.0 446.0 122.0 Van Vehicle 1
434.0 140.0 425.0 140.0 425.0 124.0 434.0 124.0 Van Vehicle 1
416.0 141.0 406.0 140.0 407.0 122.0 416.0 123.0 Small_Car Vehicle 1
404.0 140.0 396.0 141.0 394.0 122.0 403.0 121.0 Small_Car Vehicle 1
388.0 123.0 387.0 138.0 379.0 137.0 380.0 123.0 Van Vehicle 1
364.0 120.0 363.0 139.0 355.0 139.0 355.0 120.0 Small_Car Vehicle 1
351.0 133.0 343.0 134.0 340.0 117.0 348.0 115.0 Van Vehicle 1
340.0 141.0 331.0 141.0 331.0 124.0 340.0 125.0 Small_Car Vehicle 1
357.0 99.0 356.0 106.0 334.0 105.0 334.0 98.0 Small_Car Vehicle 1
362.0 96.0 353.0 96.0 352.0 78.0 361.0 77.0 Small_Car Vehicle 1
384.0 95.0 375.0 95.0 374.0 77.0 383.0 77.0 Van Vehicle 1
396.0 94.0 386.0 95.0 385.0 77.0 395.0 76.0 Van Vehicle 1
416.0 93.0 407.0 94.0 405.0 75.0 414.0 74.0 Small_Car Vehicle 1
428.0 95.0 419.0 95.0 419.0 76.0 427.0 76.0 Small_Car Vehicle 1
302.0 86.0 294.0 86.0 294.0 68.0 302.0 68.0 Small_Car Vehicle 1
302.0 64.0 293.0 65.0 292.0 48.0 302.0 47.0 Small_Car Vehicle 1
300.0 34.0 292.0 34.0 292.0 16.0 300.0 16.0 Small_Car Vehicle 1
260.0 111.0 253.0 111.0 253.0 96.0 260.0 96.0 Van Vehicle 1
260.0 91.0 252.0 92.0 251.0 74.0 258.0 74.0 Van Vehicle 1
259.0 70.0 251.0 70.0 250.0 55.0 259.0 55.0 Van Vehicle 1
257.0 50.0 249.0 50.0 248.0 33.0 257.0 33.0 Van Vehicle 1
259.0 31.0 250.0 31.0 249.0 15.0 259.0 14.0 Van Vehicle 1
413.0 282.0 393.0 283.0 393.0 274.0 413.0 274.0 Small_Car Vehicle 1
506.0 315.0 486.0 316.0 486.0 305.0 506.0 305.0 Small_Car Vehicle 1
516.0 272.0 489.0 273.0 489.0 263.0 515.0 262.0 Van Vehicle 1
597.0 308.0 575.0 308.0 575.0 300.0 597.0 300.0 Van Vehicle 1
555.0 481.0 536.0 480.0 536.0 474.0 555.0 474.0 Small_Car Vehicle 1
524.0 503.0 499.0 503.0 499.0 495.0 523.0 494.0 Van Vehicle 1
512.0 492.0 489.0 492.0 489.0 486.0 512.0 486.0 Small_Car Vehicle 1
504.0 483.0 480.0 483.0 480.0 475.0 504.0 475.0 Small_Car Vehicle 1
497.0 501.0 475.0 503.0 474.0 496.0 496.0 493.0 Small_Car Vehicle 1
