323.0 23.0 321.0 50.0 307.0 48.0 310.0 21.0 Excavator Vehicle 1
381.0 273.0 366.0 273.0 365.0 239.0 380.0 239.0 Excavator Vehicle 1
592.0 352.0 591.0 376.0 580.0 376.0 581.0 352.0 Small_Car Vehicle 1
453.0 277.0 443.0 277.0 442.0 254.0 453.0 254.0 Cargo_Truck Vehicle 1
469.0 255.0 468.0 278.0 456.0 278.0 456.0 255.0 Cargo_Truck Vehicle 1
480.0 275.0 469.0 275.0 469.0 254.0 480.0 254.0 Cargo_Truck Vehicle 1
503.0 277.0 491.0 277.0 491.0 255.0 503.0 255.0 Cargo_Truck Vehicle 1
516.0 257.0 515.0 279.0 503.0 278.0 505.0 256.0 Van Vehicle 1
532.0 312.0 531.0 329.0 522.0 329.0 522.0 311.0 Van Vehicle 1
246.0 367.0 235.0 367.0 235.0 345.0 246.0 346.0 Small_Car Vehicle 1
262.0 473.0 239.0 472.0 239.0 460.0 262.0 461.0 Small_Car Vehicle 1
36.0 555.0 33.0 577.0 23.0 576.0 26.0 554.0 Small_Car Vehicle 1
37.0 731.0 35.0 750.0 26.0 749.0 28.0 730.0 Small_Car Vehicle 1
353.0 241.0 352.0 271.0 337.0 270.0 339.0 240.0 Excavator Vehicle 1
