369.0 120.0 371.0 227.0 382.0 225.0 380.0 120.0 Liquid_Cargo_Ship Ship 1
528.0 29.0 467.0 245.0 511.0 256.0 571.0 40.0 Liquid_Cargo_Ship Ship 1
567.0 452.0 642.0 452.0 642.0 436.0 567.0 436.0 Bridge Road 1
561.0 538.0 630.0 538.0 630.0 525.0 561.0 525.0 Bridge Road 1
528.0 679.0 601.0 697.0 605.0 684.0 532.0 665.0 Bridge Road 1
517.0 720.0 596.0 738.0 600.0 718.0 523.0 700.0 Bridge Road 1
367.0 0.0 369.0 86.0 382.0 86.0 380.0 0.0 Liquid_Cargo_Ship Ship 1
855.0 765.0 855.0 702.0 909.0 702.0 909.0 765.0 Intersection Road 1
244.0 608.0 261.0 572.0 303.0 591.0 286.0 628.0 Intersection Road 1
77.0 945.0 77.0 927.0 98.0 927.0 98.0 945.0 Intersection Road 1
869.0 526.0 869.0 509.0 886.0 509.0 886.0 526.0 Intersection Road 1
