89.0 6.0 82.0 6.0 82.0 0.0 89.0 0.0 Van Vehicle 1
87.0 27.0 79.0 27.0 80.0 12.0 87.0 12.0 Small_Car Vehicle 1
84.0 48.0 76.0 48.0 76.0 35.0 84.0 35.0 Small_Car Vehicle 1
130.0 22.0 129.0 38.0 120.0 37.0 121.0 22.0 Small_Car Vehicle 1
126.0 50.0 125.0 67.0 117.0 67.0 118.0 50.0 Small_Car Vehicle 1
80.0 98.0 79.0 117.0 70.0 117.0 71.0 98.0 Van Vehicle 1
77.0 126.0 76.0 138.0 69.0 138.0 70.0 125.0 Small_Car Vehicle 1
91.0 131.0 90.0 146.0 82.0 146.0 83.0 131.0 Van Vehicle 1
74.0 147.0 73.0 163.0 65.0 162.0 66.0 146.0 Small_Car Vehicle 1
87.0 160.0 86.0 179.0 77.0 178.0 78.0 159.0 Dump_Truck Vehicle 1
74.0 166.0 71.0 186.0 62.0 185.0 65.0 165.0 Van Vehicle 1
106.0 131.0 103.0 164.0 92.0 163.0 95.0 130.0 Cargo_Truck Vehicle 1
114.0 154.0 112.0 168.0 105.0 167.0 107.0 153.0 Small_Car Vehicle 1
82.0 200.0 81.0 216.0 72.0 216.0 73.0 199.0 Small_Car Vehicle 1
112.0 231.0 111.0 282.0 47.0 280.0 49.0 229.0 Intersection Road 1
89.0 304.0 82.0 304.0 82.0 290.0 89.0 290.0 Van Vehicle 1
86.0 315.0 85.0 330.0 79.0 329.0 79.0 315.0 Small_Car Vehicle 1
84.0 353.0 76.0 353.0 77.0 338.0 84.0 338.0 Small_Car Vehicle 1
82.0 378.0 75.0 378.0 75.0 362.0 82.0 363.0 Van Vehicle 1
80.0 388.0 79.0 405.0 71.0 404.0 72.0 388.0 Small_Car Vehicle 1
74.0 426.0 73.0 441.0 65.0 440.0 66.0 425.0 Small_Car Vehicle 1
112.0 441.0 94.0 441.0 94.0 435.0 112.0 435.0 Van Vehicle 1
80.0 528.0 73.0 528.0 73.0 513.0 80.0 513.0 Small_Car Vehicle 1
24.0 232.0 23.0 240.0 3.0 238.0 3.0 231.0 Small_Car Vehicle 1
156.0 278.0 135.0 276.0 135.0 269.0 156.0 270.0 Van Vehicle 1
303.0 245.0 295.0 244.0 296.0 227.0 303.0 228.0 Van Vehicle 1
328.0 229.0 327.0 245.0 320.0 244.0 321.0 229.0 Small_Car Vehicle 1
341.0 247.0 333.0 247.0 333.0 230.0 341.0 231.0 Van Vehicle 1
392.0 235.0 391.0 249.0 384.0 249.0 384.0 235.0 Small_Car Vehicle 1
405.0 233.0 404.0 249.0 396.0 248.0 397.0 233.0 Van Vehicle 1
503.0 268.0 502.0 275.0 486.0 274.0 486.0 267.0 Small_Car Vehicle 1
529.0 278.0 511.0 277.0 511.0 270.0 529.0 271.0 Van Vehicle 1
224.0 185.0 222.0 199.0 216.0 198.0 217.0 184.0 Small_Car Vehicle 1
637.0 24.0 636.0 38.0 628.0 38.0 629.0 24.0 Small_Car Vehicle 1
663.0 24.0 662.0 39.0 654.0 38.0 656.0 24.0 Van Vehicle 1
746.0 18.0 745.0 25.0 721.0 23.0 722.0 15.0 Dump_Truck Vehicle 1
743.0 34.0 719.0 32.0 719.0 25.0 743.0 26.0 Van Vehicle 1
735.0 36.0 734.0 42.0 719.0 40.0 720.0 34.0 Van Vehicle 1
763.0 56.0 762.0 72.0 754.0 71.0 755.0 56.0 Van Vehicle 1
689.0 153.0 681.0 153.0 681.0 139.0 689.0 139.0 Van Vehicle 1
715.0 140.0 713.0 155.0 706.0 154.0 707.0 139.0 Small_Car Vehicle 1
763.0 426.0 744.0 425.0 744.0 419.0 763.0 420.0 Van Vehicle 1
235.0 559.0 229.0 560.0 229.0 551.0 235.0 551.0 Small_Car Vehicle 1
224.0 548.0 223.0 560.0 217.0 560.0 217.0 548.0 Small_Car Vehicle 1
251.0 529.0 234.0 529.0 234.0 523.0 251.0 523.0 Small_Car Vehicle 1
262.0 503.0 242.0 503.0 242.0 495.0 262.0 495.0 Small_Car Vehicle 1
313.0 484.0 292.0 484.0 292.0 478.0 313.0 478.0 Van Vehicle 1
315.0 473.0 299.0 472.0 299.0 467.0 315.0 467.0 Van Vehicle 1
11.0 409.0 0.0 407.0 0.0 401.0 11.0 403.0 Van Vehicle 1
18.0 494.0 0.0 493.0 0.0 487.0 18.0 487.0 Van Vehicle 1
12.0 532.0 0.0 530.0 0.0 523.0 12.0 525.0 Small_Car Vehicle 1
304.0 448.0 295.0 448.0 295.0 432.0 304.0 432.0 Small_Car Vehicle 1
272.0 487.0 260.0 487.0 260.0 467.0 271.0 467.0 Small_Car Vehicle 1
249.0 466.0 248.0 483.0 239.0 483.0 239.0 466.0 Small_Car Vehicle 1
