198.0 980.0 177.0 980.0 177.0 973.0 198.0 972.0 Van Vehicle 1
88.0 954.0 65.0 954.0 65.0 946.0 88.0 946.0 Small_Car Vehicle 1
263.0 704.0 255.0 704.0 255.0 694.0 263.0 694.0 Small_Car Vehicle 1
64.0 614.0 55.0 614.0 55.0 596.0 64.0 596.0 Small_Car Vehicle 1
239.0 608.0 231.0 607.0 231.0 591.0 239.0 591.0 Small_Car Vehicle 1
258.0 410.0 247.0 411.0 246.0 391.0 257.0 391.0 Small_Car Vehicle 1
156.0 435.0 147.0 436.0 146.0 419.0 156.0 418.0 Small_Car Vehicle 1
427.0 455.0 402.0 456.0 402.0 448.0 427.0 447.0 Small_Car Vehicle 1
341.0 180.0 331.0 180.0 331.0 163.0 341.0 163.0 Small_Car Vehicle 1
466.0 138.0 455.0 138.0 454.0 121.0 465.0 121.0 Van Vehicle 1
192.0 173.0 182.0 173.0 182.0 155.0 192.0 155.0 Small_Car Vehicle 1
80.0 87.0 55.0 87.0 55.0 78.0 80.0 79.0 Van Vehicle 1
49.0 80.0 48.0 88.0 26.0 87.0 26.0 79.0 Van Vehicle 1
44.0 62.0 21.0 61.0 21.0 54.0 44.0 54.0 Small_Car Vehicle 1
146.0 64.0 124.0 63.0 124.0 55.0 146.0 55.0 Small_Car Vehicle 1
567.0 66.0 544.0 66.0 544.0 57.0 567.0 57.0 Van Vehicle 1
598.0 65.0 574.0 66.0 574.0 58.0 598.0 57.0 Small_Car Vehicle 1
633.0 64.0 609.0 64.0 609.0 56.0 633.0 56.0 Van Vehicle 1
659.0 64.0 636.0 64.0 636.0 55.0 659.0 55.0 Small_Car Vehicle 1
687.0 65.0 663.0 65.0 662.0 57.0 687.0 57.0 Small_Car Vehicle 1
765.0 56.0 764.0 65.0 741.0 65.0 741.0 56.0 Van Vehicle 1
791.0 65.0 769.0 65.0 769.0 56.0 791.0 57.0 Van Vehicle 1
823.0 65.0 797.0 65.0 797.0 56.0 823.0 57.0 Van Vehicle 1
854.0 65.0 834.0 65.0 834.0 58.0 854.0 58.0 Van Vehicle 1
923.0 147.0 914.0 148.0 913.0 130.0 922.0 130.0 Van Vehicle 1
923.0 166.0 914.0 166.0 914.0 149.0 923.0 149.0 Small_Car Vehicle 1
922.0 185.0 912.0 185.0 912.0 167.0 922.0 167.0 Small_Car Vehicle 1
793.0 180.0 785.0 180.0 785.0 165.0 793.0 165.0 Small_Car Vehicle 1
793.0 163.0 784.0 164.0 784.0 146.0 793.0 146.0 Small_Car Vehicle 1
743.0 243.0 742.0 261.0 733.0 260.0 733.0 243.0 Small_Car Vehicle 1
743.0 280.0 734.0 281.0 733.0 262.0 743.0 262.0 Small_Car Vehicle 1
717.0 268.0 708.0 268.0 708.0 250.0 717.0 250.0 Small_Car Vehicle 1
538.0 206.0 522.0 206.0 522.0 199.0 538.0 199.0 Small_Car Vehicle 1
621.0 573.0 612.0 573.0 613.0 557.0 621.0 557.0 Van Vehicle 1
687.0 905.0 686.0 924.0 675.0 924.0 677.0 904.0 Van Vehicle 1
673.0 913.0 672.0 930.0 663.0 930.0 664.0 913.0 Van Vehicle 1
674.0 912.0 665.0 912.0 665.0 894.0 674.0 895.0 Small_Car Vehicle 1
633.0 972.0 610.0 973.0 610.0 964.0 633.0 964.0 Small_Car Vehicle 1
964.0 974.0 941.0 974.0 940.0 967.0 964.0 967.0 Van Vehicle 1
507.0 51.0 506.0 95.0 452.0 94.0 453.0 49.0 Intersection Road 1
505.0 327.0 504.0 372.0 452.0 371.0 453.0 326.0 Intersection Road 1
505.0 632.0 504.0 678.0 452.0 676.0 453.0 631.0 Intersection Road 1
504.0 989.0 454.0 989.0 454.0 940.0 503.0 939.0 Intersection Road 1
