124.0 25.0 106.0 25.0 106.0 19.0 124.0 19.0 Van Vehicle 1
224.0 76.0 211.0 76.0 211.0 71.0 224.0 71.0 Small_Car Vehicle 1
176.0 60.0 168.0 60.0 168.0 45.0 176.0 45.0 Small_Car Vehicle 1
195.0 91.0 187.0 91.0 187.0 78.0 195.0 78.0 Van Vehicle 1
652.0 34.0 644.0 34.0 644.0 19.0 652.0 19.0 Small_Car Vehicle 1
653.0 53.0 645.0 53.0 644.0 36.0 653.0 36.0 Small_Car Vehicle 1
654.0 92.0 645.0 92.0 645.0 77.0 654.0 77.0 Small_Car Vehicle 1
657.0 140.0 650.0 141.0 649.0 127.0 657.0 126.0 Small_Car Vehicle 1
662.0 239.0 654.0 240.0 653.0 229.0 661.0 228.0 Small_Car Vehicle 1
663.0 258.0 654.0 258.0 654.0 242.0 662.0 242.0 Small_Car Vehicle 1
664.0 276.0 654.0 276.0 655.0 260.0 664.0 261.0 Van Vehicle 1
664.0 279.0 663.0 293.0 654.0 292.0 655.0 279.0 Van Vehicle 1
663.0 310.0 654.0 310.0 654.0 295.0 663.0 295.0 Small_Car Vehicle 1
762.0 474.0 755.0 481.0 741.0 468.0 748.0 461.0 Small_Car Vehicle 1
777.0 487.0 771.0 494.0 756.0 481.0 762.0 474.0 Small_Car Vehicle 1
819.0 521.0 814.0 526.0 800.0 515.0 804.0 509.0 Van Vehicle 1
851.0 547.0 847.0 552.0 837.0 542.0 841.0 538.0 Van Vehicle 1
889.0 576.0 884.0 581.0 869.0 570.0 874.0 564.0 Van Vehicle 1
965.0 635.0 960.0 641.0 948.0 629.0 952.0 624.0 Van Vehicle 1
208.0 641.0 199.0 641.0 199.0 625.0 207.0 625.0 Small_Car Vehicle 1
473.0 804.0 468.0 810.0 455.0 799.0 460.0 793.0 Small_Car Vehicle 1
503.0 830.0 498.0 836.0 484.0 823.0 489.0 818.0 Small_Car Vehicle 1
613.0 860.0 604.0 872.0 578.0 852.0 587.0 841.0 Cargo_Truck Vehicle 1
589.0 895.0 585.0 901.0 571.0 890.0 576.0 884.0 Van Vehicle 1
604.0 908.0 599.0 913.0 587.0 902.0 592.0 897.0 Small_Car Vehicle 1
682.0 926.0 650.0 960.0 604.0 917.0 635.0 883.0 Intersection Road 1
812.0 786.0 798.0 799.0 793.0 793.0 807.0 780.0 Small_Car Vehicle 1
853.0 757.0 840.0 767.0 835.0 762.0 849.0 751.0 Van Vehicle 1
875.0 742.0 862.0 752.0 857.0 746.0 871.0 736.0 Van Vehicle 1
951.0 728.0 941.0 737.0 937.0 733.0 946.0 723.0 Van Vehicle 1
974.0 710.0 962.0 719.0 958.0 715.0 970.0 705.0 Small_Car Vehicle 1
924.0 381.0 915.0 382.0 913.0 366.0 922.0 365.0 Small_Car Vehicle 1
629.0 403.0 609.0 405.0 608.0 399.0 629.0 397.0 Van Vehicle 1
567.0 406.0 550.0 407.0 550.0 401.0 567.0 401.0 Van Vehicle 1
372.0 412.0 351.0 413.0 351.0 406.0 372.0 406.0 Small_Car Vehicle 1
211.0 473.0 171.0 474.0 171.0 407.0 211.0 407.0 Intersection Road 1
69.0 175.0 48.0 176.0 47.0 169.0 69.0 168.0 Van Vehicle 1
94.0 175.0 74.0 176.0 74.0 169.0 94.0 168.0 Van Vehicle 1
201.0 210.0 167.0 211.0 165.0 161.0 200.0 160.0 Intersection Road 1
282.0 170.0 261.0 170.0 261.0 164.0 282.0 164.0 Van Vehicle 1
311.0 203.0 293.0 203.0 293.0 197.0 311.0 198.0 Small_Car Vehicle 1
331.0 169.0 311.0 169.0 311.0 163.0 331.0 163.0 Van Vehicle 1
355.0 168.0 335.0 169.0 335.0 162.0 355.0 162.0 Small_Car Vehicle 1
419.0 167.0 398.0 167.0 398.0 160.0 419.0 160.0 Small_Car Vehicle 1
508.0 196.0 485.0 196.0 485.0 189.0 508.0 190.0 Van Vehicle 1
532.0 197.0 514.0 197.0 514.0 190.0 532.0 190.0 Small_Car Vehicle 1
590.0 163.0 569.0 163.0 569.0 157.0 590.0 156.0 Van Vehicle 1
600.0 195.0 578.0 195.0 578.0 188.0 600.0 188.0 Small_Car Vehicle 1
625.0 194.0 606.0 195.0 605.0 188.0 625.0 187.0 Van Vehicle 1
683.0 197.0 646.0 197.0 646.0 148.0 683.0 148.0 Intersection Road 1
692.0 184.0 682.0 197.0 676.0 192.0 686.0 180.0 Small_Car Vehicle 1
778.0 158.0 760.0 158.0 760.0 151.0 778.0 151.0 Small_Car Vehicle 1
718.0 194.0 696.0 194.0 696.0 186.0 718.0 186.0 Small_Car Vehicle 1
742.0 192.0 728.0 192.0 728.0 186.0 742.0 186.0 Van Vehicle 1
786.0 190.0 771.0 190.0 771.0 183.0 786.0 183.0 Small_Car Vehicle 1
800.0 156.0 781.0 156.0 781.0 150.0 800.0 150.0 Van Vehicle 1
775.0 175.0 756.0 176.0 756.0 170.0 775.0 169.0 Van Vehicle 1
847.0 156.0 825.0 157.0 825.0 150.0 846.0 149.0 Van Vehicle 1
872.0 154.0 851.0 155.0 851.0 149.0 871.0 148.0 Small_Car Vehicle 1
897.0 154.0 875.0 155.0 875.0 147.0 896.0 147.0 Small_Car Vehicle 1
985.0 185.0 966.0 185.0 966.0 179.0 985.0 179.0 Small_Car Vehicle 1
858.0 839.0 839.0 851.0 835.0 844.0 854.0 832.0 Van Vehicle 1
769.0 790.0 764.0 797.0 750.0 786.0 755.0 779.0 Van Vehicle 1
703.0 731.0 694.0 731.0 694.0 712.0 703.0 712.0 Small_Car Vehicle 1
773.0 690.0 758.0 701.0 754.0 696.0 769.0 685.0 Small_Car Vehicle 1
782.0 696.0 768.0 707.0 763.0 701.0 777.0 690.0 Small_Car Vehicle 1
788.0 702.0 774.0 713.0 770.0 707.0 784.0 697.0 Small_Car Vehicle 1
725.0 685.0 720.0 690.0 708.0 679.0 713.0 674.0 Van Vehicle 1
607.0 746.0 602.0 751.0 587.0 737.0 592.0 732.0 Van Vehicle 1
442.0 547.0 429.0 556.0 425.0 550.0 438.0 541.0 Van Vehicle 1
312.0 467.0 306.0 467.0 306.0 454.0 312.0 454.0 Small_Car Vehicle 1
568.0 496.0 560.0 496.0 560.0 480.0 568.0 480.0 Small_Car Vehicle 1
397.0 949.0 384.0 958.0 380.0 953.0 394.0 943.0 Small_Car Vehicle 1
832.0 294.0 824.0 295.0 822.0 279.0 831.0 278.0 Van Vehicle 1
820.0 292.0 813.0 293.0 812.0 278.0 819.0 277.0 Van Vehicle 1
259.0 234.0 238.0 234.0 238.0 226.0 259.0 226.0 Small_Car Vehicle 1
24.0 292.0 9.0 299.0 5.0 292.0 21.0 285.0 Small_Car Vehicle 1
24.0 367.0 10.0 376.0 7.0 370.0 21.0 362.0 Small_Car Vehicle 1
36.0 379.0 13.0 393.0 9.0 387.0 31.0 373.0 Dump_Truck Vehicle 1
37.0 396.0 10.0 405.0 7.0 397.0 34.0 387.0 Dump_Truck Vehicle 1
697.0 422.0 657.0 423.0 655.0 341.0 695.0 340.0 Intersection Road 1
