63.0 314.0 52.0 315.0 51.0 298.0 62.0 297.0 Van Vehicle 1
225.0 436.0 195.0 439.0 194.0 430.0 225.0 428.0 Cargo_Truck Vehicle 1
121.0 545.0 111.0 545.0 110.0 528.0 120.0 527.0 Small_Car Vehicle 1
98.0 548.0 88.0 547.0 89.0 524.0 98.0 524.0 Dump_Truck Vehicle 1
74.0 545.0 65.0 545.0 64.0 530.0 73.0 530.0 Van Vehicle 1
53.0 545.0 43.0 546.0 42.0 527.0 52.0 527.0 Small_Car Vehicle 1
40.0 544.0 28.0 545.0 27.0 523.0 39.0 523.0 Small_Car Vehicle 1
18.0 542.0 8.0 542.0 8.0 524.0 18.0 524.0 Small_Car Vehicle 1
1.0 589.0 -2.0 555.0 15.0 552.0 19.0 586.0 Excavator Vehicle 1
37.0 590.0 23.0 593.0 14.0 551.0 27.0 548.0 Excavator Vehicle 1
52.0 588.0 39.0 591.0 30.0 559.0 44.0 556.0 Excavator Vehicle 1
65.0 588.0 50.0 591.0 44.0 560.0 58.0 557.0 Excavator Vehicle 1
107.0 570.0 106.0 588.0 98.0 588.0 99.0 570.0 Cargo_Truck Vehicle 1
167.0 687.0 157.0 688.0 155.0 671.0 164.0 669.0 Van Vehicle 1
110.0 693.0 100.0 693.0 99.0 673.0 109.0 673.0 Dump_Truck Vehicle 1
110.0 730.0 100.0 730.0 100.0 709.0 109.0 708.0 Dump_Truck Vehicle 1
97.0 732.0 86.0 732.0 86.0 713.0 97.0 713.0 Small_Car Vehicle 1
131.0 790.0 120.0 792.0 116.0 770.0 127.0 768.0 Dump_Truck Vehicle 1
117.0 789.0 107.0 790.0 104.0 772.0 115.0 771.0 Van Vehicle 1
215.0 868.0 206.0 869.0 204.0 851.0 212.0 850.0 Small_Car Vehicle 1
121.0 892.0 62.0 890.0 62.0 876.0 121.0 878.0 Bus Vehicle 1
47.0 906.0 22.0 908.0 22.0 900.0 47.0 898.0 Small_Car Vehicle 1
282.0 599.0 257.0 603.0 256.0 594.0 280.0 590.0 Dump_Truck Vehicle 1
450.0 814.0 442.0 814.0 442.0 798.0 450.0 799.0 Van Vehicle 1
598.0 816.0 594.0 827.0 499.0 799.0 502.0 788.0 Cargo_Truck Vehicle 1
552.0 695.0 541.0 718.0 529.0 712.0 540.0 689.0 Tractor Vehicle 1
488.0 663.0 481.0 671.0 459.0 650.0 466.0 643.0 Dump_Truck Vehicle 1
499.0 654.0 490.0 662.0 474.0 643.0 482.0 635.0 Dump_Truck Vehicle 1
513.0 628.0 512.0 645.0 502.0 644.0 503.0 628.0 Van Vehicle 1
868.0 643.0 857.0 644.0 856.0 624.0 867.0 624.0 Dump_Truck Vehicle 1
575.0 738.0 572.0 742.0 553.0 727.0 556.0 723.0 Bus Vehicle 1
581.0 734.0 578.0 737.0 559.0 722.0 562.0 718.0 Bus Vehicle 1
589.0 726.0 585.0 731.0 565.0 715.0 569.0 710.0 Bus Vehicle 1
131.0 501.0 121.0 501.0 120.0 486.0 131.0 485.0 Van Vehicle 1
