66.0 11.0 57.0 16.0 48.0 0.0 59.0 0.0 Dump_Truck Vehicle 1
79.0 68.0 61.0 74.0 59.0 67.0 76.0 60.0 Van Vehicle 1
663.0 150.0 659.0 155.0 646.0 144.0 651.0 139.0 Small_Car Vehicle 1
680.0 161.0 675.0 167.0 662.0 156.0 667.0 151.0 Small_Car Vehicle 1
644.0 200.0 623.0 201.0 623.0 193.0 644.0 192.0 Van Vehicle 1
667.0 238.0 651.0 247.0 648.0 241.0 664.0 231.0 Small_Car Vehicle 1
676.0 243.0 663.0 257.0 657.0 251.0 670.0 237.0 Small_Car Vehicle 1
247.0 323.0 229.0 324.0 229.0 317.0 246.0 317.0 Van Vehicle 1
248.0 312.0 227.0 312.0 227.0 306.0 248.0 305.0 Small_Car Vehicle 1
530.0 395.0 498.0 397.0 497.0 388.0 530.0 385.0 other-vehicle Vehicle 1
647.0 548.0 642.0 556.0 623.0 544.0 628.0 537.0 Van Vehicle 1
662.0 568.0 656.0 575.0 639.0 563.0 644.0 555.0 Van Vehicle 1
761.0 527.0 755.0 536.0 732.0 523.0 738.0 513.0 Van Vehicle 1
734.0 580.0 729.0 589.0 708.0 576.0 713.0 568.0 Van Vehicle 1
788.0 582.0 784.0 589.0 771.0 582.0 776.0 574.0 Van Vehicle 1
