108.0 135.0 82.0 134.0 82.0 124.0 108.0 125.0 Small_Car Vehicle 1
103.0 189.0 82.0 189.0 82.0 180.0 103.0 181.0 Dump_Truck Vehicle 1
784.0 427.0 783.0 436.0 760.0 436.0 760.0 426.0 Van Vehicle 1
780.0 583.0 779.0 592.0 760.0 592.0 760.0 583.0 Van Vehicle 1
494.0 521.0 481.0 534.0 474.0 526.0 487.0 513.0 Small_Car Vehicle 1
418.0 431.0 396.0 431.0 396.0 422.0 418.0 422.0 Small_Car Vehicle 1
423.0 394.0 422.0 405.0 398.0 404.0 398.0 393.0 Van Vehicle 1
419.0 373.0 418.0 385.0 394.0 384.0 394.0 372.0 Small_Car Vehicle 1
14.0 556.0 4.0 557.0 4.0 541.0 13.0 540.0 Small_Car Vehicle 1
26.0 559.0 16.0 559.0 16.0 544.0 26.0 544.0 Van Vehicle 1
39.0 541.0 38.0 558.0 29.0 558.0 30.0 540.0 Small_Car Vehicle 1
49.0 556.0 40.0 556.0 40.0 542.0 49.0 542.0 Small_Car Vehicle 1
62.0 557.0 52.0 558.0 51.0 540.0 62.0 540.0 Small_Car Vehicle 1
73.0 540.0 72.0 556.0 63.0 556.0 64.0 539.0 Small_Car Vehicle 1
47.0 426.0 23.0 425.0 23.0 415.0 47.0 416.0 Small_Car Vehicle 1
46.0 406.0 24.0 405.0 24.0 397.0 46.0 398.0 Small_Car Vehicle 1
46.0 396.0 25.0 396.0 25.0 389.0 46.0 388.0 Van Vehicle 1
44.0 378.0 24.0 378.0 24.0 370.0 44.0 370.0 Small_Car Vehicle 1
44.0 370.0 25.0 370.0 25.0 361.0 44.0 361.0 Small_Car Vehicle 1
45.0 360.0 25.0 360.0 25.0 351.0 45.0 351.0 Small_Car Vehicle 1
