953.0 980.0 951.0 989.0 926.0 985.0 927.0 976.0 Small_Car Vehicle 1
965.0 943.0 964.0 950.0 945.0 946.0 946.0 940.0 Van Vehicle 1
693.0 755.0 691.0 762.0 671.0 755.0 674.0 748.0 Van Vehicle 1
989.0 133.0 987.0 141.0 965.0 136.0 966.0 128.0 Small_Car Vehicle 1
922.0 76.0 916.0 98.0 904.0 94.0 910.0 73.0 Dump_Truck Vehicle 1
926.0 58.0 922.0 74.0 912.0 72.0 916.0 55.0 Van Vehicle 1
344.0 961.0 333.0 980.0 324.0 975.0 334.0 956.0 Van Vehicle 1
287.0 963.0 279.0 979.0 269.0 974.0 277.0 958.0 Van Vehicle 1
268.0 956.0 259.0 972.0 249.0 967.0 258.0 951.0 Small_Car Vehicle 1
242.0 953.0 235.0 967.0 225.0 962.0 233.0 948.0 Van Vehicle 1
230.0 948.0 222.0 964.0 212.0 959.0 220.0 943.0 Van Vehicle 1
271.0 872.0 264.0 888.0 254.0 884.0 261.0 867.0 Small_Car Vehicle 1
151.0 922.0 143.0 940.0 132.0 935.0 141.0 917.0 Small_Car Vehicle 1
157.0 853.0 146.0 868.0 136.0 862.0 147.0 846.0 Small_Car Vehicle 1
131.0 846.0 123.0 863.0 114.0 858.0 122.0 842.0 Small_Car Vehicle 1
92.0 884.0 80.0 885.0 78.0 867.0 89.0 865.0 Small_Car Vehicle 1
58.0 877.0 46.0 877.0 46.0 858.0 58.0 858.0 Small_Car Vehicle 1
46.0 872.0 36.0 873.0 35.0 855.0 45.0 855.0 Van Vehicle 1
33.0 866.0 24.0 867.0 22.0 850.0 31.0 849.0 Small_Car Vehicle 1
41.0 810.0 29.0 825.0 21.0 820.0 33.0 804.0 Small_Car Vehicle 1
52.0 792.0 35.0 791.0 36.0 783.0 52.0 784.0 Van Vehicle 1
187.0 633.0 181.0 649.0 171.0 646.0 177.0 630.0 Small_Car Vehicle 1
189.0 613.0 180.0 615.0 176.0 599.0 186.0 597.0 Van Vehicle 1
255.0 512.0 250.0 526.0 238.0 522.0 243.0 508.0 Van Vehicle 1
244.0 508.0 239.0 522.0 228.0 518.0 233.0 504.0 Van Vehicle 1
232.0 506.0 226.0 522.0 215.0 518.0 221.0 502.0 Van Vehicle 1
210.0 503.0 204.0 518.0 192.0 513.0 198.0 498.0 Small_Car Vehicle 1
189.0 498.0 185.0 514.0 177.0 512.0 180.0 496.0 Van Vehicle 1
178.0 495.0 171.0 511.0 160.0 506.0 167.0 491.0 Small_Car Vehicle 1
148.0 489.0 141.0 507.0 130.0 503.0 138.0 485.0 Van Vehicle 1
133.0 486.0 126.0 505.0 115.0 501.0 122.0 481.0 Small_Car Vehicle 1
66.0 472.0 43.0 470.0 43.0 463.0 66.0 464.0 Van Vehicle 1
91.0 413.0 90.0 421.0 63.0 416.0 65.0 409.0 Van Vehicle 1
93.0 404.0 92.0 411.0 65.0 407.0 66.0 400.0 Van Vehicle 1
97.0 396.0 95.0 403.0 71.0 397.0 72.0 390.0 Van Vehicle 1
103.0 386.0 101.0 394.0 75.0 388.0 77.0 379.0 Van Vehicle 1
108.0 374.0 106.0 382.0 80.0 377.0 82.0 369.0 Dump_Truck Vehicle 1
113.0 362.0 111.0 370.0 83.0 362.0 86.0 354.0 Van Vehicle 1
122.0 342.0 120.0 352.0 96.0 348.0 98.0 339.0 Small_Car Vehicle 1
122.0 330.0 121.0 338.0 99.0 335.0 100.0 328.0 Van Vehicle 1
132.0 304.0 131.0 312.0 112.0 308.0 113.0 301.0 Van Vehicle 1
135.0 294.0 133.0 303.0 107.0 297.0 109.0 288.0 Small_Car Vehicle 1
145.0 268.0 144.0 278.0 120.0 275.0 121.0 265.0 Van Vehicle 1
48.0 358.0 47.0 364.0 28.0 361.0 29.0 355.0 Van Vehicle 1
72.0 308.0 70.0 316.0 49.0 312.0 50.0 304.0 Van Vehicle 1
75.0 292.0 73.0 301.0 51.0 296.0 53.0 287.0 Small_Car Vehicle 1
82.0 268.0 80.0 276.0 59.0 272.0 60.0 264.0 Small_Car Vehicle 1
540.0 664.0 538.0 672.0 510.0 663.0 512.0 656.0 Van Vehicle 1
