107.0 247.0 82.0 247.0 80.0 111.0 103.0 111.0 Liquid_Cargo_Ship Ship 1
103.0 418.0 90.0 418.0 86.0 283.0 101.0 281.0 Liquid_Cargo_Ship Ship 1
240.0 138.0 175.0 361.0 140.0 352.0 205.0 129.0 Liquid_Cargo_Ship Ship 1
313.0 177.0 232.0 484.0 178.0 470.0 261.0 163.0 Liquid_Cargo_Ship Ship 1
459.0 504.0 421.0 509.0 384.0 286.0 423.0 279.0 Liquid_Cargo_Ship Ship 1
523.0 486.0 488.0 493.0 455.0 279.0 490.0 275.0 Liquid_Cargo_Ship Ship 1
600.0 477.0 584.0 477.0 576.0 368.0 590.0 368.0 Dry_Cargo_Ship Ship 1
269.0 556.0 103.0 559.0 103.0 545.0 269.0 540.0 Liquid_Cargo_Ship Ship 1
361.0 627.0 284.0 627.0 284.0 613.0 361.0 613.0 Bridge Road 1
346.0 708.0 280.0 710.0 280.0 701.0 346.0 699.0 Bridge Road 1
