16.0 775.0 15.0 791.0 4.0 790.0 5.0 774.0 Small_Car Vehicle 1
68.0 680.0 55.0 679.0 55.0 659.0 68.0 660.0 Small_Car Vehicle 1
97.0 682.0 70.0 680.0 71.0 673.0 97.0 675.0 Van Vehicle 1
87.0 706.0 67.0 705.0 68.0 696.0 87.0 697.0 Van Vehicle 1
139.0 707.0 138.0 713.0 111.0 708.0 112.0 701.0 Dump_Truck Vehicle 1
150.0 669.0 144.0 687.0 134.0 684.0 140.0 666.0 Dump_Truck Vehicle 1
173.0 671.0 170.0 686.0 162.0 684.0 165.0 670.0 Small_Car Vehicle 1
161.0 667.0 159.0 683.0 150.0 682.0 152.0 666.0 Small_Car Vehicle 1
191.0 672.0 185.0 692.0 175.0 690.0 181.0 669.0 Dump_Truck Vehicle 1
204.0 671.0 201.0 692.0 190.0 690.0 193.0 669.0 Small_Car Vehicle 1
216.0 672.0 213.0 690.0 203.0 688.0 206.0 671.0 Small_Car Vehicle 1
268.0 632.0 262.0 665.0 246.0 662.0 253.0 629.0 Dump_Truck Vehicle 1
278.0 591.0 275.0 628.0 259.0 627.0 262.0 590.0 Dump_Truck Vehicle 1
247.0 588.0 243.0 607.0 235.0 605.0 239.0 586.0 Dump_Truck Vehicle 1
237.0 643.0 234.0 665.0 226.0 664.0 228.0 642.0 Small_Car Vehicle 1
207.0 425.0 205.0 437.0 160.0 431.0 161.0 419.0 Cargo_Truck Vehicle 1
294.0 510.0 293.0 539.0 276.0 538.0 277.0 510.0 Cargo_Truck Vehicle 1
258.0 519.0 255.0 537.0 248.0 536.0 252.0 518.0 Dump_Truck Vehicle 1
259.0 496.0 258.0 512.0 250.0 511.0 251.0 495.0 Small_Car Vehicle 1
268.0 474.0 267.0 493.0 256.0 492.0 257.0 473.0 Small_Car Vehicle 1
291.0 434.0 289.0 444.0 261.0 440.0 262.0 430.0 Van Vehicle 1
51.0 559.0 47.0 587.0 30.0 584.0 34.0 557.0 Cargo_Truck Vehicle 1
62.0 490.0 59.0 509.0 49.0 507.0 52.0 489.0 Dump_Truck Vehicle 1
64.0 459.0 62.0 479.0 53.0 479.0 55.0 458.0 Dump_Truck Vehicle 1
32.0 466.0 29.0 488.0 17.0 487.0 20.0 465.0 Dump_Truck Vehicle 1
48.0 513.0 47.0 533.0 34.0 532.0 35.0 512.0 Dump_Truck Vehicle 1
16.0 509.0 14.0 528.0 4.0 527.0 6.0 508.0 Small_Car Vehicle 1
89.0 275.0 87.0 292.0 74.0 290.0 75.0 274.0 Small_Car Vehicle 1
303.0 240.0 188.0 264.0 171.0 178.0 286.0 155.0 Baseball_Field Court 1
361.0 3.0 359.0 21.0 347.0 20.0 349.0 2.0 Small_Car Vehicle 1
