93.0 98.0 102.0 117.0 109.0 114.0 100.0 95.0 Motorboat Ship 1
9.0 129.0 31.0 174.0 45.0 167.0 23.0 123.0 other-ship Ship 1
24.0 115.0 39.0 144.0 45.0 140.0 31.0 112.0 Motorboat Ship 1
44.0 118.0 59.0 146.0 67.0 141.0 52.0 113.0 Motorboat Ship 1
62.0 108.0 77.0 137.0 86.0 132.0 71.0 103.0 Motorboat Ship 1
76.0 98.0 95.0 137.0 106.0 131.0 87.0 92.0 Motorboat Ship 1
100.0 93.0 108.0 109.0 114.0 106.0 106.0 90.0 Motorboat Ship 1
103.0 116.0 114.0 143.0 121.0 140.0 110.0 113.0 Motorboat Ship 1
122.0 102.0 115.0 69.0 105.0 71.0 111.0 104.0 Fishing_Boat Ship 1
120.0 111.0 130.0 135.0 136.0 132.0 126.0 108.0 Motorboat Ship 1
519.0 10.0 538.0 5.0 537.0 -2.0 517.0 3.0 Motorboat Ship 1
590.0 -4.0 568.0 0.0 570.0 7.0 592.0 3.0 Motorboat Ship 1
576.0 18.0 617.0 11.0 615.0 0.0 574.0 6.0 Motorboat Ship 1
933.0 194.0 937.0 215.0 944.0 214.0 941.0 193.0 Motorboat Ship 1
922.0 194.0 922.0 219.0 930.0 218.0 929.0 194.0 Motorboat Ship 1
901.0 219.0 907.0 218.0 903.0 199.0 897.0 200.0 Motorboat Ship 1
870.0 225.0 867.0 204.0 856.0 205.0 859.0 226.0 Motorboat Ship 1
843.0 230.0 836.0 195.0 826.0 197.0 832.0 232.0 Motorboat Ship 1
815.0 232.0 810.0 209.0 802.0 211.0 807.0 234.0 Motorboat Ship 1
801.0 229.0 797.0 211.0 790.0 213.0 794.0 230.0 Motorboat Ship 1
773.0 212.0 778.0 239.0 788.0 237.0 783.0 211.0 Motorboat Ship 1
736.0 247.0 729.0 214.0 718.0 216.0 725.0 249.0 Motorboat Ship 1
721.0 248.0 717.0 231.0 707.0 233.0 711.0 251.0 Motorboat Ship 1
706.0 251.0 700.0 224.0 690.0 226.0 696.0 253.0 Motorboat Ship 1
678.0 253.0 660.0 188.0 637.0 194.0 655.0 260.0 Dry_Cargo_Ship Ship 1
640.0 251.0 620.0 207.0 605.0 214.0 625.0 258.0 Passenger_Ship Ship 1
625.0 271.0 609.0 233.0 600.0 237.0 615.0 275.0 Passenger_Ship Ship 1
576.0 237.0 597.0 279.0 609.0 274.0 587.0 231.0 Passenger_Ship Ship 1
597.0 291.0 571.0 239.0 558.0 246.0 585.0 297.0 Engineering_Ship Ship 1
654.0 264.0 639.0 271.0 642.0 278.0 657.0 272.0 Motorboat Ship 1
759.0 221.0 764.0 242.0 773.0 239.0 768.0 218.0 Motorboat Ship 1
907.0 202.0 910.0 220.0 918.0 219.0 914.0 200.0 Motorboat Ship 1
579.0 291.0 562.0 257.0 556.0 260.0 573.0 294.0 Engineering_Ship Ship 1
748.0 226.0 752.0 241.0 759.0 239.0 755.0 224.0 Motorboat Ship 1
