461.0 425.0 458.0 448.0 445.0 446.0 448.0 424.0 Small_Car Vehicle 1
413.0 501.0 375.0 499.0 375.0 490.0 413.0 492.0 Cargo_Truck Vehicle 1
340.0 556.0 331.0 556.0 331.0 539.0 340.0 539.0 Small_Car Vehicle 1
296.0 715.0 275.0 714.0 275.0 706.0 296.0 707.0 Small_Car Vehicle 1
361.0 719.0 297.0 716.0 298.0 704.0 361.0 707.0 Cargo_Truck Vehicle 1
269.0 706.0 268.0 713.0 245.0 712.0 246.0 705.0 Van Vehicle 1
488.0 717.0 466.0 716.0 467.0 709.0 488.0 710.0 Small_Car Vehicle 1
398.0 776.0 397.0 790.0 390.0 790.0 390.0 776.0 Small_Car Vehicle 1
559.0 471.0 535.0 471.0 535.0 463.0 559.0 462.0 Dump_Truck Vehicle 1
361.0 452.0 360.0 460.0 333.0 459.0 334.0 451.0 Dump_Truck Vehicle 1
466.0 384.0 457.0 384.0 457.0 363.0 466.0 363.0 Dump_Truck Vehicle 1
377.0 361.0 358.0 361.0 358.0 354.0 377.0 354.0 Small_Car Vehicle 1
328.0 353.0 327.0 361.0 307.0 359.0 308.0 352.0 Van Vehicle 1
303.0 329.0 277.0 330.0 277.0 323.0 303.0 323.0 Van Vehicle 1
378.0 351.0 359.0 351.0 359.0 346.0 378.0 346.0 Van Vehicle 1
447.0 326.0 439.0 331.0 430.0 315.0 438.0 310.0 Van Vehicle 1
519.0 278.0 498.0 282.0 496.0 275.0 518.0 270.0 Dump_Truck Vehicle 1
588.0 262.0 587.0 269.0 565.0 266.0 566.0 259.0 Motorboat Ship 1
584.0 250.0 583.0 259.0 563.0 258.0 564.0 250.0 Small_Car Vehicle 1
428.0 172.0 415.0 187.0 410.0 182.0 422.0 168.0 Small_Car Vehicle 1
88.0 175.0 78.0 175.0 78.0 155.0 88.0 155.0 Small_Car Vehicle 1
100.0 165.0 92.0 165.0 92.0 147.0 100.0 147.0 Small_Car Vehicle 1
216.0 212.0 215.0 232.0 205.0 231.0 207.0 211.0 Van Vehicle 1
213.0 240.0 211.0 255.0 203.0 254.0 204.0 239.0 Small_Car Vehicle 1
21.0 327.0 1.0 328.0 1.0 323.0 21.0 322.0 Motorboat Ship 1
208.0 301.0 207.0 320.0 198.0 319.0 199.0 300.0 Dump_Truck Vehicle 1
204.0 342.0 196.0 342.0 196.0 326.0 204.0 326.0 Van Vehicle 1
280.0 171.0 277.0 207.0 268.0 206.0 272.0 170.0 Trailer Vehicle 1
275.0 237.0 274.0 253.0 266.0 253.0 267.0 237.0 Van Vehicle 1
164.0 380.0 143.0 380.0 144.0 374.0 164.0 375.0 Van Vehicle 1
194.0 422.0 186.0 422.0 186.0 403.0 194.0 403.0 Dump_Truck Vehicle 1
143.0 445.0 122.0 444.0 122.0 437.0 143.0 437.0 Small_Car Vehicle 1
51.0 440.0 31.0 439.0 31.0 432.0 51.0 433.0 Small_Car Vehicle 1
46.0 477.0 20.0 478.0 20.0 469.0 46.0 469.0 Dump_Truck Vehicle 1
244.0 533.0 236.0 533.0 235.0 516.0 244.0 516.0 Small_Car Vehicle 1
187.0 544.0 186.0 560.0 178.0 559.0 179.0 544.0 Van Vehicle 1
79.0 509.0 71.0 509.0 71.0 494.0 79.0 494.0 Van Vehicle 1
140.0 622.0 120.0 622.0 120.0 614.0 140.0 614.0 Small_Car Vehicle 1
138.0 630.0 120.0 630.0 120.0 623.0 138.0 623.0 Small_Car Vehicle 1
134.0 665.0 114.0 665.0 114.0 657.0 134.0 658.0 Small_Car Vehicle 1
226.0 691.0 217.0 691.0 217.0 672.0 226.0 672.0 Van Vehicle 1
228.0 646.0 227.0 667.0 218.0 667.0 219.0 645.0 Van Vehicle 1
220.0 745.0 217.0 761.0 208.0 759.0 211.0 743.0 Small_Car Vehicle 1
290.0 93.0 288.0 144.0 219.0 141.0 221.0 89.0 Intersection Road 1
256.0 429.0 253.0 491.0 181.0 487.0 184.0 425.0 Intersection Road 1
103.0 59.0 101.0 78.0 91.0 77.0 93.0 58.0 Van Vehicle 1
