160.0 101.0 146.0 111.0 141.0 104.0 156.0 94.0 Van Vehicle 1
261.0 228.0 251.0 240.0 244.0 235.0 254.0 222.0 Small_Car Vehicle 1
347.0 240.0 339.0 245.0 328.0 228.0 336.0 223.0 Dump_Truck Vehicle 1
187.000015 25.999994 150.769241 65.06131 80.625023 0.0 158.968765 -4e-06 Basketball_Court Court 1
299.817139 117.031319 219.0 33.999992 262.182861 -8.031319 343.0 75.000008 Basketball_Court Court 1
632.0 503.0 504.0 503.0 504.0 393.0 632.0 393.0 Baseball_Field Court 1
638.0 899.0 477.0 929.0 453.0 797.0 614.0 767.0 Baseball_Field Court 1
96.293442 109.856949 11.999994 30.000004 50.706573 -10.856934 135.000015 69.000015 Basketball_Court Court 1
993.0 978.0 977.0 992.0 971.0 985.0 987.0 971.0 Van Vehicle 1
115.0 140.0 107.0 152.0 100.0 148.0 108.0 135.0 Van Vehicle 1
283.0 115.0 235.0 149.0 157.0 75.0 205.0 41.0 Basketball_Court Court 1
