581.0 792.0 563.0 793.0 563.0 786.0 580.0 785.0 Dump_Truck Vehicle 1
600.0 794.0 582.0 794.0 582.0 786.0 600.0 786.0 Van Vehicle 1
583.0 785.0 564.0 785.0 563.0 778.0 583.0 777.0 Van Vehicle 1
580.0 774.0 566.0 775.0 566.0 767.0 580.0 767.0 Dump_Truck Vehicle 1
600.0 775.0 585.0 775.0 585.0 767.0 600.0 767.0 Dump_Truck Vehicle 1
582.0 766.0 563.0 765.0 564.0 758.0 582.0 760.0 Dump_Truck Vehicle 1
531.0 798.0 513.0 799.0 512.0 793.0 531.0 792.0 Small_Car Vehicle 1
441.0 789.0 438.0 798.0 416.0 793.0 418.0 784.0 Dump_Truck Vehicle 1
444.0 771.0 443.0 779.0 424.0 776.0 425.0 767.0 Van Vehicle 1
454.0 751.0 453.0 760.0 427.0 757.0 428.0 748.0 Dump_Truck Vehicle 1
325.0 793.0 324.0 800.0 303.0 800.0 304.0 792.0 Dump_Truck Vehicle 1
326.0 784.0 325.0 792.0 306.0 791.0 306.0 783.0 Van Vehicle 1
328.0 750.0 327.0 759.0 298.0 757.0 298.0 748.0 Dump_Truck Vehicle 1
598.0 586.0 578.0 592.0 575.0 585.0 595.0 578.0 Van Vehicle 1
525.0 608.0 508.0 611.0 507.0 602.0 523.0 599.0 Small_Car Vehicle 1
263.0 666.0 246.0 667.0 245.0 660.0 262.0 659.0 Van Vehicle 1
300.0 651.0 281.0 652.0 281.0 645.0 300.0 644.0 Van Vehicle 1
169.0 651.0 168.0 660.0 151.0 660.0 152.0 650.0 Small_Car Vehicle 1
45.0 657.0 29.0 656.0 29.0 649.0 45.0 649.0 Van Vehicle 1
48.0 584.0 31.0 584.0 31.0 578.0 48.0 578.0 Van Vehicle 1
