356.0 797.0 337.0 797.0 337.0 790.0 356.0 790.0 Small_Car Vehicle 1
289.0 780.0 270.0 781.0 270.0 774.0 289.0 773.0 Van Vehicle 1
292.0 790.0 271.0 791.0 271.0 785.0 291.0 784.0 Small_Car Vehicle 1
265.0 780.0 245.0 780.0 245.0 774.0 265.0 774.0 Van Vehicle 1
291.0 771.0 270.0 771.0 269.0 764.0 291.0 764.0 Van Vehicle 1
296.0 761.0 276.0 762.0 275.0 756.0 296.0 755.0 Van Vehicle 1
292.0 752.0 271.0 752.0 271.0 746.0 292.0 746.0 Van Vehicle 1
293.0 742.0 271.0 742.0 271.0 735.0 293.0 735.0 Van Vehicle 1
264.0 742.0 242.0 742.0 242.0 736.0 264.0 736.0 Van Vehicle 1
267.0 762.0 246.0 761.0 246.0 755.0 267.0 755.0 Small_Car Vehicle 1
267.0 771.0 245.0 772.0 245.0 765.0 267.0 764.0 Small_Car Vehicle 1
205.0 799.0 186.0 800.0 186.0 794.0 205.0 793.0 Small_Car Vehicle 1
205.0 790.0 185.0 790.0 184.0 783.0 204.0 783.0 Van Vehicle 1
203.0 780.0 182.0 781.0 182.0 774.0 203.0 774.0 Van Vehicle 1
206.0 770.0 184.0 771.0 184.0 765.0 206.0 764.0 Van Vehicle 1
205.0 762.0 183.0 763.0 182.0 757.0 204.0 756.0 Van Vehicle 1
205.0 753.0 184.0 754.0 184.0 748.0 205.0 747.0 Small_Car Vehicle 1
204.0 743.0 182.0 744.0 182.0 738.0 204.0 736.0 Van Vehicle 1
204.0 734.0 183.0 735.0 183.0 729.0 204.0 728.0 Small_Car Vehicle 1
208.0 723.0 182.0 725.0 181.0 717.0 207.0 716.0 Van Vehicle 1
206.0 713.0 183.0 712.0 184.0 706.0 206.0 707.0 Van Vehicle 1
358.0 712.0 332.0 713.0 331.0 706.0 358.0 705.0 Van Vehicle 1
358.0 724.0 334.0 724.0 334.0 717.0 358.0 716.0 Dump_Truck Vehicle 1
357.0 733.0 337.0 734.0 337.0 727.0 357.0 726.0 Dump_Truck Vehicle 1
355.0 779.0 334.0 778.0 334.0 772.0 355.0 772.0 Van Vehicle 1
192.500381 113.519402 88.000015 13.000008 189.499619 -92.519394 294.0 7.999996 Baseball_Field Court 1
312.000031 224.0 202.000031 112.000031 317.026764 -0.972656 427.026764 111.027313 Baseball_Field Court 1
79.313591 224.286987 -39.000004 116.0 64.686378 2.713013 182.999969 111.0 Baseball_Field Court 1
298.0 211.0 198.0 317.0 93.0 220.0 193.0 113.0 Baseball_Field Court 1
