128.0 280.0 122.0 282.0 116.0 268.0 122.0 266.0 Small_Car Vehicle 1
116.0 280.0 109.0 283.0 105.0 268.0 112.0 266.0 Van Vehicle 1
78.0 272.0 70.0 274.0 67.0 259.0 74.0 257.0 Small_Car Vehicle 1
46.0 274.0 40.0 277.0 32.0 261.0 38.0 258.0 Small_Car Vehicle 1
7.48 203.359985 0.0 213.333328 0.0 204.0 3.0 200.0 Van Vehicle 1
98.0 14.0 90.0 18.0 87.0 13.0 95.0 8.0 Small_Car Vehicle 1
91.0 7.0 83.0 11.0 81.0 5.0 89.0 2.0 Small_Car Vehicle 1
310.0 36.0 290.0 37.0 290.0 31.0 309.0 30.0 Small_Car Vehicle 1
365.0 42.0 346.0 42.0 346.0 37.0 365.0 36.0 Van Vehicle 1
418.0 28.0 403.0 30.0 402.0 24.0 417.0 23.0 Small_Car Vehicle 1
647.0 21.0 642.0 35.0 636.0 32.0 641.0 19.0 Small_Car Vehicle 1
697.0 35.0 695.0 49.0 688.0 48.0 689.0 35.0 Van Vehicle 1
978.0 15.0 969.0 15.0 970.0 0.0 978.0 0.0 Small_Car Vehicle 1
990.0 20.0 982.0 20.0 982.0 4.0 990.0 4.0 Small_Car Vehicle 1
292.0 413.0 286.0 416.0 280.0 405.0 285.0 402.0 Small_Car Vehicle 1
297.0 408.0 292.0 411.0 287.0 403.0 291.0 400.0 Small_Car Vehicle 1
551.0 723.0 546.0 723.0 546.0 711.0 551.0 711.0 Small_Car Vehicle 1
495.0 864.0 487.0 864.0 487.0 849.0 495.0 849.0 Van Vehicle 1
327.0 872.0 311.0 872.0 311.0 867.0 327.0 867.0 Small_Car Vehicle 1
245.0 876.0 228.0 877.0 227.0 871.0 245.0 870.0 Van Vehicle 1
220.0 879.0 201.0 879.0 201.0 873.0 220.0 873.0 Small_Car Vehicle 1
109.0 886.0 88.0 887.0 88.0 880.0 109.0 880.0 Small_Car Vehicle 1
68.0 888.0 51.0 888.0 51.0 882.0 68.0 882.0 Small_Car Vehicle 1
44.0 888.0 23.0 891.0 22.0 884.0 43.0 882.0 other-vehicle Vehicle 1
