109.0 757.0 53.0 689.0 -9.0 740.0 46.0 809.0 Boeing747 Airplane 1
253.0 637.0 217.0 588.0 180.0 618.0 217.0 664.0 A321 Airplane 1
194.0 384.0 178.0 425.0 219.0 440.0 236.0 400.0 other-airplane Airplane 1
76.0 150.0 138.0 100.0 92.0 39.0 28.0 88.0 A330 Airplane 1
903.0 295.0 850.0 318.0 867.0 364.0 923.0 343.0 other-airplane Airplane 1
946.0 420.0 909.0 373.0 871.0 404.0 907.0 450.0 other-airplane Airplane 1
1005.0 370.0 946.0 296.0 886.0 345.0 946.0 419.0 A350 Airplane 1
542.0 877.0 525.0 846.0 508.0 855.0 526.0 887.0 Basketball_Court Court 1
628.0 263.0 606.0 234.0 592.0 246.0 614.0 274.0 Basketball_Court Court 1
644.0 250.0 622.0 222.0 608.0 234.0 630.0 262.0 Basketball_Court Court 1
