158.0 324.0 136.0 325.0 135.0 315.0 157.0 314.0 Small_Car Vehicle 1
161.0 296.0 134.0 296.0 134.0 288.0 161.0 288.0 Small_Car Vehicle 1
316.0 82.0 169.0 84.0 169.0 0.0 315.0 0.0 Baseball_Field Court 1
444.0 472.0 425.0 471.0 426.0 465.0 444.0 466.0 Van Vehicle 1
445.0 436.0 444.0 444.0 416.0 442.0 417.0 435.0 Van Vehicle 1
447.0 420.0 424.0 421.0 424.0 413.0 447.0 413.0 Van Vehicle 1
286.0 471.0 284.0 486.0 276.0 484.0 279.0 470.0 Small_Car Vehicle 1
276.0 465.0 274.0 483.0 265.0 482.0 267.0 464.0 Small_Car Vehicle 1
264.0 468.0 262.0 483.0 253.0 482.0 255.0 466.0 Small_Car Vehicle 1
252.0 463.0 251.0 479.0 243.0 479.0 245.0 462.0 Small_Car Vehicle 1
160.0 333.0 137.0 332.0 137.0 325.0 160.0 326.0 Small_Car Vehicle 1
160.0 304.0 137.0 304.0 137.0 297.0 160.0 297.0 Small_Car Vehicle 1
158.0 284.0 135.0 285.0 135.0 279.0 158.0 278.0 Small_Car Vehicle 1
158.0 276.0 135.0 276.0 135.0 269.0 158.0 270.0 Small_Car Vehicle 1
156.0 267.0 134.0 267.0 135.0 260.0 156.0 260.0 Small_Car Vehicle 1
184.0 269.0 159.0 268.0 160.0 262.0 184.0 263.0 Small_Car Vehicle 1
184.0 259.0 161.0 259.0 161.0 254.0 184.0 253.0 Small_Car Vehicle 1
156.0 258.0 134.0 258.0 134.0 252.0 156.0 252.0 Small_Car Vehicle 1
950.0 315.0 948.0 324.0 921.0 316.0 924.0 307.0 other-vehicle Vehicle 1
909.0 304.0 907.0 312.0 882.0 306.0 884.0 298.0 Van Vehicle 1
789.0 250.0 785.0 256.0 771.0 245.0 775.0 239.0 Van Vehicle 1
789.0 119.0 785.0 125.0 765.0 111.0 770.0 104.0 Van Vehicle 1
789.0 107.0 785.0 112.0 770.0 100.0 774.0 95.0 Small_Car Vehicle 1
900.0 62.0 879.0 65.0 878.0 57.0 899.0 55.0 Van Vehicle 1
899.0 52.0 881.0 51.0 882.0 44.0 899.0 46.0 Van Vehicle 1
996.0 639.0 989.0 643.0 981.0 627.0 988.0 623.0 Small_Car Vehicle 1
937.0 610.0 914.0 609.0 914.0 601.0 937.0 602.0 Van Vehicle 1
931.0 598.0 911.0 598.0 911.0 590.0 931.0 591.0 Van Vehicle 1
936.0 588.0 915.0 588.0 915.0 580.0 936.0 580.0 Van Vehicle 1
944.0 562.0 943.0 570.0 926.0 569.0 926.0 561.0 Van Vehicle 1
902.0 598.0 879.0 597.0 879.0 589.0 902.0 590.0 Van Vehicle 1
788.0 599.0 787.0 606.0 764.0 605.0 765.0 598.0 Small_Car Vehicle 1
701.0 594.0 680.0 593.0 680.0 586.0 701.0 586.0 Small_Car Vehicle 1
583.0 668.0 576.0 668.0 576.0 654.0 583.0 654.0 Small_Car Vehicle 1
595.0 669.0 587.0 669.0 587.0 654.0 595.0 653.0 Small_Car Vehicle 1
305.0 616.0 285.0 615.0 286.0 608.0 305.0 609.0 Van Vehicle 1
245.0 616.0 224.0 615.0 224.0 609.0 245.0 610.0 Van Vehicle 1
218.0 615.0 197.0 615.0 197.0 609.0 218.0 609.0 Van Vehicle 1
244.0 921.0 231.0 932.0 226.0 926.0 239.0 915.0 Van Vehicle 1
181.0 964.0 177.0 969.0 163.0 961.0 166.0 955.0 Van Vehicle 1
88.0 1005.0 84.0 998.0 99.0 987.0 103.0 994.0 Van Vehicle 1
933.0 751.0 932.0 768.0 923.0 768.0 924.0 750.0 Van Vehicle 1
943.0 769.0 934.0 769.0 935.0 752.0 943.0 752.0 Van Vehicle 1
954.0 769.0 945.0 768.0 946.0 754.0 954.0 754.0 Van Vehicle 1
945.0 800.0 929.0 800.0 929.0 793.0 945.0 793.0 Van Vehicle 1
856.0 936.0 850.0 949.0 842.0 945.0 847.0 932.0 Van Vehicle 1
759.0 872.0 737.0 875.0 736.0 867.0 758.0 865.0 Van Vehicle 1
574.0 941.0 563.0 948.0 559.0 942.0 570.0 935.0 Van Vehicle 1
484.0 896.0 480.0 912.0 471.0 910.0 474.0 894.0 Small_Car Vehicle 1
380.0 995.0 371.0 995.0 371.0 973.0 379.0 973.0 Van Vehicle 1
998.0 1000.0 989.0 1000.0 988.0 984.0 998.0 984.0 Van Vehicle 1
999.0 891.0 989.0 891.0 989.0 874.0 999.0 874.0 Van Vehicle 1
