993.0 816.0 974.0 814.0 975.0 807.0 993.0 810.0 Small_Car Vehicle 1
982.0 818.0 981.0 823.0 965.0 822.0 966.0 817.0 Van Vehicle 1
861.0 77.0 854.0 77.0 854.0 62.0 861.0 62.0 Van Vehicle 1
886.0 115.0 879.0 115.0 878.0 102.0 885.0 102.0 Small_Car Vehicle 1
933.0 117.0 925.0 117.0 924.0 102.0 932.0 101.0 Small_Car Vehicle 1
807.0 119.0 797.0 119.0 797.0 104.0 807.0 104.0 Dump_Truck Vehicle 1
761.0 124.0 754.0 124.0 753.0 110.0 761.0 109.0 Van Vehicle 1
748.0 126.0 740.0 126.0 740.0 110.0 748.0 110.0 Van Vehicle 1
725.0 123.0 717.0 123.0 717.0 110.0 725.0 109.0 Van Vehicle 1
798.0 323.0 789.0 323.0 788.0 306.0 797.0 305.0 Van Vehicle 1
813.0 322.0 802.0 323.0 801.0 305.0 812.0 304.0 Van Vehicle 1
840.0 361.0 832.0 361.0 832.0 346.0 840.0 346.0 Small_Car Vehicle 1
921.0 301.0 920.0 319.0 911.0 319.0 912.0 301.0 Van Vehicle 1
933.0 319.0 923.0 319.0 924.0 301.0 933.0 301.0 Van Vehicle 1
944.0 319.0 935.0 319.0 935.0 301.0 944.0 301.0 Van Vehicle 1
959.0 357.0 950.0 358.0 949.0 342.0 958.0 341.0 Small_Car Vehicle 1
971.0 357.0 962.0 357.0 961.0 340.0 971.0 340.0 Small_Car Vehicle 1
772.0 122.0 765.0 122.0 764.0 108.0 771.0 109.0 Small_Car Vehicle 1
