113.0 23.0 106.0 30.0 94.0 15.0 101.0 9.0 Dump_Truck Vehicle 1
165.0 83.0 158.0 89.0 148.0 77.0 155.0 71.0 Small_Car Vehicle 1
108.0 98.0 100.0 101.0 93.0 86.0 101.0 83.0 Van Vehicle 1
509.0 396.0 497.0 407.0 491.0 401.0 504.0 390.0 Dump_Truck Vehicle 1
524.0 411.0 513.0 422.0 507.0 416.0 517.0 404.0 Van Vehicle 1
83.0 683.0 75.0 688.0 66.0 674.0 74.0 668.0 Van Vehicle 1
208.0 617.0 201.0 623.0 191.0 609.0 198.0 603.0 Small_Car Vehicle 1
237.0 765.0 230.0 769.0 222.0 756.0 228.0 751.0 Van Vehicle 1
262.0 754.0 255.0 760.0 245.0 747.0 251.0 742.0 Small_Car Vehicle 1
269.0 749.0 264.0 754.0 254.0 741.0 259.0 737.0 Van Vehicle 1
418.0 722.0 411.0 726.0 401.0 709.0 407.0 705.0 Dump_Truck Vehicle 1
406.0 724.0 400.0 728.0 390.0 714.0 397.0 710.0 Small_Car Vehicle 1
386.0 734.0 379.0 739.0 369.0 723.0 376.0 718.0 Van Vehicle 1
376.0 740.0 369.0 744.0 358.0 727.0 365.0 723.0 Small_Car Vehicle 1
367.0 746.0 359.0 751.0 347.0 733.0 356.0 728.0 Small_Car Vehicle 1
262.0 665.0 255.0 670.0 244.0 656.0 251.0 650.0 Van Vehicle 1
301.0 727.0 292.0 730.0 286.0 714.0 295.0 711.0 Small_Car Vehicle 1
376.0 548.0 369.0 553.0 362.0 540.0 369.0 536.0 Small_Car Vehicle 1
391.0 548.0 383.0 553.0 373.0 538.0 381.0 533.0 Small_Car Vehicle 1
454.0 589.0 446.0 593.0 438.0 576.0 446.0 572.0 Van Vehicle 1
406.0 627.0 388.0 634.0 385.0 627.0 402.0 620.0 Van Vehicle 1
414.0 635.0 395.0 643.0 392.0 635.0 411.0 627.0 Small_Car Vehicle 1
422.0 653.0 405.0 661.0 402.0 653.0 419.0 645.0 Small_Car Vehicle 1
437.0 610.0 433.0 627.0 423.0 625.0 428.0 608.0 Van Vehicle 1
436.0 670.0 418.0 678.0 415.0 671.0 433.0 663.0 Small_Car Vehicle 1
562.0 736.0 548.0 742.0 545.0 737.0 559.0 730.0 Small_Car Vehicle 1
317.0 616.0 309.0 621.0 298.0 604.0 306.0 598.0 Dump_Truck Vehicle 1
346.0 602.0 338.0 607.0 328.0 589.0 335.0 585.0 Small_Car Vehicle 1
306.0 621.0 299.0 624.0 288.0 607.0 295.0 603.0 Small_Car Vehicle 1
