121.0 334.0 155.0 261.0 83.0 227.0 49.0 300.0 A330 Airplane 1
39.0 296.0 77.0 217.0 -1.0 180.0 -39.0 259.0 other-airplane Airplane 1
541.0 -19.0 488.0 1.0 505.0 45.0 557.0 26.0 A220 Airplane 1
447.0 78.0 470.0 44.0 433.0 19.0 410.0 54.0 other-airplane Airplane 1
258.0 254.0 220.0 211.0 184.0 244.0 222.0 287.0 A220 Airplane 1
300.0 214.0 254.0 172.0 222.0 208.0 267.0 250.0 A220 Airplane 1
465.0 118.0 500.0 88.0 476.0 60.0 441.0 91.0 other-airplane Airplane 1
664.0 23.0 600.0 -20.0 555.0 48.0 619.0 91.0 A330 Airplane 1
738.0 53.0 797.0 45.0 790.0 -5.0 731.0 2.0 A220 Airplane 1
699.0 136.0 747.0 162.0 770.0 120.0 722.0 94.0 A220 Airplane 1
715.0 271.0 763.0 259.0 750.0 207.0 702.0 219.0 other-airplane Airplane 1
961.0 193.0 918.0 150.0 881.0 186.0 924.0 230.0 A321 Airplane 1
930.0 231.0 879.0 200.0 852.0 244.0 903.0 275.0 A220 Airplane 1
948.0 383.0 937.0 426.0 981.0 437.0 992.0 394.0 other-airplane Airplane 1
799.0 582.0 840.0 544.0 803.0 504.0 762.0 541.0 A220 Airplane 1
853.0 615.0 893.0 574.0 853.0 535.0 813.0 576.0 A220 Airplane 1
962.0 563.0 928.0 512.0 884.0 541.0 918.0 592.0 A321 Airplane 1
937.0 508.0 984.0 531.0 1004.0 491.0 957.0 467.0 A220 Airplane 1
926.0 662.0 985.0 647.0 971.0 595.0 913.0 611.0 A220 Airplane 1
792.0 671.0 757.0 733.0 815.0 766.0 850.0 703.0 other-airplane Airplane 1
869.0 743.0 877.0 790.0 923.0 782.0 916.0 735.0 other-airplane Airplane 1
928.0 979.0 953.0 931.0 905.0 906.0 880.0 954.0 Boeing737 Airplane 1
286.0 766.0 312.0 862.0 394.0 840.0 368.0 743.0 A350 Airplane 1
201.0 893.0 280.0 930.0 312.0 862.0 233.0 825.0 A330 Airplane 1
154.0 960.0 243.0 1013.0 282.0 947.0 194.0 894.0 A350 Airplane 1
493.0 789.0 459.0 833.0 495.0 861.0 529.0 817.0 A220 Airplane 1
554.0 956.0 576.0 908.0 527.0 886.0 505.0 935.0 other-airplane Airplane 1
526.0 956.0 490.0 921.0 453.0 959.0 489.0 994.0 other-airplane Airplane 1
