153.0 135.0 152.0 193.0 91.0 192.0 91.0 134.0 Intersection Road 1
396.0 262.0 382.0 264.0 378.0 228.0 393.0 227.0 Bus Vehicle 1
415.0 263.0 399.0 263.0 398.0 224.0 414.0 224.0 Bus Vehicle 1
530.0 461.0 529.0 468.0 507.0 467.0 508.0 460.0 Small_Car Vehicle 1
534.0 451.0 533.0 458.0 511.0 457.0 511.0 450.0 Small_Car Vehicle 1
597.0 453.0 587.0 454.0 585.0 434.0 596.0 433.0 Van Vehicle 1
538.0 530.0 519.0 530.0 519.0 522.0 538.0 522.0 Small_Car Vehicle 1
532.0 541.0 510.0 541.0 510.0 535.0 532.0 535.0 Van Vehicle 1
596.0 677.0 584.0 677.0 583.0 658.0 595.0 658.0 Van Vehicle 1
593.0 755.0 583.0 756.0 583.0 738.0 593.0 738.0 Small_Car Vehicle 1
200.0 528.0 178.0 528.0 177.0 519.0 200.0 519.0 Small_Car Vehicle 1
145.0 410.0 129.0 410.0 129.0 383.0 145.0 382.0 Dump_Truck Vehicle 1
187.0 436.0 186.0 447.0 158.0 444.0 159.0 434.0 Dump_Truck Vehicle 1
64.0 389.0 42.0 388.0 42.0 381.0 64.0 381.0 Van Vehicle 1
86.0 346.0 54.0 346.0 53.0 338.0 86.0 338.0 Dump_Truck Vehicle 1
82.0 335.0 54.0 335.0 54.0 327.0 82.0 327.0 Van Vehicle 1
76.0 229.0 57.0 230.0 57.0 222.0 76.0 222.0 Small_Car Vehicle 1
355.0 132.0 345.0 132.0 345.0 118.0 355.0 118.0 Van Vehicle 1
343.0 132.0 333.0 132.0 333.0 117.0 343.0 117.0 Van Vehicle 1
325.0 184.0 302.0 184.0 302.0 176.0 325.0 175.0 Small_Car Vehicle 1
320.0 148.0 319.0 156.0 298.0 154.0 298.0 147.0 Small_Car Vehicle 1
264.0 156.0 236.0 157.0 235.0 148.0 264.0 147.0 Small_Car Vehicle 1
230.0 127.0 220.0 127.0 220.0 109.0 230.0 109.0 Van Vehicle 1
215.0 106.0 214.0 135.0 199.0 134.0 200.0 105.0 Van Vehicle 1
69.0 44.0 46.0 45.0 46.0 37.0 69.0 37.0 Small_Car Vehicle 1
68.0 34.0 43.0 35.0 42.0 27.0 68.0 26.0 Dump_Truck Vehicle 1
73.0 474.0 52.0 475.0 52.0 467.0 72.0 466.0 Van Vehicle 1
104.0 659.0 95.0 660.0 95.0 641.0 103.0 641.0 Small_Car Vehicle 1
83.0 679.0 53.0 679.0 53.0 670.0 83.0 670.0 Dump_Truck Vehicle 1
65.0 704.0 44.0 704.0 44.0 697.0 65.0 697.0 Small_Car Vehicle 1
103.0 765.0 94.0 765.0 94.0 748.0 103.0 748.0 Small_Car Vehicle 1
69.0 795.0 49.0 795.0 49.0 787.0 69.0 787.0 Van Vehicle 1
