660.0 181.0 640.0 186.0 638.0 176.0 658.0 171.0 Small_Car Vehicle 1
739.0 38.0 727.0 44.0 716.0 19.0 728.0 14.0 Trailer Vehicle 1
750.0 59.0 740.0 65.0 729.0 46.0 739.0 40.0 Van Vehicle 1
453.0 275.0 441.0 275.0 441.0 259.0 452.0 259.0 Van Vehicle 1
414.0 277.0 412.0 289.0 390.0 287.0 392.0 275.0 Small_Car Vehicle 1
237.0 406.0 224.0 407.0 223.0 387.0 237.0 387.0 Motorboat Ship 1
333.0 274.0 323.0 275.0 321.0 254.0 332.0 254.0 Small_Car Vehicle 1
118.0 310.0 117.0 317.0 96.0 317.0 96.0 309.0 Small_Car Vehicle 1
644.0 314.0 625.0 315.0 625.0 308.0 644.0 308.0 Small_Car Vehicle 1
665.0 308.0 664.0 313.0 648.0 313.0 649.0 307.0 Van Vehicle 1
