108.0 287.0 104.0 294.0 85.0 282.0 89.0 275.0 Small_Car Vehicle 1
126.0 299.0 121.0 306.0 106.0 294.0 111.0 288.0 Small_Car Vehicle 1
188.0 335.0 184.0 340.0 168.0 329.0 171.0 324.0 Small_Car Vehicle 1
421.0 329.0 398.0 338.0 395.0 331.0 419.0 322.0 Van Vehicle 1
426.0 419.0 412.0 432.0 407.0 427.0 421.0 413.0 Small_Car Vehicle 1
396.0 457.0 392.0 463.0 370.0 449.0 374.0 442.0 Dump_Truck Vehicle 1
413.0 468.0 409.0 474.0 393.0 463.0 398.0 457.0 Small_Car Vehicle 1
476.0 504.0 472.0 510.0 457.0 500.0 461.0 494.0 Small_Car Vehicle 1
336.0 395.0 312.0 429.0 265.0 396.0 289.0 362.0 Intersection Road 1
613.0 528.0 600.0 541.0 594.0 536.0 608.0 523.0 Small_Car Vehicle 1
604.0 521.0 589.0 534.0 585.0 529.0 599.0 516.0 Small_Car Vehicle 1
626.0 487.0 612.0 500.0 607.0 494.0 621.0 482.0 Small_Car Vehicle 1
643.0 472.0 631.0 485.0 626.0 480.0 638.0 467.0 Van Vehicle 1
632.0 465.0 621.0 477.0 616.0 471.0 627.0 460.0 Small_Car Vehicle 1
643.0 422.0 631.0 435.0 625.0 429.0 637.0 416.0 Small_Car Vehicle 1
620.0 405.0 608.0 418.0 601.0 412.0 613.0 399.0 Small_Car Vehicle 1
732.0 525.0 717.0 534.0 713.0 526.0 727.0 518.0 Small_Car Vehicle 1
774.0 519.0 757.0 526.0 755.0 519.0 771.0 513.0 Small_Car Vehicle 1
756.0 528.0 738.0 538.0 735.0 532.0 753.0 522.0 Van Vehicle 1
730.0 541.0 714.0 551.0 710.0 545.0 726.0 535.0 Small_Car Vehicle 1
868.0 473.0 851.0 481.0 848.0 476.0 865.0 467.0 Small_Car Vehicle 1
890.0 460.0 873.0 469.0 870.0 462.0 887.0 454.0 Small_Car Vehicle 1
926.0 444.0 914.0 450.0 911.0 444.0 923.0 438.0 Van Vehicle 1
604.0 165.0 598.0 169.0 589.0 156.0 594.0 152.0 Van Vehicle 1
955.0 928.0 936.0 938.0 932.0 931.0 952.0 921.0 Van Vehicle 1
924.0 942.0 913.0 947.0 910.0 940.0 921.0 935.0 other-vehicle Vehicle 1
883.0 960.0 870.0 969.0 866.0 963.0 879.0 954.0 other-vehicle Vehicle 1
863.0 970.0 852.0 978.0 847.0 972.0 859.0 964.0 other-vehicle Vehicle 1
840.0 981.0 829.0 989.0 824.0 984.0 835.0 975.0 other-vehicle Vehicle 1
800.0 1005.0 795.0 997.0 815.0 985.0 820.0 993.0 Van Vehicle 1
727.0 947.0 710.0 956.0 707.0 950.0 724.0 942.0 Small_Car Vehicle 1
38.0 490.0 33.0 495.0 24.0 485.0 29.0 480.0 Van Vehicle 1
88.0 431.0 79.0 440.0 75.0 436.0 83.0 426.0 Small_Car Vehicle 1
73.0 420.0 62.0 433.0 56.0 427.0 67.0 415.0 Small_Car Vehicle 1
26.0 392.0 16.0 403.0 10.0 397.0 20.0 386.0 Small_Car Vehicle 1
86.0 987.0 84.0 992.0 69.0 985.0 72.0 980.0 Cargo_Truck Vehicle 1
55.0 1002.0 40.0 995.0 43.0 990.0 57.0 996.0 Small_Car Vehicle 1
164.0 1000.0 151.0 984.0 160.0 978.0 173.0 994.0 Dump_Truck Vehicle 1
185.0 988.0 179.0 993.0 169.0 983.0 175.0 977.0 Small_Car Vehicle 1
202.0 982.0 195.0 988.0 181.0 972.0 188.0 966.0 Dump_Truck Vehicle 1
191.0 984.0 185.0 988.0 178.0 978.0 183.0 974.0 Truck_Tractor Vehicle 1
215.0 974.0 209.0 979.0 193.0 963.0 198.0 958.0 Dump_Truck Vehicle 1
225.0 970.0 220.0 974.0 212.0 963.0 217.0 959.0 Small_Car Vehicle 1
235.0 969.0 231.0 973.0 219.0 962.0 224.0 957.0 Small_Car Vehicle 1
246.0 957.0 237.0 964.0 223.0 945.0 232.0 938.0 Cargo_Truck Vehicle 1
253.0 950.0 244.0 956.0 232.0 936.0 241.0 931.0 Cargo_Truck Vehicle 1
277.0 930.0 274.0 939.0 243.0 927.0 246.0 918.0 Cargo_Truck Vehicle 1
306.0 911.0 305.0 920.0 268.0 916.0 269.0 907.0 Cargo_Truck Vehicle 1
106.0 977.0 101.0 981.0 92.0 971.0 98.0 967.0 Dump_Truck Vehicle 1
116.0 970.0 111.0 975.0 101.0 966.0 106.0 961.0 Dump_Truck Vehicle 1
136.0 956.0 133.0 964.0 116.0 957.0 119.0 950.0 Cargo_Truck Vehicle 1
356.0 928.0 343.0 941.0 337.0 935.0 350.0 922.0 other-vehicle Vehicle 1
384.0 947.0 365.0 957.0 361.0 949.0 380.0 939.0 other-vehicle Vehicle 1
274.0 880.0 250.0 903.0 243.0 895.0 268.0 873.0 Cargo_Truck Vehicle 1
251.0 864.0 229.0 880.0 224.0 874.0 246.0 858.0 Van Vehicle 1
238.0 855.0 225.0 867.0 221.0 863.0 234.0 851.0 Van Vehicle 1
215.0 864.0 194.0 876.0 190.0 869.0 211.0 857.0 Van Vehicle 1
462.0 900.0 446.0 916.0 440.0 911.0 456.0 894.0 Van Vehicle 1
453.0 891.0 436.0 907.0 431.0 901.0 448.0 886.0 Van Vehicle 1
481.0 846.0 479.0 853.0 460.0 845.0 463.0 839.0 Small_Car Vehicle 1
528.0 871.0 524.0 877.0 507.0 864.0 511.0 859.0 Small_Car Vehicle 1
453.0 645.0 440.0 653.0 436.0 646.0 450.0 638.0 Small_Car Vehicle 1
474.0 634.0 457.0 642.0 454.0 636.0 470.0 628.0 Small_Car Vehicle 1
541.0 602.0 526.0 609.0 523.0 603.0 537.0 595.0 Van Vehicle 1
654.0 582.0 594.0 614.0 575.0 577.0 635.0 546.0 Intersection Road 1
