729.0 387.0 727.0 395.0 705.0 390.0 706.0 383.0 Small_Car Vehicle 1
726.0 396.0 723.0 403.0 702.0 398.0 703.0 391.0 Small_Car Vehicle 1
509.0 214.0 505.0 229.0 497.0 227.0 500.0 212.0 Small_Car Vehicle 1
452.0 328.0 447.0 340.0 440.0 336.0 445.0 325.0 Small_Car Vehicle 1
504.0 466.0 502.0 475.0 475.0 469.0 476.0 460.0 Dump_Truck Vehicle 1
109.0 101.0 105.0 112.0 81.0 104.0 85.0 94.0 Dump_Truck Vehicle 1
790.0 71.0 783.0 88.0 775.0 85.0 782.0 68.0 Dump_Truck Vehicle 1
779.0 70.0 774.0 85.0 765.0 82.0 771.0 67.0 Small_Car Vehicle 1
343.0 114.0 338.0 129.0 331.0 127.0 335.0 112.0 Van Vehicle 1
574.0 0.0 569.0 21.0 556.0 18.0 561.0 0.0 Small_Car Vehicle 1
583.0 77.0 575.0 96.0 565.0 92.0 572.0 73.0 Van Vehicle 1
286.0 560.0 277.0 576.0 267.0 571.0 276.0 555.0 Small_Car Vehicle 1
226.0 580.0 219.0 591.0 211.0 586.0 218.0 575.0 Small_Car Vehicle 1
329.0 489.0 319.0 506.0 310.0 501.0 321.0 484.0 Small_Car Vehicle 1
407.0 443.0 404.0 478.0 286.0 467.0 289.0 432.0 Intersection Road 1
572.0 524.0 547.0 519.0 548.0 511.0 572.0 515.0 Van Vehicle 1
753.0 527.0 735.0 575.0 685.0 556.0 703.0 508.0 Intersection Road 1
774.0 288.0 772.0 296.0 748.0 288.0 751.0 280.0 Small_Car Vehicle 1
775.0 482.0 767.0 501.0 758.0 498.0 766.0 478.0 Small_Car Vehicle 1
577.0 448.0 572.0 463.0 564.0 460.0 569.0 445.0 Small_Car Vehicle 1
320.0 458.0 304.0 467.0 299.0 458.0 315.0 449.0 Small_Car Vehicle 1
386.0 566.0 379.0 581.0 368.0 576.0 376.0 561.0 Van Vehicle 1
268.0 518.0 256.0 535.0 247.0 529.0 259.0 512.0 Small_Car Vehicle 1
332.0 571.0 330.0 580.0 310.0 575.0 312.0 566.0 Van Vehicle 1
132.0 337.0 129.0 345.0 105.0 337.0 107.0 329.0 Van Vehicle 1
395.0 353.0 387.0 375.0 377.0 371.0 386.0 349.0 Dump_Truck Vehicle 1
278.0 238.0 272.0 250.0 264.0 245.0 270.0 234.0 Small_Car Vehicle 1
350.0 100.0 347.0 113.0 338.0 111.0 342.0 97.0 Van Vehicle 1
362.0 160.0 359.0 169.0 335.0 162.0 338.0 153.0 Dump_Truck Vehicle 1
530.0 30.0 527.0 40.0 502.0 31.0 506.0 21.0 Dump_Truck Vehicle 1
551.0 54.0 542.0 69.0 534.0 65.0 542.0 50.0 Small_Car Vehicle 1
189.0 587.0 186.0 596.0 169.0 588.0 172.0 580.0 Van Vehicle 1
67.0 400.0 65.0 408.0 43.0 402.0 46.0 393.0 Small_Car Vehicle 1
300.0 68.0 292.0 85.0 283.0 81.0 291.0 64.0 Small_Car Vehicle 1
405.0 140.0 397.0 153.0 390.0 149.0 397.0 136.0 Van Vehicle 1
405.0 244.0 403.0 267.0 389.0 266.0 391.0 243.0 Van Vehicle 1
380.0 229.0 374.0 248.0 362.0 245.0 368.0 226.0 Small_Car Vehicle 1
398.0 268.0 396.0 288.0 385.0 287.0 388.0 267.0 Van Vehicle 1
567.0 198.0 564.0 210.0 533.0 204.0 535.0 191.0 Cargo_Truck Vehicle 1
