519.0 981.0 510.0 983.0 508.0 966.0 517.0 965.0 Cargo_Truck Vehicle 1
625.0 997.0 605.0 998.0 605.0 990.0 625.0 989.0 Small_Car Vehicle 1
655.0 993.0 633.0 995.0 633.0 988.0 654.0 986.0 Small_Car Vehicle 1
682.0 990.0 664.0 991.0 663.0 983.0 682.0 983.0 Van Vehicle 1
746.0 994.0 722.0 997.0 721.0 987.0 745.0 985.0 Van Vehicle 1
847.0 970.0 828.0 973.0 827.0 966.0 846.0 963.0 Van Vehicle 1
923.0 986.0 898.0 989.0 897.0 982.0 922.0 979.0 Van Vehicle 1
943.0 961.0 918.0 963.0 917.0 955.0 943.0 953.0 Dump_Truck Vehicle 1
991.0 954.0 972.0 955.0 971.0 947.0 990.0 945.0 Small_Car Vehicle 1
968.0 901.0 967.0 919.0 958.0 918.0 958.0 901.0 Small_Car Vehicle 1
1000.0 410.0 988.0 411.0 986.0 394.0 1000.0 393.0 Small_Car Vehicle 1
878.0 837.0 872.0 843.0 856.0 828.0 861.0 822.0 Van Vehicle 1
755.0 845.0 735.0 848.0 734.0 841.0 753.0 837.0 Small_Car Vehicle 1
749.0 814.0 732.0 814.0 732.0 808.0 748.0 807.0 Van Vehicle 1
713.0 779.0 703.0 780.0 700.0 757.0 710.0 756.0 Dump_Truck Vehicle 1
322.0 845.0 308.0 858.0 302.0 852.0 316.0 839.0 Small_Car Vehicle 1
128.0 999.0 119.0 999.0 119.0 984.0 127.0 983.0 Small_Car Vehicle 1
99.0 781.0 91.0 781.0 91.0 767.0 99.0 767.0 Van Vehicle 1
130.0 780.0 122.0 780.0 123.0 765.0 130.0 766.0 Van Vehicle 1
118.0 813.0 100.0 813.0 100.0 807.0 118.0 807.0 Van Vehicle 1
140.0 911.0 119.0 912.0 118.0 905.0 139.0 904.0 Van Vehicle 1
138.0 892.0 118.0 893.0 118.0 885.0 138.0 884.0 Small_Car Vehicle 1
291.0 928.0 271.0 929.0 271.0 922.0 290.0 921.0 Van Vehicle 1
296.0 947.0 273.0 948.0 273.0 939.0 296.0 939.0 Van Vehicle 1
272.0 946.0 252.0 947.0 251.0 940.0 272.0 939.0 Small_Car Vehicle 1
510.0 912.0 490.0 913.0 489.0 906.0 510.0 905.0 Van Vehicle 1
539.0 848.0 517.0 848.0 517.0 842.0 539.0 841.0 Small_Car Vehicle 1
540.0 838.0 519.0 839.0 518.0 832.0 540.0 831.0 Small_Car Vehicle 1
542.0 829.0 519.0 829.0 519.0 821.0 542.0 821.0 Van Vehicle 1
536.0 747.0 514.0 748.0 513.0 740.0 536.0 739.0 Small_Car Vehicle 1
563.0 467.0 541.0 469.0 541.0 461.0 563.0 460.0 Small_Car Vehicle 1
623.0 546.0 601.0 546.0 601.0 539.0 623.0 539.0 Small_Car Vehicle 1
624.0 528.0 603.0 528.0 602.0 522.0 624.0 521.0 Dump_Truck Vehicle 1
623.0 508.0 603.0 509.0 603.0 502.0 623.0 501.0 Small_Car Vehicle 1
603.0 509.0 582.0 510.0 582.0 503.0 602.0 502.0 Small_Car Vehicle 1
521.0 519.0 500.0 519.0 500.0 513.0 521.0 513.0 Small_Car Vehicle 1
526.0 530.0 503.0 531.0 503.0 524.0 526.0 523.0 Van Vehicle 1
525.0 540.0 504.0 540.0 504.0 533.0 525.0 533.0 Dump_Truck Vehicle 1
527.0 548.0 508.0 549.0 508.0 542.0 527.0 542.0 Van Vehicle 1
526.0 578.0 505.0 578.0 505.0 570.0 526.0 571.0 Van Vehicle 1
552.0 632.0 529.0 632.0 529.0 625.0 552.0 625.0 Van Vehicle 1
474.0 660.0 456.0 662.0 455.0 654.0 474.0 653.0 Van Vehicle 1
473.0 641.0 451.0 642.0 451.0 634.0 473.0 634.0 Van Vehicle 1
472.0 621.0 452.0 623.0 451.0 615.0 472.0 614.0 Small_Car Vehicle 1
477.0 613.0 455.0 614.0 455.0 607.0 477.0 606.0 Van Vehicle 1
474.0 605.0 454.0 606.0 453.0 599.0 474.0 598.0 Van Vehicle 1
476.0 568.0 454.0 569.0 454.0 562.0 476.0 561.0 Van Vehicle 1
472.0 558.0 450.0 559.0 450.0 552.0 472.0 552.0 Van Vehicle 1
470.0 522.0 450.0 522.0 450.0 515.0 470.0 516.0 Van Vehicle 1
469.0 502.0 448.0 503.0 448.0 497.0 469.0 496.0 Small_Car Vehicle 1
306.0 508.0 286.0 508.0 286.0 501.0 305.0 501.0 Van Vehicle 1
305.0 517.0 283.0 517.0 283.0 510.0 305.0 510.0 Van Vehicle 1
359.0 534.0 338.0 534.0 338.0 527.0 359.0 527.0 Dump_Truck Vehicle 1
357.0 523.0 336.0 523.0 336.0 517.0 357.0 516.0 Small_Car Vehicle 1
381.0 523.0 361.0 523.0 361.0 516.0 381.0 516.0 Small_Car Vehicle 1
439.0 522.0 418.0 523.0 418.0 516.0 439.0 515.0 Van Vehicle 1
437.0 531.0 418.0 531.0 418.0 525.0 437.0 525.0 Van Vehicle 1
437.0 550.0 415.0 551.0 414.0 544.0 436.0 544.0 Small_Car Vehicle 1
438.0 568.0 419.0 569.0 418.0 563.0 437.0 562.0 Small_Car Vehicle 1
437.0 616.0 417.0 617.0 417.0 611.0 437.0 610.0 Small_Car Vehicle 1
435.0 579.0 415.0 579.0 415.0 571.0 435.0 572.0 Van Vehicle 1
384.0 578.0 362.0 579.0 362.0 572.0 384.0 572.0 Small_Car Vehicle 1
384.0 562.0 362.0 562.0 362.0 555.0 384.0 555.0 Van Vehicle 1
360.0 570.0 340.0 571.0 340.0 565.0 359.0 564.0 Small_Car Vehicle 1
364.0 606.0 341.0 609.0 340.0 601.0 363.0 598.0 Small_Car Vehicle 1
273.0 618.0 255.0 620.0 254.0 613.0 272.0 610.0 Van Vehicle 1
305.0 599.0 286.0 600.0 286.0 593.0 305.0 592.0 Van Vehicle 1
306.0 553.0 284.0 553.0 284.0 547.0 306.0 547.0 Small_Car Vehicle 1
305.0 544.0 283.0 544.0 283.0 537.0 305.0 537.0 Van Vehicle 1
277.0 601.0 256.0 602.0 255.0 595.0 277.0 594.0 Van Vehicle 1
273.0 582.0 253.0 583.0 252.0 576.0 272.0 575.0 Van Vehicle 1
272.0 553.0 254.0 554.0 254.0 547.0 272.0 546.0 Small_Car Vehicle 1
271.0 544.0 253.0 545.0 253.0 538.0 271.0 538.0 Van Vehicle 1
218.0 612.0 194.0 611.0 195.0 603.0 218.0 604.0 Van Vehicle 1
221.0 600.0 200.0 602.0 200.0 595.0 220.0 593.0 Van Vehicle 1
220.0 583.0 198.0 584.0 198.0 576.0 219.0 576.0 Small_Car Vehicle 1
218.0 573.0 195.0 575.0 195.0 567.0 217.0 566.0 Small_Car Vehicle 1
214.0 536.0 194.0 537.0 194.0 531.0 214.0 530.0 Small_Car Vehicle 1
192.0 537.0 172.0 538.0 172.0 531.0 192.0 531.0 Van Vehicle 1
197.0 547.0 177.0 547.0 177.0 540.0 197.0 540.0 Van Vehicle 1
196.0 555.0 179.0 556.0 178.0 551.0 196.0 550.0 Van Vehicle 1
193.0 583.0 174.0 584.0 174.0 578.0 193.0 577.0 Van Vehicle 1
194.0 601.0 173.0 602.0 173.0 595.0 194.0 594.0 Van Vehicle 1
195.0 640.0 174.0 640.0 173.0 634.0 194.0 633.0 Small_Car Vehicle 1
140.0 641.0 118.0 641.0 118.0 634.0 139.0 633.0 Van Vehicle 1
108.0 623.0 86.0 624.0 85.0 616.0 108.0 616.0 Small_Car Vehicle 1
107.0 603.0 87.0 604.0 87.0 597.0 107.0 597.0 Van Vehicle 1
144.0 612.0 119.0 614.0 118.0 606.0 144.0 604.0 Van Vehicle 1
139.0 576.0 120.0 576.0 119.0 570.0 138.0 569.0 Van Vehicle 1
134.0 539.0 116.0 540.0 116.0 533.0 134.0 532.0 Van Vehicle 1
136.0 530.0 117.0 531.0 117.0 525.0 136.0 524.0 Van Vehicle 1
141.0 520.0 118.0 521.0 118.0 514.0 141.0 514.0 Van Vehicle 1
139.0 511.0 114.0 512.0 114.0 505.0 139.0 504.0 Van Vehicle 1
105.0 585.0 86.0 585.0 85.0 579.0 105.0 579.0 Van Vehicle 1
108.0 576.0 89.0 577.0 89.0 571.0 108.0 570.0 Van Vehicle 1
107.0 567.0 87.0 567.0 87.0 561.0 107.0 561.0 Van Vehicle 1
106.0 559.0 87.0 560.0 86.0 554.0 106.0 553.0 Small_Car Vehicle 1
106.0 548.0 87.0 548.0 87.0 542.0 106.0 542.0 Van Vehicle 1
107.0 539.0 88.0 539.0 88.0 532.0 107.0 532.0 Van Vehicle 1
104.0 530.0 84.0 530.0 84.0 523.0 104.0 523.0 Small_Car Vehicle 1
49.0 605.0 26.0 606.0 26.0 599.0 49.0 599.0 Small_Car Vehicle 1
53.0 587.0 29.0 588.0 29.0 581.0 53.0 579.0 Van Vehicle 1
52.0 569.0 30.0 570.0 30.0 563.0 52.0 562.0 Van Vehicle 1
51.0 540.0 27.0 541.0 27.0 535.0 51.0 534.0 Van Vehicle 1
28.0 561.0 8.0 561.0 7.0 554.0 28.0 554.0 Van Vehicle 1
24.0 542.0 2.0 542.0 2.0 535.0 24.0 535.0 Small_Car Vehicle 1
23.0 511.0 2.0 514.0 1.0 507.0 22.0 504.0 Small_Car Vehicle 1
906.0 31.0 905.0 44.0 897.0 43.0 898.0 30.0 Van Vehicle 1
950.0 28.0 949.0 44.0 938.0 44.0 938.0 28.0 Small_Car Vehicle 1
987.0 30.0 986.0 45.0 977.0 45.0 978.0 29.0 Van Vehicle 1
807.0 98.0 786.0 99.0 786.0 91.0 806.0 91.0 Van Vehicle 1
286.0 167.0 254.0 183.0 248.0 172.0 281.0 156.0 Cargo_Truck Vehicle 1
263.0 236.0 189.0 241.0 188.0 228.0 263.0 223.0 Cargo_Truck Vehicle 1
603.0 275.0 600.0 282.0 582.0 276.0 585.0 268.0 Small_Car Vehicle 1
617.0 316.0 609.0 317.0 609.0 302.0 617.0 302.0 Van Vehicle 1
774.0 200.0 773.0 206.0 752.0 205.0 752.0 199.0 Van Vehicle 1
772.0 216.0 751.0 216.0 751.0 209.0 772.0 208.0 Van Vehicle 1
745.0 229.0 744.0 246.0 734.0 246.0 734.0 229.0 Van Vehicle 1
734.0 228.0 733.0 245.0 726.0 245.0 726.0 228.0 Van Vehicle 1
712.0 246.0 703.0 246.0 703.0 230.0 712.0 230.0 Van Vehicle 1
692.0 244.0 682.0 244.0 681.0 225.0 692.0 225.0 Van Vehicle 1
790.0 280.0 782.0 279.0 783.0 263.0 790.0 263.0 Van Vehicle 1
861.0 240.0 853.0 240.0 852.0 224.0 860.0 224.0 Van Vehicle 1
370.0 777.0 350.0 777.0 350.0 770.0 370.0 770.0 Small_Car Vehicle 1
258.0 745.0 237.0 745.0 237.0 738.0 258.0 738.0 Small_Car Vehicle 1
257.0 805.0 240.0 806.0 239.0 800.0 257.0 799.0 Small_Car Vehicle 1
870.0 851.0 844.0 855.0 843.0 845.0 868.0 841.0 Dump_Truck Vehicle 1
449.0 888.0 441.0 888.0 442.0 873.0 449.0 873.0 Small_Car Vehicle 1
