265.0 319.0 257.0 322.0 249.0 305.0 257.0 301.0 Small_Car Vehicle 1
361.0 259.0 339.0 268.0 335.0 258.0 357.0 249.0 Van Vehicle 1
5.0 6.0 0.0 6.0 0.0 0.0 4.0 0.0 Dump_Truck Vehicle 1
242.0 38.0 233.0 38.0 233.0 20.0 242.0 20.0 Van Vehicle 1
270.0 51.0 251.0 50.0 251.0 42.0 270.0 42.0 Small_Car Vehicle 1
264.0 37.0 255.0 38.0 255.0 20.0 264.0 20.0 Van Vehicle 1
275.0 36.0 266.0 36.0 266.0 20.0 275.0 20.0 Dump_Truck Vehicle 1
287.0 37.0 277.0 38.0 276.0 19.0 286.0 19.0 Van Vehicle 1
297.0 38.0 289.0 39.0 287.0 19.0 296.0 18.0 Small_Car Vehicle 1
310.0 38.0 299.0 39.0 298.0 19.0 309.0 18.0 Dump_Truck Vehicle 1
320.0 37.0 311.0 37.0 311.0 20.0 320.0 20.0 Small_Car Vehicle 1
347.0 33.0 338.0 36.0 331.0 17.0 340.0 14.0 Small_Car Vehicle 1
364.0 25.0 357.0 28.0 351.0 13.0 359.0 10.0 Van Vehicle 1
377.0 23.0 368.0 27.0 361.0 8.0 370.0 5.0 Small_Car Vehicle 1
391.0 17.0 384.0 2.0 390.0 -1.0 398.0 14.0 Small_Car Vehicle 1
360.0 39.0 340.0 43.0 339.0 35.0 358.0 32.0 Small_Car Vehicle 1
250.0 86.0 240.0 86.0 240.0 69.0 250.0 69.0 Van Vehicle 1
239.0 85.0 231.0 85.0 230.0 71.0 238.0 71.0 Van Vehicle 1
260.0 83.0 251.0 83.0 251.0 69.0 260.0 69.0 Dump_Truck Vehicle 1
270.0 82.0 262.0 82.0 262.0 69.0 270.0 69.0 Dump_Truck Vehicle 1
282.0 80.0 274.0 81.0 273.0 68.0 281.0 68.0 Small_Car Vehicle 1
292.0 81.0 284.0 81.0 283.0 67.0 292.0 66.0 Van Vehicle 1
303.0 80.0 295.0 81.0 295.0 69.0 303.0 68.0 Van Vehicle 1
316.0 67.0 315.0 79.0 307.0 79.0 307.0 67.0 Van Vehicle 1
382.0 63.0 375.0 66.0 371.0 57.0 379.0 54.0 Van Vehicle 1
394.0 63.0 386.0 66.0 381.0 54.0 390.0 51.0 Van Vehicle 1
403.0 59.0 397.0 62.0 392.0 51.0 399.0 48.0 Van Vehicle 1
416.0 60.0 408.0 63.0 402.0 48.0 409.0 45.0 Small_Car Vehicle 1
426.0 57.0 418.0 61.0 412.0 47.0 419.0 44.0 Van Vehicle 1
449.0 53.0 441.0 56.0 437.0 46.0 444.0 43.0 Small_Car Vehicle 1
460.0 50.0 452.0 53.0 445.0 36.0 452.0 33.0 Small_Car Vehicle 1
470.0 45.0 462.0 49.0 455.0 33.0 462.0 29.0 Van Vehicle 1
481.0 43.0 473.0 47.0 465.0 29.0 473.0 25.0 Van Vehicle 1
491.0 38.0 483.0 41.0 477.0 25.0 484.0 22.0 Dump_Truck Vehicle 1
501.0 35.0 493.0 39.0 487.0 23.0 495.0 20.0 Dump_Truck Vehicle 1
573.0 11.0 566.0 14.0 560.0 0.0 568.0 0.0 Van Vehicle 1
556.0 20.0 546.0 2.0 553.0 -2.0 564.0 16.0 Van Vehicle 1
583.0 13.0 574.0 14.0 572.0 0.0 581.0 0.0 Van Vehicle 1
802.0 57.0 792.0 60.0 786.0 43.0 795.0 40.0 Van Vehicle 1
852.0 51.0 844.0 55.0 836.0 38.0 844.0 34.0 Small_Car Vehicle 1
955.0 95.0 934.0 102.0 931.0 93.0 952.0 86.0 Van Vehicle 1
811.0 94.0 803.0 97.0 798.0 82.0 806.0 79.0 Van Vehicle 1
801.0 98.0 794.0 101.0 790.0 90.0 797.0 87.0 Small_Car Vehicle 1
737.0 117.0 729.0 120.0 723.0 106.0 732.0 103.0 Van Vehicle 1
757.0 171.0 748.0 174.0 742.0 156.0 750.0 153.0 Small_Car Vehicle 1
765.0 168.0 757.0 171.0 751.0 154.0 759.0 151.0 Small_Car Vehicle 1
781.0 158.0 773.0 161.0 767.0 146.0 775.0 143.0 Small_Car Vehicle 1
797.0 145.0 790.0 148.0 785.0 137.0 792.0 134.0 Van Vehicle 1
807.0 145.0 800.0 147.0 797.0 136.0 804.0 134.0 Van Vehicle 1
820.0 147.0 812.0 150.0 805.0 134.0 813.0 131.0 Small_Car Vehicle 1
830.0 146.0 822.0 148.0 817.0 132.0 825.0 130.0 Small_Car Vehicle 1
842.0 145.0 834.0 148.0 828.0 132.0 836.0 129.0 Small_Car Vehicle 1
851.0 140.0 843.0 143.0 838.0 129.0 846.0 126.0 Small_Car Vehicle 1
861.0 148.0 842.0 155.0 840.0 147.0 858.0 141.0 Van Vehicle 1
869.0 160.0 850.0 167.0 847.0 159.0 866.0 152.0 Small_Car Vehicle 1
872.0 174.0 856.0 178.0 854.0 171.0 870.0 167.0 Dump_Truck Vehicle 1
978.0 142.0 961.0 147.0 958.0 139.0 976.0 133.0 Small_Car Vehicle 1
987.0 161.0 967.0 167.0 964.0 158.0 984.0 152.0 Small_Car Vehicle 1
991.0 169.0 972.0 175.0 970.0 167.0 988.0 161.0 Small_Car Vehicle 1
995.0 179.0 973.0 185.0 970.0 176.0 992.0 169.0 Dump_Truck Vehicle 1
890.0 201.0 869.0 208.0 866.0 199.0 887.0 193.0 Small_Car Vehicle 1
894.0 209.0 874.0 216.0 871.0 207.0 891.0 201.0 Small_Car Vehicle 1
892.0 222.0 873.0 227.0 870.0 219.0 890.0 214.0 Van Vehicle 1
902.0 258.0 885.0 263.0 882.0 254.0 899.0 249.0 Small_Car Vehicle 1
909.0 267.0 891.0 273.0 888.0 265.0 906.0 258.0 Van Vehicle 1
318.0 524.0 299.0 530.0 297.0 522.0 316.0 516.0 Small_Car Vehicle 1
324.0 540.0 304.0 546.0 302.0 539.0 322.0 532.0 Van Vehicle 1
350.0 535.0 341.0 538.0 336.0 519.0 344.0 516.0 Dump_Truck Vehicle 1
327.0 550.0 308.0 556.0 306.0 549.0 325.0 542.0 Small_Car Vehicle 1
351.0 577.0 332.0 583.0 328.0 573.0 348.0 567.0 Dump_Truck Vehicle 1
355.0 586.0 336.0 592.0 333.0 584.0 352.0 578.0 Van Vehicle 1
340.0 614.0 322.0 618.0 320.0 611.0 338.0 606.0 Van Vehicle 1
342.0 622.0 324.0 627.0 322.0 619.0 340.0 615.0 Small_Car Vehicle 1
89.0 815.0 69.0 822.0 66.0 814.0 86.0 807.0 Small_Car Vehicle 1
69.0 878.0 25.0 893.0 21.0 881.0 65.0 867.0 Cargo_Truck Vehicle 1
8.0 871.0 0.0 873.0 0.0 856.0 1.0 855.0 Small_Car Vehicle 1
18.0 868.0 11.0 872.0 3.0 855.0 10.0 851.0 Small_Car Vehicle 1
30.0 863.0 22.0 866.0 15.0 849.0 22.0 846.0 Small_Car Vehicle 1
46.0 860.0 38.0 864.0 28.0 845.0 36.0 841.0 Dump_Truck Vehicle 1
59.0 855.0 51.0 859.0 42.0 841.0 50.0 837.0 Dump_Truck Vehicle 1
77.0 853.0 68.0 857.0 58.0 837.0 67.0 833.0 Dump_Truck Vehicle 1
88.0 849.0 79.0 854.0 67.0 832.0 77.0 827.0 Dump_Truck Vehicle 1
98.0 844.0 89.0 848.0 81.0 831.0 90.0 827.0 Van Vehicle 1
110.0 840.0 101.0 844.0 92.0 826.0 100.0 821.0 Small_Car Vehicle 1
123.0 837.0 113.0 841.0 104.0 818.0 114.0 814.0 Dump_Truck Vehicle 1
137.0 831.0 130.0 835.0 121.0 819.0 128.0 815.0 Small_Car Vehicle 1
207.0 811.0 198.0 815.0 188.0 795.0 197.0 791.0 Van Vehicle 1
221.0 804.0 211.0 808.0 203.0 788.0 213.0 784.0 Van Vehicle 1
236.0 799.0 227.0 802.0 221.0 782.0 229.0 779.0 Van Vehicle 1
172.0 872.0 162.0 873.0 159.0 853.0 169.0 851.0 Van Vehicle 1
192.0 871.0 182.0 875.0 172.0 852.0 182.0 848.0 Van Vehicle 1
381.0 713.0 355.0 721.0 352.0 711.0 377.0 703.0 Dump_Truck Vehicle 1
383.0 752.0 374.0 756.0 365.0 738.0 375.0 734.0 Small_Car Vehicle 1
472.0 704.0 392.0 726.0 384.0 694.0 464.0 672.0 Intersection Road 1
495.0 780.0 487.0 783.0 482.0 765.0 490.0 763.0 Dump_Truck Vehicle 1
627.0 734.0 619.0 738.0 610.0 719.0 619.0 715.0 Dump_Truck Vehicle 1
649.0 739.0 641.0 742.0 633.0 724.0 641.0 721.0 Dump_Truck Vehicle 1
459.0 932.0 444.0 936.0 442.0 928.0 457.0 924.0 Small_Car Vehicle 1
472.0 910.0 463.0 916.0 443.0 889.0 452.0 883.0 Trailer Vehicle 1
740.0 866.0 732.0 869.0 726.0 855.0 734.0 851.0 Van Vehicle 1
690.0 870.0 670.0 876.0 666.0 867.0 687.0 860.0 Small_Car Vehicle 1
700.0 926.0 684.0 927.0 684.0 919.0 699.0 918.0 Van Vehicle 1
754.0 867.0 747.0 870.0 739.0 853.0 747.0 850.0 Small_Car Vehicle 1
697.0 899.0 676.0 905.0 673.0 896.0 694.0 890.0 Small_Car Vehicle 1
787.0 902.0 780.0 906.0 773.0 892.0 781.0 889.0 Van Vehicle 1
796.0 900.0 789.0 903.0 783.0 889.0 790.0 886.0 Van Vehicle 1
926.0 819.0 910.0 825.0 907.0 817.0 923.0 811.0 Van Vehicle 1
932.0 829.0 918.0 835.0 914.0 826.0 929.0 821.0 Van Vehicle 1
805.0 1002.0 803.0 994.0 820.0 987.0 823.0 996.0 Small_Car Vehicle 1
