0.934803 390.432892 -9.065197 303.432892 73.0 294.000092 83.0 381.000092 Boeing747 Airplane 1
171.0 370.0 90.0 379.0 80.0 291.0 162.0 283.0 Boeing747 Airplane 1
319.0 218.0 258.0 220.0 256.0 172.0 318.0 170.0 other-airplane Airplane 1
425.0 333.0 367.0 340.0 359.0 272.0 418.0 266.0 other-airplane Airplane 1
495.0 293.0 459.0 296.0 456.0 258.0 492.0 256.0 other-airplane Airplane 1
531.0 282.0 501.0 286.0 496.0 252.0 526.0 247.0 other-airplane Airplane 1
562.0 281.0 532.0 283.0 530.0 248.0 560.0 246.0 other-airplane Airplane 1
606.0 287.0 569.0 291.0 565.0 251.0 603.0 248.0 other-airplane Airplane 1
510.0 292.0 484.0 293.0 483.0 267.0 509.0 266.0 other-airplane Airplane 1
497.0 291.0 494.0 309.0 471.0 306.0 473.0 288.0 other-airplane Airplane 1
486.0 325.0 450.0 328.0 448.0 297.0 484.0 294.0 other-airplane Airplane 1
501.0 348.0 464.0 351.0 461.0 314.0 498.0 311.0 other-airplane Airplane 1
567.0 391.0 549.0 414.0 529.0 397.0 547.0 374.0 other-airplane Airplane 1
574.0 424.0 552.0 426.0 550.0 404.0 572.0 402.0 other-airplane Airplane 1
535.0 448.0 513.0 451.0 510.0 432.0 533.0 429.0 other-airplane Airplane 1
648.0 416.0 613.0 419.0 611.0 389.0 646.0 386.0 other-airplane Airplane 1
697.0 418.0 671.0 419.0 670.0 394.0 696.0 393.0 other-airplane Airplane 1
