801.0 206.0 626.0 311.0 568.0 215.0 743.0 110.0 Intersection Road 1
508.0 383.0 500.0 402.0 489.0 397.0 497.0 378.0 Van Vehicle 1
578.0 395.0 572.0 402.0 559.0 389.0 565.0 383.0 Van Vehicle 1
555.0 409.0 548.0 414.0 536.0 401.0 543.0 395.0 Small_Car Vehicle 1
529.0 423.0 522.0 428.0 512.0 417.0 519.0 411.0 Van Vehicle 1
456.0 429.0 449.0 435.0 436.0 418.0 443.0 413.0 Van Vehicle 1
404.0 491.0 385.0 498.0 383.0 491.0 401.0 484.0 Small_Car Vehicle 1
420.0 520.0 403.0 527.0 400.0 521.0 417.0 513.0 Van Vehicle 1
709.0 523.0 694.0 533.0 691.0 528.0 706.0 518.0 Small_Car Vehicle 1
470.0 456.0 464.0 462.0 452.0 451.0 459.0 445.0 Small_Car Vehicle 1
536.0 482.0 528.0 488.0 518.0 476.0 526.0 470.0 Small_Car Vehicle 1
564.0 464.0 558.0 470.0 546.0 458.0 552.0 452.0 Van Vehicle 1
592.0 447.0 586.0 453.0 573.0 440.0 578.0 434.0 Small_Car Vehicle 1
611.0 431.0 605.0 436.0 598.0 427.0 603.0 423.0 Dump_Truck Vehicle 1
676.0 425.0 660.0 434.0 656.0 428.0 672.0 418.0 Van Vehicle 1
684.0 432.0 671.0 440.0 667.0 434.0 680.0 425.0 Small_Car Vehicle 1
688.0 442.0 673.0 450.0 670.0 444.0 685.0 436.0 Small_Car Vehicle 1
724.0 480.0 710.0 490.0 705.0 483.0 719.0 473.0 Small_Car Vehicle 1
757.0 425.0 740.0 438.0 734.0 430.0 751.0 417.0 Small_Car Vehicle 1
742.0 409.0 726.0 421.0 721.0 414.0 737.0 402.0 Small_Car Vehicle 1
718.0 387.0 704.0 398.0 698.0 391.0 712.0 380.0 Small_Car Vehicle 1
685.0 363.0 672.0 376.0 667.0 371.0 680.0 358.0 Van Vehicle 1
1000.0 245.636337 981.883179 253.04776 979.0 245.999969 1000.0 237.409058 Van Vehicle 1
923.0 222.0 917.0 229.0 897.0 213.0 903.0 206.0 Van Vehicle 1
788.0 258.0 781.0 266.0 769.0 254.0 776.0 247.0 Small_Car Vehicle 1
779.0 270.0 773.0 276.0 762.0 265.0 767.0 259.0 Small_Car Vehicle 1
743.0 257.0 737.0 263.0 725.0 250.0 730.0 245.0 Small_Car Vehicle 1
883.0 208.0 875.0 214.0 863.0 198.0 871.0 192.0 Small_Car Vehicle 1
955.0 22.0 933.0 22.0 933.0 14.0 955.0 15.0 Small_Car Vehicle 1
869.0 13.0 863.0 17.0 853.0 6.0 859.0 1.0 Small_Car Vehicle 1
859.0 22.0 854.0 28.0 839.0 13.0 844.0 7.0 Van Vehicle 1
543.0 280.0 524.0 287.0 522.0 281.0 541.0 274.0 Small_Car Vehicle 1
630.0 163.0 624.0 169.0 613.0 157.0 618.0 151.0 Small_Car Vehicle 1
608.0 147.0 602.0 153.0 588.0 140.0 595.0 133.0 Small_Car Vehicle 1
608.0 124.0 602.0 130.0 588.0 116.0 593.0 110.0 Small_Car Vehicle 1
584.0 124.0 577.0 131.0 562.0 115.0 569.0 108.0 Dump_Truck Vehicle 1
556.0 120.0 550.0 126.0 536.0 112.0 541.0 106.0 Van Vehicle 1
520.0 47.0 514.0 53.0 500.0 41.0 506.0 35.0 Small_Car Vehicle 1
332.0 72.0 321.0 80.0 316.0 74.0 328.0 65.0 Van Vehicle 1
320.0 54.0 306.0 64.0 303.0 58.0 317.0 49.0 Small_Car Vehicle 1
312.0 47.0 298.0 57.0 295.0 52.0 309.0 43.0 Small_Car Vehicle 1
305.0 42.0 290.0 52.0 285.0 46.0 300.0 35.0 Small_Car Vehicle 1
288.0 27.0 273.0 37.0 269.0 31.0 284.0 21.0 Van Vehicle 1
280.0 20.0 266.0 30.0 261.0 24.0 275.0 14.0 Van Vehicle 1
249.000015 16.00001 244.915131 10.058358 260.9151 -0.941636 265.0 5.000015 Small_Car Vehicle 1
152.0 88.0 144.0 94.0 132.0 77.0 140.0 72.0 Van Vehicle 1
111.0 56.0 103.0 61.0 94.0 47.0 102.0 42.0 Small_Car Vehicle 1
91.0 69.0 81.0 74.0 73.0 57.0 82.0 52.0 Van Vehicle 1
160.0 214.0 140.0 222.0 137.0 215.0 157.0 207.0 Van Vehicle 1
165.0 222.0 147.0 230.0 144.0 223.0 162.0 215.0 Small_Car Vehicle 1
182.0 245.0 166.0 253.0 163.0 247.0 180.0 239.0 Small_Car Vehicle 1
176.0 236.0 157.0 245.0 154.0 239.0 173.0 230.0 Small_Car Vehicle 1
116.0 281.0 98.0 290.0 94.0 283.0 113.0 274.0 Small_Car Vehicle 1
132.0 297.0 111.0 308.0 107.0 301.0 128.0 290.0 Dump_Truck Vehicle 1
101.0 299.0 83.0 308.0 79.0 301.0 98.0 292.0 Small_Car Vehicle 1
148.0 352.0 140.0 357.0 131.0 342.0 139.0 337.0 Van Vehicle 1
126.0 362.0 118.0 367.0 110.0 352.0 118.0 347.0 Van Vehicle 1
101.0 374.0 93.0 379.0 84.0 364.0 92.0 359.0 Small_Car Vehicle 1
58.0 335.0 40.0 344.0 36.0 336.0 54.0 327.0 Small_Car Vehicle 1
68.0 351.0 52.0 359.0 49.0 353.0 65.0 345.0 Small_Car Vehicle 1
914.0 623.0 900.0 633.0 895.0 626.0 910.0 617.0 Van Vehicle 1
793.0 750.0 788.0 754.0 777.0 741.0 782.0 737.0 Small_Car Vehicle 1
888.0 272.0 877.0 286.0 870.0 281.0 880.0 266.0 Van Vehicle 1
