243.0 94.0 232.0 132.0 199.0 122.0 210.0 84.0 other-airplane Airplane 1
26.13682 484.110382 -5.000013 459.000031 16.863165 431.889679 48.0 457.000031 other-airplane Airplane 1
111.0 464.0 90.0 491.0 60.0 467.0 80.0 440.0 other-airplane Airplane 1
105.0 511.0 85.0 538.0 55.0 515.0 74.0 488.0 other-airplane Airplane 1
110.0 566.0 107.043472 600.0 60.434784 600.0 63.741089 561.977539 A220 Airplane 1
252.0 480.0 249.0 514.0 213.0 510.0 216.0 477.0 other-airplane Airplane 1
294.0 486.0 290.0 526.0 255.0 523.0 259.0 482.0 other-airplane Airplane 1
337.0 490.0 333.0 523.0 298.0 520.0 301.0 487.0 other-airplane Airplane 1
379.0 494.0 374.0 539.0 339.0 535.0 344.0 491.0 ARJ21 Airplane 1
480.0 494.0 476.0 530.0 432.0 524.0 436.0 488.0 ARJ21 Airplane 1
475.0 538.0 471.0 573.0 427.0 569.0 431.0 533.0 ARJ21 Airplane 1
754.0 541.0 732.0 558.0 716.0 538.0 737.0 521.0 other-airplane Airplane 1
