784.0 20.0 780.0 27.0 761.0 17.0 765.0 10.0 Small_Car Vehicle 1
794.0 90.0 785.0 90.0 785.0 72.0 793.0 72.0 Small_Car Vehicle 1
734.0 88.0 712.0 87.0 712.0 80.0 734.0 80.0 Van Vehicle 1
488.0 37.0 479.0 38.0 477.0 20.0 487.0 19.0 Small_Car Vehicle 1
670.0 29.0 669.0 47.0 659.0 47.0 660.0 28.0 Dump_Truck Vehicle 1
624.0 45.0 614.0 45.0 614.0 30.0 624.0 30.0 Van Vehicle 1
606.0 94.0 582.0 94.0 582.0 86.0 606.0 86.0 Van Vehicle 1
566.0 140.0 538.0 144.0 536.0 133.0 564.0 129.0 Small_Car Vehicle 1
520.0 90.0 499.0 90.0 499.0 83.0 520.0 83.0 Van Vehicle 1
522.0 72.0 500.0 72.0 500.0 64.0 522.0 64.0 Van Vehicle 1
521.0 81.0 498.0 81.0 498.0 74.0 521.0 74.0 Small_Car Vehicle 1
259.0 23.0 250.0 23.0 249.0 9.0 258.0 8.0 Small_Car Vehicle 1
259.0 60.0 258.0 80.0 248.0 80.0 248.0 59.0 Dump_Truck Vehicle 1
260.0 110.0 250.0 110.0 249.0 92.0 260.0 92.0 Small_Car Vehicle 1
398.0 147.0 394.0 154.0 371.0 141.0 375.0 134.0 Van Vehicle 1
349.0 148.0 344.0 154.0 328.0 141.0 333.0 135.0 Small_Car Vehicle 1
333.0 148.0 328.0 155.0 311.0 142.0 316.0 135.0 Small_Car Vehicle 1
315.0 147.0 312.0 152.0 294.0 140.0 297.0 135.0 Small_Car Vehicle 1
225.0 138.0 213.0 138.0 214.0 114.0 225.0 115.0 Dump_Truck Vehicle 1
160.0 145.0 150.0 145.0 150.0 124.0 160.0 124.0 Dump_Truck Vehicle 1
98.0 144.0 88.0 144.0 88.0 124.0 98.0 124.0 Dump_Truck Vehicle 1
127.0 183.0 117.0 184.0 116.0 165.0 127.0 165.0 Dump_Truck Vehicle 1
115.0 182.0 104.0 183.0 104.0 163.0 114.0 163.0 Van Vehicle 1
102.0 207.0 93.0 207.0 93.0 189.0 102.0 189.0 Small_Car Vehicle 1
369.0 404.0 352.0 406.0 352.0 397.0 368.0 395.0 Cargo_Truck Vehicle 1
385.0 352.0 375.0 353.0 374.0 333.0 384.0 332.0 Van Vehicle 1
74.0 288.0 73.0 297.0 47.0 297.0 47.0 287.0 Small_Car Vehicle 1
239.0 303.0 215.0 304.0 214.0 295.0 238.0 294.0 Small_Car Vehicle 1
250.0 576.0 239.0 590.0 231.0 585.0 242.0 570.0 Small_Car Vehicle 1
547.0 331.0 546.0 351.0 537.0 350.0 537.0 330.0 Van Vehicle 1
547.0 351.0 546.0 371.0 537.0 370.0 537.0 351.0 Van Vehicle 1
572.0 369.0 562.0 370.0 562.0 352.0 572.0 352.0 Small_Car Vehicle 1
572.0 415.0 562.0 415.0 561.0 398.0 572.0 398.0 Small_Car Vehicle 1
606.0 427.0 596.0 426.0 596.0 410.0 606.0 410.0 Small_Car Vehicle 1
722.0 455.0 696.0 454.0 696.0 446.0 722.0 446.0 Small_Car Vehicle 1
773.0 511.0 770.0 519.0 749.0 512.0 752.0 504.0 Small_Car Vehicle 1
713.0 507.0 705.0 507.0 704.0 491.0 713.0 491.0 Small_Car Vehicle 1
692.0 507.0 684.0 507.0 683.0 492.0 691.0 491.0 Small_Car Vehicle 1
627.0 508.0 618.0 510.0 616.0 494.0 625.0 493.0 Small_Car Vehicle 1
488.0 497.0 478.0 497.0 478.0 484.0 488.0 484.0 Small_Car Vehicle 1
105.0 465.0 96.0 465.0 97.0 450.0 105.0 450.0 Van Vehicle 1
25.0 511.0 16.0 511.0 15.0 494.0 24.0 494.0 Van Vehicle 1
86.0 495.0 85.0 512.0 75.0 512.0 75.0 495.0 Small_Car Vehicle 1
46.0 527.0 40.0 532.0 29.0 518.0 35.0 513.0 Small_Car Vehicle 1
37.0 532.0 30.0 538.0 17.0 523.0 24.0 517.0 Small_Car Vehicle 1
86.0 553.0 75.0 569.0 66.0 562.0 78.0 547.0 Small_Car Vehicle 1
61.0 555.0 50.0 571.0 41.0 565.0 52.0 549.0 Small_Car Vehicle 1
