131.0 161.0 111.0 161.0 111.0 153.0 131.0 153.0 Van Vehicle 1
186.0 159.0 164.0 160.0 163.0 152.0 186.0 152.0 Van Vehicle 1
209.0 158.0 187.0 158.0 186.0 151.0 209.0 151.0 Small_Car Vehicle 1
233.0 158.0 209.0 157.0 209.0 151.0 233.0 151.0 Small_Car Vehicle 1
45.0 139.0 21.0 138.0 21.0 132.0 45.0 132.0 Van Vehicle 1
159.0 137.0 133.0 137.0 133.0 129.0 159.0 129.0 Van Vehicle 1
206.0 134.0 185.0 134.0 185.0 127.0 206.0 128.0 Small_Car Vehicle 1
509.0 126.0 482.0 125.0 482.0 118.0 509.0 119.0 Van Vehicle 1
561.0 124.0 539.0 124.0 539.0 117.0 561.0 117.0 Small_Car Vehicle 1
220.0 94.0 211.0 95.0 210.0 81.0 219.0 80.0 Van Vehicle 1
279.0 114.0 271.0 115.0 270.0 97.0 278.0 97.0 Small_Car Vehicle 1
424.0 49.0 416.0 51.0 413.0 37.0 421.0 35.0 Small_Car Vehicle 1
109.0 14.0 88.0 14.0 87.0 8.0 109.0 8.0 Small_Car Vehicle 1
38.0 18.0 17.0 19.0 16.0 11.0 38.0 10.0 Van Vehicle 1
98.0 205.0 89.0 207.0 87.0 189.0 95.0 188.0 Small_Car Vehicle 1
111.0 204.0 102.0 204.0 102.0 188.0 111.0 188.0 Van Vehicle 1
244.0 174.0 235.0 175.0 234.0 158.0 243.0 157.0 Van Vehicle 1
287.0 199.0 279.0 200.0 278.0 182.0 286.0 182.0 Van Vehicle 1
287.0 218.0 278.0 218.0 278.0 201.0 287.0 201.0 Dump_Truck Vehicle 1
416.0 156.0 392.0 155.0 392.0 146.0 416.0 147.0 Van Vehicle 1
402.0 183.0 400.0 201.0 392.0 200.0 393.0 183.0 Small_Car Vehicle 1
539.0 217.0 530.0 218.0 530.0 197.0 539.0 197.0 Small_Car Vehicle 1
567.0 435.0 559.0 436.0 558.0 419.0 566.0 419.0 Van Vehicle 1
348.0 474.0 338.0 474.0 337.0 457.0 348.0 456.0 Van Vehicle 1
63.0 490.0 54.0 491.0 53.0 475.0 62.0 475.0 Small_Car Vehicle 1
15.0 463.0 14.0 484.0 5.0 484.0 6.0 463.0 Van Vehicle 1
389.0 571.0 381.0 572.0 380.0 556.0 389.0 556.0 Small_Car Vehicle 1
380.0 629.0 371.0 629.0 371.0 613.0 380.0 613.0 Van Vehicle 1
220.0 594.0 207.0 595.0 206.0 569.0 218.0 569.0 Van Vehicle 1
152.0 725.0 142.0 725.0 142.0 707.0 152.0 707.0 Small_Car Vehicle 1
115.0 795.0 106.0 796.0 106.0 768.0 115.0 768.0 Van Vehicle 1
144.0 731.0 143.0 739.0 120.0 737.0 120.0 730.0 Van Vehicle 1
217.0 760.0 208.0 760.0 208.0 739.0 217.0 739.0 Small_Car Vehicle 1
271.0 755.0 262.0 755.0 260.0 739.0 269.0 738.0 Van Vehicle 1
543.0 774.0 532.0 774.0 532.0 747.0 543.0 747.0 Small_Car Vehicle 1
592.0 780.0 591.0 797.0 582.0 796.0 582.0 779.0 Van Vehicle 1
