63.0 585.0 157.0 724.0 177.0 711.0 82.0 572.0 Warship Ship 1
283.0 908.0 149.0 729.0 120.0 749.0 255.0 929.0 Warship Ship 1
312.0 893.0 180.0 713.0 155.0 733.0 284.0 913.0 Warship Ship 1
562.0 696.0 586.0 670.0 627.0 708.0 602.0 734.0 Basketball_Court Court 1
600.0 662.0 623.0 638.0 665.0 677.0 643.0 700.0 Basketball_Court Court 1
654.0 707.0 679.0 681.0 720.0 721.0 698.0 745.0 Basketball_Court Court 1
646.0 733.0 660.0 720.0 682.0 741.0 668.0 754.0 Tennis_Court Court 1
623.0 756.0 635.0 743.0 657.0 762.0 645.0 777.0 Tennis_Court Court 1
873.0 211.0 873.0 141.0 939.0 141.0 939.0 211.0 Intersection Road 1
291.0 144.0 291.0 85.0 361.0 86.0 361.0 144.0 Bridge Road 1
153.0 214.0 175.0 168.0 197.0 179.0 174.0 225.0 Bridge Road 1
29.0 149.0 40.0 119.0 52.0 124.0 41.0 154.0 Bridge Road 1
328.0 219.0 332.0 168.0 356.0 171.0 352.0 222.0 Bridge Road 1
908.0 545.0 908.0 485.0 966.0 485.0 966.0 545.0 Intersection Road 1
