208.0 342.0 171.0 412.0 92.0 370.0 129.0 300.0 Intersection Road 1
392.0 100.0 367.0 147.0 279.0 100.0 305.0 52.0 Intersection Road 1
360.0 787.0 356.0 793.0 337.0 784.0 340.0 777.0 Small_Car Vehicle 1
320.0 743.0 317.0 751.0 298.0 743.0 301.0 735.0 Van Vehicle 1
215.0 726.0 212.0 732.0 197.0 726.0 199.0 719.0 Small_Car Vehicle 1
240.0 710.0 237.0 717.0 218.0 709.0 221.0 702.0 Van Vehicle 1
196.0 717.0 193.0 725.0 174.0 718.0 176.0 710.0 Small_Car Vehicle 1
174.0 708.0 171.0 715.0 153.0 709.0 156.0 702.0 Small_Car Vehicle 1
154.0 701.0 151.0 708.0 133.0 700.0 136.0 693.0 Van Vehicle 1
153.0 686.0 151.0 693.0 137.0 687.0 140.0 681.0 Van Vehicle 1
571.0 555.0 569.0 561.0 550.0 554.0 553.0 548.0 Small_Car Vehicle 1
551.0 546.0 547.0 553.0 529.0 543.0 532.0 537.0 Van Vehicle 1
600.0 519.0 580.0 513.0 583.0 505.0 600.0 511.0 Van Vehicle 1
551.0 491.0 548.0 498.0 528.0 490.0 531.0 483.0 Van Vehicle 1
456.0 504.0 454.0 512.0 434.0 506.0 436.0 498.0 Van Vehicle 1
526.0 481.0 523.0 489.0 500.0 480.0 504.0 472.0 Van Vehicle 1
476.0 460.0 473.0 468.0 455.0 460.0 458.0 452.0 Van Vehicle 1
413.0 488.0 411.0 495.0 392.0 487.0 395.0 481.0 Small_Car Vehicle 1
369.0 467.0 366.0 475.0 347.0 467.0 350.0 460.0 Van Vehicle 1
335.0 422.0 332.0 429.0 312.0 420.0 316.0 413.0 Small_Car Vehicle 1
353.0 409.0 351.0 416.0 332.0 408.0 334.0 401.0 Van Vehicle 1
297.0 406.0 293.0 414.0 274.0 405.0 277.0 397.0 Small_Car Vehicle 1
327.0 408.0 324.0 414.0 305.0 407.0 308.0 400.0 Van Vehicle 1
259.0 390.0 255.0 398.0 238.0 390.0 242.0 382.0 Small_Car Vehicle 1
278.0 385.0 274.0 394.0 251.0 383.0 255.0 374.0 Small_Car Vehicle 1
248.0 372.0 245.0 379.0 227.0 371.0 230.0 363.0 Small_Car Vehicle 1
281.0 414.0 277.0 423.0 239.0 407.0 243.0 398.0 Cargo_Truck Vehicle 1
587.0 217.0 584.0 222.0 570.0 215.0 573.0 210.0 Small_Car Vehicle 1
566.0 206.0 564.0 212.0 547.0 207.0 549.0 201.0 Small_Car Vehicle 1
547.0 198.0 544.0 205.0 526.0 198.0 528.0 191.0 Small_Car Vehicle 1
525.0 190.0 523.0 197.0 504.0 189.0 506.0 182.0 Small_Car Vehicle 1
575.0 179.0 570.0 189.0 533.0 173.0 537.0 163.0 Cargo_Truck Vehicle 1
521.0 155.0 518.0 164.0 495.0 155.0 499.0 147.0 Van Vehicle 1
496.0 147.0 492.0 154.0 474.0 144.0 477.0 137.0 Van Vehicle 1
473.0 136.0 470.0 144.0 452.0 136.0 455.0 129.0 Van Vehicle 1
172.0 26.0 170.0 31.0 153.0 23.0 155.0 18.0 Van Vehicle 1
67.0 306.0 64.0 314.0 28.0 299.0 32.0 291.0 Cargo_Truck Vehicle 1
29.0 313.0 26.0 320.0 6.0 312.0 9.0 305.0 Small_Car Vehicle 1
63.0 319.0 60.0 326.0 41.0 319.0 44.0 311.0 Van Vehicle 1
85.0 339.0 81.0 349.0 40.0 330.0 44.0 321.0 Cargo_Truck Vehicle 1
35.0 545.0 24.0 561.0 16.0 557.0 27.0 540.0 Van Vehicle 1
18.0 548.0 9.0 561.0 3.0 557.0 13.0 544.0 Small_Car Vehicle 1
31.0 512.0 20.0 527.0 14.0 522.0 24.0 507.0 Small_Car Vehicle 1
29.0 493.0 20.0 509.0 13.0 505.0 22.0 489.0 Small_Car Vehicle 1
68.0 477.0 61.0 489.0 54.0 486.0 61.0 474.0 Van Vehicle 1
41.0 472.0 32.0 486.0 26.0 481.0 35.0 468.0 Van Vehicle 1
34.0 463.0 21.0 480.0 14.0 474.0 27.0 457.0 Van Vehicle 1
60.0 450.0 48.0 466.0 41.0 462.0 52.0 445.0 Van Vehicle 1
93.0 467.0 82.0 484.0 75.0 479.0 86.0 462.0 Van Vehicle 1
104.0 451.0 95.0 464.0 89.0 460.0 98.0 447.0 Van Vehicle 1
49.0 440.0 38.0 457.0 29.0 452.0 41.0 434.0 Van Vehicle 1
77.0 425.0 67.0 442.0 59.0 437.0 70.0 420.0 Van Vehicle 1
101.0 414.0 84.0 440.0 75.0 434.0 92.0 408.0 Cargo_Truck Vehicle 1
110.0 427.0 95.0 449.0 86.0 443.0 101.0 422.0 Cargo_Truck Vehicle 1
118.0 433.0 108.0 447.0 102.0 443.0 112.0 429.0 Van Vehicle 1
132.0 414.0 121.0 430.0 114.0 425.0 124.0 409.0 Small_Car Vehicle 1
152.0 366.0 133.0 370.0 132.0 362.0 151.0 359.0 Small_Car Vehicle 1
237.0 380.0 234.0 389.0 212.0 382.0 215.0 373.0 Dump_Truck Vehicle 1
196.0 302.0 189.0 315.0 182.0 311.0 189.0 298.0 Small_Car Vehicle 1
225.0 295.0 210.0 317.0 202.0 312.0 217.0 290.0 Van Vehicle 1
193.0 287.0 182.0 303.0 174.0 298.0 185.0 282.0 Small_Car Vehicle 1
178.0 264.0 164.0 286.0 156.0 281.0 170.0 259.0 Van Vehicle 1
192.0 244.0 183.0 259.0 175.0 255.0 185.0 240.0 Van Vehicle 1
216.0 217.0 200.0 241.0 191.0 234.0 207.0 210.0 Cargo_Truck Vehicle 1
238.0 185.0 221.0 210.0 212.0 203.0 229.0 179.0 Cargo_Truck Vehicle 1
262.0 154.0 245.0 176.0 236.0 169.0 252.0 147.0 Small_Car Vehicle 1
280.0 128.0 265.0 149.0 256.0 142.0 271.0 121.0 Van Vehicle 1
328.0 148.0 296.0 195.0 286.0 188.0 319.0 141.0 Bus Vehicle 1
347.0 36.0 333.0 57.0 324.0 50.0 338.0 30.0 Cargo_Truck Vehicle 1
370.0 46.0 360.0 60.0 353.0 56.0 363.0 41.0 Van Vehicle 1
392.0 54.0 384.0 67.0 377.0 62.0 385.0 49.0 Van Vehicle 1
409.0 34.0 399.0 47.0 392.0 41.0 402.0 29.0 Van Vehicle 1
385.0 27.0 374.0 41.0 367.0 35.0 378.0 22.0 Van Vehicle 1
382.0 8.0 372.0 24.0 364.0 19.0 374.0 3.0 Small_Car Vehicle 1
359.0 15.0 351.0 26.0 345.0 21.0 353.0 10.0 Small_Car Vehicle 1
