53.946106 363.977509 45.999992 383.000031 0.0 363.784851 0.0 341.443054 Passenger_Ship Ship 1
134.0 465.0 126.0 486.0 38.0 452.0 46.0 433.0 Fishing_Boat Ship 1
332.0 275.0 325.0 295.0 255.0 270.0 263.0 250.0 Fishing_Boat Ship 1
146.0 688.0 140.0 700.0 73.0 672.0 78.0 659.0 Fishing_Boat Ship 1
138.0 700.0 132.0 713.0 69.0 684.0 75.0 672.0 Fishing_Boat Ship 1
182.0 684.0 161.0 725.0 151.0 720.0 171.0 679.0 Fishing_Boat Ship 1
234.0 565.0 207.0 625.0 196.0 618.0 223.0 559.0 Fishing_Boat Ship 1
325.0 520.0 290.0 563.0 280.0 554.0 315.0 511.0 Fishing_Boat Ship 1
334.0 531.0 298.0 575.0 286.0 565.0 323.0 520.0 Fishing_Boat Ship 1
357.0 463.0 330.0 500.0 321.0 493.0 346.0 456.0 Fishing_Boat Ship 1
400.0 452.0 340.0 525.0 330.0 515.0 388.0 443.0 Fishing_Boat Ship 1
415.0 488.0 355.0 559.0 340.0 549.0 401.0 477.0 Fishing_Boat Ship 1
421.0 500.0 386.0 540.0 378.0 534.0 411.0 490.0 Fishing_Boat Ship 1
361.0 472.0 340.0 502.0 332.0 497.0 355.0 465.0 Fishing_Boat Ship 1
