147.0 513.0 146.0 522.0 123.0 519.0 124.0 510.0 Small_Car Vehicle 1
151.0 501.0 149.0 513.0 126.0 509.0 127.0 498.0 Small_Car Vehicle 1
631.0 341.0 583.0 342.0 581.0 262.0 629.0 261.0 Tennis_Court Court 1
566.0 341.0 518.0 342.0 516.0 262.0 566.0 261.0 Tennis_Court Court 1
632.0 475.0 582.0 474.0 583.0 395.0 630.0 395.0 Tennis_Court Court 1
567.0 395.0 566.0 474.0 519.0 473.0 518.0 395.0 Tennis_Court Court 1
633.587524 600.0 582.550049 600.0 580.0 532.0 630.96582 530.088745 Tennis_Court Court 1
567.395874 600.0 516.4375 600.0 515.0 531.0 565.936279 529.938843 Tennis_Court Court 1
153.0 492.0 151.0 501.0 131.0 498.0 132.0 488.0 Small_Car Vehicle 1
427.0 578.0 418.0 578.0 418.0 563.0 427.0 563.0 Small_Car Vehicle 1
433.0 480.0 432.0 498.0 420.0 497.0 422.0 479.0 Small_Car Vehicle 1
52.0 89.0 51.0 98.0 28.0 96.0 28.0 87.0 Small_Car Vehicle 1
55.0 48.0 54.0 57.0 31.0 54.0 32.0 46.0 Small_Car Vehicle 1
719.0 4.0 718.0 12.0 699.0 11.0 699.0 3.0 Van Vehicle 1
716.0 20.0 697.0 21.0 696.0 12.0 716.0 12.0 Small_Car Vehicle 1
716.0 32.0 696.0 33.0 696.0 23.0 716.0 23.0 Van Vehicle 1
719.0 54.0 696.0 55.0 695.0 47.0 718.0 46.0 Van Vehicle 1
779.0 7.0 755.0 5.0 755.0 0.0 779.0 0.0 Small_Car Vehicle 1
780.0 34.0 759.0 34.0 759.0 27.0 780.0 28.0 Small_Car Vehicle 1
802.0 597.0 754.0 598.0 754.0 588.0 802.0 588.0 Cargo_Truck Vehicle 1
