22.0 315.0 14.0 318.0 8.0 301.0 17.0 298.0 Small_Car Vehicle 1
37.0 312.0 27.0 316.0 21.0 300.0 31.0 296.0 Small_Car Vehicle 1
23.0 390.0 21.0 408.0 11.0 407.0 13.0 389.0 Small_Car Vehicle 1
50.0 397.0 46.0 411.0 36.0 409.0 41.0 394.0 Small_Car Vehicle 1
58.0 302.0 54.0 320.0 45.0 318.0 50.0 300.0 Small_Car Vehicle 1
70.0 306.0 66.0 324.0 56.0 322.0 61.0 303.0 Van Vehicle 1
83.0 306.0 79.0 321.0 71.0 319.0 75.0 304.0 Van Vehicle 1
96.0 313.0 91.0 327.0 82.0 324.0 87.0 310.0 Small_Car Vehicle 1
107.0 313.0 101.0 330.0 92.0 327.0 98.0 310.0 Van Vehicle 1
117.0 317.0 112.0 334.0 103.0 331.0 109.0 314.0 Small_Car Vehicle 1
143.0 321.0 137.0 338.0 127.0 334.0 134.0 318.0 Van Vehicle 1
154.0 325.0 146.0 346.0 136.0 342.0 144.0 321.0 Van Vehicle 1
166.0 327.0 160.0 345.0 151.0 342.0 157.0 324.0 Dump_Truck Vehicle 1
178.0 332.0 172.0 347.0 163.0 344.0 169.0 328.0 Van Vehicle 1
190.0 336.0 183.0 351.0 173.0 347.0 180.0 331.0 Van Vehicle 1
210.0 339.0 204.0 355.0 195.0 351.0 201.0 335.0 Van Vehicle 1
286.0 361.0 277.0 377.0 269.0 373.0 278.0 357.0 Small_Car Vehicle 1
239.0 343.0 232.0 360.0 223.0 356.0 230.0 339.0 Small_Car Vehicle 1
249.0 351.0 243.0 365.0 233.0 361.0 240.0 347.0 Small_Car Vehicle 1
262.0 352.0 254.0 370.0 244.0 366.0 252.0 348.0 Van Vehicle 1
272.0 356.0 264.0 374.0 256.0 371.0 263.0 352.0 Small_Car Vehicle 1
301.0 368.0 288.0 383.0 280.0 377.0 293.0 362.0 Small_Car Vehicle 1
170.0 376.0 166.0 394.0 156.0 391.0 160.0 373.0 Small_Car Vehicle 1
205.0 384.0 198.0 401.0 190.0 397.0 196.0 381.0 Small_Car Vehicle 1
150.0 462.0 146.0 479.0 137.0 477.0 140.0 460.0 Van Vehicle 1
43.0 442.0 37.0 459.0 26.0 455.0 32.0 438.0 Small_Car Vehicle 1
