337.0 6.0 377.0 78.0 448.0 39.0 409.0 -33.0 Boeing787 Airplane 1
248.0 123.0 330.0 146.0 353.0 66.0 270.0 43.0 Boeing787 Airplane 1
747.0 63.0 772.0 107.0 815.0 82.0 790.0 38.0 Boeing737 Airplane 1
426.0 203.0 461.0 269.0 516.0 241.0 482.0 174.0 other-airplane Airplane 1
378.0 336.0 446.0 299.0 407.0 228.0 340.0 266.0 A330 Airplane 1
461.0 487.0 532.0 450.0 495.0 379.0 424.0 416.0 A330 Airplane 1
503.0 564.0 579.0 523.0 541.0 452.0 464.0 494.0 A330 Airplane 1
548.0 639.0 616.0 603.0 579.0 532.0 511.0 568.0 A330 Airplane 1
588.0 719.0 662.0 681.0 625.0 609.0 551.0 647.0 Boeing777 Airplane 1
715.0 812.0 725.0 741.0 659.0 732.0 649.0 803.0 other-airplane Airplane 1
696.0 945.0 745.0 1031.0 816.0 992.0 767.0 905.0 A350 Airplane 1
805.0 926.0 831.0 974.0 874.0 951.0 848.0 903.0 Boeing737 Airplane 1
859.0 892.0 884.0 935.0 929.0 908.0 904.0 866.0 Boeing737 Airplane 1
826.0 714.0 809.0 664.0 762.0 681.0 780.0 730.0 Boeing737 Airplane 1
800.0 754.0 770.0 711.0 728.0 740.0 758.0 783.0 Boeing737 Airplane 1
