531.0 124.0 513.0 134.0 510.0 128.0 528.0 118.0 Dump_Truck Vehicle 1
535.0 150.0 516.0 158.0 513.0 151.0 533.0 144.0 Van Vehicle 1
434.0 129.0 426.0 129.0 424.0 115.0 433.0 114.0 Van Vehicle 1
496.0 225.0 487.0 230.0 476.0 214.0 484.0 209.0 Small_Car Vehicle 1
532.0 191.0 530.0 198.0 511.0 193.0 513.0 186.0 Van Vehicle 1
450.0 221.0 449.0 235.0 440.0 234.0 441.0 220.0 Van Vehicle 1
380.0 124.0 369.0 138.0 363.0 133.0 373.0 119.0 Van Vehicle 1
341.0 175.0 333.0 187.0 327.0 183.0 334.0 171.0 Small_Car Vehicle 1
319.0 169.0 311.0 182.0 304.0 178.0 312.0 165.0 Small_Car Vehicle 1
307.0 145.0 305.0 151.0 289.0 145.0 292.0 139.0 Small_Car Vehicle 1
244.0 128.0 233.0 142.0 227.0 138.0 237.0 124.0 Small_Car Vehicle 1
551.0 427.0 550.0 442.0 543.0 441.0 545.0 426.0 Small_Car Vehicle 1
526.0 461.0 508.0 464.0 506.0 457.0 525.0 454.0 Van Vehicle 1
468.0 466.0 449.0 466.0 449.0 458.0 468.0 458.0 Small_Car Vehicle 1
358.0 417.0 353.0 430.0 347.0 427.0 351.0 415.0 Small_Car Vehicle 1
182.0 351.0 181.0 360.0 159.0 358.0 160.0 348.0 Small_Car Vehicle 1
230.0 369.0 229.0 376.0 209.0 374.0 210.0 366.0 Small_Car Vehicle 1
226.0 388.0 205.0 389.0 204.0 380.0 226.0 380.0 Small_Car Vehicle 1
214.0 468.0 204.0 468.0 204.0 451.0 214.0 451.0 Small_Car Vehicle 1
409.0 454.0 408.0 461.0 389.0 457.0 391.0 450.0 Small_Car Vehicle 1
292.0 470.0 290.0 484.0 282.0 483.0 285.0 469.0 Van Vehicle 1
347.0 496.0 340.0 510.0 333.0 507.0 340.0 492.0 Van Vehicle 1
364.0 493.0 361.0 508.0 354.0 507.0 357.0 491.0 Small_Car Vehicle 1
419.0 502.0 414.0 519.0 404.0 515.0 409.0 498.0 Van Vehicle 1
458.0 517.0 450.0 520.0 445.0 505.0 453.0 502.0 Small_Car Vehicle 1
519.0 507.0 515.0 524.0 507.0 522.0 511.0 505.0 Van Vehicle 1
508.0 507.0 500.0 520.0 495.0 517.0 502.0 504.0 Small_Car Vehicle 1
546.0 522.0 535.0 523.0 533.0 505.0 543.0 504.0 Van Vehicle 1
595.0 762.0 592.0 779.0 582.0 777.0 585.0 760.0 Small_Car Vehicle 1
475.0 742.0 467.0 758.0 458.0 753.0 466.0 738.0 Van Vehicle 1
357.0 732.0 353.0 747.0 345.0 745.0 349.0 730.0 Small_Car Vehicle 1
361.0 714.0 359.0 731.0 350.0 730.0 352.0 713.0 Small_Car Vehicle 1
350.0 713.0 347.0 729.0 338.0 728.0 340.0 712.0 Van Vehicle 1
290.0 699.0 285.0 714.0 277.0 711.0 283.0 696.0 Small_Car Vehicle 1
275.0 698.0 270.0 713.0 263.0 711.0 268.0 696.0 Van Vehicle 1
402.0 785.0 400.0 793.0 380.0 789.0 382.0 781.0 Dump_Truck Vehicle 1
28.0 539.0 25.0 555.0 16.0 554.0 19.0 538.0 Van Vehicle 1
48.0 581.0 47.0 589.0 26.0 586.0 27.0 579.0 Van Vehicle 1
61.0 573.0 60.0 582.0 33.0 579.0 34.0 570.0 Cargo_Truck Vehicle 1
87.0 518.0 86.0 524.0 69.0 523.0 70.0 516.0 Van Vehicle 1
31.0 383.0 29.0 397.0 21.0 396.0 23.0 382.0 Small_Car Vehicle 1
139.0 256.0 136.0 264.0 115.0 256.0 119.0 248.0 Van Vehicle 1
69.0 236.0 64.0 251.0 58.0 249.0 63.0 234.0 Small_Car Vehicle 1
79.0 217.0 71.0 233.0 65.0 230.0 72.0 214.0 Van Vehicle 1
87.0 200.0 80.0 214.0 72.0 210.0 79.0 196.0 Small_Car Vehicle 1
178.0 711.0 177.0 718.0 161.0 715.0 162.0 708.0 Van Vehicle 1
199.0 728.0 198.0 734.0 180.0 731.0 180.0 725.0 Van Vehicle 1
141.0 664.0 137.0 677.0 131.0 675.0 135.0 662.0 Small_Car Vehicle 1
62.0 56.0 53.0 68.0 47.0 63.0 56.0 51.0 Van Vehicle 1
22.0 35.0 13.0 48.0 6.0 43.0 14.0 30.0 Van Vehicle 1
248.0 34.0 237.0 47.0 230.0 41.0 242.0 28.0 Van Vehicle 1
264.0 9.0 253.0 26.0 245.0 21.0 257.0 4.0 Dump_Truck Vehicle 1
497.0 776.0 495.0 785.0 477.0 781.0 479.0 772.0 Small_Car Vehicle 1
