62.0 603.0 115.0 681.0 186.0 633.0 134.0 555.0 Boeing747 Airplane 1
332.0 427.0 381.0 502.0 465.0 448.0 416.0 372.0 other-airplane Airplane 1
604.0 247.0 645.0 308.0 708.0 265.0 666.0 204.0 Boeing787 Airplane 1
894.0 689.0 866.0 647.0 828.0 671.0 856.0 714.0 Boeing737 Airplane 1
817.0 751.0 790.0 708.0 751.0 733.0 778.0 776.0 Boeing737 Airplane 1
755.0 824.0 704.0 744.0 636.0 788.0 688.0 867.0 Boeing747 Airplane 1
647.0 856.0 617.0 811.0 580.0 836.0 610.0 881.0 A321 Airplane 1
442.0 1000.0 417.0 959.0 379.0 982.0 404.0 1023.0 Boeing737 Airplane 1
738.0 959.0 781.0 1026.0 845.0 986.0 803.0 919.0 Boeing787 Airplane 1
926.0 855.0 952.0 893.0 989.0 868.0 963.0 830.0 A220 Airplane 1
