963.0 1018.0 974.0 970.0 930.0 961.0 920.0 1009.0 Boeing737 Airplane 1
827.0 866.0 871.0 845.0 852.0 804.0 808.0 826.0 Boeing737 Airplane 1
903.0 666.0 924.0 711.0 964.0 692.0 943.0 647.0 A220 Airplane 1
955.0 636.0 998.0 659.0 1019.0 620.0 976.0 597.0 A220 Airplane 1
937.0 531.0 981.0 510.0 962.0 469.0 918.0 491.0 A220 Airplane 1
911.0 481.0 928.0 435.0 888.0 420.0 872.0 466.0 A220 Airplane 1
864.0 484.0 844.0 442.0 805.0 460.0 825.0 502.0 A220 Airplane 1
806.0 512.0 786.0 468.0 747.0 485.0 766.0 529.0 Boeing737 Airplane 1
570.0 648.0 526.0 628.0 508.0 667.0 551.0 687.0 A220 Airplane 1
563.0 701.0 519.0 722.0 538.0 760.0 581.0 738.0 A220 Airplane 1
589.0 749.0 543.0 770.0 562.0 811.0 607.0 790.0 A220 Airplane 1
164.0 723.0 143.0 685.0 105.0 705.0 125.0 743.0 A220 Airplane 1
245.0 682.0 225.0 640.0 187.0 659.0 206.0 700.0 other-airplane Airplane 1
