78.0 637.0 69.0 637.0 69.0 619.0 77.0 619.0 Dump_Truck Vehicle 1
67.0 402.0 59.0 402.0 59.0 386.0 67.0 386.0 Small_Car Vehicle 1
255.0 186.0 247.0 186.0 247.0 169.0 255.0 169.0 Van Vehicle 1
564.0 60.0 553.0 60.0 552.0 42.0 563.0 41.0 Van Vehicle 1
284.0 800.0 268.0 800.0 266.0 787.0 281.0 783.0 Van Vehicle 1
428.0 377.0 407.0 378.0 407.0 369.0 428.0 369.0 Van Vehicle 1
261.0 379.0 240.0 378.0 240.0 369.0 261.0 369.0 Small_Car Vehicle 1
377.0 377.0 357.0 377.0 357.0 369.0 377.0 369.0 Van Vehicle 1
600.0 783.0 548.0 784.0 544.0 679.0 600.0 678.0 Intersection Road 1
600.0 395.0 544.0 398.0 541.0 311.0 600.0 308.0 Intersection Road 1
134.0 331.0 126.0 330.0 127.0 314.0 134.0 314.0 Small_Car Vehicle 1
562.0 154.0 553.0 155.0 552.0 136.0 561.0 135.0 Dump_Truck Vehicle 1
543.0 155.0 542.0 164.0 522.0 163.0 522.0 154.0 Small_Car Vehicle 1
550.0 44.0 527.0 44.0 527.0 35.0 550.0 35.0 Van Vehicle 1
563.0 21.0 555.0 21.0 554.0 5.0 562.0 4.0 Van Vehicle 1
413.0 351.0 392.0 351.0 392.0 344.0 413.0 343.0 Van Vehicle 1
486.0 351.0 466.0 351.0 466.0 343.0 486.0 342.0 Van Vehicle 1
401.0 411.0 394.0 411.0 394.0 393.0 401.0 393.0 Small_Car Vehicle 1
391.0 390.0 390.0 404.0 383.0 404.0 383.0 390.0 Small_Car Vehicle 1
390.0 423.0 382.0 423.0 383.0 409.0 390.0 409.0 Van Vehicle 1
390.0 440.0 382.0 440.0 382.0 426.0 390.0 426.0 Van Vehicle 1
401.0 444.0 393.0 444.0 393.0 426.0 401.0 426.0 Van Vehicle 1
578.0 665.0 570.0 665.0 570.0 648.0 578.0 648.0 Small_Car Vehicle 1
600.0 726.0 579.0 726.0 579.0 718.0 600.0 717.0 Small_Car Vehicle 1
473.0 724.0 451.0 725.0 451.0 717.0 473.0 716.0 Small_Car Vehicle 1
516.0 709.0 497.0 709.0 497.0 701.0 516.0 701.0 Van Vehicle 1
336.0 765.0 317.0 766.0 317.0 759.0 335.0 758.0 Van Vehicle 1
315.0 758.0 314.0 767.0 286.0 766.0 287.0 757.0 Van Vehicle 1
346.0 781.0 345.0 800.0 337.0 799.0 338.0 780.0 Dump_Truck Vehicle 1
189.0 709.0 169.0 709.0 169.0 701.0 189.0 701.0 Small_Car Vehicle 1
78.0 685.0 71.0 685.0 71.0 668.0 77.0 668.0 Small_Car Vehicle 1
63.0 709.0 40.0 709.0 40.0 700.0 63.0 701.0 Van Vehicle 1
47.0 377.0 29.0 377.0 29.0 370.0 47.0 370.0 Small_Car Vehicle 1
159.0 350.0 139.0 351.0 139.0 342.0 159.0 342.0 Van Vehicle 1
330.0 350.0 311.0 350.0 311.0 343.0 330.0 342.0 Van Vehicle 1
223.0 310.0 214.0 310.0 215.0 293.0 223.0 293.0 Small_Car Vehicle 1
256.0 259.0 248.0 259.0 247.0 241.0 256.0 241.0 Small_Car Vehicle 1
256.0 213.0 247.0 213.0 247.0 194.0 255.0 194.0 Dump_Truck Vehicle 1
207.0 221.0 188.0 221.0 188.0 213.0 207.0 213.0 Small_Car Vehicle 1
225.0 207.0 217.0 207.0 217.0 190.0 225.0 190.0 Dump_Truck Vehicle 1
541.0 246.0 519.0 246.0 519.0 236.0 541.0 236.0 Dump_Truck Vehicle 1
204.0 118.0 187.0 118.0 187.0 111.0 203.0 110.0 Van Vehicle 1
258.0 81.0 251.0 81.0 250.0 67.0 257.0 66.0 Van Vehicle 1
136.0 776.0 135.0 793.0 127.0 792.0 128.0 775.0 Van Vehicle 1
524.0 604.0 523.0 622.0 514.0 622.0 516.0 604.0 Small_Car Vehicle 1
549.0 623.0 542.0 627.0 534.0 613.0 541.0 609.0 Van Vehicle 1
579.0 560.0 570.0 559.0 571.0 543.0 579.0 544.0 Van Vehicle 1
