422.0 74.0 350.0 74.0 350.0 64.0 422.0 64.0 Cargo_Truck Vehicle 1
531.0 69.0 530.0 76.0 510.0 76.0 510.0 68.0 Van Vehicle 1
600.0 148.0 593.0 153.0 589.0 146.0 600.0 138.0 Van Vehicle 1
537.0 204.0 523.0 211.0 519.0 203.0 534.0 196.0 Small_Car Vehicle 1
426.0 363.0 410.0 374.0 405.0 367.0 422.0 356.0 Van Vehicle 1
398.0 342.0 383.0 353.0 378.0 346.0 393.0 335.0 Small_Car Vehicle 1
312.0 342.0 300.0 358.0 292.0 352.0 303.0 336.0 Small_Car Vehicle 1
198.0 789.0 187.0 790.0 186.0 769.0 197.0 768.0 Dump_Truck Vehicle 1
81.0 791.0 72.0 793.0 70.0 778.0 79.0 777.0 Small_Car Vehicle 1
141.0 791.0 103.0 789.0 103.0 780.0 141.0 781.0 Cargo_Truck Vehicle 1
136.0 747.0 127.0 748.0 126.0 730.0 135.0 730.0 Van Vehicle 1
119.0 748.0 110.0 748.0 108.0 731.0 117.0 730.0 Small_Car Vehicle 1
250.0 699.0 232.0 699.0 233.0 660.0 250.0 660.0 Cargo_Truck Vehicle 1
226.0 666.0 215.0 667.0 213.0 648.0 224.0 647.0 Small_Car Vehicle 1
190.0 576.0 178.0 576.0 178.0 553.0 190.0 553.0 Dump_Truck Vehicle 1
137.0 546.0 115.0 546.0 116.0 538.0 137.0 539.0 Small_Car Vehicle 1
137.0 538.0 116.0 537.0 116.0 528.0 137.0 529.0 Van Vehicle 1
137.0 518.0 112.0 518.0 112.0 510.0 137.0 511.0 Van Vehicle 1
137.0 508.0 115.0 509.0 115.0 500.0 136.0 500.0 Small_Car Vehicle 1
44.0 425.0 33.0 426.0 33.0 407.0 44.0 407.0 Van Vehicle 1
350.0 118.0 338.0 118.0 338.0 102.0 350.0 102.0 Small_Car Vehicle 1
164.0 200.0 142.0 201.0 141.0 193.0 163.0 193.0 Van Vehicle 1
165.0 156.0 143.0 156.0 143.0 148.0 165.0 148.0 Van Vehicle 1
165.0 109.0 164.0 116.0 143.0 115.0 143.0 108.0 Van Vehicle 1
116.0 93.0 115.0 110.0 103.0 110.0 104.0 92.0 Van Vehicle 1
72.0 291.0 69.0 298.0 49.0 291.0 52.0 284.0 Small_Car Vehicle 1
75.0 272.0 73.0 278.0 53.0 272.0 55.0 265.0 Van Vehicle 1
104.0 253.0 103.0 259.0 83.0 258.0 83.0 252.0 Van Vehicle 1
106.0 250.0 84.0 249.0 84.0 242.0 106.0 243.0 Small_Car Vehicle 1
109.0 234.0 108.0 243.0 83.0 242.0 84.0 233.0 Van Vehicle 1
75.0 250.0 73.0 258.0 51.0 252.0 53.0 245.0 Dump_Truck Vehicle 1
77.0 242.0 75.0 249.0 52.0 242.0 54.0 235.0 Trailer Vehicle 1
77.0 230.0 76.0 237.0 53.0 233.0 55.0 225.0 Van Vehicle 1
21.0 45.0 20.0 62.0 8.0 62.0 9.0 45.0 Small_Car Vehicle 1
209.0 122.0 204.0 140.0 187.0 136.0 191.0 117.0 Excavator Vehicle 1
212.0 69.0 210.0 77.0 186.0 72.0 188.0 64.0 Small_Car Vehicle 1
242.0 113.0 232.0 113.0 231.0 94.0 242.0 93.0 Small_Car Vehicle 1
385.0 445.0 384.0 451.0 362.0 450.0 363.0 443.0 Small_Car Vehicle 1
384.0 461.0 363.0 461.0 364.0 454.0 384.0 455.0 Van Vehicle 1
385.0 489.0 362.0 487.0 362.0 480.0 385.0 481.0 Small_Car Vehicle 1
589.0 715.0 588.0 732.0 578.0 732.0 579.0 715.0 Small_Car Vehicle 1
332.0 725.0 309.0 726.0 308.0 719.0 332.0 718.0 Van Vehicle 1
275.0 303.0 268.0 449.0 201.0 446.0 208.0 300.0 Intersection Road 1
270.0 24.0 264.0 94.0 189.0 88.0 195.0 17.0 Intersection Road 1
