927.0 157.0 919.0 157.0 919.0 141.0 927.0 140.0 Small_Car Vehicle 1
957.0 189.0 950.0 189.0 949.0 173.0 956.0 172.0 Van Vehicle 1
960.0 209.0 952.0 210.0 952.0 198.0 960.0 197.0 Small_Car Vehicle 1
927.0 181.0 918.0 181.0 918.0 165.0 926.0 165.0 Van Vehicle 1
874.0 16.0 851.0 17.0 851.0 9.0 874.0 9.0 Van Vehicle 1
654.0 17.0 633.0 17.0 633.0 8.0 654.0 8.0 Van Vehicle 1
125.0 182.0 108.0 182.0 108.0 176.0 125.0 176.0 Dump_Truck Vehicle 1
55.0 723.0 54.0 741.0 44.0 740.0 45.0 723.0 Van Vehicle 1
17.0 719.0 7.0 720.0 7.0 713.0 17.0 713.0 Small_Car Vehicle 1
298.0 917.0 287.0 917.0 286.0 897.0 296.0 896.0 Dump_Truck Vehicle 1
315.0 911.0 304.0 911.0 304.0 894.0 314.0 893.0 Van Vehicle 1
202.0 682.0 201.0 691.0 172.0 690.0 173.0 681.0 Dump_Truck Vehicle 1
226.0 692.0 204.0 691.0 204.0 684.0 226.0 684.0 Van Vehicle 1
408.0 654.0 403.0 673.0 394.0 671.0 398.0 652.0 Van Vehicle 1
928.0 641.0 919.0 641.0 918.0 624.0 927.0 624.0 Small_Car Vehicle 1
928.0 573.0 917.0 573.0 918.0 555.0 928.0 556.0 Van Vehicle 1
957.0 593.0 949.0 593.0 949.0 575.0 957.0 575.0 Small_Car Vehicle 1
957.0 567.0 949.0 567.0 948.0 552.0 956.0 552.0 Small_Car Vehicle 1
929.0 544.0 919.0 545.0 918.0 526.0 928.0 525.0 Small_Car Vehicle 1
928.0 510.0 918.0 511.0 918.0 494.0 927.0 493.0 Van Vehicle 1
769.0 689.0 750.0 690.0 749.0 680.0 769.0 680.0 Van Vehicle 1
604.0 719.0 584.0 720.0 584.0 712.0 604.0 712.0 Van Vehicle 1
398.0 191.0 389.0 192.0 388.0 175.0 397.0 174.0 Van Vehicle 1
955.0 784.0 954.0 865.0 906.0 865.0 907.0 784.0 Tennis_Court Court 1
886.0 906.0 885.0 987.0 838.0 986.0 839.0 906.0 Tennis_Court Court 1
954.0 907.0 953.0 988.0 906.0 987.0 907.0 906.0 Tennis_Court Court 1
886.0 865.0 839.0 865.0 839.0 785.0 886.0 785.0 Tennis_Court Court 1
65.0 740.0 57.0 741.0 56.0 723.0 64.0 723.0 Van Vehicle 1
300.0 799.0 289.0 799.0 289.0 779.0 299.0 779.0 Van Vehicle 1
