567.0 690.0 564.0 698.0 541.0 688.0 544.0 681.0 Small_Car Vehicle 1
575.0 718.0 572.0 726.0 548.0 716.0 551.0 709.0 Van Vehicle 1
533.0 724.0 519.0 736.0 513.0 730.0 527.0 717.0 Van Vehicle 1
448.0 582.0 422.0 665.0 317.0 632.0 342.0 549.0 Intersection Road 1
255.0 311.0 244.0 312.0 243.0 296.0 254.0 295.0 Van Vehicle 1
184.0 310.0 173.0 311.0 172.0 291.0 183.0 290.0 Small_Car Vehicle 1
96.0 294.0 84.0 295.0 84.0 278.0 95.0 278.0 Van Vehicle 1
100.0 314.0 90.0 315.0 88.0 299.0 98.0 298.0 Van Vehicle 1
578.0 359.0 554.0 364.0 552.0 356.0 576.0 351.0 Small_Car Vehicle 1
552.0 364.0 529.0 369.0 527.0 360.0 551.0 355.0 Small_Car Vehicle 1
527.0 370.0 504.0 373.0 502.0 365.0 525.0 362.0 Small_Car Vehicle 1
498.0 376.0 476.0 379.0 474.0 369.0 497.0 367.0 Small_Car Vehicle 1
462.0 361.0 437.0 364.0 436.0 356.0 461.0 353.0 Small_Car Vehicle 1
410.0 421.0 400.0 421.0 401.0 404.0 410.0 404.0 Small_Car Vehicle 1
344.0 446.0 342.0 455.0 317.0 450.0 319.0 440.0 Cargo_Truck Vehicle 1
375.0 458.0 374.0 466.0 351.0 465.0 352.0 456.0 Dump_Truck Vehicle 1
377.0 467.0 376.0 475.0 355.0 472.0 356.0 465.0 Small_Car Vehicle 1
365.0 511.0 352.0 524.0 345.0 517.0 358.0 504.0 Van Vehicle 1
436.0 460.0 434.0 478.0 424.0 477.0 427.0 459.0 Van Vehicle 1
359.0 486.0 333.0 490.0 332.0 481.0 357.0 477.0 Van Vehicle 1
414.0 517.0 413.0 536.0 399.0 535.0 401.0 516.0 Van Vehicle 1
379.0 516.0 360.0 535.0 350.0 524.0 369.0 506.0 Van Vehicle 1
352.0 528.0 339.0 537.0 324.0 515.0 337.0 506.0 Dump_Truck Vehicle 1
348.0 540.0 339.0 547.0 321.0 523.0 329.0 516.0 Dump_Truck Vehicle 1
332.0 540.0 325.0 545.0 313.0 529.0 320.0 524.0 Small_Car Vehicle 1
321.0 543.0 312.0 549.0 298.0 530.0 307.0 523.0 Dump_Truck Vehicle 1
284.0 490.0 283.0 500.0 257.0 497.0 258.0 488.0 Small_Car Vehicle 1
285.0 499.0 284.0 518.0 273.0 517.0 274.0 498.0 Small_Car Vehicle 1
275.0 506.0 251.0 505.0 252.0 495.0 275.0 497.0 Van Vehicle 1
269.0 505.0 268.0 513.0 247.0 511.0 248.0 502.0 Van Vehicle 1
269.0 515.0 267.0 523.0 251.0 521.0 252.0 512.0 Small_Car Vehicle 1
268.0 523.0 267.0 531.0 238.0 528.0 239.0 519.0 Dump_Truck Vehicle 1
230.0 504.0 226.0 519.0 217.0 516.0 221.0 501.0 Van Vehicle 1
259.0 566.0 257.0 573.0 239.0 568.0 240.0 561.0 Small_Car Vehicle 1
323.0 572.0 321.0 579.0 296.0 574.0 298.0 566.0 Van Vehicle 1
291.0 566.0 290.0 573.0 270.0 570.0 271.0 562.0 Van Vehicle 1
33.0 518.0 32.0 525.0 9.0 523.0 9.0 515.0 Small_Car Vehicle 1
11.0 245.0 2.0 246.0 1.0 229.0 11.0 229.0 Van Vehicle 1
53.0 258.0 29.0 257.0 29.0 252.0 53.0 252.0 Small_Car Vehicle 1
268.0 251.0 248.0 252.0 248.0 245.0 268.0 244.0 Van Vehicle 1
298.0 248.0 275.0 250.0 274.0 243.0 298.0 241.0 Small_Car Vehicle 1
303.0 160.0 293.0 162.0 289.0 144.0 300.0 142.0 Small_Car Vehicle 1
319.0 157.0 310.0 160.0 305.0 143.0 314.0 140.0 Van Vehicle 1
358.0 138.0 346.0 140.0 343.0 123.0 354.0 120.0 Small_Car Vehicle 1
39.0 61.0 29.0 62.0 28.0 44.0 37.0 43.0 Small_Car Vehicle 1
65.0 60.0 56.0 62.0 54.0 45.0 63.0 44.0 Van Vehicle 1
159.0 93.0 135.0 93.0 135.0 85.0 159.0 86.0 Small_Car Vehicle 1
