337.0 467.0 316.0 471.0 316.0 465.0 336.0 461.0 Small_Car Vehicle 1
320.0 443.0 301.0 448.0 299.0 442.0 318.0 437.0 Van Vehicle 1
315.0 436.0 296.0 440.0 295.0 433.0 313.0 429.0 Small_Car Vehicle 1
294.0 362.0 279.0 365.0 278.0 359.0 293.0 356.0 other-vehicle Vehicle 1
220.0 366.0 211.0 368.0 209.0 349.0 217.0 347.0 other-vehicle Vehicle 1
551.0 729.0 541.0 731.0 540.0 714.0 549.0 713.0 Van Vehicle 1
852.0 760.0 830.0 760.0 830.0 753.0 852.0 753.0 other-vehicle Vehicle 1
857.0 769.0 839.0 770.0 839.0 764.0 857.0 763.0 Van Vehicle 1
779.0 795.0 772.0 796.0 771.0 781.0 778.0 781.0 Van Vehicle 1
766.0 796.0 759.0 796.0 758.0 780.0 765.0 780.0 Small_Car Vehicle 1
748.0 775.0 738.0 775.0 736.0 768.0 748.0 768.0 Small_Car Vehicle 1
753.0 756.0 736.0 758.0 735.0 752.0 751.0 750.0 Small_Car Vehicle 1
751.0 749.0 736.0 749.0 736.0 743.0 751.0 743.0 Van Vehicle 1
747.0 742.0 734.0 741.0 734.0 735.0 747.0 736.0 Small_Car Vehicle 1
745.0 732.0 733.0 733.0 733.0 728.0 745.0 727.0 Van Vehicle 1
825.0 878.0 820.0 883.0 811.0 874.0 816.0 869.0 Van Vehicle 1
819.0 887.0 813.0 891.0 808.0 881.0 813.0 878.0 Small_Car Vehicle 1
754.0 879.0 749.0 884.0 741.0 874.0 745.0 870.0 Small_Car Vehicle 1
745.0 883.0 740.0 888.0 730.0 879.0 734.0 874.0 Small_Car Vehicle 1
769.0 918.0 764.0 923.0 751.0 914.0 757.0 908.0 Small_Car Vehicle 1
637.0 948.0 621.0 948.0 621.0 943.0 637.0 943.0 Small_Car Vehicle 1
636.0 939.0 619.0 940.0 619.0 934.0 636.0 934.0 Small_Car Vehicle 1
590.0 931.0 584.0 931.0 582.0 912.0 589.0 911.0 Small_Car Vehicle 1
578.0 929.0 570.0 929.0 570.0 912.0 578.0 912.0 Small_Car Vehicle 1
544.0 928.0 535.0 929.0 535.0 910.0 543.0 910.0 Van Vehicle 1
532.0 929.0 525.0 930.0 523.0 913.0 530.0 912.0 Small_Car Vehicle 1
521.0 929.0 514.0 932.0 508.0 917.0 515.0 914.0 Small_Car Vehicle 1
510.0 935.0 504.0 937.0 496.0 919.0 503.0 917.0 Van Vehicle 1
472.0 658.0 429.0 670.0 391.0 596.0 433.0 583.0 Tennis_Court Court 1
416.0 676.0 373.0 691.0 334.0 616.0 376.0 602.0 Tennis_Court Court 1
781.0 240.0 614.0 389.0 949.0 626.0 1100.0 457.0 Football_Field Court 1
