632.0 609.0 819.0 242.0 769.0 214.0 582.0 584.0 Passenger_Ship Ship 1
564.0 620.0 458.0 939.0 502.0 954.0 606.0 635.0 Passenger_Ship Ship 1
782.0 312.0 809.0 325.0 757.0 430.0 731.0 418.0 Dry_Cargo_Ship Ship 1
29.0 243.0 29.0 222.0 50.0 222.0 50.0 243.0 Intersection Road 1
178.0 245.0 178.0 224.0 198.0 224.0 198.0 245.0 Intersection Road 1
175.0 495.0 175.0 474.0 195.0 474.0 195.0 495.0 Intersection Road 1
66.0 614.0 66.0 593.0 87.0 593.0 87.0 614.0 Intersection Road 1
172.0 616.0 172.0 595.0 192.0 595.0 192.0 616.0 Intersection Road 1
64.0 741.0 64.0 720.0 84.0 720.0 84.0 741.0 Intersection Road 1
169.0 743.0 169.0 722.0 190.0 722.0 190.0 743.0 Intersection Road 1
60.0 863.0 60.0 842.0 81.0 842.0 81.0 863.0 Intersection Road 1
167.0 865.0 167.0 844.0 187.0 844.0 187.0 865.0 Intersection Road 1
