114.0 295.0 106.0 295.0 106.0 282.0 114.0 282.0 Van Vehicle 1
113.0 298.0 112.0 314.0 103.0 314.0 103.0 298.0 Small_Car Vehicle 1
148.0 284.0 146.0 340.0 132.0 339.0 135.0 283.0 Cargo_Truck Vehicle 1
145.0 379.0 122.0 380.0 122.0 371.0 145.0 371.0 Small_Car Vehicle 1
53.0 443.0 34.0 444.0 34.0 437.0 53.0 437.0 Van Vehicle 1
54.0 452.0 34.0 453.0 34.0 446.0 54.0 446.0 Van Vehicle 1
54.0 460.0 53.0 466.0 33.0 463.0 34.0 457.0 Small_Car Vehicle 1
53.0 469.0 52.0 477.0 31.0 473.0 32.0 465.0 Small_Car Vehicle 1
186.0 422.0 181.0 432.0 154.0 419.0 159.0 409.0 Small_Car Vehicle 1
200.0 405.0 199.0 422.0 189.0 421.0 190.0 405.0 Small_Car Vehicle 1
340.0 433.0 319.0 433.0 319.0 426.0 340.0 426.0 Small_Car Vehicle 1
341.0 442.0 323.0 441.0 323.0 435.0 341.0 435.0 Van Vehicle 1
337.0 483.0 318.0 483.0 318.0 474.0 337.0 474.0 Van Vehicle 1
341.0 502.0 320.0 502.0 320.0 494.0 341.0 494.0 Small_Car Vehicle 1
