393.0 198.0 384.0 198.0 383.0 182.0 392.0 181.0 Van Vehicle 1
424.291687 600.0 135.041641 600.0 132.999969 502.0 422.124542 495.976562 Football_Field Court 1
557.0 174.0 545.0 174.0 544.0 159.0 556.0 158.0 Van Vehicle 1
322.0 333.0 321.0 351.0 309.0 350.0 309.0 332.0 Small_Car Vehicle 1
180.0 236.0 168.0 236.0 167.0 217.0 179.0 217.0 Small_Car Vehicle 1
475.0 23.0 465.0 23.0 464.0 2.0 474.0 2.0 Small_Car Vehicle 1
731.0 345.0 720.0 345.0 721.0 326.0 731.0 326.0 Van Vehicle 1
458.0 352.0 457.0 371.0 446.0 370.0 447.0 352.0 Small_Car Vehicle 1
254.0 355.0 253.0 375.0 243.0 374.0 245.0 354.0 Dump_Truck Vehicle 1
777.0 278.0 752.0 277.0 752.0 268.0 777.0 269.0 Small_Car Vehicle 1
