398.0 331.0 391.0 335.0 381.0 322.0 388.0 317.0 Small_Car Vehicle 1
348.0 337.0 338.0 337.0 339.0 322.0 348.0 322.0 Van Vehicle 1
327.0 235.0 309.0 235.0 309.0 228.0 327.0 228.0 Small_Car Vehicle 1
180.0 216.0 179.0 223.0 159.0 222.0 159.0 216.0 Small_Car Vehicle 1
177.0 233.0 155.0 233.0 155.0 226.0 177.0 226.0 Small_Car Vehicle 1
293.0 374.0 286.0 374.0 286.0 359.0 293.0 359.0 Van Vehicle 1
274.0 322.0 255.0 321.0 255.0 316.0 274.0 316.0 Van Vehicle 1
250.0 321.0 230.0 321.0 230.0 316.0 250.0 315.0 Small_Car Vehicle 1
219.0 350.0 211.0 350.0 211.0 335.0 219.0 335.0 Van Vehicle 1
165.0 305.0 146.0 305.0 146.0 300.0 165.0 300.0 Small_Car Vehicle 1
168.0 296.0 150.0 296.0 150.0 291.0 168.0 291.0 Van Vehicle 1
167.0 288.0 147.0 289.0 147.0 283.0 166.0 282.0 Small_Car Vehicle 1
113.0 298.0 95.0 299.0 95.0 293.0 113.0 293.0 Van Vehicle 1
113.0 291.0 96.0 291.0 95.0 286.0 113.0 285.0 Van Vehicle 1
114.0 283.0 95.0 283.0 95.0 278.0 114.0 278.0 Van Vehicle 1
115.0 276.0 95.0 275.0 95.0 268.0 115.0 269.0 Van Vehicle 1
119.0 265.0 95.0 266.0 95.0 259.0 119.0 258.0 other-vehicle Vehicle 1
24.0 422.0 5.0 422.0 5.0 416.0 24.0 415.0 Van Vehicle 1
105.0 148.0 86.0 148.0 86.0 143.0 105.0 143.0 Small_Car Vehicle 1
82.0 149.0 60.0 149.0 60.0 143.0 82.0 143.0 Van Vehicle 1
47.0 150.0 25.0 150.0 25.0 143.0 47.0 143.0 Small_Car Vehicle 1
72.0 24.0 65.0 24.0 64.0 8.0 72.0 8.0 Van Vehicle 1
234.0 412.0 233.0 419.0 215.0 419.0 215.0 412.0 Van Vehicle 1
176.0 527.0 154.0 528.0 154.0 521.0 176.0 520.0 Van Vehicle 1
247.0 538.0 226.0 538.0 226.0 532.0 247.0 532.0 Van Vehicle 1
96.0 792.0 73.0 792.0 73.0 785.0 96.0 785.0 Small_Car Vehicle 1
97.0 749.0 96.0 756.0 76.0 755.0 77.0 748.0 Van Vehicle 1
49.0 734.0 35.0 739.0 33.0 734.0 47.0 728.0 Van Vehicle 1
100.0 746.0 81.0 746.0 81.0 740.0 100.0 740.0 Small_Car Vehicle 1
97.0 731.0 79.0 731.0 79.0 723.0 97.0 724.0 Small_Car Vehicle 1
160.0 801.0 153.0 801.0 152.0 786.0 160.0 785.0 Small_Car Vehicle 1
174.0 797.0 167.0 797.0 167.0 785.0 173.0 784.0 Van Vehicle 1
146.0 739.0 132.0 739.0 132.0 734.0 146.0 734.0 Small_Car Vehicle 1
151.0 694.0 130.0 694.0 130.0 686.0 151.0 686.0 Small_Car Vehicle 1
28.0 671.0 15.0 685.0 9.0 680.0 22.0 665.0 Small_Car Vehicle 1
40.0 673.0 30.0 684.0 24.0 679.0 34.0 667.0 Van Vehicle 1
51.0 656.0 35.0 656.0 35.0 650.0 51.0 650.0 Small_Car Vehicle 1
198.0 648.0 152.0 649.0 152.0 635.0 198.0 635.0 Cargo_Truck Vehicle 1
525.0 495.0 515.0 496.0 514.0 476.0 524.0 476.0 Van Vehicle 1
134.0 571.0 123.0 572.0 121.0 549.0 131.0 548.0 Van Vehicle 1
118.0 574.0 107.0 574.0 106.0 552.0 116.0 552.0 other-vehicle Vehicle 1
