284.0 767.0 277.0 785.0 265.0 781.0 272.0 763.0 Small_Car Vehicle 1
229.0 751.0 222.0 770.0 212.0 767.0 219.0 747.0 Small_Car Vehicle 1
345.0 784.0 339.0 801.0 329.0 797.0 335.0 781.0 Small_Car Vehicle 1
427.0 740.0 419.0 760.0 406.0 755.0 415.0 735.0 Van Vehicle 1
340.0 713.0 333.0 733.0 323.0 729.0 330.0 710.0 Small_Car Vehicle 1
280.0 716.0 275.0 733.0 265.0 730.0 270.0 713.0 Van Vehicle 1
247.0 706.0 243.0 725.0 232.0 723.0 237.0 704.0 Van Vehicle 1
276.0 697.0 270.0 714.0 260.0 710.0 267.0 693.0 Small_Car Vehicle 1
265.0 691.0 260.0 709.0 250.0 706.0 256.0 688.0 Van Vehicle 1
256.0 689.0 249.0 706.0 239.0 702.0 246.0 685.0 Van Vehicle 1
389.0 680.0 383.0 699.0 372.0 695.0 379.0 677.0 Dump_Truck Vehicle 1
401.0 684.0 394.0 704.0 383.0 700.0 390.0 680.0 Small_Car Vehicle 1
421.0 692.0 415.0 710.0 403.0 706.0 410.0 688.0 Van Vehicle 1
428.0 697.0 422.0 712.0 415.0 709.0 422.0 694.0 Small_Car Vehicle 1
452.0 700.0 445.0 717.0 437.0 714.0 444.0 696.0 Small_Car Vehicle 1
466.0 703.0 460.0 723.0 450.0 720.0 456.0 700.0 Van Vehicle 1
478.0 710.0 470.0 728.0 462.0 724.0 470.0 706.0 Small_Car Vehicle 1
336.0 668.0 332.0 684.0 322.0 682.0 326.0 665.0 Small_Car Vehicle 1
297.0 656.0 288.0 675.0 278.0 670.0 287.0 651.0 Small_Car Vehicle 1
274.0 649.0 265.0 668.0 255.0 663.0 264.0 644.0 Small_Car Vehicle 1
96.0 563.0 95.0 569.0 75.0 564.0 76.0 559.0 Small_Car Vehicle 1
156.0 537.0 154.0 543.0 134.0 536.0 136.0 530.0 Small_Car Vehicle 1
166.0 524.0 160.0 528.0 150.0 512.0 155.0 509.0 Small_Car Vehicle 1
186.0 517.0 180.0 521.0 170.0 506.0 176.0 502.0 Van Vehicle 1
208.0 512.0 200.0 517.0 188.0 498.0 196.0 493.0 Small_Car Vehicle 1
242.0 477.0 236.0 495.0 227.0 492.0 233.0 474.0 Van Vehicle 1
93.0 504.0 86.0 507.0 78.0 491.0 86.0 487.0 Small_Car Vehicle 1
83.0 512.0 75.0 515.0 69.0 501.0 77.0 497.0 Van Vehicle 1
66.0 525.0 55.0 526.0 54.0 505.0 65.0 505.0 Van Vehicle 1
314.0 240.0 309.0 255.0 300.0 252.0 305.0 237.0 Small_Car Vehicle 1
502.0 291.0 497.0 306.0 489.0 303.0 494.0 288.0 Small_Car Vehicle 1
611.0 213.0 603.0 230.0 594.0 226.0 602.0 209.0 Van Vehicle 1
