356.0 31.0 349.0 67.0 342.0 66.0 349.0 29.0 Passenger_Ship Ship 1
360.421051 0.0 357.0 25.999998 347.89447 24.801905 351.157898 0.0 Passenger_Ship Ship 1
347.0 33.0 343.0 54.0 337.0 54.0 341.0 33.0 Motorboat Ship 1
367.0 11.0 359.0 70.0 351.0 68.0 359.0 9.0 Fishing_Boat Ship 1
326.0 331.0 321.0 336.0 311.0 325.0 317.0 320.0 Motorboat Ship 1
40.0 383.0 34.0 388.0 23.0 377.0 30.0 370.0 Motorboat Ship 1
65.0 454.0 61.0 459.0 55.0 452.0 61.0 449.0 Motorboat Ship 1
315.0 790.0 309.0 793.0 298.0 783.0 303.0 777.0 Motorboat Ship 1
257.0 690.0 251.0 695.0 238.0 677.0 244.0 672.0 Motorboat Ship 1
369.0 602.0 355.0 613.0 351.0 609.0 365.0 597.0 Motorboat Ship 1
