540.0 253.0 538.0 299.0 489.0 297.0 491.0 251.0 Intersection Road 1
39.0 671.0 38.0 686.0 29.0 686.0 29.0 671.0 Van Vehicle 1
186.0 61.0 184.0 82.0 174.0 82.0 175.0 60.0 Dump_Truck Vehicle 1
148.0 198.0 147.0 218.0 136.0 218.0 136.0 198.0 Van Vehicle 1
81.0 18.0 79.0 35.0 70.0 34.0 71.0 17.0 Small_Car Vehicle 1
190.0 290.0 189.0 311.0 180.0 310.0 181.0 289.0 Van Vehicle 1
188.0 331.0 177.0 331.0 178.0 316.0 188.0 316.0 Small_Car Vehicle 1
143.0 544.0 142.0 556.0 114.0 554.0 115.0 542.0 Van Vehicle 1
423.0 736.0 420.0 744.0 399.0 735.0 401.0 728.0 Van Vehicle 1
531.0 541.0 522.0 541.0 522.0 525.0 531.0 525.0 Van Vehicle 1
535.0 574.0 524.0 574.0 523.0 556.0 534.0 556.0 Van Vehicle 1
533.0 377.0 523.0 377.0 523.0 361.0 532.0 361.0 Van Vehicle 1
391.0 252.0 390.0 262.0 364.0 260.0 365.0 250.0 Small_Car Vehicle 1
576.0 206.0 557.0 206.0 556.0 198.0 576.0 197.0 Van Vehicle 1
600.0 210.0 581.0 210.0 581.0 200.0 600.0 200.0 Small_Car Vehicle 1
384.0 310.0 372.0 311.0 371.0 290.0 383.0 289.0 Van Vehicle 1
