449.0 988.0 394.0 913.0 324.0 965.0 379.0 1039.0 Boeing747 Airplane 1
509.0 961.0 484.0 922.0 452.0 943.0 478.0 982.0 A220 Airplane 1
710.0 845.0 655.0 769.0 584.0 820.0 639.0 896.0 Boeing747 Airplane 1
531.0 834.0 608.0 782.0 560.0 711.0 483.0 763.0 Boeing747 Airplane 1
852.0 747.0 810.0 681.0 741.0 725.0 783.0 791.0 Boeing787 Airplane 1
1020.0 634.0 979.0 569.0 911.0 612.0 952.0 677.0 Boeing787 Airplane 1
882.0 247.0 928.0 317.0 995.0 273.0 949.0 203.0 Boeing747 Airplane 1
743.0 346.0 779.0 401.0 832.0 367.0 795.0 311.0 Boeing787 Airplane 1
664.0 393.0 706.0 453.0 759.0 417.0 717.0 356.0 Boeing787 Airplane 1
561.0 459.0 609.0 531.0 677.0 486.0 629.0 414.0 Boeing747 Airplane 1
491.0 513.0 531.0 578.0 600.0 535.0 559.0 470.0 Boeing787 Airplane 1
425.0 560.0 465.0 615.0 513.0 581.0 473.0 526.0 Boeing787 Airplane 1
322.0 626.0 366.0 691.0 431.0 646.0 387.0 581.0 Boeing787 Airplane 1
169.0 725.0 219.0 795.0 285.0 749.0 236.0 678.0 Boeing747 Airplane 1
87.0 785.0 124.0 842.0 174.0 808.0 136.0 752.0 Boeing787 Airplane 1
