728.0 239.0 709.0 239.0 709.0 233.0 728.0 233.0 Van Vehicle 1
653.0 1035.0 558.0 951.0 624.0 875.0 720.0 959.0 Baseball_Field Court 1
153.0 128.0 133.0 128.0 133.0 122.0 152.0 121.0 Van Vehicle 1
180.0 128.0 158.0 127.0 158.0 121.0 180.0 122.0 Van Vehicle 1
20.0 999.0 10.0 999.0 11.0 982.0 20.0 982.0 Van Vehicle 1
773.0 893.0 739.0 919.0 667.0 863.0 701.0 836.0 Tennis_Court Court 1
818.0 858.0 784.0 884.0 711.0 827.0 745.0 801.0 Tennis_Court Court 1
885.0 916.0 807.0 976.0 759.0 940.0 839.0 880.0 Basketball_Court Court 1
65.0 774.0 -1.0 771.0 1.0 723.0 68.0 727.0 Intersection Road 1
74.0 423.0 73.0 460.0 6.0 459.0 6.0 423.0 Intersection Road 1
70.0 160.0 0.0 161.0 0.0 108.0 70.0 107.0 Intersection Road 1
805.0 468.0 732.0 468.0 732.0 420.0 805.0 420.0 Intersection Road 1
57.0 333.0 48.0 333.0 48.0 317.0 57.0 317.0 Van Vehicle 1
56.0 357.0 47.0 356.0 47.0 341.0 56.0 341.0 Small_Car Vehicle 1
148.0 435.0 128.0 435.0 128.0 429.0 148.0 429.0 Van Vehicle 1
209.0 435.0 188.0 435.0 188.0 427.0 209.0 428.0 Small_Car Vehicle 1
215.0 457.0 194.0 457.0 194.0 451.0 215.0 451.0 Van Vehicle 1
190.0 457.0 171.0 458.0 171.0 452.0 190.0 451.0 Van Vehicle 1
298.0 458.0 283.0 459.0 283.0 452.0 297.0 451.0 Small_Car Vehicle 1
335.0 457.0 318.0 459.0 317.0 452.0 335.0 451.0 Van Vehicle 1
341.0 435.0 321.0 434.0 321.0 427.0 341.0 428.0 Small_Car Vehicle 1
422.0 457.0 400.0 457.0 400.0 450.0 422.0 450.0 Van Vehicle 1
394.0 457.0 375.0 457.0 375.0 451.0 394.0 451.0 Van Vehicle 1
480.0 434.0 460.0 434.0 460.0 428.0 480.0 428.0 Van Vehicle 1
429.0 434.0 405.0 434.0 405.0 428.0 429.0 428.0 Van Vehicle 1
404.0 434.0 384.0 434.0 384.0 428.0 404.0 428.0 Van Vehicle 1
407.0 152.0 383.0 152.0 383.0 144.0 407.0 144.0 Van Vehicle 1
487.0 457.0 468.0 458.0 468.0 451.0 487.0 451.0 Small_Car Vehicle 1
636.0 457.0 617.0 458.0 617.0 452.0 636.0 451.0 Van Vehicle 1
55.0 563.0 45.0 563.0 45.0 547.0 55.0 547.0 Van Vehicle 1
529.0 752.0 528.0 758.0 510.0 757.0 510.0 752.0 Van Vehicle 1
1000.0 758.0 982.0 758.0 982.0 751.0 1000.0 751.0 Van Vehicle 1
931.0 758.0 909.0 758.0 909.0 751.0 931.0 751.0 Small_Car Vehicle 1
959.0 758.0 935.0 758.0 935.0 751.0 959.0 752.0 Van Vehicle 1
701.0 731.0 679.0 730.0 679.0 723.0 701.0 723.0 Van Vehicle 1
330.0 128.0 304.0 127.0 305.0 121.0 330.0 121.0 Van Vehicle 1
582.0 128.0 561.0 128.0 561.0 121.0 582.0 120.0 Van Vehicle 1
427.0 129.0 412.0 129.0 412.0 122.0 427.0 122.0 Van Vehicle 1
543.0 152.0 523.0 152.0 523.0 145.0 543.0 145.0 Small_Car Vehicle 1
22.0 942.0 11.0 942.0 12.0 923.0 22.0 924.0 Van Vehicle 1
211.0 128.0 190.0 127.0 190.0 120.0 211.0 121.0 Van Vehicle 1
279.0 127.0 267.0 127.0 267.0 122.0 279.0 122.0 Van Vehicle 1
305.0 150.0 292.0 149.0 292.0 143.0 305.0 143.0 Van Vehicle 1
537.0 457.0 518.0 457.0 518.0 451.0 537.0 451.0 Small_Car Vehicle 1
618.0 435.0 595.0 435.0 595.0 429.0 618.0 429.0 Van Vehicle 1
55.0 266.0 47.0 266.0 47.0 255.0 55.0 254.0 Van Vehicle 1
56.0 535.0 55.0 544.0 45.0 544.0 45.0 535.0 Small_Car Vehicle 1
758.0 667.0 750.0 668.0 750.0 653.0 757.0 653.0 Van Vehicle 1
759.0 603.0 749.0 604.0 748.0 588.0 757.0 587.0 Van Vehicle 1
543.0 730.0 524.0 730.0 524.0 724.0 543.0 724.0 Van Vehicle 1
495.0 731.0 485.0 731.0 485.0 724.0 495.0 724.0 Van Vehicle 1
397.0 127.0 383.0 127.0 383.0 121.0 397.0 122.0 Van Vehicle 1
