512.0 251.0 511.0 258.0 490.0 256.0 490.0 248.0 Van Vehicle 1
287.0 121.0 261.0 120.0 261.0 110.0 287.0 111.0 Small_Car Vehicle 1
201.0 358.0 177.0 359.0 176.0 349.0 201.0 347.0 Dump_Truck Vehicle 1
101.0 695.0 100.0 703.0 78.0 702.0 79.0 694.0 Small_Car Vehicle 1
591.0 729.0 582.0 733.0 573.0 714.0 582.0 710.0 Van Vehicle 1
487.0 696.0 477.0 697.0 476.0 679.0 486.0 678.0 Small_Car Vehicle 1
477.0 683.0 465.0 684.0 462.0 666.0 474.0 664.0 Van Vehicle 1
439.0 465.0 416.0 464.0 416.0 455.0 439.0 455.0 Small_Car Vehicle 1
384.0 544.0 373.0 544.0 373.0 530.0 383.0 530.0 Van Vehicle 1
384.0 529.0 374.0 529.0 373.0 511.0 383.0 511.0 Small_Car Vehicle 1
431.0 566.0 410.0 566.0 410.0 557.0 431.0 557.0 Small_Car Vehicle 1
388.0 772.0 376.0 772.0 376.0 748.0 387.0 748.0 Small_Car Vehicle 1
386.0 648.0 374.0 648.0 373.0 631.0 386.0 631.0 Small_Car Vehicle 1
385.0 600.0 373.0 600.0 373.0 583.0 384.0 583.0 Van Vehicle 1
384.0 583.0 372.0 583.0 372.0 565.0 384.0 564.0 Small_Car Vehicle 1
386.0 675.0 375.0 675.0 375.0 654.0 386.0 654.0 Small_Car Vehicle 1
381.0 452.0 371.0 452.0 371.0 434.0 381.0 434.0 Van Vehicle 1
381.0 433.0 372.0 433.0 372.0 416.0 381.0 416.0 Small_Car Vehicle 1
383.0 313.0 371.0 313.0 371.0 296.0 383.0 296.0 Small_Car Vehicle 1
381.0 242.0 369.0 243.0 368.0 224.0 380.0 223.0 Van Vehicle 1
432.0 332.0 410.0 332.0 410.0 323.0 432.0 323.0 Van Vehicle 1
381.0 185.0 369.0 185.0 370.0 165.0 381.0 166.0 Cargo_Truck Vehicle 1
378.0 166.0 368.0 166.0 368.0 146.0 378.0 146.0 Small_Car Vehicle 1
114.0 677.0 103.0 680.0 98.0 659.0 109.0 657.0 Small_Car Vehicle 1
264.0 697.0 242.0 697.0 242.0 689.0 264.0 689.0 Van Vehicle 1
264.0 678.0 263.0 687.0 241.0 687.0 241.0 677.0 Van Vehicle 1
48.0 119.0 25.0 119.0 25.0 110.0 48.0 110.0 Van Vehicle 1
337.0 667.0 336.0 675.0 313.0 674.0 313.0 666.0 Small_Car Vehicle 1
