197.0 127.0 178.0 95.0 171.0 102.0 183.0 129.0 Dry_Cargo_Ship Ship 1
175.0 87.0 166.0 70.0 156.0 77.0 169.0 94.0 other-ship Ship 1
127.0 20.0 134.0 36.0 141.0 34.0 131.0 19.0 other-ship Ship 1
132.0 37.0 142.0 54.0 147.0 51.0 139.0 37.0 other-ship Ship 1
105.0 286.0 130.0 327.0 143.0 320.0 117.0 279.0 Fishing_Boat Ship 1
152.0 312.0 126.0 270.0 119.0 278.0 146.0 320.0 Fishing_Boat Ship 1
159.0 254.0 192.0 295.0 200.0 287.0 172.0 246.0 Fishing_Boat Ship 1
75.0 354.0 93.0 387.0 100.0 386.0 81.0 350.0 Fishing_Boat Ship 1
100.0 405.0 118.0 437.0 125.0 437.0 107.0 404.0 Fishing_Boat Ship 1
215.0 454.0 202.0 444.0 200.0 445.0 208.0 459.0 other-ship Ship 1
210.0 536.0 191.0 495.0 175.0 503.0 197.0 543.0 Engineering_Ship Ship 1
219.0 515.0 202.0 487.0 192.0 493.0 206.0 521.0 Engineering_Ship Ship 1
482.0 479.0 441.0 613.0 459.0 620.0 504.0 487.0 Dry_Cargo_Ship Ship 1
428.0 629.0 458.0 693.0 475.0 685.0 448.0 621.0 Dry_Cargo_Ship Ship 1
174.0 119.0 179.0 134.0 183.0 129.0 176.0 114.0 other-ship Ship 1
157.0 179.0 184.0 163.0 204.0 198.0 177.0 214.0 Bridge Road 1
