104.0 244.0 82.0 243.0 82.0 237.0 104.0 237.0 Small_Car Vehicle 1
113.0 296.0 102.0 296.0 102.0 281.0 113.0 281.0 Van Vehicle 1
24.0 217.0 4.0 217.0 4.0 211.0 24.0 211.0 Van Vehicle 1
22.0 226.0 1.0 227.0 1.0 220.0 22.0 219.0 Small_Car Vehicle 1
32.0 303.0 21.0 309.0 12.0 291.0 23.0 286.0 Van Vehicle 1
21.0 244.0 4.0 245.0 3.0 239.0 21.0 238.0 Van Vehicle 1
124.0 296.0 114.0 297.0 113.0 280.0 123.0 279.0 Van Vehicle 1
139.0 296.0 127.0 296.0 126.0 280.0 138.0 279.0 Van Vehicle 1
53.0 373.0 31.0 373.0 31.0 366.0 53.0 366.0 Small_Car Vehicle 1
51.0 382.0 28.0 383.0 28.0 376.0 50.0 375.0 Van Vehicle 1
48.0 391.0 30.0 392.0 30.0 386.0 48.0 385.0 Van Vehicle 1
157.0 396.0 148.0 397.0 147.0 384.0 155.0 383.0 Van Vehicle 1
165.0 396.0 156.0 397.0 154.0 382.0 163.0 381.0 Van Vehicle 1
194.0 397.0 184.0 397.0 184.0 380.0 194.0 380.0 Small_Car Vehicle 1
204.0 396.0 195.0 396.0 194.0 378.0 204.0 378.0 Small_Car Vehicle 1
229.0 395.0 219.0 396.0 217.0 382.0 226.0 380.0 Van Vehicle 1
400.0 350.0 390.0 352.0 386.0 336.0 397.0 334.0 Van Vehicle 1
484.0 340.0 474.0 342.0 471.0 326.0 481.0 324.0 Small_Car Vehicle 1
519.0 336.0 512.0 336.0 510.0 322.0 517.0 321.0 Van Vehicle 1
554.0 335.0 545.0 336.0 543.0 319.0 551.0 318.0 Van Vehicle 1
541.0 333.0 533.0 334.0 531.0 320.0 540.0 319.0 Van Vehicle 1
568.0 335.0 559.0 336.0 558.0 319.0 567.0 319.0 Van Vehicle 1
579.0 332.0 569.0 333.0 569.0 318.0 579.0 318.0 Van Vehicle 1
590.0 330.0 581.0 331.0 579.0 315.0 588.0 314.0 Van Vehicle 1
489.0 396.0 480.0 396.0 479.0 377.0 488.0 376.0 Van Vehicle 1
532.0 371.0 507.0 371.0 508.0 363.0 532.0 363.0 Van Vehicle 1
515.0 396.0 504.0 396.0 504.0 382.0 514.0 382.0 Small_Car Vehicle 1
526.0 394.0 516.0 395.0 515.0 378.0 525.0 378.0 Van Vehicle 1
539.0 397.0 527.0 397.0 527.0 380.0 539.0 380.0 Van Vehicle 1
596.0 395.0 586.0 396.0 586.0 378.0 595.0 377.0 Dump_Truck Vehicle 1
573.0 394.0 565.0 395.0 564.0 380.0 572.0 379.0 Van Vehicle 1
559.0 394.0 550.0 395.0 550.0 378.0 559.0 378.0 Van Vehicle 1
428.0 485.0 426.0 799.0 131.0 799.0 130.0 484.0 Football_Field Court 1
592.120117 221.051895 122.000015 18.0 195.879883 -153.05188 666.0 50.000015 Football_Field Court 1
