97.0 148.0 85.0 148.0 86.0 123.0 97.0 123.0 Dump_Truck Vehicle 1
158.0 277.0 149.0 277.0 149.0 254.0 158.0 253.0 Small_Car Vehicle 1
20.669664 436.968597 20.000002 444.000031 0.0 442.095276 0.0 435.000061 Van Vehicle 1
450.0 212.0 428.0 211.0 428.0 203.0 450.0 204.0 Van Vehicle 1
776.0 420.0 757.0 420.0 757.0 412.0 776.0 412.0 Small_Car Vehicle 1
631.0 412.0 609.0 411.0 609.0 403.0 631.0 404.0 Small_Car Vehicle 1
628.0 422.0 608.0 422.0 607.0 413.0 628.0 413.0 Van Vehicle 1
164.0 593.0 142.0 592.0 143.0 582.0 164.0 584.0 Small_Car Vehicle 1
145.0 665.0 115.0 665.0 115.0 654.0 145.0 654.0 Dump_Truck Vehicle 1
169.0 869.0 151.0 870.0 151.0 862.0 169.0 862.0 Van Vehicle 1
