295.0 704.0 292.0 720.0 284.0 719.0 287.0 702.0 Small_Car Vehicle 1
645.0 929.0 644.0 937.0 624.0 933.0 625.0 925.0 Van Vehicle 1
918.0 869.0 912.0 880.0 904.0 876.0 910.0 864.0 Small_Car Vehicle 1
948.0 857.0 946.0 866.0 923.0 860.0 925.0 852.0 Small_Car Vehicle 1
980.0 866.0 979.0 872.0 958.0 868.0 959.0 862.0 Van Vehicle 1
37.0 50.0 33.0 57.0 12.0 46.0 16.0 39.0 Van Vehicle 1
565.0 30.0 548.0 38.0 545.0 31.0 562.0 23.0 Small_Car Vehicle 1
399.0 112.0 385.0 119.0 382.0 114.0 396.0 106.0 Van Vehicle 1
127.0 188.0 109.0 199.0 106.0 193.0 123.0 182.0 Small_Car Vehicle 1
242.0 169.0 220.0 181.0 216.0 174.0 237.0 161.0 Small_Car Vehicle 1
148.0 251.0 131.0 261.0 128.0 255.0 145.0 246.0 Van Vehicle 1
138.0 241.0 124.0 251.0 121.0 246.0 135.0 236.0 Van Vehicle 1
121.0 237.0 105.0 246.0 101.0 241.0 118.0 231.0 Small_Car Vehicle 1
342.0 768.0 305.0 851.0 190.0 798.0 228.0 716.0 Intersection Road 1
67.0 860.0 45.0 860.0 45.0 853.0 67.0 852.0 Van Vehicle 1
62.0 882.0 42.0 885.0 41.0 877.0 61.0 874.0 Van Vehicle 1
88.0 909.0 79.0 910.0 78.0 893.0 88.0 893.0 Small_Car Vehicle 1
151.0 898.0 143.0 901.0 137.0 885.0 145.0 882.0 Van Vehicle 1
170.0 870.0 150.0 873.0 149.0 866.0 169.0 863.0 Van Vehicle 1
136.0 857.0 112.0 857.0 112.0 850.0 136.0 850.0 Van Vehicle 1
191.0 856.0 172.0 858.0 172.0 851.0 190.0 850.0 Van Vehicle 1
280.0 847.0 262.0 847.0 262.0 840.0 280.0 840.0 Van Vehicle 1
513.0 850.0 506.0 852.0 501.0 837.0 508.0 834.0 Small_Car Vehicle 1
470.0 803.0 468.0 813.0 460.0 811.0 462.0 801.0 Small_Car Vehicle 1
418.0 850.0 416.0 860.0 363.0 847.0 365.0 838.0 Cargo_Truck Vehicle 1
291.0 757.0 284.0 771.0 277.0 767.0 284.0 754.0 Small_Car Vehicle 1
252.0 808.0 213.0 830.0 208.0 820.0 247.0 798.0 Cargo_Truck Vehicle 1
227.0 749.0 222.0 756.0 202.0 742.0 207.0 735.0 Van Vehicle 1
189.0 751.0 187.0 758.0 165.0 751.0 167.0 745.0 Small_Car Vehicle 1
163.0 743.0 161.0 750.0 141.0 745.0 143.0 738.0 Small_Car Vehicle 1
97.0 739.0 94.0 746.0 72.0 738.0 74.0 731.0 Van Vehicle 1
84.0 695.0 83.0 701.0 62.0 696.0 64.0 691.0 Small_Car Vehicle 1
61.0 689.0 60.0 696.0 40.0 693.0 42.0 686.0 Van Vehicle 1
