124.0 226.0 110.0 239.0 103.0 232.0 118.0 219.0 Van Vehicle 1
597.0 768.0 596.0 778.0 569.0 775.0 571.0 766.0 Dump_Truck Vehicle 1
112.0 783.0 108.0 792.0 87.0 784.0 91.0 775.0 Small_Car Vehicle 1
71.0 739.0 61.0 756.0 54.0 751.0 64.0 735.0 Small_Car Vehicle 1
115.0 654.0 103.0 674.0 93.0 669.0 103.0 648.0 Van Vehicle 1
122.0 630.0 116.0 644.0 109.0 641.0 114.0 627.0 Small_Car Vehicle 1
125.0 570.0 115.0 587.0 106.0 582.0 116.0 565.0 Van Vehicle 1
178.0 535.0 171.0 551.0 163.0 546.0 171.0 531.0 Small_Car Vehicle 1
212.0 477.0 201.0 493.0 195.0 488.0 205.0 472.0 Small_Car Vehicle 1
238.0 459.0 237.0 465.0 227.0 462.0 229.0 456.0 Small_Car Vehicle 1
151.0 243.0 146.0 248.0 138.0 241.0 143.0 236.0 Van Vehicle 1
160.0 216.0 154.0 223.0 141.0 210.0 147.0 204.0 Van Vehicle 1
81.0 173.0 60.0 173.0 60.0 165.0 81.0 166.0 Van Vehicle 1
262.0 529.0 260.0 535.0 241.0 528.0 244.0 522.0 Small_Car Vehicle 1
198.0 582.0 195.0 590.0 176.0 581.0 180.0 573.0 Dump_Truck Vehicle 1
133.0 487.0 127.0 504.0 118.0 500.0 125.0 483.0 Small_Car Vehicle 1
153.0 524.0 145.0 541.0 138.0 537.0 146.0 521.0 Small_Car Vehicle 1
