111.0 87.0 107.0 93.0 93.0 83.0 97.0 78.0 Van Vehicle 1
75.0 122.0 70.0 127.0 58.0 116.0 62.0 111.0 Small_Car Vehicle 1
68.0 128.0 64.0 134.0 48.0 124.0 52.0 118.0 Van Vehicle 1
268.0 10.0 267.0 17.0 252.0 15.0 253.0 8.0 Small_Car Vehicle 1
535.0 76.0 529.0 90.0 524.0 87.0 529.0 74.0 Small_Car Vehicle 1
451.0 187.0 439.0 202.0 433.0 197.0 445.0 182.0 Van Vehicle 1
101.0 267.0 96.0 270.0 87.0 255.0 93.0 252.0 Van Vehicle 1
73.0 294.0 70.0 299.0 56.0 291.0 59.0 286.0 Dump_Truck Vehicle 1
19.0 240.0 12.0 252.0 7.0 248.0 15.0 237.0 Small_Car Vehicle 1
106.0 231.0 102.0 237.0 86.0 226.0 90.0 221.0 Dump_Truck Vehicle 1
55.0 600.0 51.0 605.0 37.0 594.0 41.0 589.0 Small_Car Vehicle 1
413.0 281.0 403.0 294.0 397.0 289.0 407.0 277.0 Van Vehicle 1
374.0 325.0 364.0 337.0 360.0 333.0 369.0 321.0 Van Vehicle 1
422.0 335.0 416.0 339.0 408.0 324.0 414.0 321.0 Van Vehicle 1
254.0 419.0 241.0 435.0 233.0 428.0 246.0 412.0 Cargo_Truck Vehicle 1
208.0 470.0 197.0 485.0 190.0 480.0 201.0 466.0 Van Vehicle 1
241.0 482.0 232.0 494.0 226.0 490.0 236.0 478.0 Small_Car Vehicle 1
7.0 829.0 5.0 833.0 0.0 830.0 0.0 824.0 Small_Car Vehicle 1
17.0 743.0 6.0 757.0 1.0 753.0 12.0 739.0 Small_Car Vehicle 1
287.0 841.0 265.0 870.0 256.0 863.0 279.0 834.0 Cargo_Truck Vehicle 1
277.0 808.0 274.0 812.0 261.0 803.0 264.0 799.0 Van Vehicle 1
271.0 784.0 267.0 789.0 253.0 780.0 256.0 775.0 Small_Car Vehicle 1
100.0 694.0 97.0 698.0 87.0 691.0 90.0 686.0 Small_Car Vehicle 1
112.0 702.0 109.0 706.0 100.0 700.0 103.0 695.0 Small_Car Vehicle 1
101.0 706.0 98.0 711.0 87.0 703.0 90.0 698.0 Small_Car Vehicle 1
366.0 734.0 358.0 742.0 353.0 738.0 361.0 729.0 Small_Car Vehicle 1
394.0 664.0 390.0 668.0 379.0 658.0 383.0 653.0 Small_Car Vehicle 1
388.0 648.0 386.0 654.0 372.0 647.0 375.0 641.0 Small_Car Vehicle 1
326.0 642.0 323.0 648.0 311.0 642.0 314.0 636.0 Van Vehicle 1
171.0 631.0 167.0 635.0 158.0 623.0 163.0 620.0 Small_Car Vehicle 1
243.0 548.0 239.0 552.0 228.0 542.0 233.0 537.0 Van Vehicle 1
255.0 537.0 251.0 543.0 239.0 534.0 243.0 528.0 Small_Car Vehicle 1
291.0 497.0 287.0 503.0 271.0 494.0 274.0 487.0 Small_Car Vehicle 1
315.0 455.0 308.0 460.0 294.0 444.0 301.0 438.0 Van Vehicle 1
333.0 455.0 328.0 461.0 309.0 447.0 313.0 441.0 Van Vehicle 1
475.0 606.0 463.0 622.0 456.0 617.0 467.0 601.0 Dump_Truck Vehicle 1
465.0 587.0 462.0 592.0 447.0 583.0 451.0 578.0 Small_Car Vehicle 1
506.0 570.0 494.0 586.0 486.0 580.0 499.0 564.0 Van Vehicle 1
526.0 597.0 514.0 611.0 509.0 606.0 520.0 592.0 Small_Car Vehicle 1
534.0 628.0 531.0 633.0 517.0 624.0 520.0 619.0 Van Vehicle 1
538.0 643.0 534.0 648.0 520.0 637.0 524.0 633.0 Small_Car Vehicle 1
529.0 648.0 528.0 653.0 514.0 647.0 517.0 642.0 Small_Car Vehicle 1
526.0 517.0 523.0 523.0 509.0 516.0 512.0 509.0 Van Vehicle 1
606.0 555.0 603.0 561.0 586.0 551.0 589.0 545.0 Van Vehicle 1
583.0 417.0 580.0 422.0 568.0 414.0 572.0 409.0 Small_Car Vehicle 1
602.0 426.0 598.0 433.0 585.0 423.0 589.0 417.0 Small_Car Vehicle 1
630.0 368.0 626.0 373.0 614.0 365.0 617.0 360.0 Small_Car Vehicle 1
637.0 361.0 632.0 363.0 626.0 351.0 631.0 349.0 Small_Car Vehicle 1
710.0 330.0 702.0 343.0 697.0 339.0 706.0 326.0 Van Vehicle 1
738.0 269.0 735.0 275.0 721.0 266.0 724.0 261.0 Van Vehicle 1
748.0 232.0 744.0 238.0 729.0 227.0 733.0 221.0 Van Vehicle 1
806.0 207.0 799.0 221.0 793.0 217.0 800.0 203.0 Van Vehicle 1
815.0 193.0 812.0 201.0 804.0 198.0 808.0 190.0 Small_Car Vehicle 1
805.0 122.0 803.0 129.0 785.0 124.0 787.0 118.0 Small_Car Vehicle 1
601.0 128.0 594.0 131.0 587.0 115.0 593.0 112.0 Van Vehicle 1
612.0 112.0 610.0 118.0 594.0 111.0 597.0 106.0 Small_Car Vehicle 1
643.0 13.0 642.0 20.0 624.0 18.0 625.0 11.0 Small_Car Vehicle 1
823.0 64.0 822.0 71.0 802.0 70.0 803.0 62.0 Small_Car Vehicle 1
895.0 91.0 890.0 108.0 883.0 106.0 887.0 89.0 Small_Car Vehicle 1
889.0 111.0 885.0 126.0 878.0 124.0 882.0 109.0 Small_Car Vehicle 1
908.0 14.0 899.0 15.0 899.0 -1.0 907.0 -1.0 Van Vehicle 1
939.0 47.0 938.0 55.0 920.0 52.0 920.0 45.0 Small_Car Vehicle 1
898.0 218.0 896.0 224.0 881.0 218.0 883.0 212.0 Small_Car Vehicle 1
863.0 264.0 860.0 270.0 845.0 262.0 849.0 256.0 Van Vehicle 1
755.0 364.0 752.0 369.0 740.0 362.0 745.0 357.0 Small_Car Vehicle 1
734.0 432.0 731.0 437.0 717.0 429.0 720.0 424.0 Van Vehicle 1
718.0 437.0 715.0 442.0 701.0 433.0 705.0 428.0 Van Vehicle 1
675.0 491.0 667.0 492.0 664.0 477.0 673.0 476.0 Van Vehicle 1
386.0 822.0 381.0 822.0 379.0 810.0 385.0 810.0 Small_Car Vehicle 1
376.0 910.0 374.0 914.0 361.0 906.0 364.0 902.0 Dump_Truck Vehicle 1
286.0 914.0 283.0 919.0 271.0 912.0 274.0 907.0 Van Vehicle 1
292.0 938.0 289.0 943.0 273.0 933.0 276.0 927.0 Dump_Truck Vehicle 1
205.0 975.0 196.0 992.0 188.0 988.0 197.0 970.0 Van Vehicle 1
837.0 546.0 826.0 558.0 821.0 554.0 830.0 541.0 Small_Car Vehicle 1
862.0 564.0 851.0 577.0 845.0 572.0 856.0 559.0 Small_Car Vehicle 1
821.0 564.0 810.0 578.0 803.0 573.0 815.0 559.0 Small_Car Vehicle 1
855.0 555.0 838.0 577.0 830.0 570.0 847.0 549.0 Cargo_Truck Vehicle 1
868.0 588.0 859.0 599.0 853.0 595.0 863.0 583.0 Small_Car Vehicle 1
874.0 595.0 867.0 605.0 860.0 601.0 868.0 590.0 Small_Car Vehicle 1
884.0 603.0 874.0 616.0 868.0 612.0 878.0 599.0 Small_Car Vehicle 1
770.0 590.0 761.0 604.0 755.0 599.0 765.0 585.0 Van Vehicle 1
789.0 599.0 779.0 611.0 772.0 606.0 783.0 593.0 Small_Car Vehicle 1
825.0 622.0 815.0 636.0 808.0 632.0 819.0 618.0 Small_Car Vehicle 1
833.0 627.0 824.0 639.0 818.0 636.0 826.0 623.0 Small_Car Vehicle 1
842.0 633.0 830.0 646.0 826.0 642.0 837.0 628.0 Small_Car Vehicle 1
883.0 655.0 863.0 656.0 862.0 649.0 882.0 648.0 Small_Car Vehicle 1
888.0 663.0 868.0 664.0 867.0 658.0 887.0 656.0 Small_Car Vehicle 1
892.0 669.0 875.0 670.0 874.0 664.0 892.0 663.0 Small_Car Vehicle 1
904.0 675.0 890.0 683.0 887.0 678.0 900.0 669.0 Small_Car Vehicle 1
909.0 683.0 894.0 693.0 890.0 687.0 905.0 677.0 Small_Car Vehicle 1
916.0 690.0 901.0 700.0 898.0 694.0 912.0 685.0 Small_Car Vehicle 1
933.0 702.0 918.0 713.0 914.0 707.0 928.0 697.0 Small_Car Vehicle 1
917.0 727.0 899.0 737.0 895.0 730.0 913.0 720.0 Small_Car Vehicle 1
929.0 742.0 913.0 751.0 909.0 745.0 925.0 735.0 Small_Car Vehicle 1
874.0 715.0 868.0 721.0 854.0 706.0 860.0 700.0 Van Vehicle 1
994.0 774.0 980.0 782.0 976.0 776.0 990.0 767.0 Small_Car Vehicle 1
985.0 791.0 981.0 784.0 997.0 776.0 1001.0 783.0 Van Vehicle 1
734.0 672.0 729.0 678.0 713.0 666.0 719.0 659.0 Van Vehicle 1
502.0 893.0 499.0 898.0 486.0 890.0 489.0 885.0 Small_Car Vehicle 1
498.0 900.0 495.0 906.0 482.0 898.0 484.0 893.0 Small_Car Vehicle 1
493.0 908.0 490.0 912.0 479.0 906.0 482.0 901.0 Van Vehicle 1
814.0 833.0 809.0 837.0 799.0 825.0 803.0 821.0 Small_Car Vehicle 1
788.0 847.0 782.0 851.0 773.0 839.0 778.0 835.0 Small_Car Vehicle 1
755.0 871.0 749.0 876.0 736.0 862.0 740.0 857.0 Van Vehicle 1
734.0 880.0 729.0 885.0 717.0 872.0 722.0 868.0 Van Vehicle 1
724.0 885.0 719.0 889.0 710.0 878.0 716.0 874.0 Small_Car Vehicle 1
718.0 892.0 713.0 897.0 701.0 883.0 706.0 879.0 Small_Car Vehicle 1
697.0 908.0 691.0 913.0 678.0 898.0 684.0 893.0 Small_Car Vehicle 1
700.0 929.0 693.0 935.0 688.0 929.0 694.0 923.0 Small_Car Vehicle 1
706.0 936.0 698.0 942.0 694.0 936.0 702.0 930.0 Small_Car Vehicle 1
718.0 942.0 707.0 949.0 703.0 944.0 714.0 936.0 other-vehicle Vehicle 1
923.0 816.0 919.0 820.0 909.0 809.0 913.0 805.0 Small_Car Vehicle 1
896.0 837.0 889.0 842.0 877.0 827.0 884.0 822.0 Dump_Truck Vehicle 1
873.0 848.0 869.0 852.0 858.0 840.0 863.0 836.0 Van Vehicle 1
887.0 863.0 882.0 868.0 870.0 854.0 875.0 850.0 Dump_Truck Vehicle 1
930.0 838.0 925.0 842.0 912.0 828.0 917.0 824.0 Van Vehicle 1
859.0 886.0 854.0 891.0 842.0 877.0 848.0 872.0 Small_Car Vehicle 1
845.0 887.0 840.0 891.0 830.0 880.0 837.0 876.0 Small_Car Vehicle 1
827.0 881.0 822.0 885.0 811.0 872.0 815.0 867.0 Van Vehicle 1
832.0 900.0 827.0 905.0 815.0 892.0 820.0 887.0 Small_Car Vehicle 1
813.0 909.0 809.0 913.0 798.0 901.0 803.0 897.0 Van Vehicle 1
799.0 918.0 793.0 923.0 781.0 910.0 787.0 905.0 Small_Car Vehicle 1
789.0 924.0 783.0 928.0 773.0 915.0 778.0 910.0 Van Vehicle 1
776.0 908.0 770.0 913.0 758.0 898.0 764.0 894.0 Small_Car Vehicle 1
783.0 930.0 778.0 935.0 766.0 922.0 770.0 918.0 Dump_Truck Vehicle 1
764.0 941.0 759.0 945.0 748.0 931.0 754.0 927.0 Small_Car Vehicle 1
752.0 925.0 747.0 929.0 736.0 916.0 740.0 912.0 Small_Car Vehicle 1
767.0 914.0 762.0 917.0 752.0 905.0 757.0 901.0 Small_Car Vehicle 1
759.0 919.0 753.0 923.0 744.0 911.0 750.0 907.0 Small_Car Vehicle 1
940.0 888.0 934.0 892.0 925.0 880.0 931.0 875.0 Small_Car Vehicle 1
920.0 897.0 916.0 901.0 907.0 891.0 912.0 887.0 Small_Car Vehicle 1
880.0 926.0 875.0 930.0 863.0 915.0 868.0 911.0 Dump_Truck Vehicle 1
860.0 934.0 855.0 938.0 847.0 926.0 852.0 923.0 Small_Car Vehicle 1
854.0 941.0 850.0 945.0 838.0 932.0 843.0 928.0 Small_Car Vehicle 1
844.0 944.0 839.0 948.0 832.0 938.0 836.0 934.0 Small_Car Vehicle 1
838.0 950.0 832.0 955.0 821.0 941.0 827.0 937.0 Small_Car Vehicle 1
819.0 957.0 814.0 961.0 807.0 952.0 812.0 948.0 Small_Car Vehicle 1
804.0 969.0 798.0 974.0 789.0 961.0 795.0 957.0 Van Vehicle 1
790.0 977.0 785.0 982.0 774.0 971.0 780.0 966.0 Van Vehicle 1
727.0 966.0 721.0 971.0 710.0 958.0 717.0 953.0 Small_Car Vehicle 1
709.0 975.0 705.0 979.0 694.0 966.0 700.0 962.0 Van Vehicle 1
701.0 979.0 694.0 983.0 686.0 972.0 692.0 967.0 Small_Car Vehicle 1
690.0 982.0 685.0 986.0 676.0 977.0 680.0 972.0 Van Vehicle 1
682.0 989.0 678.0 993.0 668.0 981.0 672.0 977.0 Small_Car Vehicle 1
673.0 993.0 668.0 998.0 659.0 987.0 663.0 983.0 Van Vehicle 1
549.0 977.0 535.0 988.0 529.0 982.0 544.0 971.0 Small_Car Vehicle 1
557.0 983.0 543.0 995.0 538.0 989.0 553.0 977.0 Dump_Truck Vehicle 1
551.0 1003.0 546.0 997.0 559.0 985.0 565.0 991.0 Small_Car Vehicle 1
503.0 1000.0 488.0 991.0 491.0 985.0 507.0 995.0 Small_Car Vehicle 1
519.0 982.0 514.0 988.0 499.0 979.0 504.0 973.0 Small_Car Vehicle 1
469.0 694.0 458.0 710.0 449.0 704.0 460.0 688.0 Dump_Truck Vehicle 1
