303.0 741.0 302.0 758.0 292.0 758.0 293.0 741.0 Van Vehicle 1
26.0 633.0 13.0 647.0 7.0 642.0 19.0 627.0 Small_Car Vehicle 1
45.0 613.0 32.0 628.0 25.0 622.0 38.0 606.0 Small_Car Vehicle 1
94.0 601.0 90.0 608.0 73.0 596.0 78.0 590.0 Van Vehicle 1
88.0 564.0 75.0 579.0 68.0 573.0 80.0 558.0 Small_Car Vehicle 1
139.0 508.0 126.0 522.0 119.0 515.0 131.0 501.0 Van Vehicle 1
324.0 430.0 320.0 437.0 305.0 428.0 309.0 421.0 Van Vehicle 1
151.0 447.0 139.0 462.0 132.0 456.0 143.0 441.0 Small_Car Vehicle 1
196.0 402.0 174.0 426.0 165.0 418.0 188.0 394.0 Bus Vehicle 1
181.0 347.0 176.0 355.0 159.0 344.0 164.0 336.0 Van Vehicle 1
156.0 332.0 151.0 340.0 132.0 327.0 137.0 319.0 Dump_Truck Vehicle 1
371.0 246.0 358.0 263.0 350.0 257.0 363.0 240.0 Dump_Truck Vehicle 1
457.0 273.0 450.0 282.0 432.0 268.0 438.0 259.0 Dump_Truck Vehicle 1
462.0 337.0 453.0 348.0 447.0 343.0 456.0 332.0 Van Vehicle 1
64.0 277.0 58.0 285.0 44.0 276.0 49.0 267.0 Small_Car Vehicle 1
23.0 266.0 14.0 276.0 8.0 270.0 17.0 260.0 Van Vehicle 1
390.0 184.0 377.0 199.0 370.0 192.0 382.0 178.0 Van Vehicle 1
418.0 145.0 400.0 156.0 394.0 146.0 412.0 136.0 Cargo_Truck Vehicle 1
90.0 471.0 86.0 477.0 69.0 466.0 74.0 459.0 Van Vehicle 1
96.0 256.0 91.0 264.0 68.0 250.0 74.0 242.0 Dump_Truck Vehicle 1
205.0 298.0 195.0 313.0 188.0 308.0 198.0 293.0 Van Vehicle 1
286.0 357.0 241.0 412.0 195.0 375.0 240.0 320.0 Intersection Road 1
316.0 731.0 302.0 743.0 296.0 736.0 310.0 723.0 Van Vehicle 1
281.0 241.0 276.0 248.0 260.0 238.0 264.0 231.0 Small_Car Vehicle 1
