430.0 32.0 416.0 56.0 379.0 34.0 393.0 11.0 Intersection Road 1
854.0 183.0 849.0 190.0 832.0 179.0 837.0 172.0 Small_Car Vehicle 1
155.0 712.0 143.0 724.0 138.0 719.0 150.0 707.0 Van Vehicle 1
569.0 914.0 556.0 929.0 548.0 922.0 561.0 908.0 Small_Car Vehicle 1
561.0 905.0 546.0 921.0 540.0 915.0 555.0 899.0 Small_Car Vehicle 1
186.0 933.0 176.0 957.0 165.0 952.0 176.0 928.0 Dump_Truck Vehicle 1
170.0 930.0 157.0 943.0 150.0 936.0 163.0 923.0 Van Vehicle 1
123.0 888.0 112.0 904.0 105.0 899.0 116.0 883.0 Small_Car Vehicle 1
111.0 832.0 85.0 836.0 84.0 826.0 110.0 822.0 Small_Car Vehicle 1
243.0 786.0 231.0 800.0 223.0 794.0 235.0 780.0 Van Vehicle 1
283.0 723.0 269.0 740.0 262.0 734.0 275.0 717.0 Van Vehicle 1
155.0 601.0 134.0 607.0 131.0 597.0 152.0 591.0 Small_Car Vehicle 1
22.0 595.0 8.0 609.0 3.0 603.0 16.0 589.0 Van Vehicle 1
33.0 602.0 20.0 617.0 13.0 611.0 26.0 596.0 Small_Car Vehicle 1
47.0 609.0 32.0 625.0 24.0 617.0 39.0 602.0 Small_Car Vehicle 1
53.0 623.0 38.0 638.0 31.0 631.0 45.0 616.0 Dump_Truck Vehicle 1
36.0 582.0 29.0 590.0 11.0 576.0 18.0 567.0 Van Vehicle 1
136.0 509.0 133.0 516.0 118.0 508.0 122.0 501.0 Van Vehicle 1
588.0 481.0 585.0 489.0 566.0 480.0 570.0 472.0 Van Vehicle 1
627.0 393.0 622.0 401.0 606.0 391.0 611.0 383.0 Small_Car Vehicle 1
580.0 212.0 570.0 227.0 561.0 222.0 572.0 207.0 Dump_Truck Vehicle 1
586.0 165.0 581.0 173.0 563.0 162.0 568.0 153.0 Dump_Truck Vehicle 1
569.0 80.0 560.0 95.0 552.0 90.0 562.0 75.0 Van Vehicle 1
425.0 224.0 415.0 240.0 408.0 236.0 418.0 219.0 Van Vehicle 1
334.0 243.0 329.0 250.0 312.0 239.0 317.0 232.0 Small_Car Vehicle 1
280.0 99.0 277.0 105.0 263.0 98.0 267.0 91.0 other-vehicle Vehicle 1
289.0 91.0 286.0 99.0 269.0 90.0 273.0 83.0 other-vehicle Vehicle 1
233.0 186.0 230.0 192.0 213.0 184.0 216.0 177.0 Small_Car Vehicle 1
213.0 174.0 209.0 182.0 189.0 171.0 194.0 163.0 Small_Car Vehicle 1
