167.0 316.0 193.0 282.0 185.0 276.0 159.0 310.0 other-ship Ship 1
176.0 355.0 233.0 281.0 219.0 270.0 162.0 344.0 Dry_Cargo_Ship Ship 1
253.0 392.0 313.0 417.0 318.0 405.0 258.0 380.0 Dry_Cargo_Ship Ship 1
248.0 403.0 310.0 430.0 315.0 418.0 253.0 392.0 Dry_Cargo_Ship Ship 1
658.0 596.0 702.0 545.0 692.0 536.0 648.0 587.0 Liquid_Cargo_Ship Ship 1
667.0 601.0 712.0 554.0 702.0 545.0 658.0 592.0 Liquid_Cargo_Ship Ship 1
760.0 642.0 784.0 592.0 774.0 587.0 749.0 637.0 Dry_Cargo_Ship Ship 1
765.0 653.0 790.0 603.0 780.0 598.0 756.0 649.0 Liquid_Cargo_Ship Ship 1
772.0 668.0 799.0 612.0 787.0 606.0 760.0 662.0 Dry_Cargo_Ship Ship 1
804.0 637.0 813.0 604.0 807.0 603.0 798.0 635.0 other-ship Ship 1
797.0 635.0 807.0 600.0 800.0 598.0 790.0 633.0 other-ship Ship 1
867.0 658.0 823.0 638.0 816.0 653.0 860.0 672.0 Tugboat Ship 1
897.0 587.0 860.0 673.0 881.0 682.0 918.0 596.0 Dry_Cargo_Ship Ship 1
916.0 602.0 882.0 682.0 902.0 690.0 936.0 610.0 Dry_Cargo_Ship Ship 1
938.0 608.0 904.0 690.0 923.0 698.0 958.0 616.0 Dry_Cargo_Ship Ship 1
965.0 611.0 926.0 699.0 947.0 708.0 987.0 621.0 Dry_Cargo_Ship Ship 1
1143.0 683.0 1105.0 672.0 1102.0 684.0 1139.0 695.0 other-ship Ship 1
975.0 697.0 1048.0 725.0 1060.0 693.0 988.0 664.0 other-ship Ship 1
1088.0 746.0 978.0 697.0 968.0 720.0 1078.0 769.0 Engineering_Ship Ship 1
1089.0 731.0 1055.0 717.0 1050.0 729.0 1084.0 743.0 other-ship Ship 1
1326.0 860.0 1280.0 841.0 1273.0 858.0 1319.0 877.0 other-ship Ship 1
1386.0 894.0 1328.0 861.0 1322.0 872.0 1380.0 905.0 Dry_Cargo_Ship Ship 1
1400.0 793.0 1383.0 905.0 1412.0 909.0 1429.0 797.0 other-ship Ship 1
1424.0 886.0 1434.0 852.0 1424.0 849.0 1414.0 883.0 Tugboat Ship 1
1442.0 869.0 1455.0 836.0 1446.0 832.0 1432.0 865.0 other-ship Ship 1
1486.0 895.0 1500.0 860.0 1489.0 855.0 1475.0 891.0 other-ship Ship 1
1558.0 1008.0 1579.0 980.0 1572.0 975.0 1551.0 1003.0 other-ship Ship 1
1588.0 943.0 1625.0 898.0 1616.0 891.0 1579.0 936.0 Dry_Cargo_Ship Ship 1
1593.0 959.0 1646.0 895.0 1635.0 885.0 1581.0 949.0 Dry_Cargo_Ship Ship 1
1623.0 967.0 1597.0 999.0 1612.0 1011.0 1638.0 979.0 Tugboat Ship 1
1661.0 1009.0 1703.0 1025.0 1709.0 1012.0 1666.0 996.0 other-ship Ship 1
1919.0 1073.0 1982.0 1102.0 1987.0 1090.0 1925.0 1061.0 other-ship Ship 1
1918.0 1085.0 1975.0 1110.0 1980.0 1100.0 1922.0 1075.0 other-ship Ship 1
1982.0 1166.0 2006.0 1114.0 1995.0 1109.0 1971.0 1161.0 other-ship Ship 1
1973.0 1159.0 1991.0 1121.0 1982.0 1117.0 1964.0 1155.0 other-ship Ship 1
1905.0 368.0 1981.0 90.0 1937.0 78.0 1862.0 356.0 Dry_Cargo_Ship Ship 1
1591.0 -5.0 1527.0 236.0 1571.0 248.0 1635.0 6.0 Dry_Cargo_Ship Ship 1
1779.0 591.0 1994.0 694.0 2013.0 654.0 1798.0 551.0 Dry_Cargo_Ship Ship 1
1803.0 621.0 1854.0 643.0 1860.0 629.0 1809.0 607.0 Tugboat Ship 1
