215.0 284.0 188.0 284.0 188.0 276.0 215.0 277.0 Dump_Truck Vehicle 1
134.0 260.0 111.0 260.0 111.0 253.0 134.0 253.0 Small_Car Vehicle 1
70.0 142.0 68.0 160.0 59.0 159.0 61.0 141.0 Small_Car Vehicle 1
250.0 160.0 242.0 161.0 240.0 146.0 248.0 145.0 Van Vehicle 1
238.0 164.0 230.0 164.0 229.0 147.0 238.0 147.0 Van Vehicle 1
315.0 45.0 313.0 54.0 291.0 48.0 293.0 39.0 Small_Car Vehicle 1
521.0 121.0 518.0 127.0 498.0 120.0 501.0 114.0 Van Vehicle 1
572.0 574.0 551.0 574.0 551.0 567.0 571.0 566.0 Small_Car Vehicle 1
533.0 575.0 511.0 575.0 511.0 568.0 533.0 568.0 Small_Car Vehicle 1
477.0 576.0 460.0 576.0 460.0 569.0 477.0 569.0 Small_Car Vehicle 1
463.0 548.0 442.0 549.0 442.0 543.0 463.0 542.0 Small_Car Vehicle 1
352.0 550.0 329.0 550.0 329.0 543.0 352.0 544.0 Small_Car Vehicle 1
233.0 794.0 223.0 794.0 223.0 778.0 232.0 778.0 Small_Car Vehicle 1
206.0 794.0 196.0 794.0 196.0 780.0 206.0 780.0 Small_Car Vehicle 1
194.0 793.0 185.0 794.0 183.0 776.0 192.0 775.0 Van Vehicle 1
199.0 745.0 176.0 745.0 176.0 738.0 199.0 738.0 Van Vehicle 1
98.0 743.0 89.0 743.0 89.0 728.0 98.0 728.0 Small_Car Vehicle 1
585.0 366.0 576.0 366.0 576.0 349.0 585.0 348.0 Van Vehicle 1
