14.0 244.0 6.0 247.0 1.0 230.0 9.0 228.0 Van Vehicle 1
36.0 241.0 28.0 243.0 25.0 229.0 32.0 227.0 Van Vehicle 1
60.0 221.0 42.0 223.0 41.0 217.0 59.0 215.0 Van Vehicle 1
58.0 211.0 40.0 212.0 39.0 206.0 57.0 204.0 Van Vehicle 1
57.0 203.0 39.0 204.0 39.0 197.0 57.0 196.0 Van Vehicle 1
52.0 186.0 35.0 188.0 34.0 181.0 51.0 180.0 Van Vehicle 1
51.0 177.0 32.0 178.0 31.0 171.0 51.0 170.0 Van Vehicle 1
49.0 168.0 30.0 170.0 29.0 163.0 49.0 161.0 Small_Car Vehicle 1
47.0 138.0 25.0 141.0 24.0 133.0 46.0 130.0 Small_Car Vehicle 1
43.0 129.0 21.0 132.0 20.0 125.0 42.0 122.0 Dump_Truck Vehicle 1
43.0 120.0 22.0 123.0 21.0 116.0 42.0 113.0 Small_Car Vehicle 1
41.0 111.0 22.0 113.0 21.0 106.0 40.0 103.0 Van Vehicle 1
559.0 690.0 540.0 707.0 533.0 700.0 553.0 682.0 Dump_Truck Vehicle 1
575.0 695.0 563.0 709.0 554.0 702.0 567.0 688.0 Van Vehicle 1
588.0 697.0 574.0 713.0 568.0 707.0 581.0 691.0 Dump_Truck Vehicle 1
599.0 704.0 582.0 719.0 576.0 712.0 593.0 697.0 Van Vehicle 1
598.0 721.0 574.0 742.0 567.0 733.0 590.0 712.0 Cargo_Truck Vehicle 1
595.0 614.0 581.0 630.0 575.0 625.0 589.0 608.0 Van Vehicle 1
