799.0 497.0 785.0 519.0 776.0 513.0 791.0 492.0 Dump_Truck Vehicle 1
784.0 499.0 774.0 514.0 767.0 510.0 777.0 495.0 Van Vehicle 1
797.0 480.0 786.0 499.0 777.0 494.0 788.0 474.0 Van Vehicle 1
785.0 541.0 773.0 559.0 764.0 553.0 776.0 535.0 Dump_Truck Vehicle 1
753.0 529.0 744.0 545.0 736.0 540.0 745.0 525.0 Small_Car Vehicle 1
742.0 528.0 732.0 543.0 725.0 538.0 735.0 524.0 Small_Car Vehicle 1
733.0 524.0 724.0 539.0 716.0 535.0 725.0 520.0 Small_Car Vehicle 1
722.0 520.0 713.0 535.0 705.0 530.0 714.0 515.0 Small_Car Vehicle 1
712.0 517.0 703.0 533.0 694.0 528.0 703.0 512.0 Van Vehicle 1
700.0 514.0 692.0 529.0 685.0 525.0 693.0 510.0 Van Vehicle 1
691.0 510.0 683.0 526.0 674.0 522.0 682.0 506.0 Van Vehicle 1
661.0 505.0 658.0 520.0 649.0 518.0 653.0 503.0 Small_Car Vehicle 1
578.0 477.0 577.0 485.0 553.0 482.0 554.0 474.0 Van Vehicle 1
420.0 149.0 409.0 170.0 400.0 165.0 410.0 144.0 Small_Car Vehicle 1
382.0 142.0 364.0 160.0 357.0 153.0 375.0 135.0 Van Vehicle 1
358.0 163.0 345.0 179.0 338.0 174.0 351.0 158.0 Small_Car Vehicle 1
284.0 391.0 273.0 394.0 268.0 375.0 279.0 372.0 Dump_Truck Vehicle 1
486.0 359.0 478.0 359.0 478.0 347.0 485.0 346.0 Van Vehicle 1
511.0 339.0 497.0 358.0 487.0 351.0 501.0 332.0 other-vehicle Vehicle 1
793.0 85.0 783.0 105.0 773.0 100.0 783.0 80.0 Van Vehicle 1
768.0 75.0 758.0 95.0 747.0 89.0 758.0 70.0 Dump_Truck Vehicle 1
642.0 65.0 631.0 82.0 623.0 77.0 634.0 60.0 Dump_Truck Vehicle 1
645.0 172.0 643.0 181.0 620.0 175.0 623.0 166.0 Dump_Truck Vehicle 1
738.0 41.0 735.0 50.0 708.0 41.0 712.0 32.0 Dump_Truck Vehicle 1
656.0 18.0 634.0 20.0 634.0 12.0 656.0 10.0 Van Vehicle 1
632.0 21.0 610.0 25.0 608.0 17.0 631.0 13.0 Dump_Truck Vehicle 1
602.0 28.0 578.0 29.0 578.0 21.0 602.0 20.0 Van Vehicle 1
576.0 31.0 550.0 32.0 550.0 23.0 576.0 23.0 Dump_Truck Vehicle 1
448.0 39.0 447.0 46.0 428.0 44.0 429.0 37.0 Van Vehicle 1
452.0 31.0 450.0 38.0 434.0 33.0 436.0 25.0 Van Vehicle 1
460.0 26.0 456.0 32.0 439.0 23.0 442.0 17.0 Small_Car Vehicle 1
378.0 24.0 375.0 30.0 357.0 23.0 359.0 17.0 Small_Car Vehicle 1
375.0 32.0 373.0 39.0 352.0 33.0 354.0 25.0 Small_Car Vehicle 1
396.0 40.0 393.0 48.0 377.0 41.0 380.0 34.0 Van Vehicle 1
400.0 30.0 398.0 37.0 380.0 32.0 382.0 25.0 Van Vehicle 1
413.0 6.0 412.0 12.0 391.0 6.0 393.0 0.0 Small_Car Vehicle 1
409.0 13.0 406.0 21.0 387.0 15.0 389.0 7.0 Small_Car Vehicle 1
385.0 7.0 383.0 13.0 364.0 6.0 366.0 0.0 Small_Car Vehicle 1
379.0 15.0 375.0 21.0 363.0 14.0 366.0 8.0 Van Vehicle 1
321.0 10.0 319.0 16.0 298.0 10.0 300.0 4.0 Small_Car Vehicle 1
60.0 107.0 37.0 167.0 21.0 161.0 44.0 100.0 Cargo_Truck Vehicle 1
59.0 80.0 52.0 100.0 42.0 96.0 49.0 76.0 Small_Car Vehicle 1
357.0 447.0 355.0 452.0 335.0 446.0 337.0 440.0 Van Vehicle 1
311.0 432.0 299.0 454.0 290.0 449.0 301.0 427.0 Dump_Truck Vehicle 1
352.0 478.0 350.0 487.0 327.0 482.0 329.0 473.0 Dump_Truck Vehicle 1
344.0 487.0 342.0 494.0 325.0 490.0 326.0 483.0 Van Vehicle 1
340.0 496.0 339.0 502.0 322.0 498.0 324.0 492.0 Van Vehicle 1
249.0 566.0 248.0 572.0 229.0 568.0 231.0 562.0 Small_Car Vehicle 1
41.0 327.0 36.0 348.0 27.0 345.0 33.0 325.0 Small_Car Vehicle 1
82.0 226.0 77.0 243.0 68.0 240.0 72.0 223.0 Small_Car Vehicle 1
58.0 162.0 52.0 178.0 45.0 175.0 50.0 160.0 Small_Car Vehicle 1
21.0 174.0 18.0 195.0 8.0 194.0 11.0 173.0 Dump_Truck Vehicle 1
