890.0 61.0 929.0 80.0 933.0 71.0 894.0 52.0 Dry_Cargo_Ship Ship 1
884.0 69.0 924.0 88.0 928.0 79.0 889.0 60.0 Dry_Cargo_Ship Ship 1
882.0 80.0 917.0 97.0 922.0 88.0 887.0 71.0 Dry_Cargo_Ship Ship 1
879.0 91.0 915.0 108.0 920.0 98.0 883.0 81.0 Dry_Cargo_Ship Ship 1
943.0 86.0 973.0 102.0 977.0 94.0 947.0 78.0 Dry_Cargo_Ship Ship 1
937.0 95.0 974.0 114.0 979.0 105.0 942.0 87.0 Dry_Cargo_Ship Ship 1
929.0 104.0 969.0 124.0 974.0 115.0 934.0 94.0 Dry_Cargo_Ship Ship 1
924.0 113.0 963.0 133.0 968.0 124.0 929.0 104.0 Dry_Cargo_Ship Ship 1
979.0 148.0 961.0 183.0 970.0 187.0 987.0 153.0 Dry_Cargo_Ship Ship 1
785.0 198.0 819.0 217.0 824.0 208.0 789.0 190.0 Dry_Cargo_Ship Ship 1
837.0 213.0 876.0 233.0 880.0 225.0 841.0 205.0 Dry_Cargo_Ship Ship 1
829.0 221.0 867.0 242.0 872.0 233.0 833.0 213.0 Dry_Cargo_Ship Ship 1
632.0 119.0 670.0 139.0 675.0 130.0 637.0 110.0 Dry_Cargo_Ship Ship 1
