91.0 178.0 82.0 181.0 78.0 166.0 86.0 163.0 Van Vehicle 1
82.0 155.0 72.0 158.0 67.0 142.0 76.0 139.0 Small_Car Vehicle 1
206.0 315.0 198.0 320.0 188.0 304.0 195.0 299.0 Van Vehicle 1
184.0 233.0 172.0 240.0 155.0 212.0 166.0 205.0 Cargo_Truck Vehicle 1
144.0 158.0 134.0 165.0 117.0 139.0 128.0 132.0 Cargo_Truck Vehicle 1
240.0 108.0 236.0 114.0 219.0 104.0 223.0 98.0 Small_Car Vehicle 1
228.0 112.0 222.0 120.0 204.0 108.0 210.0 100.0 Van Vehicle 1
40.0 425.0 21.0 426.0 20.0 420.0 40.0 420.0 Small_Car Vehicle 1
115.0 424.0 103.0 424.0 103.0 418.0 115.0 418.0 Van Vehicle 1
142.0 424.0 116.0 424.0 116.0 417.0 142.0 417.0 Small_Car Vehicle 1
309.0 408.0 308.0 449.0 197.0 447.0 198.0 406.0 Intersection Road 1
329.0 447.0 301.0 446.0 301.0 438.0 329.0 438.0 Van Vehicle 1
443.0 421.0 414.0 421.0 414.0 412.0 442.0 412.0 Van Vehicle 1
533.0 428.0 511.0 427.0 511.0 421.0 533.0 421.0 Small_Car Vehicle 1
594.0 449.0 571.0 448.0 571.0 442.0 594.0 442.0 Small_Car Vehicle 1
720.0 426.0 719.0 433.0 696.0 431.0 697.0 424.0 Small_Car Vehicle 1
679.0 452.0 655.0 452.0 655.0 445.0 679.0 446.0 Small_Car Vehicle 1
788.0 456.0 765.0 456.0 765.0 449.0 788.0 449.0 Small_Car Vehicle 1
268.0 10.0 247.0 17.0 244.0 10.0 265.0 2.0 Small_Car Vehicle 1
429.0 90.0 427.0 107.0 418.0 106.0 420.0 89.0 Small_Car Vehicle 1
397.0 74.0 379.0 75.0 379.0 69.0 397.0 68.0 Small_Car Vehicle 1
375.0 75.0 356.0 74.0 357.0 67.0 375.0 68.0 Van Vehicle 1
332.0 74.0 311.0 75.0 311.0 67.0 332.0 66.0 Small_Car Vehicle 1
308.0 67.0 307.0 74.0 287.0 74.0 287.0 66.0 Small_Car Vehicle 1
195.0 23.0 186.0 27.0 179.0 12.0 189.0 8.0 Dump_Truck Vehicle 1
175.0 23.0 167.0 27.0 159.0 11.0 167.0 8.0 Small_Car Vehicle 1
159.0 20.0 153.0 23.0 147.0 11.0 153.0 8.0 Small_Car Vehicle 1
116.0 24.0 107.0 28.0 101.0 14.0 110.0 10.0 Van Vehicle 1
195.0 72.0 174.0 71.0 174.0 65.0 195.0 65.0 Small_Car Vehicle 1
106.0 62.0 105.0 69.0 84.0 67.0 84.0 60.0 Small_Car Vehicle 1
103.0 25.0 95.0 28.0 91.0 16.0 98.0 13.0 Small_Car Vehicle 1
