853.0 967.0 825.0 966.0 826.0 956.0 853.0 957.0 Cargo_Truck Vehicle 1
957.0 348.0 924.0 361.0 917.0 346.0 951.0 334.0 Dump_Truck Vehicle 1
982.0 391.0 961.0 399.0 958.0 391.0 979.0 383.0 Small_Car Vehicle 1
965.0 269.0 962.0 290.0 951.0 289.0 952.0 268.0 Van Vehicle 1
627.0 708.0 602.0 708.0 602.0 701.0 626.0 700.0 Small_Car Vehicle 1
634.0 618.0 602.0 619.0 602.0 608.0 634.0 608.0 Van Vehicle 1
691.0 470.0 659.0 471.0 659.0 461.0 690.0 460.0 Cargo_Truck Vehicle 1
721.0 385.0 716.0 404.0 706.0 400.0 711.0 382.0 Small_Car Vehicle 1
631.0 435.0 605.0 436.0 605.0 428.0 631.0 426.0 Dump_Truck Vehicle 1
631.0 417.0 604.0 417.0 604.0 407.0 631.0 407.0 Van Vehicle 1
778.0 340.0 770.0 346.0 760.0 333.0 767.0 328.0 Small_Car Vehicle 1
745.0 353.0 737.0 357.0 730.0 340.0 739.0 337.0 Small_Car Vehicle 1
714.0 358.0 703.0 358.0 703.0 338.0 714.0 338.0 Dump_Truck Vehicle 1
687.0 339.0 686.0 360.0 675.0 360.0 675.0 339.0 Small_Car Vehicle 1
545.0 361.0 451.0 361.0 451.0 338.0 545.0 338.0 Trailer Vehicle 1
401.0 781.0 388.0 781.0 388.0 761.0 401.0 761.0 Small_Car Vehicle 1
452.0 871.0 452.0 879.0 427.0 878.0 428.0 870.0 Cargo_Truck Vehicle 1
760.0 156.0 754.0 162.0 743.0 152.0 749.0 145.0 Van Vehicle 1
755.0 33.0 747.0 41.0 733.0 27.0 741.0 19.0 Dump_Truck Vehicle 1
592.0 360.0 582.0 361.0 581.0 342.0 592.0 342.0 Van Vehicle 1
346.0 407.0 336.0 406.0 336.0 389.0 346.0 389.0 Small_Car Vehicle 1
333.0 407.0 322.0 407.0 322.0 389.0 333.0 389.0 Small_Car Vehicle 1
443.0 359.0 434.0 360.0 432.0 342.0 441.0 342.0 Van Vehicle 1
417.0 361.0 406.0 361.0 406.0 344.0 417.0 344.0 Small_Car Vehicle 1
281.0 364.0 270.0 364.0 270.0 347.0 281.0 347.0 Small_Car Vehicle 1
412.0 143.0 385.0 143.0 385.0 134.0 412.0 134.0 Van Vehicle 1
316.0 186.0 304.0 187.0 301.0 170.0 314.0 169.0 Small_Car Vehicle 1
303.0 118.0 277.0 118.0 278.0 106.0 303.0 107.0 Van Vehicle 1
88.0 231.0 76.0 231.0 76.0 218.0 88.0 218.0 Small_Car Vehicle 1
86.0 377.0 73.0 377.0 73.0 353.0 86.0 353.0 Van Vehicle 1
70.0 453.0 69.0 476.0 56.0 476.0 57.0 453.0 Van Vehicle 1
275.0 854.0 250.0 854.0 250.0 847.0 275.0 847.0 Dump_Truck Vehicle 1
256.0 869.0 254.0 878.0 232.0 869.0 235.0 860.0 Dump_Truck Vehicle 1
281.0 891.0 254.0 891.0 254.0 883.0 281.0 882.0 Van Vehicle 1
281.0 911.0 249.0 912.0 249.0 902.0 281.0 901.0 Dump_Truck Vehicle 1
335.0 953.0 325.0 953.0 325.0 932.0 335.0 932.0 Small_Car Vehicle 1
321.0 954.0 309.0 954.0 308.0 933.0 320.0 933.0 Van Vehicle 1
125.0 971.0 124.0 988.0 113.0 988.0 114.0 970.0 Small_Car Vehicle 1
