861.0 625.0 858.0 648.0 845.0 646.0 848.0 624.0 Small_Car Vehicle 1
813.0 701.0 775.0 699.0 775.0 690.0 813.0 692.0 Cargo_Truck Vehicle 1
740.0 756.0 731.0 756.0 731.0 739.0 740.0 739.0 Small_Car Vehicle 1
696.0 915.0 675.0 914.0 675.0 906.0 696.0 907.0 Small_Car Vehicle 1
761.0 919.0 697.0 916.0 698.0 904.0 761.0 907.0 Cargo_Truck Vehicle 1
669.0 906.0 668.0 913.0 645.0 912.0 646.0 905.0 Van Vehicle 1
888.0 917.0 866.0 916.0 867.0 909.0 888.0 910.0 Small_Car Vehicle 1
798.0 976.0 797.0 990.0 790.0 990.0 790.0 976.0 Small_Car Vehicle 1
959.0 671.0 935.0 671.0 935.0 663.0 959.0 662.0 Dump_Truck Vehicle 1
761.0 652.0 760.0 660.0 733.0 659.0 734.0 651.0 Dump_Truck Vehicle 1
866.0 584.0 857.0 584.0 857.0 563.0 866.0 563.0 Dump_Truck Vehicle 1
777.0 561.0 758.0 561.0 758.0 554.0 777.0 554.0 Small_Car Vehicle 1
728.0 553.0 727.0 561.0 707.0 559.0 708.0 552.0 Van Vehicle 1
703.0 529.0 677.0 530.0 677.0 523.0 703.0 523.0 Van Vehicle 1
778.0 551.0 759.0 551.0 759.0 546.0 778.0 546.0 Van Vehicle 1
847.0 526.0 839.0 531.0 830.0 515.0 838.0 510.0 Van Vehicle 1
919.0 478.0 898.0 482.0 896.0 475.0 918.0 470.0 Dump_Truck Vehicle 1
988.0 462.0 987.0 469.0 965.0 466.0 966.0 459.0 Motorboat Ship 1
984.0 450.0 983.0 459.0 963.0 458.0 964.0 450.0 Small_Car Vehicle 1
828.0 372.0 815.0 387.0 810.0 382.0 822.0 368.0 Small_Car Vehicle 1
907.0 36.0 898.0 38.0 893.0 18.0 902.0 16.0 Small_Car Vehicle 1
871.0 19.0 870.0 37.0 862.0 36.0 863.0 18.0 Small_Car Vehicle 1
585.0 131.0 535.0 127.0 536.0 117.0 585.0 121.0 Bus Vehicle 1
712.0 98.0 703.0 98.0 703.0 82.0 712.0 82.0 Small_Car Vehicle 1
712.0 61.0 711.0 77.0 703.0 77.0 703.0 61.0 Small_Car Vehicle 1
716.0 34.0 707.0 34.0 708.0 18.0 716.0 18.0 Small_Car Vehicle 1
661.0 6.0 660.0 22.0 652.0 22.0 652.0 6.0 Small_Car Vehicle 1
374.0 5.0 373.0 18.0 366.0 17.0 366.0 4.0 Van Vehicle 1
357.0 18.0 350.0 18.0 350.0 1.0 357.0 2.0 Small_Car Vehicle 1
371.0 37.0 363.0 37.0 364.0 20.0 371.0 20.0 Small_Car Vehicle 1
385.0 36.0 377.0 36.0 377.0 14.0 385.0 14.0 Van Vehicle 1
319.0 34.0 311.0 34.0 311.0 20.0 319.0 20.0 Small_Car Vehicle 1
281.0 81.0 274.0 82.0 273.0 63.0 281.0 63.0 Van Vehicle 1
653.0 87.0 645.0 87.0 644.0 72.0 653.0 72.0 Small_Car Vehicle 1
594.0 141.0 593.0 149.0 571.0 148.0 571.0 141.0 Dump_Truck Vehicle 1
365.0 250.0 364.0 267.0 356.0 267.0 357.0 249.0 Van Vehicle 1
323.0 277.0 306.0 277.0 306.0 271.0 323.0 272.0 Van Vehicle 1
272.0 271.0 271.0 278.0 251.0 276.0 251.0 270.0 Dump_Truck Vehicle 1
325.0 348.0 309.0 355.0 306.0 349.0 322.0 342.0 Van Vehicle 1
327.0 368.0 309.0 376.0 307.0 370.0 325.0 362.0 Van Vehicle 1
488.0 375.0 478.0 375.0 478.0 355.0 488.0 355.0 Small_Car Vehicle 1
500.0 365.0 492.0 365.0 492.0 347.0 500.0 347.0 Small_Car Vehicle 1
616.0 412.0 615.0 432.0 605.0 431.0 607.0 411.0 Van Vehicle 1
613.0 440.0 611.0 455.0 603.0 454.0 604.0 439.0 Small_Car Vehicle 1
265.0 434.0 258.0 448.0 250.0 444.0 257.0 430.0 Van Vehicle 1
289.0 470.0 281.0 471.0 280.0 456.0 289.0 456.0 Van Vehicle 1
421.0 527.0 401.0 528.0 401.0 523.0 421.0 522.0 Motorboat Ship 1
181.0 481.0 172.0 481.0 172.0 467.0 181.0 467.0 Small_Car Vehicle 1
180.0 503.0 168.0 503.0 169.0 482.0 180.0 482.0 Dump_Truck Vehicle 1
178.0 510.0 177.0 527.0 169.0 527.0 169.0 510.0 Van Vehicle 1
176.0 530.0 174.0 546.0 165.0 546.0 167.0 530.0 Van Vehicle 1
221.0 564.0 202.0 563.0 202.0 556.0 221.0 557.0 Van Vehicle 1
608.0 501.0 607.0 520.0 598.0 519.0 599.0 500.0 Dump_Truck Vehicle 1
604.0 542.0 596.0 542.0 596.0 526.0 604.0 526.0 Van Vehicle 1
680.0 371.0 677.0 407.0 668.0 406.0 672.0 370.0 Trailer Vehicle 1
675.0 437.0 674.0 453.0 666.0 453.0 667.0 437.0 Van Vehicle 1
564.0 580.0 543.0 580.0 544.0 574.0 564.0 575.0 Van Vehicle 1
594.0 622.0 586.0 622.0 586.0 603.0 594.0 603.0 Dump_Truck Vehicle 1
543.0 645.0 522.0 644.0 522.0 637.0 543.0 637.0 Small_Car Vehicle 1
451.0 640.0 431.0 639.0 431.0 632.0 451.0 633.0 Small_Car Vehicle 1
423.0 640.0 398.0 639.0 398.0 630.0 423.0 631.0 Dump_Truck Vehicle 1
171.0 577.0 168.0 598.0 159.0 596.0 162.0 576.0 Dump_Truck Vehicle 1
237.0 626.0 217.0 625.0 217.0 618.0 237.0 619.0 Van Vehicle 1
345.0 672.0 322.0 671.0 322.0 665.0 345.0 666.0 Van Vehicle 1
446.0 677.0 420.0 678.0 420.0 669.0 446.0 669.0 Dump_Truck Vehicle 1
644.0 733.0 636.0 733.0 635.0 716.0 644.0 716.0 Small_Car Vehicle 1
587.0 744.0 586.0 760.0 578.0 759.0 579.0 744.0 Van Vehicle 1
479.0 709.0 471.0 709.0 471.0 694.0 479.0 694.0 Van Vehicle 1
540.0 822.0 520.0 822.0 520.0 814.0 540.0 814.0 Small_Car Vehicle 1
538.0 830.0 520.0 830.0 520.0 823.0 538.0 823.0 Small_Car Vehicle 1
311.0 839.0 293.0 838.0 293.0 831.0 311.0 832.0 Van Vehicle 1
534.0 865.0 514.0 865.0 514.0 857.0 534.0 858.0 Small_Car Vehicle 1
626.0 891.0 617.0 891.0 617.0 872.0 626.0 872.0 Van Vehicle 1
628.0 846.0 627.0 867.0 618.0 867.0 619.0 845.0 Van Vehicle 1
620.0 945.0 617.0 961.0 608.0 959.0 611.0 943.0 Small_Car Vehicle 1
330.0 952.0 322.0 952.0 322.0 939.0 329.0 938.0 Small_Car Vehicle 1
317.0 938.0 316.0 954.0 309.0 954.0 310.0 938.0 Van Vehicle 1
401.0 986.0 377.0 985.0 377.0 978.0 401.0 978.0 Van Vehicle 1
109.0 108.0 102.0 108.0 101.0 92.0 109.0 92.0 Van Vehicle 1
175.0 24.0 167.0 24.0 166.0 9.0 175.0 9.0 Van Vehicle 1
214.0 141.0 213.0 159.0 206.0 159.0 207.0 141.0 Dump_Truck Vehicle 1
210.0 186.0 209.0 202.0 201.0 202.0 202.0 185.0 Small_Car Vehicle 1
154.0 196.0 153.0 213.0 146.0 213.0 147.0 196.0 Small_Car Vehicle 1
30.0 80.0 26.0 102.0 18.0 101.0 21.0 79.0 Van Vehicle 1
18.0 83.0 15.0 100.0 7.0 99.0 9.0 81.0 Dump_Truck Vehicle 1
101.0 43.0 100.0 58.0 91.0 57.0 92.0 42.0 Van Vehicle 1
77.0 58.0 68.0 58.0 67.0 42.0 76.0 42.0 Van Vehicle 1
117.0 307.0 95.0 306.0 95.0 300.0 117.0 301.0 Small_Car Vehicle 1
72.0 305.0 52.0 303.0 52.0 298.0 72.0 299.0 Van Vehicle 1
135.0 376.0 134.0 391.0 127.0 391.0 127.0 376.0 Small_Car Vehicle 1
191.0 384.0 184.0 384.0 184.0 370.0 191.0 370.0 Small_Car Vehicle 1
189.0 391.0 188.0 407.0 181.0 406.0 182.0 390.0 Dump_Truck Vehicle 1
136.0 354.0 135.0 371.0 128.0 371.0 129.0 354.0 Small_Car Vehicle 1
132.0 410.0 124.0 409.0 124.0 393.0 132.0 393.0 Small_Car Vehicle 1
158.0 690.0 157.0 705.0 148.0 705.0 149.0 689.0 Van Vehicle 1
100.0 710.0 90.0 710.0 91.0 693.0 100.0 694.0 Small_Car Vehicle 1
101.0 694.0 92.0 694.0 93.0 676.0 101.0 677.0 Small_Car Vehicle 1
25.0 948.0 0.0 947.0 0.0 939.0 25.0 941.0 Dump_Truck Vehicle 1
43.0 917.0 42.0 925.0 15.0 920.0 17.0 913.0 Dump_Truck Vehicle 1
41.0 907.0 23.0 906.0 23.0 899.0 41.0 900.0 Small_Car Vehicle 1
31.0 867.0 6.0 867.0 7.0 858.0 31.0 858.0 Dump_Truck Vehicle 1
30.0 845.0 11.0 844.0 11.0 838.0 30.0 839.0 Small_Car Vehicle 1
26.0 833.0 7.0 832.0 7.0 826.0 26.0 827.0 Small_Car Vehicle 1
35.0 824.0 14.0 823.0 15.0 816.0 35.0 817.0 Small_Car Vehicle 1
35.0 815.0 15.0 815.0 15.0 808.0 35.0 809.0 Small_Car Vehicle 1
94.0 741.0 93.0 757.0 86.0 757.0 87.0 740.0 Van Vehicle 1
117.0 541.0 109.0 542.0 109.0 525.0 116.0 525.0 Small_Car Vehicle 1
124.0 476.0 115.0 476.0 116.0 461.0 124.0 461.0 Van Vehicle 1
126.0 450.0 119.0 450.0 119.0 434.0 126.0 434.0 Small_Car Vehicle 1
122.0 499.0 120.0 519.0 110.0 518.0 112.0 498.0 Dump_Truck Vehicle 1
690.0 293.0 688.0 344.0 619.0 341.0 621.0 289.0 Intersection Road 1
656.0 629.0 653.0 691.0 581.0 687.0 584.0 625.0 Intersection Road 1
167.0 610.0 165.0 658.0 97.0 656.0 99.0 607.0 Intersection Road 1
208.0 256.0 203.0 315.0 135.0 309.0 141.0 250.0 Intersection Road 1
503.0 259.0 501.0 278.0 491.0 277.0 493.0 258.0 Van Vehicle 1
273.0 817.0 246.0 815.0 246.0 808.0 273.0 809.0 Dump_Truck Vehicle 1
