785.0 109.0 782.0 127.0 773.0 126.0 776.0 108.0 Small_Car Vehicle 1
792.0 172.0 790.0 188.0 781.0 187.0 783.0 171.0 Van Vehicle 1
672.0 699.0 665.0 717.0 658.0 714.0 664.0 697.0 Small_Car Vehicle 1
644.0 102.0 635.0 102.0 635.0 88.0 644.0 88.0 Small_Car Vehicle 1
637.0 145.0 629.0 145.0 629.0 129.0 637.0 129.0 Small_Car Vehicle 1
523.0 233.0 520.0 313.0 475.0 312.0 477.0 232.0 Tennis_Court Court 1
462.0 232.0 459.0 313.0 413.0 311.0 417.0 231.0 Tennis_Court Court 1
388.0 230.0 384.0 310.0 339.0 309.0 341.0 228.0 Tennis_Court Court 1
327.0 228.0 325.0 309.0 279.0 309.0 281.0 227.0 Tennis_Court Court 1
501.0 444.0 454.0 444.0 456.0 363.0 501.0 365.0 Tennis_Court Court 1
441.0 364.0 440.0 444.0 394.0 444.0 396.0 363.0 Tennis_Court Court 1
381.0 364.0 378.0 444.0 333.0 444.0 335.0 362.0 Tennis_Court Court 1
320.0 362.0 319.0 443.0 274.0 440.0 276.0 361.0 Tennis_Court Court 1
127.0 618.0 126.0 632.0 119.0 632.0 119.0 618.0 Small_Car Vehicle 1
137.0 618.0 136.0 634.0 128.0 633.0 129.0 618.0 Small_Car Vehicle 1
148.0 630.0 142.0 630.0 142.0 617.0 148.0 617.0 Van Vehicle 1
161.0 619.0 160.0 633.0 154.0 633.0 154.0 619.0 Van Vehicle 1
173.0 634.0 165.0 634.0 166.0 620.0 173.0 620.0 Small_Car Vehicle 1
142.0 679.0 134.0 680.0 134.0 664.0 142.0 664.0 Van Vehicle 1
154.0 667.0 153.0 683.0 146.0 682.0 147.0 666.0 Small_Car Vehicle 1
180.0 668.0 179.0 684.0 170.0 683.0 170.0 668.0 Small_Car Vehicle 1
202.0 670.0 201.0 682.0 193.0 681.0 195.0 669.0 Small_Car Vehicle 1
213.0 683.0 206.0 683.0 205.0 669.0 212.0 668.0 Van Vehicle 1
40.0 699.0 32.0 699.0 32.0 684.0 39.0 684.0 Small_Car Vehicle 1
22.0 694.0 13.0 694.0 14.0 679.0 22.0 679.0 Van Vehicle 1
178.0 897.0 162.0 906.0 159.0 900.0 175.0 891.0 Van Vehicle 1
191.0 941.0 176.0 951.0 172.0 946.0 188.0 936.0 Van Vehicle 1
377.0 901.0 357.0 901.0 357.0 895.0 377.0 895.0 Van Vehicle 1
850.0 163.0 848.0 179.0 840.0 178.0 841.0 162.0 Dump_Truck Vehicle 1
863.0 213.0 860.0 228.0 851.0 226.0 855.0 211.0 Dump_Truck Vehicle 1
825.0 274.0 822.0 290.0 815.0 288.0 818.0 273.0 Small_Car Vehicle 1
834.0 330.0 830.0 346.0 822.0 344.0 827.0 328.0 Van Vehicle 1
795.0 484.0 791.0 498.0 784.0 496.0 788.0 482.0 Small_Car Vehicle 1
766.0 525.0 763.0 540.0 755.0 538.0 758.0 523.0 Small_Car Vehicle 1
750.0 587.0 747.0 602.0 738.0 600.0 741.0 585.0 Small_Car Vehicle 1
745.0 653.0 742.0 668.0 734.0 666.0 737.0 651.0 Van Vehicle 1
716.0 704.0 712.0 720.0 704.0 718.0 708.0 702.0 Van Vehicle 1
672.0 891.0 664.0 910.0 656.0 907.0 663.0 888.0 Van Vehicle 1
500.0 954.0 493.0 960.0 482.0 948.0 488.0 942.0 Small_Car Vehicle 1
130.0 680.0 122.0 680.0 123.0 665.0 130.0 665.0 Small_Car Vehicle 1
