610.0 285.0 594.0 285.0 594.0 278.0 609.0 277.0 Van Vehicle 1
503.0 821.0 502.0 829.0 477.0 826.0 478.0 819.0 Dump_Truck Vehicle 1
186.0 807.0 176.0 824.0 166.0 819.0 177.0 801.0 Van Vehicle 1
541.0 852.0 524.0 852.0 524.0 846.0 541.0 846.0 Small_Car Vehicle 1
542.0 844.0 520.0 844.0 520.0 836.0 542.0 836.0 Small_Car Vehicle 1
526.0 869.0 507.0 870.0 507.0 864.0 525.0 863.0 Van Vehicle 1
62.0 70.0 42.0 74.0 40.0 65.0 60.0 61.0 Small_Car Vehicle 1
66.0 59.0 44.0 63.0 42.0 56.0 65.0 52.0 Small_Car Vehicle 1
64.0 49.0 43.0 53.0 42.0 47.0 62.0 43.0 Van Vehicle 1
68.0 40.0 47.0 45.0 45.0 38.0 66.0 32.0 Van Vehicle 1
66.0 31.0 47.0 35.0 45.0 28.0 65.0 24.0 Small_Car Vehicle 1
66.0 22.0 50.0 25.0 48.0 17.0 64.0 14.0 Van Vehicle 1
64.0 14.0 43.0 17.0 42.0 11.0 63.0 7.0 Van Vehicle 1
66.0 6.0 41.0 9.0 40.0 0.0 65.0 0.0 Small_Car Vehicle 1
26.0 64.0 25.0 81.0 15.0 80.0 16.0 63.0 Small_Car Vehicle 1
1000.0 254.0 987.0 270.0 980.0 264.0 993.0 248.0 Van Vehicle 1
982.0 253.0 973.0 267.0 966.0 262.0 975.0 249.0 Van Vehicle 1
963.0 255.0 952.0 268.0 946.0 263.0 956.0 250.0 Small_Car Vehicle 1
949.0 257.0 937.0 268.0 931.0 261.0 943.0 251.0 Small_Car Vehicle 1
935.0 253.0 922.0 268.0 915.0 262.0 929.0 247.0 Small_Car Vehicle 1
898.0 258.0 886.0 271.0 878.0 265.0 890.0 251.0 Small_Car Vehicle 1
882.0 257.0 868.0 268.0 862.0 261.0 876.0 250.0 Small_Car Vehicle 1
868.0 253.0 857.0 267.0 851.0 262.0 862.0 248.0 Van Vehicle 1
801.0 256.0 789.0 268.0 783.0 263.0 795.0 250.0 Small_Car Vehicle 1
772.0 288.0 744.0 288.0 744.0 278.0 772.0 278.0 Cargo_Truck Vehicle 1
789.0 256.0 775.0 266.0 771.0 259.0 784.0 249.0 Small_Car Vehicle 1
775.0 255.0 761.0 266.0 757.0 261.0 770.0 249.0 Van Vehicle 1
713.0 254.0 708.0 268.0 699.0 264.0 705.0 251.0 Van Vehicle 1
699.0 253.0 686.0 265.0 680.0 259.0 694.0 247.0 Small_Car Vehicle 1
660.0 219.0 657.0 226.0 640.0 220.0 643.0 213.0 Van Vehicle 1
658.0 210.0 654.0 217.0 635.0 206.0 639.0 200.0 Small_Car Vehicle 1
660.0 186.0 658.0 192.0 640.0 186.0 642.0 180.0 Small_Car Vehicle 1
664.0 178.0 661.0 185.0 638.0 174.0 641.0 167.0 Dump_Truck Vehicle 1
661.0 163.0 659.0 169.0 638.0 162.0 640.0 157.0 Small_Car Vehicle 1
659.0 151.0 656.0 159.0 637.0 152.0 640.0 144.0 Small_Car Vehicle 1
661.0 143.0 640.0 142.0 641.0 135.0 661.0 135.0 Van Vehicle 1
608.0 149.0 594.0 156.0 591.0 149.0 605.0 143.0 Small_Car Vehicle 1
611.0 159.0 593.0 165.0 590.0 158.0 608.0 152.0 Small_Car Vehicle 1
579.0 163.0 564.0 169.0 561.0 161.0 575.0 155.0 Van Vehicle 1
579.0 151.0 558.0 157.0 555.0 148.0 577.0 143.0 Small_Car Vehicle 1
577.0 139.0 558.0 146.0 555.0 138.0 574.0 131.0 Small_Car Vehicle 1
580.0 175.0 561.0 183.0 558.0 175.0 577.0 167.0 Van Vehicle 1
577.0 186.0 563.0 193.0 559.0 186.0 574.0 179.0 Van Vehicle 1
581.0 195.0 562.0 205.0 558.0 197.0 576.0 187.0 Van Vehicle 1
581.0 205.0 560.0 214.0 557.0 207.0 578.0 198.0 Small_Car Vehicle 1
581.0 217.0 563.0 226.0 560.0 218.0 577.0 210.0 Van Vehicle 1
527.0 220.0 523.0 228.0 502.0 219.0 506.0 210.0 Small_Car Vehicle 1
528.0 208.0 523.0 216.0 505.0 205.0 510.0 197.0 Dump_Truck Vehicle 1
526.0 196.0 522.0 203.0 503.0 194.0 507.0 187.0 Small_Car Vehicle 1
525.0 184.0 522.0 190.0 504.0 182.0 507.0 175.0 Small_Car Vehicle 1
526.0 175.0 524.0 180.0 505.0 172.0 508.0 167.0 Van Vehicle 1
528.0 162.0 526.0 170.0 505.0 162.0 507.0 155.0 Van Vehicle 1
186.0 285.0 167.0 284.0 168.0 278.0 186.0 278.0 Van Vehicle 1
211.0 283.0 191.0 284.0 191.0 277.0 211.0 277.0 Van Vehicle 1
234.0 284.0 212.0 284.0 212.0 276.0 234.0 275.0 Small_Car Vehicle 1
261.0 282.0 244.0 283.0 244.0 277.0 261.0 276.0 Van Vehicle 1
374.0 284.0 352.0 282.0 352.0 275.0 374.0 276.0 Small_Car Vehicle 1
398.0 284.0 379.0 283.0 379.0 276.0 398.0 277.0 Small_Car Vehicle 1
142.0 273.0 122.0 279.0 119.0 270.0 140.0 264.0 Small_Car Vehicle 1
120.0 189.0 116.0 195.0 101.0 184.0 104.0 178.0 Small_Car Vehicle 1
128.0 183.0 123.0 189.0 105.0 174.0 109.0 168.0 Small_Car Vehicle 1
970.0 943.0 958.0 944.0 957.0 923.0 969.0 922.0 Van Vehicle 1
951.0 942.0 942.0 942.0 941.0 924.0 951.0 924.0 Small_Car Vehicle 1
984.0 940.0 976.0 941.0 974.0 925.0 982.0 925.0 Small_Car Vehicle 1
816.0 975.0 806.0 975.0 805.0 958.0 815.0 957.0 Van Vehicle 1
804.0 959.0 803.0 975.0 794.0 975.0 795.0 958.0 Van Vehicle 1
762.0 974.0 752.0 974.0 753.0 956.0 762.0 956.0 Van Vehicle 1
751.0 975.0 742.0 975.0 742.0 954.0 751.0 954.0 Dump_Truck Vehicle 1
740.0 972.0 729.0 972.0 729.0 957.0 740.0 957.0 Small_Car Vehicle 1
280.0 919.0 270.0 921.0 267.0 903.0 277.0 901.0 Small_Car Vehicle 1
260.0 822.0 258.0 840.0 248.0 839.0 251.0 821.0 Van Vehicle 1
132.0 794.0 123.0 810.0 114.0 805.0 122.0 789.0 Small_Car Vehicle 1
123.0 787.0 108.0 806.0 99.0 799.0 113.0 780.0 Dump_Truck Vehicle 1
109.0 782.0 95.0 802.0 87.0 797.0 101.0 776.0 Dump_Truck Vehicle 1
98.0 775.0 89.0 793.0 81.0 790.0 89.0 771.0 Dump_Truck Vehicle 1
79.0 765.0 69.0 785.0 60.0 780.0 69.0 760.0 Dump_Truck Vehicle 1
66.0 760.0 58.0 779.0 48.0 776.0 55.0 756.0 Dump_Truck Vehicle 1
53.0 759.0 45.0 779.0 35.0 775.0 43.0 755.0 Dump_Truck Vehicle 1
41.0 757.0 34.0 777.0 24.0 774.0 30.0 753.0 Dump_Truck Vehicle 1
23.0 760.0 14.0 774.0 7.0 769.0 16.0 756.0 Small_Car Vehicle 1
9.0 752.0 4.0 769.0 0.0 768.0 0.0 749.0 Van Vehicle 1
30.0 994.0 21.0 995.0 19.0 981.0 27.0 980.0 Small_Car Vehicle 1
18.0 988.0 8.0 990.0 4.0 973.0 15.0 971.0 Small_Car Vehicle 1
