200.0 117.0 184.0 125.0 180.0 119.0 197.0 110.0 Van Vehicle 1
382.0 121.0 333.0 122.0 333.0 67.0 381.0 66.0 Intersection Road 1
30.0 928.0 29.0 936.0 10.0 935.0 11.0 927.0 Van Vehicle 1
54.0 986.0 47.0 986.0 46.0 973.0 54.0 973.0 Small_Car Vehicle 1
69.0 987.0 61.0 988.0 59.0 973.0 67.0 972.0 Small_Car Vehicle 1
37.0 996.0 15.0 995.0 16.0 989.0 37.0 990.0 Small_Car Vehicle 1
93.0 985.0 87.0 985.0 87.0 971.0 93.0 971.0 Small_Car Vehicle 1
80.0 987.0 73.0 987.0 72.0 972.0 80.0 972.0 Small_Car Vehicle 1
107.0 985.0 99.0 985.0 99.0 967.0 107.0 967.0 Small_Car Vehicle 1
122.0 990.0 113.0 990.0 113.0 971.0 122.0 971.0 Small_Car Vehicle 1
163.0 971.0 162.0 987.0 155.0 986.0 156.0 971.0 Small_Car Vehicle 1
176.0 990.0 167.0 990.0 167.0 971.0 176.0 971.0 Small_Car Vehicle 1
287.0 988.0 279.0 988.0 278.0 971.0 287.0 971.0 Small_Car Vehicle 1
274.0 988.0 266.0 989.0 266.0 972.0 274.0 972.0 Small_Car Vehicle 1
262.0 989.0 252.0 988.0 253.0 972.0 262.0 972.0 Small_Car Vehicle 1
387.0 962.0 339.0 962.0 339.0 913.0 387.0 913.0 Intersection Road 1
881.0 946.0 841.0 945.0 841.0 932.0 881.0 932.0 Small_Car Vehicle 1
712.0 824.0 707.0 840.0 698.0 838.0 703.0 821.0 Small_Car Vehicle 1
393.0 618.0 392.0 661.0 315.0 660.0 316.0 616.0 Intersection Road 1
147.0 711.0 146.0 724.0 139.0 724.0 139.0 710.0 Van Vehicle 1
127.0 638.0 126.0 646.0 102.0 645.0 102.0 638.0 Small_Car Vehicle 1
18.0 701.0 11.0 702.0 11.0 685.0 18.0 685.0 Van Vehicle 1
7.0 704.0 0.0 704.0 0.0 687.0 6.0 686.0 Van Vehicle 1
582.0 648.0 563.0 647.0 563.0 641.0 582.0 642.0 Van Vehicle 1
608.0 651.0 588.0 649.0 589.0 641.0 608.0 643.0 other-vehicle Vehicle 1
651.0 526.0 642.0 526.0 642.0 511.0 651.0 511.0 Small_Car Vehicle 1
710.0 650.0 688.0 649.0 688.0 644.0 710.0 644.0 Small_Car Vehicle 1
778.0 644.0 777.0 651.0 752.0 650.0 752.0 643.0 Small_Car Vehicle 1
900.0 651.0 879.0 652.0 879.0 646.0 899.0 646.0 Small_Car Vehicle 1
917.0 652.0 902.0 651.0 902.0 646.0 917.0 646.0 Van Vehicle 1
773.0 586.0 765.0 586.0 765.0 570.0 773.0 570.0 Van Vehicle 1
772.0 564.0 765.0 564.0 765.0 548.0 772.0 548.0 Small_Car Vehicle 1
773.0 506.0 771.0 528.0 763.0 528.0 765.0 506.0 Small_Car Vehicle 1
893.0 495.0 874.0 500.0 872.0 494.0 891.0 489.0 Small_Car Vehicle 1
794.0 538.0 788.0 538.0 788.0 525.0 794.0 525.0 Van Vehicle 1
977.0 413.0 955.0 412.0 955.0 406.0 977.0 407.0 Dump_Truck Vehicle 1
842.0 387.0 833.0 387.0 834.0 372.0 842.0 372.0 Small_Car Vehicle 1
828.0 388.0 820.0 388.0 820.0 369.0 828.0 369.0 Van Vehicle 1
883.0 344.0 862.0 344.0 862.0 336.0 883.0 337.0 Van Vehicle 1
924.0 345.0 908.0 344.0 909.0 338.0 924.0 339.0 Van Vehicle 1
665.0 342.0 645.0 342.0 645.0 336.0 665.0 337.0 Van Vehicle 1
668.0 214.0 667.0 231.0 659.0 231.0 660.0 214.0 Van Vehicle 1
645.0 255.0 636.0 256.0 633.0 240.0 641.0 238.0 Small_Car Vehicle 1
440.0 210.0 439.0 216.0 418.0 215.0 419.0 209.0 Van Vehicle 1
349.0 190.0 347.0 208.0 338.0 207.0 340.0 189.0 Van Vehicle 1
347.0 211.0 346.0 227.0 338.0 227.0 339.0 210.0 Small_Car Vehicle 1
521.0 64.0 506.0 69.0 504.0 63.0 519.0 57.0 Small_Car Vehicle 1
558.0 0.0 557.0 9.0 549.0 9.0 550.0 0.0 Van Vehicle 1
625.0 25.0 610.0 33.0 607.0 27.0 622.0 18.0 Small_Car Vehicle 1
651.0 9.0 634.0 21.0 630.0 14.0 647.0 3.0 Small_Car Vehicle 1
743.0 95.0 734.0 95.0 733.0 77.0 743.0 76.0 Small_Car Vehicle 1
528.0 452.0 509.0 451.0 509.0 445.0 528.0 445.0 Small_Car Vehicle 1
904.0 238.0 884.0 237.0 884.0 231.0 904.0 232.0 Small_Car Vehicle 1
926.0 235.0 924.0 241.0 905.0 235.0 907.0 228.0 Van Vehicle 1
806.0 832.0 804.0 852.0 796.0 851.0 798.0 831.0 Small_Car Vehicle 1
564.0 876.0 550.0 875.0 551.0 850.0 564.0 850.0 Small_Car Vehicle 1
