936.0 625.0 966.0 646.0 987.0 616.0 957.0 595.0 other-airplane Airplane 1
961.0 652.0 988.0 672.0 1005.0 648.0 978.0 629.0 other-airplane Airplane 1
862.0 672.0 935.0 666.0 929.0 591.0 855.0 597.0 Boeing747 Airplane 1
903.0 552.0 906.0 596.0 951.0 593.0 949.0 549.0 other-airplane Airplane 1
812.0 623.0 794.0 634.0 806.0 652.0 823.0 641.0 other-airplane Airplane 1
854.0 663.0 876.0 677.0 889.0 655.0 867.0 642.0 other-airplane Airplane 1
808.0 628.0 771.0 658.0 800.0 693.0 836.0 663.0 Boeing737 Airplane 1
826.0 649.0 809.0 658.0 819.0 677.0 836.0 668.0 other-airplane Airplane 1
691.0 543.0 717.0 574.0 747.0 550.0 720.0 518.0 other-airplane Airplane 1
749.0 536.0 745.0 492.0 700.0 496.0 705.0 540.0 other-airplane Airplane 1
804.0 543.0 800.0 484.0 748.0 488.0 753.0 547.0 other-airplane Airplane 1
789.0 508.0 795.0 541.0 825.0 536.0 819.0 503.0 other-airplane Airplane 1
860.0 538.0 850.0 522.0 836.0 531.0 845.0 547.0 other-airplane Airplane 1
867.0 538.0 864.0 478.0 803.0 481.0 805.0 541.0 other-airplane Airplane 1
215.0 687.0 204.0 597.0 121.0 608.0 132.0 697.0 Boeing747 Airplane 1
120.0 709.0 131.0 733.0 165.0 717.0 153.0 693.0 other-airplane Airplane 1
