500.0 75.0 447.0 89.0 434.0 44.0 488.0 29.0 A321 Airplane 1
565.0 118.0 521.0 122.0 515.0 75.0 558.0 70.0 A220 Airplane 1
602.0 496.0 503.0 506.0 494.0 415.0 593.0 404.0 Boeing747 Airplane 1
842.0 471.0 761.0 479.0 753.0 390.0 833.0 382.0 A350 Airplane 1
631.0 614.0 543.0 625.0 531.0 523.0 621.0 513.0 Boeing747 Airplane 1
699.0 711.0 607.0 721.0 598.0 638.0 689.0 629.0 A350 Airplane 1
746.0 813.0 654.0 823.0 646.0 742.0 736.0 731.0 A350 Airplane 1
900.0 570.363586 871.901611 572.91803 866.901611 517.91803 900.0 514.909058 A321 Airplane 1
347.0 683.0 317.0 693.0 310.0 671.0 339.0 661.0 Intersection Road 1
116.0 828.0 87.0 837.0 80.0 815.0 109.0 806.0 Intersection Road 1
76.0 696.0 41.0 701.0 37.0 675.0 72.0 670.0 Intersection Road 1
