696.0 220.0 684.0 220.0 684.0 214.0 696.0 215.0 Van Vehicle 1
480.0 170.0 478.0 182.0 472.0 181.0 474.0 169.0 Small_Car Vehicle 1
473.0 188.0 471.0 213.0 460.0 212.0 462.0 187.0 Excavator Vehicle 1
484.0 181.0 479.0 194.0 473.0 191.0 478.0 179.0 Dump_Truck Vehicle 1
532.0 16.0 529.0 23.0 512.0 17.0 515.0 10.0 Van Vehicle 1
525.0 42.0 523.0 51.0 500.0 44.0 502.0 36.0 Dump_Truck Vehicle 1
517.0 67.0 515.0 75.0 491.0 69.0 493.0 61.0 Small_Car Vehicle 1
509.0 94.0 508.0 101.0 483.0 98.0 484.0 91.0 Dump_Truck Vehicle 1
501.0 103.0 500.0 109.0 480.0 107.0 481.0 100.0 Van Vehicle 1
561.0 116.0 559.0 122.0 549.0 119.0 551.0 113.0 Small_Car Vehicle 1
558.0 124.0 557.0 129.0 548.0 127.0 550.0 121.0 Small_Car Vehicle 1
645.0 185.0 636.0 190.0 627.0 173.0 635.0 168.0 Dump_Truck Vehicle 1
682.0 110.0 676.0 124.0 667.0 121.0 673.0 106.0 Van Vehicle 1
695.0 111.0 688.0 128.0 680.0 124.0 686.0 108.0 Dump_Truck Vehicle 1
708.0 117.0 699.0 137.0 688.0 132.0 698.0 112.0 Van Vehicle 1
717.0 123.0 710.0 137.0 702.0 133.0 710.0 119.0 Van Vehicle 1
731.0 125.0 723.0 144.0 715.0 140.0 723.0 121.0 Dump_Truck Vehicle 1
743.0 130.0 736.0 145.0 727.0 140.0 735.0 126.0 Van Vehicle 1
734.0 174.0 731.0 181.0 710.0 173.0 713.0 166.0 Dump_Truck Vehicle 1
726.0 183.0 724.0 190.0 705.0 182.0 708.0 175.0 Small_Car Vehicle 1
747.0 201.0 743.0 209.0 725.0 201.0 728.0 193.0 Van Vehicle 1
716.0 17.0 706.0 19.0 702.0 0.0 712.0 0.0 Cargo_Truck Vehicle 1
730.0 23.0 720.0 24.0 718.0 5.0 728.0 4.0 Dump_Truck Vehicle 1
742.0 27.0 733.0 28.0 731.0 10.0 741.0 9.0 Van Vehicle 1
756.0 32.0 746.0 33.0 745.0 11.0 755.0 11.0 Van Vehicle 1
542.0 283.0 531.0 286.0 524.0 265.0 535.0 262.0 Small_Car Vehicle 1
650.0 307.0 647.0 315.0 628.0 309.0 631.0 301.0 Van Vehicle 1
637.0 356.0 630.0 378.0 621.0 375.0 627.0 353.0 Dump_Truck Vehicle 1
626.0 337.0 621.0 356.0 611.0 353.0 617.0 334.0 Dump_Truck Vehicle 1
765.0 335.0 761.0 356.0 752.0 354.0 755.0 334.0 Van Vehicle 1
487.0 404.0 486.0 413.0 463.0 408.0 465.0 399.0 Small_Car Vehicle 1
557.0 394.0 556.0 401.0 530.0 397.0 531.0 390.0 Small_Car Vehicle 1
551.0 410.0 550.0 418.0 526.0 415.0 527.0 407.0 Dump_Truck Vehicle 1
545.0 428.0 544.0 436.0 524.0 433.0 525.0 425.0 Van Vehicle 1
539.0 445.0 538.0 452.0 520.0 449.0 521.0 442.0 Small_Car Vehicle 1
538.0 462.0 517.0 461.0 517.0 453.0 538.0 454.0 Van Vehicle 1
520.0 511.0 519.0 519.0 498.0 517.0 499.0 509.0 Small_Car Vehicle 1
690.0 360.0 685.0 383.0 674.0 381.0 679.0 357.0 Cargo_Truck Vehicle 1
649.0 355.0 644.0 374.0 635.0 371.0 640.0 352.0 Dump_Truck Vehicle 1
501.0 111.0 500.0 119.0 478.0 117.0 479.0 108.0 Van Vehicle 1
515.0 77.0 513.0 86.0 489.0 79.0 492.0 70.0 Dump_Truck Vehicle 1
520.0 60.0 518.0 67.0 494.0 61.0 496.0 54.0 Dump_Truck Vehicle 1
523.0 51.0 522.0 59.0 496.0 53.0 498.0 45.0 Dump_Truck Vehicle 1
528.0 34.0 525.0 42.0 504.0 35.0 506.0 27.0 Van Vehicle 1
531.0 25.0 529.0 32.0 507.0 25.0 509.0 18.0 Van Vehicle 1
540.0 8.0 537.0 16.0 515.0 8.0 518.0 1.0 Van Vehicle 1
635.0 191.0 627.0 196.0 617.0 179.0 625.0 174.0 Dump_Truck Vehicle 1
650.0 172.0 643.0 177.0 634.0 163.0 641.0 158.0 Dump_Truck Vehicle 1
