318.0 370.0 301.0 378.0 298.0 371.0 315.0 364.0 Small_Car Vehicle 1
254.0 682.0 252.0 689.0 235.0 685.0 237.0 678.0 Small_Car Vehicle 1
546.0 697.0 527.0 696.0 528.0 690.0 546.0 690.0 Van Vehicle 1
535.0 683.0 516.0 682.0 517.0 675.0 535.0 676.0 Small_Car Vehicle 1
362.0 652.0 361.0 659.0 341.0 656.0 342.0 649.0 Van Vehicle 1
326.0 658.0 325.0 665.0 302.0 662.0 303.0 655.0 Van Vehicle 1
285.0 649.0 284.0 656.0 266.0 653.0 267.0 646.0 Small_Car Vehicle 1
266.0 634.0 265.0 641.0 246.0 638.0 247.0 631.0 Van Vehicle 1
234.0 638.0 232.0 645.0 214.0 641.0 215.0 633.0 Small_Car Vehicle 1
209.0 617.0 208.0 624.0 191.0 622.0 192.0 615.0 Small_Car Vehicle 1
179.0 624.0 177.0 631.0 155.0 626.0 157.0 619.0 Van Vehicle 1
119.0 609.0 117.0 616.0 99.0 611.0 101.0 604.0 Van Vehicle 1
125.0 597.0 123.0 605.0 102.0 599.0 104.0 592.0 Dump_Truck Vehicle 1
63.0 579.0 61.0 586.0 41.0 580.0 44.0 573.0 Small_Car Vehicle 1
53.0 589.0 51.0 596.0 32.0 591.0 34.0 584.0 Small_Car Vehicle 1
10.0 203.0 1.0 203.0 0.0 187.0 9.0 186.0 Van Vehicle 1
257.0 67.0 256.0 74.0 238.0 70.0 239.0 64.0 Van Vehicle 1
222.0 58.0 220.0 64.0 204.0 59.0 206.0 53.0 other-vehicle Vehicle 1
292.0 131.0 284.0 134.0 279.0 119.0 286.0 116.0 Small_Car Vehicle 1
322.0 119.0 314.0 121.0 310.0 104.0 318.0 102.0 Van Vehicle 1
13.0 393.0 10.0 410.0 3.0 409.0 5.0 392.0 Van Vehicle 1
346.0 244.0 340.0 247.0 334.0 234.0 340.0 232.0 Van Vehicle 1
390.0 260.0 383.0 263.0 377.0 249.0 383.0 246.0 Small_Car Vehicle 1
