168.0 345.0 154.0 359.0 148.0 353.0 162.0 339.0 Small_Car Vehicle 1
311.0 98.0 308.0 118.0 298.0 116.0 301.0 96.0 Van Vehicle 1
470.0 493.0 172.0 495.0 170.0 272.0 469.0 269.0 Baseball_Field Court 1
952.0 102.0 935.0 102.0 935.0 96.0 952.0 96.0 Small_Car Vehicle 1
913.0 180.0 904.0 181.0 902.0 159.0 911.0 159.0 Van Vehicle 1
915.0 201.0 906.0 202.0 905.0 195.0 914.0 194.0 Van Vehicle 1
984.0 323.0 977.0 330.0 962.0 314.0 969.0 307.0 Van Vehicle 1
951.0 289.0 940.0 295.0 925.0 264.0 936.0 259.0 Cargo_Truck Vehicle 1
928.0 245.0 918.0 248.0 914.0 232.0 924.0 230.0 Small_Car Vehicle 1
815.0 23.0 796.0 22.0 796.0 12.0 815.0 13.0 Van Vehicle 1
754.0 17.0 728.0 17.0 728.0 10.0 754.0 11.0 Small_Car Vehicle 1
863.0 27.0 835.0 25.0 836.0 17.0 863.0 20.0 Small_Car Vehicle 1
562.0 600.0 535.0 600.0 535.0 590.0 562.0 590.0 Van Vehicle 1
617.0 634.0 608.0 636.0 605.0 620.0 614.0 618.0 Small_Car Vehicle 1
748.0 181.0 729.0 182.0 728.0 174.0 748.0 173.0 Van Vehicle 1
