212.0 100.0 196.0 107.0 192.0 100.0 209.0 92.0 Small_Car Vehicle 1
234.0 90.0 214.0 99.0 211.0 91.0 230.0 83.0 Small_Car Vehicle 1
265.0 78.0 242.0 88.0 238.0 79.0 261.0 69.0 Cargo_Truck Vehicle 1
189.0 110.0 171.0 118.0 168.0 110.0 185.0 102.0 Van Vehicle 1
263.0 104.0 246.0 111.0 242.0 102.0 259.0 95.0 Van Vehicle 1
240.0 114.0 226.0 121.0 222.0 114.0 237.0 107.0 Van Vehicle 1
215.0 126.0 198.0 133.0 194.0 125.0 212.0 118.0 Van Vehicle 1
164.0 121.0 141.0 133.0 137.0 125.0 160.0 113.0 Dump_Truck Vehicle 1
140.0 132.0 125.0 142.0 120.0 135.0 135.0 125.0 Small_Car Vehicle 1
150.0 184.0 132.0 193.0 128.0 185.0 146.0 177.0 Small_Car Vehicle 1
146.0 178.0 129.0 186.0 125.0 179.0 142.0 170.0 Small_Car Vehicle 1
158.0 192.0 140.0 200.0 136.0 190.0 154.0 182.0 Dump_Truck Vehicle 1
145.0 304.0 130.0 312.0 126.0 305.0 142.0 297.0 other-vehicle Vehicle 1
110.0 251.0 91.0 260.0 87.0 251.0 105.0 242.0 Small_Car Vehicle 1
183.0 229.0 166.0 237.0 161.0 226.0 178.0 218.0 Van Vehicle 1
168.0 207.0 151.0 214.0 147.0 205.0 164.0 197.0 Van Vehicle 1
190.0 235.0 173.0 244.0 169.0 236.0 186.0 227.0 Van Vehicle 1
198.0 254.0 183.0 261.0 179.0 253.0 194.0 246.0 Small_Car Vehicle 1
210.0 271.0 196.0 280.0 191.0 272.0 206.0 263.0 Van Vehicle 1
94.0 322.0 92.0 329.0 73.0 323.0 75.0 316.0 Small_Car Vehicle 1
51.0 314.0 49.0 322.0 23.0 316.0 25.0 307.0 Van Vehicle 1
92.0 331.0 88.0 340.0 70.0 332.0 73.0 324.0 Small_Car Vehicle 1
30.0 336.0 27.0 345.0 11.0 340.0 14.0 331.0 Small_Car Vehicle 1
20.0 363.0 16.0 372.0 1.0 366.0 4.0 357.0 Van Vehicle 1
50.0 403.0 40.0 407.0 30.0 385.0 40.0 380.0 Dump_Truck Vehicle 1
61.0 398.0 51.0 402.0 41.0 379.0 52.0 375.0 Van Vehicle 1
79.0 391.0 70.0 395.0 63.0 377.0 72.0 373.0 Van Vehicle 1
91.0 389.0 81.0 393.0 74.0 374.0 83.0 370.0 Small_Car Vehicle 1
103.0 386.0 93.0 390.0 84.0 369.0 94.0 364.0 Van Vehicle 1
116.0 383.0 107.0 388.0 95.0 364.0 104.0 360.0 Dump_Truck Vehicle 1
306.0 303.0 304.0 311.0 283.0 305.0 285.0 298.0 Small_Car Vehicle 1
314.0 295.0 312.0 303.0 294.0 299.0 296.0 291.0 Dump_Truck Vehicle 1
334.0 296.0 325.0 301.0 316.0 286.0 325.0 281.0 Small_Car Vehicle 1
342.0 291.0 335.0 296.0 325.0 280.0 332.0 276.0 Small_Car Vehicle 1
359.0 285.0 351.0 289.0 341.0 273.0 349.0 269.0 Van Vehicle 1
588.0 172.0 571.0 177.0 569.0 170.0 585.0 164.0 Van Vehicle 1
582.0 154.0 561.0 162.0 558.0 155.0 579.0 147.0 Small_Car Vehicle 1
578.0 146.0 560.0 154.0 556.0 145.0 574.0 137.0 Small_Car Vehicle 1
572.0 137.0 553.0 145.0 549.0 136.0 568.0 128.0 Van Vehicle 1
248.0 454.0 246.0 462.0 227.0 457.0 230.0 449.0 Small_Car Vehicle 1
278.0 444.0 276.0 452.0 257.0 447.0 259.0 439.0 Small_Car Vehicle 1
263.0 450.0 261.0 457.0 244.0 451.0 246.0 444.0 Small_Car Vehicle 1
293.0 440.0 291.0 447.0 274.0 442.0 277.0 434.0 Dump_Truck Vehicle 1
300.0 418.0 282.0 423.0 280.0 416.0 298.0 410.0 Van Vehicle 1
327.0 432.0 323.0 440.0 305.0 431.0 309.0 423.0 Dump_Truck Vehicle 1
376.0 415.0 373.0 423.0 353.0 417.0 356.0 409.0 Van Vehicle 1
424.0 401.0 421.0 410.0 397.0 401.0 400.0 392.0 Dump_Truck Vehicle 1
590.0 311.0 542.0 327.0 529.0 287.0 577.0 271.0 Intersection Road 1
488.0 505.0 444.0 519.0 409.0 441.0 453.0 427.0 Tennis_Court Court 1
432.0 522.0 388.0 535.0 353.0 458.0 396.0 445.0 Tennis_Court Court 1
376.0 539.0 333.0 553.0 298.0 476.0 342.0 463.0 Tennis_Court Court 1
85.0 500.0 83.0 507.0 72.0 504.0 74.0 497.0 Van Vehicle 1
109.0 499.0 106.0 506.0 87.0 498.0 90.0 491.0 Small_Car Vehicle 1
135.0 488.0 132.0 496.0 114.0 489.0 117.0 481.0 Small_Car Vehicle 1
168.0 477.0 165.0 485.0 146.0 478.0 149.0 470.0 Van Vehicle 1
163.0 512.0 154.0 515.0 146.0 497.0 156.0 494.0 Small_Car Vehicle 1
174.0 505.0 164.0 509.0 157.0 493.0 167.0 489.0 Small_Car Vehicle 1
152.0 513.0 143.0 517.0 136.0 500.0 145.0 496.0 Small_Car Vehicle 1
130.0 519.0 122.0 522.0 116.0 506.0 124.0 503.0 Small_Car Vehicle 1
120.0 521.0 113.0 525.0 105.0 510.0 112.0 506.0 Van Vehicle 1
101.0 530.0 92.0 533.0 89.0 523.0 99.0 520.0 Van Vehicle 1
91.0 531.0 81.0 535.0 75.0 520.0 84.0 516.0 Van Vehicle 1
68.0 537.0 61.0 539.0 58.0 533.0 66.0 530.0 other-vehicle Vehicle 1
78.0 533.0 71.0 535.0 68.0 527.0 75.0 524.0 Van Vehicle 1
69.0 590.0 59.0 594.0 53.0 576.0 62.0 573.0 Small_Car Vehicle 1
142.0 568.0 134.0 572.0 126.0 555.0 135.0 551.0 Small_Car Vehicle 1
184.0 557.0 174.0 560.0 169.0 543.0 178.0 540.0 Small_Car Vehicle 1
245.0 490.0 228.0 497.0 225.0 489.0 242.0 483.0 Small_Car Vehicle 1
249.0 500.0 232.0 505.0 230.0 497.0 247.0 492.0 Van Vehicle 1
255.0 507.0 236.0 513.0 234.0 506.0 252.0 500.0 Van Vehicle 1
259.0 516.0 238.0 523.0 236.0 514.0 256.0 508.0 Van Vehicle 1
262.0 524.0 246.0 528.0 244.0 521.0 260.0 516.0 Van Vehicle 1
266.0 534.0 247.0 539.0 245.0 531.0 264.0 525.0 Small_Car Vehicle 1
275.0 550.0 255.0 556.0 253.0 548.0 272.0 542.0 Van Vehicle 1
287.0 576.0 268.0 581.0 266.0 573.0 285.0 568.0 Van Vehicle 1
293.0 586.0 270.0 592.0 268.0 583.0 290.0 577.0 Cargo_Truck Vehicle 1
297.0 602.0 279.0 608.0 277.0 600.0 295.0 595.0 Small_Car Vehicle 1
295.0 612.0 285.0 616.0 283.0 608.0 293.0 605.0 Small_Car Vehicle 1
299.0 621.0 285.0 625.0 282.0 618.0 297.0 613.0 Van Vehicle 1
312.0 636.0 294.0 642.0 292.0 633.0 310.0 628.0 Small_Car Vehicle 1
320.0 654.0 303.0 660.0 300.0 653.0 318.0 647.0 Small_Car Vehicle 1
325.0 671.0 312.0 676.0 309.0 670.0 323.0 664.0 Van Vehicle 1
549.0 794.0 531.0 799.0 529.0 790.0 547.0 785.0 Small_Car Vehicle 1
