461.0 777.0 454.0 777.0 454.0 765.0 461.0 765.0 Small_Car Vehicle 1
434.0 766.0 431.0 783.0 422.0 781.0 426.0 764.0 Van Vehicle 1
664.0 949.0 663.0 957.0 644.0 955.0 645.0 948.0 Small_Car Vehicle 1
616.0 963.0 615.0 980.0 606.0 979.0 607.0 962.0 Van Vehicle 1
156.0 361.0 148.0 361.0 149.0 349.0 156.0 349.0 Small_Car Vehicle 1
179.0 691.0 176.0 742.0 100.0 738.0 103.0 687.0 Intersection Road 1
595.0 671.0 571.0 670.0 572.0 661.0 595.0 663.0 Small_Car Vehicle 1
995.0 859.0 984.0 865.0 972.0 843.0 983.0 837.0 Dump_Truck Vehicle 1
896.0 712.0 887.0 717.0 879.0 700.0 888.0 696.0 Van Vehicle 1
766.0 429.0 758.0 434.0 749.0 419.0 757.0 414.0 Football_Field Court 1
607.0 629.0 587.0 628.0 588.0 621.0 607.0 621.0 Small_Car Vehicle 1
196.0 911.0 195.0 921.0 175.0 921.0 175.0 911.0 Small_Car Vehicle 1
353.0 737.0 352.0 744.0 327.0 741.0 328.0 734.0 Dump_Truck Vehicle 1
607.0 657.0 599.0 658.0 597.0 641.0 606.0 640.0 Van Vehicle 1
177.0 117.0 168.0 117.0 168.0 96.0 177.0 96.0 Small_Car Vehicle 1
48.0 74.0 31.0 74.0 32.0 66.0 48.0 66.0 Small_Car Vehicle 1
355.0 391.0 352.0 408.0 343.0 407.0 346.0 389.0 Dump_Truck Vehicle 1
645.0 676.0 642.0 696.0 632.0 695.0 634.0 675.0 Van Vehicle 1
687.0 747.0 686.0 754.0 665.0 752.0 666.0 746.0 Van Vehicle 1
447.0 789.0 437.0 789.0 438.0 769.0 447.0 770.0 Dump_Truck Vehicle 1
60.0 732.0 31.0 730.0 32.0 722.0 60.0 723.0 Dump_Truck Vehicle 1
83.0 76.0 65.0 76.0 65.0 69.0 83.0 69.0 Van Vehicle 1
647.0 234.0 638.0 238.0 631.0 225.0 639.0 220.0 Van Vehicle 1
699.0 326.0 689.0 330.0 682.0 313.0 692.0 309.0 Small_Car Vehicle 1
817.0 551.0 808.0 556.0 800.0 540.0 809.0 535.0 Small_Car Vehicle 1
865.0 612.0 858.0 615.0 850.0 600.0 857.0 596.0 Van Vehicle 1
945.0 767.0 936.0 771.0 928.0 755.0 938.0 750.0 Small_Car Vehicle 1
940.0 791.0 930.0 796.0 922.0 778.0 932.0 773.0 Van Vehicle 1
271.0 927.0 251.0 927.0 251.0 918.0 271.0 919.0 Dump_Truck Vehicle 1
