565.0 569.0 558.0 570.0 558.0 556.0 564.0 556.0 Van Vehicle 1
355.0 477.0 345.0 477.0 345.0 457.0 355.0 457.0 Small_Car Vehicle 1
132.0 333.0 107.0 333.0 107.0 325.0 132.0 324.0 Van Vehicle 1
236.0 328.0 212.0 329.0 212.0 319.0 236.0 318.0 Van Vehicle 1
309.0 315.0 308.0 327.0 280.0 325.0 281.0 313.0 Small_Car Vehicle 1
339.0 434.0 319.0 435.0 318.0 427.0 338.0 426.0 Van Vehicle 1
317.0 427.0 297.0 428.0 296.0 421.0 317.0 419.0 Van Vehicle 1
411.0 408.0 386.0 407.0 386.0 399.0 411.0 401.0 Van Vehicle 1
415.0 298.0 414.0 332.0 330.0 331.0 331.0 296.0 Intersection Road 1
387.0 199.0 382.0 216.0 373.0 213.0 379.0 196.0 Van Vehicle 1
361.0 126.0 359.0 132.0 336.0 126.0 338.0 120.0 Small_Car Vehicle 1
517.0 75.0 516.0 89.0 507.0 89.0 508.0 75.0 Small_Car Vehicle 1
86.0 296.0 77.0 297.0 75.0 278.0 84.0 277.0 Van Vehicle 1
73.0 282.0 65.0 298.0 57.0 293.0 65.0 278.0 Van Vehicle 1
59.0 279.0 52.0 290.0 44.0 286.0 50.0 274.0 other-vehicle Vehicle 1
355.0 518.0 343.0 519.0 341.0 499.0 353.0 498.0 Small_Car Vehicle 1
74.0 643.0 52.0 645.0 51.0 638.0 73.0 636.0 Van Vehicle 1
185.0 660.0 163.0 660.0 163.0 652.0 185.0 652.0 Van Vehicle 1
408.0 653.0 341.0 655.0 340.0 622.0 407.0 620.0 Intersection Road 1
369.0 722.0 358.0 723.0 355.0 701.0 366.0 700.0 Dump_Truck Vehicle 1
31.0 440.0 10.0 439.0 10.0 430.0 31.0 430.0 Small_Car Vehicle 1
