71.0 177.0 11.0 86.0 -3.0 95.0 57.0 186.0 Dry_Cargo_Ship Ship 1
784.0 6.0 701.0 118.0 719.0 131.0 801.0 20.0 Liquid_Cargo_Ship Ship 1
744.0 -27.0 657.0 95.0 676.0 109.0 763.0 -15.0 Dry_Cargo_Ship Ship 1
751.0 206.0 863.0 120.0 848.0 100.0 736.0 186.0 Liquid_Cargo_Ship Ship 1
890.0 249.0 790.0 388.0 815.0 406.0 915.0 265.0 Liquid_Cargo_Ship Ship 1
959.0 240.0 907.0 306.0 942.0 333.0 994.0 265.0 Engineering_Ship Ship 1
898.0 370.0 838.0 452.0 861.0 468.0 921.0 386.0 Engineering_Ship Ship 1
257.0 645.0 240.0 613.0 232.0 615.0 250.0 647.0 Motorboat Ship 1
392.0 709.0 330.0 640.0 319.0 650.0 382.0 718.0 Dry_Cargo_Ship Ship 1
321.0 629.0 396.0 711.0 405.0 700.0 332.0 620.0 Dry_Cargo_Ship Ship 1
346.0 634.0 409.0 702.0 419.0 693.0 357.0 625.0 Dry_Cargo_Ship Ship 1
348.0 615.0 426.0 697.0 434.0 690.0 357.0 606.0 Dry_Cargo_Ship Ship 1
446.0 683.0 375.0 602.0 365.0 611.0 436.0 690.0 Dry_Cargo_Ship Ship 1
461.0 677.0 384.0 590.0 373.0 600.0 450.0 686.0 Dry_Cargo_Ship Ship 1
463.0 686.0 378.0 725.0 384.0 738.0 469.0 699.0 Dry_Cargo_Ship Ship 1
471.0 699.0 386.0 738.0 392.0 750.0 478.0 709.0 Dry_Cargo_Ship Ship 1
484.0 708.0 400.0 749.0 405.0 759.0 490.0 718.0 Dry_Cargo_Ship Ship 1
500.0 715.0 400.0 763.0 405.0 775.0 505.0 729.0 Dry_Cargo_Ship Ship 1
415.0 788.0 515.0 740.0 509.0 729.0 411.0 775.0 Dry_Cargo_Ship Ship 1
519.0 740.0 434.0 779.0 440.0 790.0 523.0 752.0 Dry_Cargo_Ship Ship 1
528.0 750.0 442.0 790.0 446.0 802.0 534.0 761.0 Dry_Cargo_Ship Ship 1
448.0 820.0 534.0 779.0 528.0 765.0 442.0 806.0 Dry_Cargo_Ship Ship 1
448.0 838.0 550.0 788.0 544.0 777.0 442.0 827.0 Dry_Cargo_Ship Ship 1
459.0 849.0 580.0 788.0 575.0 777.0 453.0 836.0 Dry_Cargo_Ship Ship 1
576.0 790.0 476.0 838.0 482.0 852.0 582.0 804.0 Dry_Cargo_Ship Ship 1
592.0 800.0 509.0 840.0 515.0 854.0 598.0 813.0 Dry_Cargo_Ship Ship 1
596.0 815.0 496.0 863.0 503.0 875.0 601.0 829.0 Dry_Cargo_Ship Ship 1
617.0 822.0 494.0 879.0 501.0 895.0 625.0 836.0 Dry_Cargo_Ship Ship 1
609.0 845.0 507.0 893.0 513.0 906.0 615.0 858.0 Dry_Cargo_Ship Ship 1
521.0 915.0 626.0 870.0 619.0 858.0 517.0 904.0 Dry_Cargo_Ship Ship 1
617.0 875.0 532.0 913.0 538.0 925.0 621.0 886.0 Dry_Cargo_Ship Ship 1
532.0 943.0 634.0 900.0 628.0 886.0 526.0 929.0 Dry_Cargo_Ship Ship 1
634.0 900.0 540.0 943.0 546.0 956.0 640.0 911.0 Dry_Cargo_Ship Ship 1
559.0 965.0 680.0 909.0 675.0 895.0 553.0 954.0 Dry_Cargo_Ship Ship 1
576.0 977.0 678.0 929.0 671.0 915.0 569.0 963.0 Dry_Cargo_Ship Ship 1
582.0 990.0 682.0 943.0 676.0 929.0 576.0 975.0 Dry_Cargo_Ship Ship 1
586.0 1000.0 686.0 958.0 682.0 945.0 582.0 988.0 Dry_Cargo_Ship Ship 1
592.0 1015.0 715.0 961.0 709.0 949.0 586.0 1002.0 Dry_Cargo_Ship Ship 1
713.0 975.0 671.0 993.0 676.0 1002.0 717.0 983.0 Dry_Cargo_Ship Ship 1
59.0 988.0 137.0 1006.0 141.0 993.0 63.0 975.0 Dry_Cargo_Ship Ship 1
830.0 934.0 823.0 921.0 816.0 923.0 823.0 936.0 Motorboat Ship 1
996.0 415.0 1005.0 402.0 1000.0 399.0 990.0 411.0 Motorboat Ship 1
980.0 504.0 992.0 488.0 986.0 484.0 975.0 500.0 Motorboat Ship 1
988.0 509.0 1001.0 490.0 994.0 488.0 982.0 504.0 Motorboat Ship 1
953.0 918.0 955.0 909.0 950.0 909.0 948.0 918.0 Motorboat Ship 1
615.0 731.0 607.0 722.0 602.0 725.0 610.0 734.0 Motorboat Ship 1
409.0 500.0 401.0 490.0 398.0 495.0 405.0 504.0 Motorboat Ship 1
96.0 431.0 -24.0 537.0 3.0 567.0 123.0 461.0 Dry_Cargo_Ship Ship 1
