994.0 566.0 976.0 572.0 973.0 565.0 992.0 559.0 Small_Car Vehicle 1
993.0 554.0 976.0 558.0 974.0 550.0 990.0 545.0 Small_Car Vehicle 1
964.0 574.0 945.0 582.0 943.0 575.0 961.0 567.0 Small_Car Vehicle 1
958.0 563.0 938.0 570.0 935.0 562.0 955.0 555.0 Small_Car Vehicle 1
903.0 591.0 878.0 599.0 875.0 592.0 900.0 584.0 Van Vehicle 1
891.0 581.0 869.0 588.0 867.0 582.0 889.0 574.0 Van Vehicle 1
865.0 601.0 846.0 606.0 844.0 599.0 862.0 593.0 Small_Car Vehicle 1
856.0 614.0 837.0 618.0 836.0 612.0 854.0 608.0 Small_Car Vehicle 1
828.0 623.0 808.0 628.0 806.0 621.0 826.0 616.0 Small_Car Vehicle 1
803.0 629.0 786.0 633.0 784.0 627.0 801.0 623.0 other-vehicle Vehicle 1
844.0 537.0 837.0 552.0 829.0 548.0 836.0 533.0 Van Vehicle 1
816.0 543.0 805.0 561.0 797.0 556.0 809.0 538.0 other-vehicle Vehicle 1
732.0 563.0 720.0 585.0 710.0 580.0 722.0 558.0 other-vehicle Vehicle 1
709.0 573.0 701.0 591.0 692.0 587.0 700.0 569.0 Small_Car Vehicle 1
694.0 577.0 685.0 594.0 677.0 589.0 685.0 573.0 Small_Car Vehicle 1
675.0 584.0 668.0 599.0 661.0 596.0 668.0 581.0 Small_Car Vehicle 1
661.0 586.0 655.0 602.0 647.0 599.0 653.0 584.0 Small_Car Vehicle 1
615.0 600.0 607.0 615.0 599.0 610.0 607.0 595.0 Small_Car Vehicle 1
598.0 605.0 592.0 619.0 585.0 616.0 591.0 602.0 Small_Car Vehicle 1
584.0 608.0 577.0 624.0 568.0 620.0 575.0 604.0 Small_Car Vehicle 1
568.0 613.0 562.0 629.0 554.0 626.0 559.0 610.0 Small_Car Vehicle 1
553.0 614.0 547.0 630.0 539.0 627.0 545.0 611.0 Small_Car Vehicle 1
698.0 655.0 684.0 662.0 681.0 656.0 696.0 650.0 Van Vehicle 1
652.0 671.0 630.0 677.0 628.0 670.0 650.0 663.0 Small_Car Vehicle 1
625.0 678.0 605.0 683.0 603.0 675.0 623.0 670.0 Van Vehicle 1
585.0 689.0 564.0 696.0 562.0 689.0 583.0 682.0 Van Vehicle 1
559.0 696.0 539.0 703.0 537.0 696.0 556.0 689.0 Van Vehicle 1
419.0 735.0 403.0 741.0 401.0 735.0 417.0 729.0 Van Vehicle 1
341.0 757.0 322.0 762.0 320.0 755.0 339.0 749.0 Small_Car Vehicle 1
166.0 800.0 147.0 807.0 145.0 801.0 164.0 794.0 Small_Car Vehicle 1
963.0 239.0 957.0 243.0 946.0 229.0 952.0 224.0 Small_Car Vehicle 1
788.0 59.0 781.0 64.0 771.0 48.0 778.0 43.0 Small_Car Vehicle 1
990.0 460.0 970.0 466.0 968.0 460.0 989.0 454.0 Van Vehicle 1
791.0 511.0 768.0 517.0 766.0 509.0 788.0 503.0 Small_Car Vehicle 1
781.0 501.0 763.0 507.0 760.0 499.0 779.0 493.0 Small_Car Vehicle 1
753.0 509.0 730.0 517.0 727.0 509.0 751.0 501.0 Small_Car Vehicle 1
717.0 519.0 697.0 525.0 694.0 517.0 714.0 510.0 Small_Car Vehicle 1
665.0 534.0 646.0 540.0 643.0 532.0 663.0 526.0 Van Vehicle 1
621.0 547.0 563.0 564.0 560.0 555.0 619.0 538.0 Bus Vehicle 1
544.0 567.0 524.0 573.0 521.0 565.0 542.0 559.0 Van Vehicle 1
469.0 587.0 448.0 594.0 446.0 587.0 467.0 580.0 Small_Car Vehicle 1
411.0 603.0 388.0 610.0 386.0 602.0 408.0 595.0 Small_Car Vehicle 1
385.0 611.0 362.0 617.0 360.0 609.0 383.0 603.0 Van Vehicle 1
353.0 619.0 334.0 626.0 331.0 619.0 351.0 611.0 Small_Car Vehicle 1
433.0 646.0 421.0 671.0 410.0 666.0 422.0 641.0 Cargo_Truck Vehicle 1
445.0 644.0 440.0 660.0 431.0 657.0 436.0 641.0 Small_Car Vehicle 1
207.0 665.0 185.0 665.0 185.0 657.0 207.0 658.0 Small_Car Vehicle 1
118.0 554.0 109.0 557.0 100.0 537.0 109.0 533.0 Van Vehicle 1
299.0 395.0 298.0 403.0 277.0 401.0 278.0 393.0 Van Vehicle 1
264.0 373.0 263.0 382.0 244.0 380.0 245.0 371.0 Small_Car Vehicle 1
264.0 384.0 263.0 392.0 241.0 390.0 242.0 381.0 Small_Car Vehicle 1
264.0 400.0 242.0 399.0 243.0 392.0 264.0 393.0 Small_Car Vehicle 1
299.0 247.0 298.0 263.0 289.0 262.0 290.0 246.0 Small_Car Vehicle 1
311.0 247.0 310.0 265.0 301.0 264.0 302.0 247.0 Small_Car Vehicle 1
298.0 181.0 297.0 198.0 287.0 198.0 288.0 181.0 Small_Car Vehicle 1
309.0 187.0 307.0 204.0 298.0 204.0 300.0 186.0 Small_Car Vehicle 1
320.0 188.0 319.0 205.0 310.0 205.0 311.0 188.0 Small_Car Vehicle 1
325.0 170.0 324.0 178.0 302.0 175.0 303.0 167.0 Small_Car Vehicle 1
328.0 168.0 305.0 166.0 305.0 158.0 328.0 159.0 Small_Car Vehicle 1
338.0 120.0 337.0 127.0 314.0 125.0 315.0 118.0 Van Vehicle 1
339.0 118.0 317.0 117.0 318.0 109.0 339.0 110.0 Small_Car Vehicle 1
385.0 137.0 377.0 141.0 369.0 123.0 377.0 119.0 Small_Car Vehicle 1
374.0 145.0 368.0 148.0 361.0 135.0 367.0 132.0 Van Vehicle 1
343.0 82.0 327.0 82.0 327.0 75.0 343.0 75.0 Van Vehicle 1
354.0 46.0 350.0 54.0 333.0 45.0 337.0 37.0 Small_Car Vehicle 1
417.0 53.0 415.0 69.0 407.0 68.0 409.0 52.0 Van Vehicle 1
426.0 63.0 425.0 80.0 416.0 79.0 417.0 62.0 Van Vehicle 1
438.0 62.0 436.0 77.0 427.0 75.0 429.0 60.0 Small_Car Vehicle 1
454.0 117.0 447.0 121.0 440.0 105.0 447.0 102.0 Van Vehicle 1
467.0 113.0 459.0 117.0 452.0 102.0 460.0 98.0 Small_Car Vehicle 1
511.0 113.0 502.0 116.0 495.0 101.0 504.0 97.0 Small_Car Vehicle 1
520.0 111.0 512.0 115.0 506.0 101.0 515.0 97.0 Small_Car Vehicle 1
517.0 63.0 514.0 80.0 505.0 78.0 508.0 61.0 Van Vehicle 1
538.0 65.0 536.0 83.0 526.0 82.0 528.0 64.0 Small_Car Vehicle 1
583.0 66.0 581.0 82.0 573.0 81.0 575.0 65.0 Small_Car Vehicle 1
616.0 95.0 597.0 102.0 595.0 95.0 614.0 88.0 Small_Car Vehicle 1
676.0 80.0 656.0 89.0 652.0 81.0 672.0 72.0 Van Vehicle 1
616.0 127.0 608.0 131.0 600.0 115.0 608.0 111.0 Small_Car Vehicle 1
624.0 104.0 603.0 110.0 601.0 102.0 622.0 96.0 Small_Car Vehicle 1
640.0 91.0 618.0 96.0 617.0 90.0 639.0 85.0 Small_Car Vehicle 1
754.0 253.0 737.0 259.0 734.0 251.0 752.0 246.0 Van Vehicle 1
820.0 240.0 819.0 247.0 798.0 245.0 799.0 238.0 Small_Car Vehicle 1
847.0 279.0 846.0 286.0 825.0 282.0 826.0 275.0 Van Vehicle 1
593.0 373.0 586.0 376.0 579.0 361.0 586.0 357.0 Small_Car Vehicle 1
613.0 367.0 605.0 371.0 598.0 355.0 607.0 351.0 Small_Car Vehicle 1
637.0 362.0 629.0 367.0 620.0 351.0 628.0 346.0 Van Vehicle 1
650.0 357.0 642.0 361.0 634.0 346.0 643.0 342.0 Small_Car Vehicle 1
916.0 230.0 910.0 235.0 900.0 222.0 906.0 217.0 Van Vehicle 1
937.0 260.0 930.0 265.0 918.0 248.0 925.0 243.0 Small_Car Vehicle 1
20.0 909.0 17.0 925.0 9.0 924.0 12.0 908.0 Small_Car Vehicle 1
16.0 931.0 13.0 949.0 4.0 947.0 7.0 930.0 Small_Car Vehicle 1
12.0 951.0 9.0 967.0 0.0 966.0 3.0 950.0 Small_Car Vehicle 1
64.0 948.0 41.0 946.0 42.0 939.0 64.0 941.0 Small_Car Vehicle 1
61.0 949.0 60.0 956.0 41.0 955.0 42.0 948.0 Van Vehicle 1
62.0 973.0 40.0 971.0 41.0 964.0 62.0 965.0 Small_Car Vehicle 1
60.0 981.0 59.0 989.0 37.0 987.0 38.0 979.0 Small_Car Vehicle 1
79.0 917.0 78.0 934.0 68.0 934.0 69.0 916.0 Small_Car Vehicle 1
88.0 934.0 81.0 934.0 81.0 919.0 88.0 919.0 Small_Car Vehicle 1
100.0 941.0 93.0 941.0 93.0 925.0 100.0 925.0 Small_Car Vehicle 1
113.0 942.0 107.0 942.0 107.0 929.0 113.0 929.0 Van Vehicle 1
125.0 945.0 118.0 945.0 118.0 930.0 125.0 930.0 Van Vehicle 1
136.0 930.0 135.0 947.0 127.0 946.0 129.0 929.0 Small_Car Vehicle 1
148.0 931.0 147.0 947.0 139.0 947.0 140.0 930.0 Van Vehicle 1
171.0 939.0 165.0 942.0 157.0 929.0 163.0 925.0 Small_Car Vehicle 1
209.0 923.0 202.0 927.0 194.0 912.0 201.0 909.0 Van Vehicle 1
230.0 917.0 223.0 921.0 216.0 908.0 223.0 904.0 Van Vehicle 1
251.0 912.0 244.0 915.0 237.0 901.0 243.0 898.0 Van Vehicle 1
272.0 907.0 266.0 911.0 256.0 896.0 262.0 892.0 Van Vehicle 1
136.0 992.0 130.0 995.0 123.0 980.0 129.0 977.0 Van Vehicle 1
237.0 959.0 230.0 962.0 223.0 948.0 230.0 945.0 Van Vehicle 1
248.0 955.0 240.0 960.0 231.0 944.0 238.0 940.0 Small_Car Vehicle 1
257.0 954.0 250.0 956.0 243.0 940.0 250.0 937.0 Small_Car Vehicle 1
269.0 950.0 261.0 954.0 253.0 938.0 260.0 934.0 Small_Car Vehicle 1
288.0 943.0 280.0 947.0 271.0 931.0 278.0 927.0 Small_Car Vehicle 1
328.0 936.0 320.0 939.0 315.0 925.0 323.0 922.0 Small_Car Vehicle 1
600.0 796.0 599.0 801.0 579.0 797.0 580.0 792.0 Small_Car Vehicle 1
600.0 804.0 599.0 810.0 580.0 807.0 581.0 801.0 Small_Car Vehicle 1
634.0 814.0 625.0 815.0 623.0 799.0 631.0 797.0 Van Vehicle 1
643.0 809.0 636.0 810.0 633.0 796.0 641.0 794.0 Small_Car Vehicle 1
607.0 844.0 600.0 847.0 592.0 831.0 599.0 827.0 Small_Car Vehicle 1
691.0 793.0 685.0 807.0 679.0 804.0 684.0 790.0 Small_Car Vehicle 1
642.0 845.0 625.0 851.0 622.0 844.0 639.0 838.0 Small_Car Vehicle 1
629.0 903.0 612.0 910.0 609.0 903.0 627.0 897.0 Van Vehicle 1
653.0 908.0 636.0 914.0 633.0 907.0 651.0 901.0 Small_Car Vehicle 1
633.0 949.0 626.0 953.0 619.0 939.0 626.0 935.0 Van Vehicle 1
834.0 863.0 826.0 866.0 820.0 850.0 828.0 847.0 Small_Car Vehicle 1
969.0 865.0 967.0 871.0 948.0 867.0 949.0 860.0 Van Vehicle 1
967.0 844.0 964.0 852.0 943.0 845.0 946.0 837.0 Small_Car Vehicle 1
951.0 951.0 950.0 957.0 934.0 955.0 934.0 949.0 Small_Car Vehicle 1
817.0 612.0 801.0 618.0 799.0 611.0 814.0 605.0 other-vehicle Vehicle 1
33.0 661.0 32.0 678.0 24.0 677.0 25.0 660.0 Small_Car Vehicle 1
768.0 279.0 748.0 284.0 747.0 276.0 766.0 271.0 Small_Car Vehicle 1
328.0 157.0 306.0 155.0 307.0 147.0 328.0 149.0 Small_Car Vehicle 1
