553.0 592.0 546.0 592.0 546.0 575.0 553.0 575.0 Small_Car Vehicle 1
554.0 556.0 545.0 556.0 545.0 538.0 554.0 538.0 Van Vehicle 1
490.0 491.0 469.0 491.0 469.0 485.0 490.0 484.0 Van Vehicle 1
487.0 481.0 472.0 482.0 472.0 476.0 487.0 476.0 Small_Car Vehicle 1
555.0 469.0 548.0 468.0 548.0 458.0 555.0 458.0 Small_Car Vehicle 1
594.0 492.0 573.0 491.0 573.0 484.0 594.0 485.0 Small_Car Vehicle 1
626.0 514.0 607.0 514.0 607.0 508.0 626.0 508.0 Dump_Truck Vehicle 1
595.0 420.0 577.0 419.0 577.0 414.0 595.0 414.0 Small_Car Vehicle 1
489.0 417.0 469.0 417.0 469.0 411.0 489.0 411.0 Van Vehicle 1
494.0 403.0 493.0 409.0 473.0 407.0 474.0 401.0 Small_Car Vehicle 1
228.0 589.0 220.0 589.0 220.0 573.0 228.0 573.0 Small_Car Vehicle 1
271.0 554.0 250.0 554.0 250.0 547.0 271.0 547.0 Van Vehicle 1
166.0 572.0 145.0 572.0 145.0 567.0 166.0 567.0 Van Vehicle 1
163.0 564.0 145.0 564.0 144.0 558.0 163.0 557.0 Small_Car Vehicle 1
169.0 553.0 145.0 554.0 144.0 547.0 169.0 546.0 Dump_Truck Vehicle 1
230.0 486.0 220.0 486.0 220.0 467.0 230.0 467.0 Van Vehicle 1
270.0 462.0 250.0 463.0 250.0 456.0 270.0 456.0 Small_Car Vehicle 1
270.0 453.0 250.0 452.0 250.0 447.0 270.0 447.0 Van Vehicle 1
267.0 439.0 250.0 445.0 248.0 439.0 265.0 433.0 Small_Car Vehicle 1
273.0 422.0 250.0 422.0 250.0 415.0 273.0 415.0 Dump_Truck Vehicle 1
230.0 431.0 229.0 446.0 220.0 446.0 220.0 430.0 Small_Car Vehicle 1
325.0 337.0 301.0 337.0 301.0 330.0 325.0 330.0 Dump_Truck Vehicle 1
369.0 323.0 368.0 335.0 361.0 335.0 362.0 323.0 Small_Car Vehicle 1
310.0 576.0 277.0 576.0 277.0 568.0 310.0 568.0 Cargo_Truck Vehicle 1
459.0 503.0 445.0 503.0 445.0 497.0 459.0 496.0 Van Vehicle 1
85.0 310.0 59.0 310.0 59.0 301.0 85.0 301.0 Dump_Truck Vehicle 1
92.0 252.0 91.0 268.0 83.0 268.0 85.0 251.0 Small_Car Vehicle 1
137.0 270.0 136.0 285.0 128.0 284.0 128.0 269.0 Van Vehicle 1
258.0 128.0 257.0 145.0 250.0 144.0 250.0 128.0 Small_Car Vehicle 1
310.0 113.0 288.0 113.0 288.0 105.0 310.0 105.0 Dump_Truck Vehicle 1
307.0 122.0 289.0 122.0 289.0 116.0 307.0 115.0 Van Vehicle 1
257.0 216.0 256.0 232.0 249.0 232.0 249.0 216.0 Small_Car Vehicle 1
258.0 235.0 257.0 251.0 250.0 251.0 250.0 234.0 Small_Car Vehicle 1
396.0 284.0 388.0 284.0 388.0 269.0 396.0 269.0 Small_Car Vehicle 1
441.0 309.0 424.0 308.0 424.0 303.0 441.0 303.0 Van Vehicle 1
501.0 284.0 493.0 284.0 493.0 267.0 501.0 267.0 Small_Car Vehicle 1
531.0 279.0 520.0 278.0 520.0 258.0 531.0 258.0 Dump_Truck Vehicle 1
544.0 244.0 543.0 260.0 537.0 260.0 537.0 244.0 Small_Car Vehicle 1
528.0 254.0 520.0 254.0 520.0 239.0 528.0 240.0 Small_Car Vehicle 1
376.0 100.0 368.0 102.0 365.0 86.0 373.0 85.0 Small_Car Vehicle 1
407.0 62.0 406.0 69.0 388.0 68.0 388.0 61.0 Small_Car Vehicle 1
427.0 68.0 410.0 68.0 409.0 63.0 427.0 63.0 Dump_Truck Vehicle 1
377.0 111.0 376.0 125.0 369.0 125.0 370.0 110.0 Small_Car Vehicle 1
366.0 104.0 365.0 121.0 358.0 120.0 358.0 104.0 Small_Car Vehicle 1
489.0 106.0 488.0 121.0 481.0 121.0 481.0 106.0 Small_Car Vehicle 1
501.0 121.0 494.0 121.0 494.0 108.0 501.0 108.0 Small_Car Vehicle 1
526.0 90.0 525.0 108.0 516.0 108.0 516.0 90.0 Dump_Truck Vehicle 1
524.0 126.0 516.0 125.0 517.0 110.0 524.0 110.0 Small_Car Vehicle 1
541.0 123.0 532.0 123.0 532.0 104.0 541.0 104.0 Dump_Truck Vehicle 1
640.0 108.0 638.0 122.0 631.0 121.0 634.0 107.0 Small_Car Vehicle 1
652.0 120.0 646.0 121.0 644.0 104.0 651.0 103.0 Dump_Truck Vehicle 1
667.0 82.0 666.0 93.0 656.0 93.0 656.0 81.0 Van Vehicle 1
663.0 110.0 656.0 110.0 655.0 94.0 662.0 94.0 Van Vehicle 1
664.0 126.0 656.0 127.0 655.0 112.0 662.0 111.0 Van Vehicle 1
666.0 146.0 659.0 146.0 659.0 131.0 666.0 131.0 Van Vehicle 1
276.0 338.0 169.0 339.0 168.0 293.0 276.0 292.0 Intersection Road 1
746.0 366.0 725.0 367.0 724.0 360.0 746.0 360.0 Small_Car Vehicle 1
