69.0 656.0 63.0 665.0 -8.0 615.0 1.0 606.0 Dry_Cargo_Ship Ship 1
205.0 640.0 150.0 720.0 140.0 715.0 196.0 633.0 Dry_Cargo_Ship Ship 1
169.0 670.0 154.0 689.0 148.0 685.0 163.0 666.0 other-ship Ship 1
203.0 659.0 173.0 702.0 165.0 697.0 194.0 654.0 Dry_Cargo_Ship Ship 1
211.0 665.0 180.0 709.0 171.0 704.0 203.0 659.0 Dry_Cargo_Ship Ship 1
248.0 713.0 228.0 740.0 215.0 729.0 236.0 702.0 other-ship Ship 1
243.0 635.0 242.0 643.0 192.0 627.0 193.0 619.0 other-ship Ship 1
215.0 677.0 201.0 702.0 192.0 697.0 206.0 672.0 other-ship Ship 1
225.0 650.0 221.0 659.0 201.0 650.0 205.0 640.0 other-ship Ship 1
234.0 641.0 232.0 649.0 200.0 638.0 202.0 630.0 other-ship Ship 1
