385.0 373.0 372.0 403.0 361.0 398.0 375.0 369.0 Motorboat Ship 1
372.0 367.0 358.0 396.0 350.0 393.0 363.0 363.0 Motorboat Ship 1
347.0 357.0 337.0 383.0 330.0 380.0 340.0 354.0 Motorboat Ship 1
338.0 358.0 331.0 380.0 319.0 376.0 326.0 354.0 Engineering_Ship Ship 1
456.0 358.0 416.0 375.0 411.0 364.0 451.0 347.0 Dry_Cargo_Ship Ship 1
513.0 338.0 468.0 355.0 465.0 342.0 510.0 325.0 Passenger_Ship Ship 1
526.0 352.0 471.0 369.0 467.0 356.0 522.0 339.0 Passenger_Ship Ship 1
563.0 319.0 557.0 325.0 542.0 310.0 547.0 305.0 Motorboat Ship 1
545.0 346.0 533.0 352.0 515.0 322.0 526.0 315.0 Motorboat Ship 1
543.000061 463.000031 538.389343 442.910675 599.389343 428.910675 604.000061 449.000031 Tugboat Ship 1
