691.0 534.0 690.0 547.0 682.0 547.0 683.0 534.0 Cargo_Truck Vehicle 1
604.0 582.0 584.0 582.0 584.0 574.0 604.0 573.0 Cargo_Truck Vehicle 1
83.0 571.0 82.0 588.0 71.0 587.0 74.0 570.0 Van Vehicle 1
94.0 571.0 93.0 590.0 84.0 589.0 84.0 570.0 Van Vehicle 1
85.0 539.0 74.0 539.0 74.0 523.0 84.0 522.0 Van Vehicle 1
95.0 520.0 94.0 540.0 83.0 539.0 85.0 519.0 Van Vehicle 1
105.0 524.0 103.0 541.0 95.0 540.0 97.0 522.0 Small_Car Vehicle 1
71.0 452.0 60.0 454.0 56.0 437.0 70.0 435.0 Van Vehicle 1
126.0 437.0 115.0 440.0 111.0 424.0 122.0 422.0 Small_Car Vehicle 1
140.0 436.0 129.0 442.0 121.0 427.0 131.0 421.0 Van Vehicle 1
213.0 327.0 189.0 327.0 189.0 319.0 213.0 319.0 Small_Car Vehicle 1
153.0 367.0 133.0 369.0 131.0 359.0 152.0 358.0 Small_Car Vehicle 1
111.0 361.0 110.0 369.0 86.0 368.0 86.0 359.0 Small_Car Vehicle 1
211.0 500.0 205.0 517.0 193.0 513.0 199.0 495.0 Van Vehicle 1
221.0 471.0 218.0 489.0 208.0 487.0 211.0 469.0 Small_Car Vehicle 1
318.0 420.0 317.0 430.0 303.0 429.0 304.0 420.0 Van Vehicle 1
315.0 418.0 298.0 417.0 298.0 411.0 315.0 412.0 Van Vehicle 1
313.0 411.0 299.0 410.0 299.0 402.0 313.0 403.0 Van Vehicle 1
314.0 400.0 292.0 402.0 292.0 393.0 314.0 391.0 Van Vehicle 1
495.0 430.0 480.0 430.0 479.0 422.0 494.0 422.0 Van Vehicle 1
498.0 382.0 484.0 381.0 485.0 374.0 498.0 374.0 Van Vehicle 1
547.0 501.0 531.0 503.0 531.0 495.0 546.0 494.0 Van Vehicle 1
541.0 493.0 529.0 493.0 528.0 485.0 541.0 485.0 other-vehicle Vehicle 1
553.0 464.0 532.0 464.0 532.0 457.0 553.0 457.0 Van Vehicle 1
554.0 448.0 553.0 457.0 533.0 456.0 533.0 447.0 Small_Car Vehicle 1
553.0 418.0 531.0 417.0 531.0 410.0 553.0 411.0 Van Vehicle 1
555.0 402.0 554.0 410.0 530.0 409.0 531.0 401.0 Van Vehicle 1
465.0 423.0 440.0 422.0 440.0 414.0 465.0 415.0 Small_Car Vehicle 1
466.0 413.0 444.0 413.0 444.0 405.0 466.0 404.0 Van Vehicle 1
463.0 396.0 445.0 397.0 445.0 389.0 461.0 388.0 Small_Car Vehicle 1
439.0 368.0 424.0 388.0 414.0 381.0 428.0 360.0 Dump_Truck Vehicle 1
241.0 422.0 234.0 439.0 224.0 435.0 230.0 418.0 Small_Car Vehicle 1
260.0 378.0 254.0 387.0 235.0 375.0 241.0 366.0 Van Vehicle 1
271.0 375.0 265.0 382.0 248.0 370.0 254.0 362.0 Van Vehicle 1
287.0 360.0 281.0 367.0 271.0 357.0 278.0 351.0 Van Vehicle 1
298.0 356.0 291.0 362.0 275.0 344.0 281.0 338.0 Small_Car Vehicle 1
324.0 346.0 315.0 351.0 305.0 335.0 313.0 330.0 Van Vehicle 1
335.0 345.0 326.0 349.0 318.0 332.0 326.0 328.0 Small_Car Vehicle 1
358.0 342.0 347.0 342.0 347.0 328.0 356.0 327.0 Small_Car Vehicle 1
370.0 341.0 360.0 343.0 358.0 324.0 368.0 323.0 Small_Car Vehicle 1
381.0 336.0 371.0 336.0 371.0 323.0 380.0 323.0 Small_Car Vehicle 1
394.0 322.0 393.0 337.0 383.0 336.0 384.0 322.0 Small_Car Vehicle 1
419.0 329.0 418.0 341.0 407.0 340.0 408.0 328.0 Van Vehicle 1
429.0 340.0 421.0 340.0 420.0 328.0 428.0 328.0 Van Vehicle 1
440.0 336.0 431.0 337.0 430.0 328.0 439.0 327.0 Small_Car Vehicle 1
464.0 337.0 454.0 337.0 455.0 327.0 464.0 328.0 Small_Car Vehicle 1
488.0 339.0 478.0 339.0 476.0 321.0 487.0 321.0 Small_Car Vehicle 1
588.0 333.0 578.0 336.0 572.0 317.0 583.0 314.0 Van Vehicle 1
601.0 332.0 591.0 334.0 586.0 315.0 596.0 312.0 Van Vehicle 1
626.0 329.0 614.0 331.0 610.0 308.0 621.0 306.0 Small_Car Vehicle 1
638.0 325.0 626.0 327.0 622.0 307.0 633.0 305.0 Small_Car Vehicle 1
767.0 140.0 748.0 146.0 746.0 138.0 764.0 132.0 Van Vehicle 1
801.0 135.0 784.0 139.0 782.0 128.0 799.0 125.0 Dump_Truck Vehicle 1
827.0 129.0 804.0 131.0 803.0 122.0 826.0 119.0 Liquid_Cargo_Ship Ship 1
852.0 124.0 831.0 128.0 829.0 118.0 850.0 114.0 Small_Car Vehicle 1
873.0 121.0 855.0 123.0 854.0 114.0 872.0 111.0 Dump_Truck Vehicle 1
998.0 99.0 972.0 104.0 972.0 96.0 996.0 92.0 Van Vehicle 1
933.0 435.0 924.0 436.0 921.0 419.0 931.0 417.0 Van Vehicle 1
942.0 455.0 931.0 458.0 927.0 441.0 938.0 438.0 Van Vehicle 1
984.0 446.0 975.0 449.0 970.0 431.0 979.0 428.0 Van Vehicle 1
992.0 436.0 984.0 438.0 979.0 420.0 987.0 418.0 Van Vehicle 1
927.0 516.0 908.0 519.0 907.0 511.0 927.0 508.0 Van Vehicle 1
213.0 769.0 212.0 778.0 189.0 775.0 189.0 767.0 Small_Car Vehicle 1
832.0 643.0 822.0 647.0 816.0 625.0 826.0 622.0 Van Vehicle 1
849.0 649.0 840.0 652.0 836.0 637.0 845.0 635.0 Van Vehicle 1
920.0 706.0 906.0 712.0 902.0 704.0 916.0 697.0 Van Vehicle 1
926.0 685.0 907.0 695.0 900.0 684.0 919.0 673.0 Cargo_Truck Vehicle 1
852.0 702.0 833.0 709.0 829.0 699.0 849.0 692.0 Van Vehicle 1
841.0 741.0 821.0 747.0 818.0 736.0 837.0 731.0 Van Vehicle 1
744.0 765.0 722.0 769.0 721.0 761.0 743.0 758.0 Small_Car Vehicle 1
696.0 746.0 673.0 750.0 671.0 739.0 695.0 735.0 Small_Car Vehicle 1
725.0 784.0 724.0 794.0 701.0 791.0 701.0 781.0 Small_Car Vehicle 1
906.0 872.0 897.0 874.0 894.0 862.0 902.0 859.0 Dump_Truck Vehicle 1
26.0 966.0 18.0 971.0 8.0 950.0 17.0 946.0 Van Vehicle 1
419.0 852.0 409.0 856.0 403.0 838.0 413.0 834.0 Small_Car Vehicle 1
440.0 920.0 429.0 924.0 422.0 902.0 434.0 899.0 Dump_Truck Vehicle 1
405.0 924.0 395.0 927.0 391.0 910.0 400.0 907.0 Van Vehicle 1
393.0 926.0 384.0 930.0 378.0 915.0 386.0 911.0 Van Vehicle 1
374.0 932.0 365.0 935.0 358.0 916.0 368.0 913.0 Small_Car Vehicle 1
916.0 748.0 825.0 775.0 798.0 684.0 890.0 658.0 Intersection Road 1
451.0 338.0 442.0 338.0 443.0 327.0 451.0 327.0 Van Vehicle 1
