439.0 674.0 420.0 675.0 420.0 669.0 438.0 668.0 Van Vehicle 1
489.0 637.0 480.0 638.0 478.0 623.0 487.0 622.0 Van Vehicle 1
558.0 670.0 538.0 671.0 538.0 663.0 557.0 662.0 Van Vehicle 1
368.0 547.0 366.0 565.0 356.0 564.0 358.0 545.0 Small_Car Vehicle 1
523.0 344.0 502.0 346.0 502.0 339.0 523.0 337.0 Van Vehicle 1
564.0 462.0 556.0 462.0 554.0 447.0 563.0 446.0 Small_Car Vehicle 1
411.0 324.0 389.0 325.0 389.0 316.0 411.0 315.0 Van Vehicle 1
382.0 310.0 381.0 319.0 363.0 318.0 363.0 310.0 Van Vehicle 1
480.0 165.0 457.0 165.0 457.0 157.0 480.0 157.0 Small_Car Vehicle 1
375.0 141.0 351.0 141.0 351.0 134.0 375.0 133.0 Dump_Truck Vehicle 1
371.0 132.0 350.0 133.0 350.0 126.0 371.0 125.0 Van Vehicle 1
438.0 124.0 429.0 125.0 428.0 108.0 437.0 107.0 Small_Car Vehicle 1
47.0 23.0 24.0 24.0 23.0 16.0 47.0 15.0 Small_Car Vehicle 1
127.0 10.0 107.0 10.0 107.0 4.0 127.0 3.0 Small_Car Vehicle 1
29.0 126.0 10.0 128.0 10.0 121.0 29.0 120.0 Van Vehicle 1
110.0 153.0 101.0 154.0 99.0 136.0 107.0 135.0 Van Vehicle 1
158.0 162.0 131.0 164.0 130.0 156.0 157.0 154.0 Dump_Truck Vehicle 1
71.0 280.0 56.0 288.0 53.0 281.0 68.0 273.0 Small_Car Vehicle 1
93.0 270.0 72.0 279.0 68.0 271.0 89.0 261.0 Van Vehicle 1
218.0 481.0 210.0 483.0 205.0 464.0 213.0 462.0 Van Vehicle 1
232.0 489.0 225.0 490.0 223.0 476.0 229.0 475.0 Van Vehicle 1
247.0 715.0 223.0 716.0 222.0 709.0 246.0 708.0 Dump_Truck Vehicle 1
175.0 773.0 166.0 774.0 163.0 753.0 172.0 751.0 Dump_Truck Vehicle 1
499.0 522.0 459.0 526.0 455.0 487.0 496.0 483.0 Intersection Road 1
410.0 447.0 389.0 449.0 388.0 441.0 410.0 439.0 Dump_Truck Vehicle 1
588.0 698.0 568.0 698.0 568.0 692.0 588.0 692.0 Dump_Truck Vehicle 1
