106.0 147.0 88.0 148.0 88.0 140.0 106.0 139.0 Van Vehicle 1
110.0 158.0 83.0 158.0 83.0 151.0 110.0 151.0 Cargo_Truck Vehicle 1
576.0 261.0 556.0 262.0 556.0 255.0 576.0 254.0 Small_Car Vehicle 1
200.0 451.0 191.0 455.0 185.0 440.0 193.0 436.0 Van Vehicle 1
207.0 473.0 199.0 475.0 195.0 461.0 202.0 458.0 Van Vehicle 1
223.0 501.0 216.0 505.0 205.0 487.0 213.0 482.0 Dump_Truck Vehicle 1
298.0 542.0 272.0 542.0 272.0 535.0 298.0 534.0 Van Vehicle 1
243.0 630.0 236.0 648.0 228.0 645.0 235.0 627.0 Dump_Truck Vehicle 1
182.0 297.0 119.0 315.0 113.0 292.0 175.0 275.0 Intersection Road 1
587.0 335.0 585.0 362.0 569.0 361.0 572.0 333.0 Excavator Vehicle 1
