120.0 250.0 118.0 261.0 75.0 255.0 76.0 244.0 Cargo_Truck Vehicle 1
75.0 244.0 74.0 254.0 43.0 251.0 44.0 241.0 Cargo_Truck Vehicle 1
128.0 37.0 126.0 51.0 119.0 50.0 120.0 36.0 Van Vehicle 1
187.0 48.0 184.0 58.0 178.0 57.0 181.0 47.0 Small_Car Vehicle 1
204.0 45.0 200.0 62.0 191.0 60.0 196.0 42.0 Dump_Truck Vehicle 1
261.0 106.0 258.0 126.0 248.0 124.0 251.0 105.0 Van Vehicle 1
281.0 80.0 279.0 93.0 272.0 92.0 273.0 79.0 Dump_Truck Vehicle 1
213.0 451.0 203.0 466.0 196.0 462.0 207.0 446.0 Small_Car Vehicle 1
227.0 450.0 216.0 466.0 210.0 461.0 221.0 446.0 Small_Car Vehicle 1
197.0 454.0 187.0 465.0 181.0 461.0 191.0 449.0 Van Vehicle 1
183.0 453.0 171.0 464.0 165.0 458.0 177.0 447.0 Small_Car Vehicle 1
171.0 451.0 158.0 464.0 152.0 459.0 165.0 446.0 Small_Car Vehicle 1
158.0 448.0 145.0 461.0 139.0 456.0 153.0 442.0 Small_Car Vehicle 1
144.0 447.0 129.0 460.0 124.0 454.0 139.0 441.0 Small_Car Vehicle 1
130.0 446.0 117.0 458.0 112.0 453.0 125.0 441.0 Small_Car Vehicle 1
114.0 444.0 100.0 456.0 96.0 451.0 110.0 438.0 Small_Car Vehicle 1
103.0 440.0 88.0 454.0 83.0 448.0 98.0 435.0 Small_Car Vehicle 1
89.0 436.0 75.0 451.0 70.0 445.0 84.0 431.0 Small_Car Vehicle 1
73.0 437.0 59.0 450.0 54.0 444.0 68.0 432.0 Small_Car Vehicle 1
61.0 431.0 44.0 445.0 39.0 439.0 56.0 425.0 Small_Car Vehicle 1
41.0 431.0 28.0 443.0 23.0 437.0 36.0 426.0 Van Vehicle 1
21.0 399.0 13.0 401.0 9.0 388.0 18.0 385.0 Small_Car Vehicle 1
34.0 399.0 26.0 401.0 23.0 385.0 31.0 384.0 Van Vehicle 1
48.0 400.0 40.0 401.0 38.0 388.0 46.0 386.0 Small_Car Vehicle 1
61.0 404.0 52.0 405.0 50.0 389.0 59.0 388.0 Small_Car Vehicle 1
76.0 407.0 68.0 409.0 63.0 390.0 71.0 387.0 Dump_Truck Vehicle 1
87.0 406.0 80.0 408.0 76.0 393.0 83.0 391.0 Small_Car Vehicle 1
101.0 406.0 93.0 409.0 89.0 394.0 97.0 391.0 Van Vehicle 1
116.0 409.0 107.0 412.0 103.0 396.0 112.0 394.0 Van Vehicle 1
143.0 416.0 135.0 417.0 133.0 401.0 142.0 401.0 Small_Car Vehicle 1
159.0 420.0 151.0 422.0 146.0 403.0 154.0 401.0 Small_Car Vehicle 1
171.0 419.0 162.0 421.0 158.0 405.0 167.0 403.0 Small_Car Vehicle 1
191.0 418.0 183.0 423.0 174.0 406.0 183.0 402.0 Small_Car Vehicle 1
206.0 419.0 200.0 423.0 192.0 410.0 197.0 406.0 Van Vehicle 1
24.0 365.0 3.0 362.0 4.0 355.0 24.0 358.0 Van Vehicle 1
51.0 363.0 50.0 369.0 32.0 366.0 33.0 360.0 Van Vehicle 1
83.0 368.0 82.0 374.0 63.0 370.0 64.0 364.0 Van Vehicle 1
113.0 371.0 112.0 378.0 93.0 374.0 94.0 368.0 Small_Car Vehicle 1
137.0 381.0 118.0 380.0 118.0 374.0 137.0 375.0 Van Vehicle 1
202.0 389.0 180.0 388.0 180.0 381.0 202.0 382.0 Small_Car Vehicle 1
233.0 388.0 211.0 387.0 211.0 381.0 233.0 381.0 Small_Car Vehicle 1
334.0 374.0 313.0 379.0 311.0 372.0 333.0 367.0 Dump_Truck Vehicle 1
357.0 367.0 340.0 374.0 338.0 367.0 355.0 361.0 Small_Car Vehicle 1
387.0 358.0 370.0 364.0 368.0 357.0 384.0 351.0 Van Vehicle 1
413.0 346.0 395.0 356.0 391.0 350.0 409.0 340.0 Van Vehicle 1
434.0 333.0 419.0 344.0 415.0 339.0 429.0 328.0 Small_Car Vehicle 1
462.0 317.0 443.0 331.0 438.0 326.0 457.0 311.0 Dump_Truck Vehicle 1
546.0 232.0 538.0 244.0 533.0 240.0 540.0 228.0 Van Vehicle 1
559.0 211.0 552.0 226.0 544.0 222.0 551.0 207.0 Small_Car Vehicle 1
556.0 177.0 550.0 192.0 543.0 190.0 548.0 175.0 Small_Car Vehicle 1
577.0 167.0 574.0 182.0 565.0 180.0 568.0 165.0 Van Vehicle 1
580.0 145.0 578.0 161.0 569.0 160.0 572.0 144.0 Small_Car Vehicle 1
582.0 139.0 575.0 140.0 574.0 126.0 582.0 126.0 Van Vehicle 1
433.0 30.0 422.0 91.0 375.0 82.0 386.0 22.0 Intersection Road 1
