720.0 956.0 693.0 957.0 693.0 948.0 719.0 947.0 Van Vehicle 1
228.0 973.0 204.0 973.0 205.0 965.0 228.0 965.0 Small_Car Vehicle 1
173.0 973.0 149.0 973.0 150.0 964.0 173.0 964.0 Van Vehicle 1
994.0 893.0 985.0 893.0 984.0 874.0 994.0 874.0 Small_Car Vehicle 1
740.0 886.0 738.0 904.0 728.0 903.0 730.0 885.0 Small_Car Vehicle 1
684.0 875.0 674.0 877.0 671.0 860.0 680.0 858.0 Van Vehicle 1
575.0 912.0 564.0 913.0 563.0 897.0 574.0 896.0 Van Vehicle 1
377.0 803.0 376.0 821.0 367.0 821.0 368.0 802.0 Small_Car Vehicle 1
427.0 838.0 419.0 838.0 418.0 823.0 427.0 823.0 Van Vehicle 1
83.0 831.0 80.0 852.0 69.0 851.0 72.0 829.0 Van Vehicle 1
182.0 892.0 172.0 892.0 172.0 871.0 182.0 871.0 Small_Car Vehicle 1
979.0 724.0 967.0 725.0 965.0 705.0 977.0 703.0 Small_Car Vehicle 1
772.0 820.0 760.0 821.0 758.0 799.0 771.0 798.0 Van Vehicle 1
921.0 832.0 901.0 835.0 900.0 825.0 919.0 822.0 Small_Car Vehicle 1
877.0 748.0 866.0 748.0 867.0 729.0 877.0 729.0 Small_Car Vehicle 1
782.0 719.0 781.0 736.0 769.0 736.0 771.0 718.0 Van Vehicle 1
932.0 605.0 909.0 606.0 909.0 596.0 932.0 596.0 Van Vehicle 1
859.0 558.0 850.0 558.0 850.0 542.0 859.0 543.0 Small_Car Vehicle 1
859.0 542.0 849.0 543.0 848.0 527.0 857.0 526.0 Small_Car Vehicle 1
993.0 459.0 974.0 459.0 974.0 449.0 993.0 449.0 Van Vehicle 1
981.0 428.0 971.0 429.0 971.0 412.0 981.0 412.0 Small_Car Vehicle 1
875.0 440.0 873.0 459.0 863.0 458.0 865.0 439.0 Small_Car Vehicle 1
864.0 454.0 854.0 454.0 854.0 436.0 864.0 436.0 Small_Car Vehicle 1
513.0 474.0 512.0 483.0 493.0 481.0 494.0 473.0 Van Vehicle 1
657.0 451.0 640.0 461.0 635.0 453.0 651.0 443.0 Small_Car Vehicle 1
472.0 481.0 460.0 481.0 461.0 462.0 472.0 463.0 Small_Car Vehicle 1
22.0 757.0 22.0 766.0 0.0 766.0 0.0 757.0 Small_Car Vehicle 1
64.0 677.0 53.0 678.0 52.0 663.0 64.0 662.0 Van Vehicle 1
238.0 669.0 227.0 669.0 227.0 651.0 237.0 651.0 Small_Car Vehicle 1
182.0 454.0 181.0 470.0 171.0 470.0 172.0 454.0 Small_Car Vehicle 1
600.0 375.0 580.0 374.0 581.0 366.0 600.0 367.0 Small_Car Vehicle 1
370.0 355.0 341.0 356.0 341.0 345.0 370.0 344.0 Van Vehicle 1
934.0 277.0 923.0 278.0 922.0 260.0 933.0 260.0 Van Vehicle 1
873.0 273.0 864.0 272.0 864.0 259.0 873.0 259.0 Small_Car Vehicle 1
684.0 281.0 673.0 281.0 673.0 262.0 683.0 261.0 Small_Car Vehicle 1
394.0 308.0 393.0 326.0 382.0 325.0 383.0 308.0 Small_Car Vehicle 1
284.0 285.0 273.0 285.0 273.0 267.0 284.0 267.0 Small_Car Vehicle 1
180.0 382.0 171.0 383.0 171.0 367.0 179.0 367.0 Van Vehicle 1
169.0 383.0 162.0 384.0 160.0 367.0 168.0 366.0 Van Vehicle 1
180.0 368.0 171.0 368.0 171.0 352.0 180.0 352.0 Small_Car Vehicle 1
176.0 345.0 168.0 345.0 168.0 335.0 176.0 335.0 Van Vehicle 1
906.0 175.0 905.0 193.0 894.0 192.0 895.0 174.0 Small_Car Vehicle 1
800.0 187.0 790.0 187.0 790.0 174.0 800.0 174.0 Small_Car Vehicle 1
810.0 173.0 798.0 174.0 797.0 150.0 809.0 150.0 Dump_Truck Vehicle 1
742.0 127.0 732.0 127.0 732.0 110.0 742.0 110.0 Van Vehicle 1
748.0 82.0 743.0 104.0 731.0 102.0 736.0 79.0 Motorboat Ship 1
685.0 104.0 675.0 104.0 675.0 85.0 684.0 85.0 Small_Car Vehicle 1
614.0 118.0 611.0 128.0 582.0 119.0 586.0 108.0 Van Vehicle 1
570.0 125.0 563.0 130.0 548.0 112.0 555.0 107.0 Van Vehicle 1
524.0 153.0 513.0 153.0 513.0 136.0 524.0 137.0 Van Vehicle 1
525.0 205.0 515.0 208.0 510.0 192.0 520.0 189.0 Small_Car Vehicle 1
401.0 224.0 378.0 223.0 378.0 214.0 401.0 215.0 Van Vehicle 1
332.0 156.0 321.0 157.0 319.0 136.0 330.0 135.0 Van Vehicle 1
331.0 112.0 321.0 113.0 320.0 94.0 330.0 93.0 Van Vehicle 1
384.0 95.0 358.0 95.0 358.0 86.0 384.0 86.0 Small_Car Vehicle 1
371.0 74.0 360.0 74.0 360.0 66.0 370.0 66.0 Van Vehicle 1
331.0 46.0 321.0 46.0 319.0 26.0 330.0 25.0 Van Vehicle 1
331.0 21.0 319.0 21.0 318.0 0.0 330.0 0.0 Van Vehicle 1
27.0 172.0 26.0 191.0 15.0 191.0 15.0 172.0 Van Vehicle 1
134.0 749.0 123.0 750.0 121.0 731.0 132.0 731.0 Cargo_Truck Vehicle 1
655.0 751.0 634.0 751.0 635.0 741.0 655.0 741.0 Van Vehicle 1
