661.0 502.0 928.0 613.0 948.0 568.0 680.0 456.0 Dry_Cargo_Ship Ship 1
511.0 729.0 582.0 570.0 546.0 556.0 476.0 715.0 Dry_Cargo_Ship Ship 1
938.0 736.0 898.0 904.0 926.0 911.0 967.0 743.0 Dry_Cargo_Ship Ship 1
867.0 945.0 801.0 1183.0 846.0 1195.0 911.0 958.0 Dry_Cargo_Ship Ship 1
477.0 735.0 394.0 914.0 423.0 927.0 506.0 748.0 Dry_Cargo_Ship Ship 1
46.0 1631.0 65.0 1568.0 51.0 1565.0 32.0 1627.0 Dry_Cargo_Ship Ship 1
1030.0 1284.0 936.0 1241.0 928.0 1263.0 1019.0 1304.0 Dry_Cargo_Ship Ship 1
1394.0 777.0 1513.0 833.0 1523.0 811.0 1403.0 754.0 Dry_Cargo_Ship Ship 1
1691.0 1098.0 1467.0 1149.0 1476.0 1190.0 1701.0 1140.0 Dry_Cargo_Ship Ship 1
1667.0 1331.0 1651.0 1568.0 1696.0 1570.0 1709.0 1334.0 Dry_Cargo_Ship Ship 1
1894.0 1563.0 1888.0 1650.0 1903.0 1650.0 1909.0 1565.0 Fishing_Boat Ship 1
1934.0 1500.0 1980.0 1516.0 1984.0 1506.0 1938.0 1488.0 Fishing_Boat Ship 1
1930.0 1515.0 1996.0 1538.0 2000.0 1525.0 1936.0 1502.0 Fishing_Boat Ship 1
1934.0 1531.0 1984.0 1549.0 1988.0 1536.0 1938.0 1518.0 Fishing_Boat Ship 1
1907.0 1479.0 1907.0 1540.0 1917.0 1540.0 1919.0 1479.0 Fishing_Boat Ship 1
1892.0 1477.0 1892.0 1540.0 1905.0 1540.0 1907.0 1477.0 Fishing_Boat Ship 1
1882.0 1477.0 1880.0 1540.0 1890.0 1540.0 1892.0 1477.0 Fishing_Boat Ship 1
1876.0 1540.0 1867.0 1656.0 1886.0 1656.0 1894.0 1543.0 Fishing_Boat Ship 1
1909.0 1575.0 1903.0 1659.0 1919.0 1659.0 1926.0 1577.0 Fishing_Boat Ship 1
809.0 1925.0 832.0 1884.0 821.0 1877.0 798.0 1918.0 Fishing_Boat Ship 1
776.0 1956.0 796.0 1918.0 788.0 1913.0 769.0 1952.0 Fishing_Boat Ship 1
798.0 1918.0 817.0 1884.0 807.0 1879.0 788.0 1911.0 Fishing_Boat Ship 1
1005.0 1988.0 955.0 1966.0 948.0 1979.0 1001.0 2002.0 Fishing_Boat Ship 1
932.0 1950.0 976.0 1895.0 967.0 1886.0 921.0 1941.0 Fishing_Boat Ship 1
878.0 1922.0 926.0 1865.0 913.0 1854.0 865.0 1913.0 Dry_Cargo_Ship Ship 1
1476.0 1079.0 1473.0 1040.0 1459.0 1040.0 1461.0 1079.0 Tugboat Ship 1
1667.0 1097.0 1665.0 1056.0 1648.0 1056.0 1651.0 1097.0 Tugboat Ship 1
832.0 1288.0 875.0 1300.0 880.0 1286.0 838.0 1272.0 Fishing_Boat Ship 1
773.0 1943.0 801.0 1888.0 778.0 1877.0 751.0 1931.0 Engineering_Ship Ship 1
921.0 1943.0 953.0 1900.0 930.0 1881.0 898.0 1924.0 Engineering_Ship Ship 1
-15.0 780.0 62.0 815.0 78.0 781.0 0.0 746.0 Intersection Road 1
1412.0 448.0 1388.0 419.0 1467.0 354.0 1491.0 383.0 Intersection Road 1
1797.0 422.0 1811.0 386.0 1891.0 417.0 1877.0 454.0 Intersection Road 1
