411.0 430.0 410.0 446.0 401.0 446.0 402.0 429.0 Van Vehicle 1
423.0 431.0 422.0 448.0 413.0 447.0 414.0 431.0 Small_Car Vehicle 1
781.0 137.0 763.0 138.0 762.0 130.0 780.0 129.0 Small_Car Vehicle 1
39.0 160.0 38.0 167.0 21.0 165.0 21.0 159.0 Van Vehicle 1
364.0 112.0 363.0 196.0 251.0 195.0 253.0 110.0 Intersection Road 1
423.0 283.0 422.0 297.0 415.0 296.0 416.0 282.0 Van Vehicle 1
511.0 317.0 502.0 317.0 503.0 303.0 511.0 303.0 Van Vehicle 1
567.0 321.0 566.0 336.0 558.0 335.0 559.0 321.0 Van Vehicle 1
619.0 332.0 618.0 348.0 611.0 348.0 612.0 332.0 other-vehicle Vehicle 1
20.0 370.0 19.0 378.0 0.0 377.0 0.0 369.0 Van Vehicle 1
395.0 417.0 377.0 417.0 377.0 410.0 395.0 411.0 Van Vehicle 1
492.0 420.0 491.0 426.0 473.0 426.0 473.0 419.0 Van Vehicle 1
548.0 401.0 534.0 401.0 534.0 395.0 548.0 395.0 Small_Car Vehicle 1
675.0 404.0 674.0 411.0 651.0 409.0 652.0 402.0 Small_Car Vehicle 1
737.0 409.0 736.0 416.0 717.0 415.0 718.0 408.0 Van Vehicle 1
764.0 419.0 745.0 417.0 745.0 410.0 764.0 412.0 Van Vehicle 1
590.0 444.0 589.0 461.0 581.0 460.0 583.0 443.0 Small_Car Vehicle 1
671.0 433.0 670.0 440.0 650.0 439.0 650.0 432.0 Small_Car Vehicle 1
39.0 568.0 37.0 584.0 30.0 584.0 31.0 568.0 Small_Car Vehicle 1
361.0 374.0 357.0 416.0 234.0 406.0 237.0 364.0 Intersection Road 1
632.0 333.0 629.0 347.0 622.0 346.0 625.0 331.0 Van Vehicle 1
702.0 365.0 693.0 365.0 693.0 349.0 702.0 349.0 Small_Car Vehicle 1
