622.0 88.0 614.0 88.0 614.0 72.0 622.0 72.0 Small_Car Vehicle 1
629.0 68.0 621.0 67.0 622.0 52.0 629.0 52.0 Small_Car Vehicle 1
670.0 133.0 649.0 134.0 649.0 128.0 670.0 127.0 Van Vehicle 1
603.0 134.0 578.0 133.0 578.0 126.0 603.0 127.0 Small_Car Vehicle 1
641.0 209.0 632.0 209.0 631.0 196.0 641.0 195.0 Van Vehicle 1
626.0 209.0 617.0 210.0 616.0 194.0 625.0 193.0 Van Vehicle 1
473.0 327.0 463.0 327.0 464.0 313.0 473.0 313.0 Small_Car Vehicle 1
544.0 328.0 529.0 340.0 523.0 333.0 538.0 321.0 Small_Car Vehicle 1
562.0 402.0 559.0 424.0 549.0 422.0 552.0 401.0 Van Vehicle 1
914.0 409.0 906.0 410.0 905.0 396.0 912.0 395.0 Van Vehicle 1
892.0 447.0 871.0 447.0 870.0 441.0 892.0 440.0 Small_Car Vehicle 1
983.0 163.0 958.0 163.0 958.0 155.0 983.0 156.0 Small_Car Vehicle 1
936.0 135.0 914.0 134.0 914.0 127.0 936.0 127.0 Van Vehicle 1
361.0 36.0 360.0 51.0 351.0 51.0 352.0 35.0 Small_Car Vehicle 1
375.0 92.0 366.0 92.0 366.0 76.0 374.0 75.0 Small_Car Vehicle 1
269.0 93.0 261.0 94.0 259.0 77.0 267.0 76.0 Small_Car Vehicle 1
165.0 175.0 145.0 175.0 145.0 169.0 165.0 169.0 Van Vehicle 1
243.0 128.0 242.0 135.0 221.0 134.0 221.0 128.0 Van Vehicle 1
237.0 175.0 219.0 174.0 219.0 168.0 237.0 168.0 Small_Car Vehicle 1
254.0 195.0 253.0 211.0 244.0 211.0 245.0 195.0 Small_Car Vehicle 1
293.0 161.0 275.0 161.0 275.0 154.0 293.0 154.0 Van Vehicle 1
320.0 159.0 295.0 161.0 295.0 155.0 319.0 153.0 Van Vehicle 1
422.0 179.0 336.0 183.0 333.0 128.0 420.0 124.0 Intersection Road 1
496.0 147.0 473.0 147.0 473.0 139.0 496.0 140.0 Van Vehicle 1
459.0 147.0 437.0 146.0 437.0 139.0 459.0 139.0 Van Vehicle 1
467.0 202.0 458.0 203.0 458.0 187.0 466.0 186.0 Van Vehicle 1
390.0 231.0 381.0 230.0 381.0 214.0 390.0 214.0 Small_Car Vehicle 1
269.0 319.0 247.0 319.0 248.0 312.0 269.0 313.0 Van Vehicle 1
245.0 447.0 222.0 448.0 222.0 441.0 245.0 440.0 Small_Car Vehicle 1
320.0 461.0 312.0 461.0 312.0 447.0 319.0 447.0 Small_Car Vehicle 1
391.0 512.0 380.0 512.0 379.0 498.0 391.0 497.0 Van Vehicle 1
563.0 918.0 558.0 926.0 535.0 914.0 540.0 905.0 Small_Car Vehicle 1
393.0 932.0 392.0 946.0 383.0 946.0 383.0 932.0 Van Vehicle 1
15.0 768.0 0.0 768.0 0.0 760.0 15.0 760.0 Small_Car Vehicle 1
892.0 766.0 870.0 767.0 870.0 760.0 892.0 759.0 Van Vehicle 1
865.0 740.0 846.0 741.0 845.0 734.0 865.0 733.0 Van Vehicle 1
894.0 473.0 877.0 472.0 877.0 465.0 894.0 466.0 Van Vehicle 1
563.0 471.0 539.0 471.0 539.0 464.0 563.0 464.0 Small_Car Vehicle 1
677.0 173.0 648.0 173.0 648.0 166.0 677.0 166.0 Dump_Truck Vehicle 1
856.0 216.0 845.0 216.0 846.0 198.0 856.0 199.0 Dump_Truck Vehicle 1
971.0 270.0 946.0 270.0 946.0 262.0 971.0 262.0 Small_Car Vehicle 1
971.0 278.0 947.0 277.0 947.0 271.0 971.0 272.0 Small_Car Vehicle 1
