117.0 45.0 100.0 49.0 99.0 43.0 116.0 39.0 Small_Car Vehicle 1
119.0 173.0 112.0 177.0 103.0 162.0 110.0 157.0 Van Vehicle 1
372.0 61.0 349.0 65.0 347.0 56.0 370.0 52.0 Small_Car Vehicle 1
401.0 55.0 376.0 59.0 375.0 51.0 400.0 47.0 Small_Car Vehicle 1
457.0 45.0 433.0 49.0 432.0 40.0 455.0 36.0 Small_Car Vehicle 1
302.0 104.0 234.0 124.0 219.0 71.0 287.0 51.0 Intersection Road 1
254.0 218.0 237.0 223.0 235.0 217.0 252.0 212.0 Small_Car Vehicle 1
671.0 222.0 662.0 225.0 656.0 210.0 664.0 206.0 Small_Car Vehicle 1
676.0 239.0 668.0 242.0 664.0 228.0 672.0 226.0 Small_Car Vehicle 1
721.0 241.0 700.0 246.0 698.0 239.0 719.0 233.0 Van Vehicle 1
663.0 254.0 645.0 257.0 644.0 251.0 662.0 248.0 Small_Car Vehicle 1
557.0 278.0 536.0 283.0 534.0 277.0 555.0 272.0 Van Vehicle 1
190.0 362.0 164.0 366.0 163.0 359.0 189.0 354.0 Small_Car Vehicle 1
96.0 383.0 78.0 386.0 77.0 379.0 95.0 375.0 Small_Car Vehicle 1
