229.0 37.0 220.0 36.0 220.0 31.0 229.0 31.0 other-vehicle Vehicle 1
226.0 64.0 206.0 64.0 206.0 56.0 226.0 55.0 Small_Car Vehicle 1
750.0 68.0 727.0 68.0 727.0 61.0 750.0 61.0 Small_Car Vehicle 1
614.0 96.0 606.0 97.0 603.0 82.0 611.0 80.0 Van Vehicle 1
515.0 17.0 506.0 18.0 504.0 0.0 513.0 0.0 Small_Car Vehicle 1
369.0 40.0 346.0 40.0 346.0 33.0 369.0 33.0 Van Vehicle 1
359.0 65.0 339.0 65.0 339.0 58.0 359.0 58.0 Small_Car Vehicle 1
69.0 184.0 57.0 184.0 57.0 158.0 69.0 158.0 Dump_Truck Vehicle 1
53.0 289.0 52.0 308.0 43.0 308.0 43.0 288.0 Van Vehicle 1
333.0 368.0 331.0 386.0 320.0 385.0 321.0 368.0 Van Vehicle 1
720.0 348.0 716.0 367.0 706.0 366.0 709.0 346.0 Van Vehicle 1
756.0 312.0 752.0 320.0 735.0 310.0 738.0 303.0 Small_Car Vehicle 1
783.0 299.0 773.0 299.0 773.0 280.0 783.0 280.0 Van Vehicle 1
768.0 297.0 758.0 297.0 757.0 281.0 767.0 280.0 Van Vehicle 1
712.0 303.0 705.0 309.0 693.0 294.0 700.0 288.0 Van Vehicle 1
738.0 562.0 729.0 562.0 728.0 546.0 737.0 545.0 Small_Car Vehicle 1
750.0 559.0 742.0 560.0 740.0 545.0 749.0 544.0 Van Vehicle 1
