719.0 208.0 710.0 209.0 709.0 192.0 718.0 191.0 Van Vehicle 1
715.0 364.0 706.0 364.0 705.0 346.0 715.0 346.0 Van Vehicle 1
690.0 424.0 668.0 423.0 669.0 415.0 690.0 416.0 Van Vehicle 1
754.0 460.0 744.0 460.0 744.0 446.0 754.0 446.0 Van Vehicle 1
422.0 573.0 412.0 573.0 412.0 555.0 422.0 555.0 Van Vehicle 1
476.0 491.0 449.0 491.0 449.0 480.0 476.0 480.0 Van Vehicle 1
388.0 334.0 387.0 357.0 375.0 357.0 375.0 334.0 Dump_Truck Vehicle 1
387.0 332.0 377.0 333.0 376.0 314.0 386.0 314.0 Van Vehicle 1
52.0 43.0 40.0 43.0 40.0 23.0 52.0 23.0 Small_Car Vehicle 1
15.0 58.0 0.0 58.0 0.0 52.0 15.0 52.0 Van Vehicle 1
51.0 111.0 39.0 111.0 39.0 92.0 51.0 92.0 Dump_Truck Vehicle 1
188.0 134.0 162.0 133.0 163.0 125.0 188.0 126.0 Van Vehicle 1
223.0 134.0 201.0 134.0 201.0 125.0 223.0 125.0 Van Vehicle 1
254.0 138.0 253.0 157.0 242.0 157.0 243.0 138.0 Van Vehicle 1
265.0 159.0 256.0 159.0 255.0 143.0 265.0 143.0 Small_Car Vehicle 1
124.0 246.0 102.0 246.0 102.0 238.0 124.0 238.0 Small_Car Vehicle 1
88.0 286.0 79.0 286.0 79.0 270.0 88.0 270.0 Van Vehicle 1
51.0 270.0 41.0 271.0 40.0 253.0 50.0 252.0 Van Vehicle 1
48.0 472.0 47.0 491.0 37.0 490.0 38.0 471.0 Dump_Truck Vehicle 1
84.0 484.0 83.0 501.0 74.0 501.0 74.0 484.0 Van Vehicle 1
49.0 561.0 48.0 581.0 37.0 580.0 39.0 560.0 Van Vehicle 1
358.0 409.0 340.0 409.0 340.0 400.0 358.0 400.0 Van Vehicle 1
