435.0 55.0 426.0 175.0 278.0 164.0 286.0 44.0 Baseball_Field Court 1
603.0 246.0 602.0 264.0 591.0 263.0 592.0 245.0 Small_Car Vehicle 1
628.0 248.0 627.0 266.0 618.0 265.0 619.0 247.0 Van Vehicle 1
729.0 295.0 728.0 321.0 715.0 321.0 716.0 295.0 Dump_Truck Vehicle 1
631.0 308.0 630.0 318.0 602.0 317.0 602.0 307.0 Dump_Truck Vehicle 1
568.0 284.0 554.0 283.0 555.0 277.0 568.0 278.0 Van Vehicle 1
560.0 284.0 559.0 291.0 545.0 290.0 546.0 283.0 Van Vehicle 1
492.0 317.0 491.0 337.0 480.0 336.0 481.0 317.0 Van Vehicle 1
525.0 319.0 524.0 336.0 516.0 335.0 518.0 318.0 Small_Car Vehicle 1
536.0 320.0 535.0 336.0 527.0 336.0 528.0 320.0 Van Vehicle 1
550.0 320.0 548.0 338.0 539.0 337.0 540.0 319.0 Van Vehicle 1
561.0 338.0 553.0 338.0 553.0 319.0 561.0 319.0 Dump_Truck Vehicle 1
63.0 404.0 62.0 412.0 41.0 411.0 41.0 403.0 Van Vehicle 1
327.0 237.0 322.0 313.0 257.0 312.0 264.0 234.0 Basketball_Court Court 1
401.0 240.0 395.0 317.0 331.0 315.0 338.0 237.0 Basketball_Court Court 1
533.0 442.0 504.0 442.0 504.0 433.0 533.0 433.0 other-vehicle Vehicle 1
