625.0 141.0 546.0 145.0 541.0 69.0 620.0 64.0 other-airplane Airplane 1
632.0 231.0 559.0 234.0 556.0 160.0 628.0 156.0 Boeing787 Airplane 1
635.0 320.0 563.0 323.0 560.0 247.0 632.0 244.0 Boeing787 Airplane 1
669.0 589.0 577.0 595.0 571.0 513.0 664.0 507.0 A350 Airplane 1
418.604858 72.966026 329.0 78.000008 324.61795 0.0 414.505615 -1e-06 Boeing747 Airplane 1
427.0 171.0 345.0 177.0 340.0 104.0 422.0 98.0 other-airplane Airplane 1
433.0 279.0 356.0 285.0 350.0 209.0 427.0 202.0 A330 Airplane 1
115.0 241.0 102.0 283.0 61.0 270.0 74.0 228.0 other-airplane Airplane 1
122.0 123.0 74.0 136.0 63.0 93.0 112.0 80.0 Boeing737 Airplane 1
69.0 29.0 37.0 66.0 4.0 37.0 36.0 1.0 A220 Airplane 1
