17.0 308.0 10.0 320.0 3.0 316.0 10.0 304.0 Van Vehicle 1
32.0 304.0 23.0 319.0 16.0 315.0 25.0 300.0 Small_Car Vehicle 1
84.0 312.0 81.0 319.0 61.0 311.0 64.0 304.0 Van Vehicle 1
45.0 339.0 36.0 339.0 37.0 323.0 45.0 323.0 Small_Car Vehicle 1
33.0 337.0 24.0 337.0 24.0 321.0 33.0 321.0 Van Vehicle 1
22.0 336.0 13.0 336.0 13.0 320.0 22.0 320.0 Van Vehicle 1
8.0 337.0 0.0 337.0 0.0 322.0 8.0 321.0 Small_Car Vehicle 1
44.0 384.0 35.0 384.0 35.0 369.0 44.0 370.0 Van Vehicle 1
31.0 383.0 22.0 383.0 22.0 367.0 31.0 367.0 Small_Car Vehicle 1
19.0 382.0 9.0 382.0 9.0 368.0 19.0 368.0 Van Vehicle 1
20.0 366.0 11.0 366.0 11.0 350.0 20.0 350.0 Van Vehicle 1
63.0 648.0 58.0 650.0 50.0 634.0 55.0 631.0 Van Vehicle 1
18.0 576.0 13.0 579.0 5.0 566.0 9.0 563.0 Van Vehicle 1
63.0 565.0 43.0 572.0 40.0 565.0 61.0 557.0 Dump_Truck Vehicle 1
74.0 582.0 56.0 590.0 53.0 583.0 71.0 575.0 Van Vehicle 1
79.0 591.0 56.0 598.0 54.0 590.0 77.0 583.0 Dump_Truck Vehicle 1
83.0 599.0 64.0 607.0 61.0 600.0 80.0 592.0 Small_Car Vehicle 1
88.0 607.0 69.0 617.0 65.0 608.0 84.0 599.0 Van Vehicle 1
117.0 672.0 94.0 680.0 91.0 673.0 114.0 665.0 Dump_Truck Vehicle 1
124.0 601.0 123.0 609.0 93.0 606.0 93.0 598.0 Cargo_Truck Vehicle 1
117.0 588.0 116.0 597.0 87.0 595.0 87.0 586.0 Cargo_Truck Vehicle 1
113.0 587.0 82.0 584.0 83.0 575.0 113.0 578.0 Cargo_Truck Vehicle 1
107.0 568.0 106.0 577.0 77.0 573.0 78.0 565.0 Cargo_Truck Vehicle 1
100.0 557.0 99.0 566.0 71.0 562.0 72.0 553.0 Cargo_Truck Vehicle 1
181.0 562.0 180.0 570.0 156.0 566.0 157.0 559.0 Cargo_Truck Vehicle 1
20.0 506.0 10.0 506.0 11.0 489.0 20.0 490.0 Van Vehicle 1
32.0 507.0 22.0 507.0 22.0 490.0 31.0 490.0 Small_Car Vehicle 1
49.0 508.0 40.0 508.0 40.0 488.0 49.0 488.0 Dump_Truck Vehicle 1
61.0 507.0 52.0 507.0 51.0 490.0 61.0 490.0 Small_Car Vehicle 1
72.0 506.0 64.0 506.0 64.0 494.0 72.0 494.0 Small_Car Vehicle 1
30.0 478.0 15.0 478.0 15.0 470.0 29.0 470.0 Van Vehicle 1
30.0 453.0 21.0 453.0 21.0 442.0 30.0 442.0 Small_Car Vehicle 1
71.0 404.0 62.0 404.0 61.0 391.0 71.0 391.0 Van Vehicle 1
30.0 425.0 21.0 425.0 20.0 408.0 30.0 408.0 Small_Car Vehicle 1
42.0 405.0 21.0 406.0 21.0 400.0 42.0 399.0 Small_Car Vehicle 1
18.0 422.0 9.0 422.0 10.0 408.0 18.0 408.0 Small_Car Vehicle 1
20.0 268.0 11.0 268.0 11.0 250.0 19.0 250.0 Van Vehicle 1
32.0 268.0 22.0 268.0 22.0 251.0 32.0 251.0 Van Vehicle 1
45.0 267.0 35.0 268.0 35.0 252.0 45.0 252.0 Van Vehicle 1
18.0 248.0 9.0 248.0 8.0 233.0 17.0 233.0 Van Vehicle 1
14.0 202.0 5.0 202.0 5.0 187.0 14.0 187.0 Van Vehicle 1
25.0 201.0 16.0 201.0 16.0 191.0 25.0 191.0 Van Vehicle 1
35.0 202.0 26.0 202.0 26.0 191.0 35.0 191.0 Van Vehicle 1
91.0 265.0 68.0 264.0 68.0 257.0 91.0 258.0 Small_Car Vehicle 1
92.0 275.0 73.0 274.0 73.0 268.0 92.0 268.0 Small_Car Vehicle 1
88.0 255.0 68.0 255.0 68.0 249.0 88.0 248.0 Van Vehicle 1
90.0 245.0 69.0 246.0 69.0 239.0 90.0 239.0 Van Vehicle 1
92.0 237.0 72.0 238.0 72.0 231.0 92.0 231.0 Van Vehicle 1
76.0 140.0 63.0 141.0 63.0 135.0 76.0 135.0 Small_Car Vehicle 1
17.0 118.0 0.0 119.0 0.0 114.0 17.0 113.0 Small_Car Vehicle 1
145.0 118.0 124.0 117.0 124.0 110.0 145.0 111.0 Van Vehicle 1
309.0 141.0 290.0 142.0 290.0 135.0 309.0 135.0 Van Vehicle 1
337.0 142.0 316.0 142.0 316.0 135.0 337.0 135.0 Small_Car Vehicle 1
363.0 143.0 345.0 143.0 345.0 135.0 363.0 135.0 Van Vehicle 1
388.0 140.0 371.0 141.0 371.0 135.0 388.0 135.0 Van Vehicle 1
417.0 141.0 404.0 141.0 404.0 135.0 417.0 135.0 Van Vehicle 1
337.0 118.0 312.0 119.0 311.0 112.0 336.0 111.0 Van Vehicle 1
384.0 118.0 361.0 118.0 361.0 110.0 384.0 111.0 Van Vehicle 1
464.0 118.0 450.0 119.0 450.0 112.0 464.0 112.0 Van Vehicle 1
244.0 57.0 234.0 57.0 234.0 39.0 244.0 39.0 Van Vehicle 1
244.0 21.0 234.0 21.0 235.0 3.0 244.0 3.0 Small_Car Vehicle 1
258.0 632.0 208.0 633.0 206.0 552.0 255.0 551.0 Tennis_Court Court 1
315.0 630.0 268.0 631.0 264.0 550.0 313.0 549.0 Tennis_Court Court 1
560.0 578.0 541.0 578.0 541.0 572.0 560.0 572.0 Van Vehicle 1
