437.0 149.0 321.0 186.0 286.0 79.0 403.0 42.0 Baseball_Field Court 1
5.420425 274.015961 -61.999992 105.999985 82.579552 47.984009 149.999969 215.999985 Football_Field Court 1
168.597198 224.260956 98.000023 57.0 238.402832 -2.260956 309.0 165.0 Football_Field Court 1
8.080648 405.067383 -28.999973 320.0 23.919329 296.932617 60.99995 382.0 Basketball_Court Court 1
122.0 362.0 70.0 380.0 36.0 302.0 89.0 285.0 Basketball_Court Court 1
167.0 591.0 150.0 601.0 146.0 594.0 164.0 585.0 Van Vehicle 1
558.0 608.0 550.0 611.0 544.0 596.0 553.0 593.0 Van Vehicle 1
576.0 602.0 569.0 604.0 563.0 587.0 570.0 585.0 Small_Car Vehicle 1
550.0 659.0 543.0 662.0 537.0 648.0 544.0 645.0 Small_Car Vehicle 1
18.0 571.0 9.0 574.0 2.0 557.0 11.0 554.0 Small_Car Vehicle 1
251.0 685.0 249.0 692.0 235.0 690.0 236.0 682.0 Small_Car Vehicle 1
