760.0 582.0 748.0 586.0 741.0 565.0 753.0 561.0 Dump_Truck Vehicle 1
728.0 597.0 719.0 599.0 714.0 583.0 723.0 580.0 Van Vehicle 1
363.0 515.0 353.0 517.0 348.0 497.0 359.0 495.0 Small_Car Vehicle 1
232.0 496.0 221.0 498.0 217.0 480.0 227.0 478.0 Small_Car Vehicle 1
716.0 510.0 696.0 513.0 695.0 504.0 715.0 501.0 Small_Car Vehicle 1
210.0 214.0 88.0 231.0 74.0 129.0 196.0 112.0 Baseball_Field Court 1
716.0 126.0 590.0 155.0 564.0 45.0 690.0 16.0 Baseball_Field Court 1
258.0 355.0 160.0 371.0 152.0 332.0 248.0 316.0 Tennis_Court Court 1
267.0 401.0 172.0 417.0 163.0 378.0 260.0 362.0 Tennis_Court Court 1
194.0 64.0 171.0 67.0 170.0 59.0 193.0 56.0 Small_Car Vehicle 1
358.0 34.0 339.0 36.0 338.0 27.0 357.0 25.0 Small_Car Vehicle 1
142.0 75.0 119.0 78.0 118.0 69.0 141.0 66.0 Small_Car Vehicle 1
280.0 15.0 262.0 17.0 261.0 10.0 279.0 8.0 Small_Car Vehicle 1
620.0 23.0 597.0 27.0 595.0 18.0 619.0 14.0 Small_Car Vehicle 1
