194.0 532.0 178.0 546.0 170.0 538.0 186.0 523.0 Van Vehicle 1
95.0 455.0 89.0 462.0 75.0 450.0 80.0 444.0 Van Vehicle 1
74.0 442.0 70.0 448.0 50.0 435.0 54.0 429.0 Small_Car Vehicle 1
45.0 423.0 40.0 431.0 15.0 417.0 20.0 409.0 Dump_Truck Vehicle 1
196.0 485.0 192.0 491.0 174.0 483.0 177.0 476.0 Van Vehicle 1
151.0 387.0 141.0 387.0 141.0 369.0 151.0 369.0 Small_Car Vehicle 1
151.0 359.0 140.0 359.0 139.0 342.0 150.0 342.0 Van Vehicle 1
140.0 350.0 130.0 351.0 129.0 333.0 138.0 333.0 Van Vehicle 1
143.0 287.0 133.0 288.0 132.0 270.0 142.0 270.0 Van Vehicle 1
124.0 445.0 116.0 456.0 75.0 430.0 83.0 418.0 Dump_Truck Vehicle 1
247.0 511.0 244.0 518.0 226.0 510.0 229.0 502.0 Van Vehicle 1
312.0 537.0 309.0 545.0 289.0 539.0 291.0 531.0 Small_Car Vehicle 1
401.0 567.0 398.0 574.0 379.0 567.0 382.0 560.0 Van Vehicle 1
479.0 591.0 478.0 599.0 455.0 594.0 457.0 586.0 Van Vehicle 1
391.0 537.0 387.0 547.0 358.0 536.0 362.0 526.0 Dump_Truck Vehicle 1
166.0 406.0 156.0 406.0 155.0 384.0 165.0 383.0 Dump_Truck Vehicle 1
189.0 450.0 184.0 515.0 122.0 510.0 127.0 445.0 Intersection Road 1
184.0 582.0 174.0 584.0 171.0 566.0 181.0 564.0 Van Vehicle 1
150.0 431.0 139.0 431.0 139.0 413.0 149.0 413.0 Small_Car Vehicle 1
141.0 410.0 131.0 410.0 131.0 392.0 141.0 393.0 Small_Car Vehicle 1
