750.0 45.0 748.0 52.0 728.0 45.0 730.0 38.0 Dump_Truck Vehicle 1
770.0 4.0 768.0 10.0 753.0 5.0 754.0 0.0 Van Vehicle 1
607.0 12.0 605.0 20.0 585.0 16.0 587.0 7.0 Van Vehicle 1
111.0 0.0 105.0 16.0 97.0 13.0 102.0 0.0 Dump_Truck Vehicle 1
103.0 17.0 97.0 33.0 91.0 31.0 97.0 15.0 Van Vehicle 1
49.0 59.0 42.0 78.0 34.0 75.0 40.0 56.0 Dump_Truck Vehicle 1
30.0 104.0 24.0 123.0 17.0 120.0 23.0 102.0 Small_Car Vehicle 1
22.0 123.0 17.0 143.0 9.0 141.0 14.0 121.0 Small_Car Vehicle 1
16.0 143.0 11.0 162.0 4.0 159.0 9.0 140.0 Small_Car Vehicle 1
51.0 164.0 44.0 180.0 37.0 177.0 45.0 161.0 Small_Car Vehicle 1
66.0 124.0 59.0 140.0 52.0 138.0 58.0 121.0 Small_Car Vehicle 1
158.0 0.0 152.0 20.0 144.0 17.0 150.0 0.0 Small_Car Vehicle 1
151.0 89.0 149.0 98.0 127.0 93.0 130.0 83.0 Dump_Truck Vehicle 1
150.0 99.0 147.0 110.0 118.0 104.0 120.0 93.0 Cargo_Truck Vehicle 1
