210.0 489.0 194.0 489.0 194.0 482.0 209.0 481.0 Van Vehicle 1
446.0 31.0 443.0 37.0 430.0 29.0 433.0 24.0 Small_Car Vehicle 1
291.0 14.0 288.0 21.0 271.0 12.0 274.0 5.0 Van Vehicle 1
114.0 18.0 111.0 26.0 88.0 18.0 91.0 10.0 Small_Car Vehicle 1
114.0 29.0 111.0 36.0 91.0 28.0 94.0 21.0 Van Vehicle 1
50.0 34.0 32.0 42.0 29.0 34.0 46.0 26.0 Van Vehicle 1
128.0 57.0 123.0 73.0 114.0 70.0 119.0 54.0 Small_Car Vehicle 1
141.0 59.0 133.0 76.0 124.0 72.0 133.0 55.0 Van Vehicle 1
168.0 60.0 161.0 75.0 152.0 70.0 159.0 56.0 Small_Car Vehicle 1
181.0 61.0 171.0 77.0 163.0 72.0 173.0 56.0 Van Vehicle 1
207.0 61.0 198.0 74.0 192.0 70.0 201.0 57.0 Van Vehicle 1
231.0 59.0 224.0 75.0 216.0 72.0 223.0 56.0 Small_Car Vehicle 1
244.0 60.0 238.0 74.0 229.0 70.0 236.0 56.0 Van Vehicle 1
194.0 64.0 187.0 74.0 180.0 69.0 186.0 59.0 Small_Car Vehicle 1
104.0 111.0 97.0 116.0 85.0 101.0 92.0 96.0 Small_Car Vehicle 1
145.0 116.0 136.0 122.0 126.0 107.0 135.0 102.0 Van Vehicle 1
158.0 116.0 150.0 121.0 141.0 106.0 149.0 101.0 Small_Car Vehicle 1
171.0 116.0 162.0 121.0 155.0 106.0 164.0 102.0 Van Vehicle 1
183.0 117.0 176.0 121.0 167.0 105.0 174.0 101.0 Small_Car Vehicle 1
194.0 116.0 186.0 119.0 179.0 104.0 187.0 100.0 Small_Car Vehicle 1
262.0 94.0 261.0 103.0 237.0 103.0 238.0 94.0 Van Vehicle 1
260.0 79.0 240.0 80.0 239.0 73.0 260.0 72.0 Small_Car Vehicle 1
291.0 73.0 290.0 80.0 271.0 80.0 271.0 73.0 Small_Car Vehicle 1
315.0 79.0 295.0 79.0 295.0 72.0 315.0 71.0 Van Vehicle 1
292.0 103.0 270.0 102.0 270.0 94.0 292.0 95.0 Small_Car Vehicle 1
336.0 101.0 317.0 101.0 317.0 94.0 336.0 94.0 Small_Car Vehicle 1
218.0 60.0 213.0 75.0 205.0 71.0 211.0 57.0 Van Vehicle 1
471.0 39.0 468.0 47.0 449.0 39.0 451.0 32.0 Van Vehicle 1
494.0 53.0 492.0 59.0 473.0 52.0 476.0 46.0 Small_Car Vehicle 1
558.0 141.0 554.0 147.0 535.0 139.0 538.0 132.0 Van Vehicle 1
578.0 151.0 575.0 157.0 557.0 149.0 560.0 143.0 Small_Car Vehicle 1
600.0 170.0 580.0 162.0 582.0 154.0 600.0 161.0 Small_Car Vehicle 1
600.0 458.0 587.0 474.0 580.0 468.0 593.0 452.0 Van Vehicle 1
582.0 457.0 573.0 471.0 566.0 466.0 575.0 453.0 Van Vehicle 1
563.0 459.0 552.0 472.0 546.0 467.0 556.0 454.0 Small_Car Vehicle 1
549.0 461.0 537.0 472.0 531.0 465.0 543.0 455.0 Small_Car Vehicle 1
535.0 457.0 522.0 472.0 515.0 466.0 529.0 451.0 Small_Car Vehicle 1
498.0 462.0 486.0 475.0 478.0 469.0 490.0 455.0 Small_Car Vehicle 1
482.0 461.0 468.0 472.0 462.0 465.0 476.0 454.0 Small_Car Vehicle 1
468.0 457.0 457.0 471.0 451.0 466.0 462.0 452.0 Van Vehicle 1
401.0 460.0 389.0 472.0 383.0 467.0 395.0 454.0 Small_Car Vehicle 1
372.0 492.0 344.0 492.0 344.0 482.0 372.0 482.0 Cargo_Truck Vehicle 1
389.0 460.0 375.0 470.0 371.0 463.0 384.0 453.0 Small_Car Vehicle 1
375.0 459.0 361.0 470.0 357.0 465.0 370.0 453.0 Van Vehicle 1
313.0 458.0 308.0 472.0 299.0 468.0 305.0 455.0 Van Vehicle 1
299.0 457.0 286.0 469.0 280.0 463.0 294.0 451.0 Small_Car Vehicle 1
260.0 423.0 257.0 430.0 240.0 424.0 243.0 417.0 Van Vehicle 1
258.0 414.0 254.0 421.0 235.0 410.0 239.0 404.0 Small_Car Vehicle 1
260.0 390.0 258.0 396.0 240.0 390.0 242.0 384.0 Small_Car Vehicle 1
264.0 382.0 261.0 389.0 238.0 378.0 241.0 371.0 Dump_Truck Vehicle 1
261.0 367.0 259.0 373.0 238.0 366.0 240.0 361.0 Small_Car Vehicle 1
259.0 355.0 256.0 363.0 237.0 356.0 240.0 348.0 Small_Car Vehicle 1
261.0 347.0 240.0 346.0 241.0 339.0 261.0 339.0 Van Vehicle 1
208.0 353.0 194.0 360.0 191.0 353.0 205.0 347.0 Small_Car Vehicle 1
211.0 363.0 193.0 369.0 190.0 362.0 208.0 356.0 Small_Car Vehicle 1
179.0 367.0 164.0 373.0 161.0 365.0 175.0 359.0 Van Vehicle 1
179.0 355.0 158.0 361.0 155.0 352.0 177.0 347.0 Small_Car Vehicle 1
177.0 343.0 158.0 350.0 155.0 342.0 174.0 335.0 Small_Car Vehicle 1
180.0 379.0 161.0 387.0 158.0 379.0 177.0 371.0 Van Vehicle 1
177.0 390.0 163.0 397.0 159.0 390.0 174.0 383.0 Van Vehicle 1
181.0 399.0 162.0 409.0 158.0 401.0 176.0 391.0 Van Vehicle 1
181.0 409.0 160.0 418.0 157.0 411.0 178.0 402.0 Small_Car Vehicle 1
181.0 421.0 163.0 430.0 160.0 422.0 177.0 414.0 Van Vehicle 1
127.0 424.0 123.0 432.0 102.0 423.0 106.0 414.0 Small_Car Vehicle 1
128.0 412.0 123.0 420.0 105.0 409.0 110.0 401.0 Dump_Truck Vehicle 1
126.0 400.0 122.0 407.0 103.0 398.0 107.0 391.0 Small_Car Vehicle 1
125.0 388.0 122.0 394.0 104.0 386.0 107.0 379.0 Small_Car Vehicle 1
126.0 379.0 124.0 384.0 105.0 376.0 108.0 371.0 Van Vehicle 1
128.0 366.0 126.0 374.0 105.0 366.0 107.0 359.0 Van Vehicle 1
