913.0 367.0 894.0 378.0 890.0 371.0 910.0 360.0 Van Vehicle 1
321.0 323.0 282.0 355.0 231.0 292.0 270.0 261.0 Intersection Road 1
860.0 878.0 818.0 923.0 758.0 867.0 801.0 821.0 Intersection Road 1
602.0 417.0 594.0 423.0 581.0 408.0 588.0 402.0 Small_Car Vehicle 1
600.0 619.0 543.0 664.0 508.0 619.0 566.0 575.0 Intersection Road 1
969.0 745.0 950.0 758.0 945.0 751.0 964.0 739.0 Dump_Truck Vehicle 1
968.0 786.0 950.0 798.0 945.0 792.0 964.0 779.0 Dump_Truck Vehicle 1
929.0 799.0 915.0 809.0 910.0 802.0 925.0 793.0 Small_Car Vehicle 1
879.0 805.0 864.0 815.0 860.0 809.0 875.0 800.0 Van Vehicle 1
923.0 701.0 920.0 717.0 911.0 715.0 914.0 699.0 Van Vehicle 1
914.0 694.0 911.0 710.0 902.0 709.0 905.0 693.0 Small_Car Vehicle 1
906.0 687.0 903.0 701.0 895.0 700.0 898.0 685.0 Small_Car Vehicle 1
896.0 682.0 894.0 697.0 885.0 696.0 887.0 681.0 Van Vehicle 1
885.0 678.0 883.0 693.0 874.0 692.0 876.0 677.0 Small_Car Vehicle 1
875.0 674.0 871.0 690.0 863.0 688.0 867.0 673.0 Small_Car Vehicle 1
865.0 669.0 861.0 685.0 853.0 683.0 857.0 667.0 Small_Car Vehicle 1
856.0 663.0 852.0 679.0 844.0 677.0 849.0 661.0 Small_Car Vehicle 1
813.0 549.0 807.0 554.0 797.0 544.0 803.0 538.0 Small_Car Vehicle 1
801.0 557.0 795.0 562.0 784.0 550.0 789.0 545.0 Small_Car Vehicle 1
793.0 562.0 789.0 568.0 775.0 555.0 780.0 550.0 Small_Car Vehicle 1
765.0 581.0 760.0 587.0 749.0 576.0 755.0 570.0 Van Vehicle 1
994.252197 271.364105 985.000244 258.000092 992.748291 252.636078 1002.000244 266.000092 Small_Car Vehicle 1
968.0 228.0 962.0 233.0 950.0 220.0 957.0 215.0 Small_Car Vehicle 1
1000.0 219.714325 988.0 206.000031 994.75708 200.690887 1000.0 207.363678 Small_Car Vehicle 1
967.0 169.0 960.0 174.0 948.0 159.0 955.0 154.0 Small_Car Vehicle 1
946.0 143.0 938.0 149.0 925.0 133.0 933.0 127.0 Van Vehicle 1
880.0 69.0 873.0 75.0 861.0 61.0 869.0 55.0 Small_Car Vehicle 1
900.0 181.0 894.0 186.0 882.0 172.0 888.0 167.0 Small_Car Vehicle 1
875.0 202.0 869.0 207.0 856.0 192.0 863.0 187.0 Small_Car Vehicle 1
766.0 259.0 759.0 264.0 750.0 251.0 756.0 246.0 Small_Car Vehicle 1
812.0 184.0 806.0 189.0 796.0 174.0 803.0 170.0 Van Vehicle 1
785.0 195.0 778.0 200.0 770.0 189.0 778.0 184.0 Small_Car Vehicle 1
772.0 744.0 761.0 753.0 756.0 747.0 768.0 738.0 Small_Car Vehicle 1
758.0 730.0 740.0 740.0 737.0 734.0 754.0 724.0 Small_Car Vehicle 1
748.0 724.0 732.0 734.0 729.0 728.0 745.0 718.0 Van Vehicle 1
724.0 761.0 717.0 767.0 706.0 756.0 713.0 749.0 Van Vehicle 1
677.0 772.0 671.0 778.0 658.0 763.0 664.0 758.0 Small_Car Vehicle 1
704.0 801.0 697.0 807.0 688.0 796.0 695.0 790.0 Small_Car Vehicle 1
747.0 844.0 742.0 849.0 731.0 838.0 737.0 832.0 Van Vehicle 1
739.0 618.0 734.0 623.0 720.0 609.0 725.0 604.0 Van Vehicle 1
732.0 625.0 727.0 630.0 714.0 618.0 718.0 613.0 Van Vehicle 1
707.0 642.0 701.0 647.0 690.0 636.0 695.0 631.0 Small_Car Vehicle 1
689.0 596.0 684.0 602.0 672.0 590.0 677.0 585.0 Van Vehicle 1
656.0 621.0 650.0 626.0 638.0 614.0 643.0 609.0 Small_Car Vehicle 1
646.0 626.0 640.0 631.0 629.0 619.0 635.0 614.0 Small_Car Vehicle 1
803.0 480.0 789.0 491.0 784.0 486.0 799.0 474.0 Van Vehicle 1
771.0 445.0 751.0 458.0 747.0 452.0 767.0 439.0 Dry_Cargo_Ship Ship 1
722.0 477.0 709.0 488.0 705.0 482.0 717.0 472.0 Van Vehicle 1
586.0 550.0 568.0 563.0 562.0 555.0 580.0 541.0 Van Vehicle 1
649.0 528.0 635.0 540.0 630.0 534.0 644.0 522.0 Van Vehicle 1
605.0 575.0 589.0 587.0 584.0 581.0 601.0 569.0 Small_Car Vehicle 1
550.0 638.0 537.0 648.0 533.0 644.0 546.0 634.0 Van Vehicle 1
541.0 611.0 536.0 627.0 526.0 624.0 530.0 608.0 Van Vehicle 1
593.0 467.0 585.0 472.0 578.0 460.0 585.0 455.0 Van Vehicle 1
574.0 479.0 568.0 484.0 558.0 472.0 564.0 467.0 Van Vehicle 1
593.0 374.0 586.0 380.0 574.0 364.0 581.0 359.0 Dump_Truck Vehicle 1
582.0 378.0 576.0 382.0 567.0 369.0 573.0 365.0 Small_Car Vehicle 1
560.0 392.0 553.0 399.0 542.0 385.0 549.0 379.0 Small_Car Vehicle 1
591.0 424.0 584.0 430.0 571.0 414.0 578.0 408.0 Small_Car Vehicle 1
611.0 413.0 604.0 419.0 593.0 405.0 600.0 400.0 Small_Car Vehicle 1
573.0 434.0 568.0 439.0 557.0 427.0 563.0 422.0 Van Vehicle 1
554.0 445.0 547.0 450.0 537.0 437.0 544.0 432.0 Small_Car Vehicle 1
544.0 451.0 538.0 456.0 528.0 443.0 534.0 438.0 Van Vehicle 1
529.0 461.0 521.0 466.0 513.0 453.0 520.0 448.0 Small_Car Vehicle 1
519.0 465.0 511.0 471.0 502.0 458.0 510.0 453.0 Small_Car Vehicle 1
469.0 494.0 462.0 500.0 452.0 487.0 459.0 482.0 Dump_Truck Vehicle 1
656.0 260.0 639.0 270.0 635.0 264.0 652.0 253.0 Small_Car Vehicle 1
637.0 261.0 620.0 271.0 616.0 263.0 633.0 253.0 Small_Car Vehicle 1
619.0 303.0 612.0 308.0 602.0 294.0 608.0 289.0 Small_Car Vehicle 1
609.0 309.0 601.0 314.0 593.0 300.0 601.0 296.0 Small_Car Vehicle 1
597.0 312.0 590.0 317.0 580.0 304.0 587.0 298.0 Small_Car Vehicle 1
539.0 309.0 531.0 314.0 523.0 302.0 531.0 297.0 Van Vehicle 1
527.0 317.0 521.0 322.0 512.0 310.0 518.0 305.0 Van Vehicle 1
517.0 321.0 510.0 327.0 501.0 316.0 508.0 310.0 Small_Car Vehicle 1
505.0 330.0 498.0 335.0 490.0 322.0 497.0 317.0 Van Vehicle 1
482.0 327.0 469.0 341.0 464.0 336.0 476.0 322.0 Dump_Truck Vehicle 1
449.0 392.0 433.0 403.0 428.0 397.0 445.0 386.0 Small_Car Vehicle 1
432.0 381.0 416.0 390.0 413.0 385.0 428.0 375.0 Small_Car Vehicle 1
425.0 374.0 406.0 384.0 403.0 378.0 422.0 367.0 Van Vehicle 1
417.0 367.0 400.0 377.0 397.0 371.0 414.0 362.0 Van Vehicle 1
743.0 893.0 727.0 903.0 722.0 896.0 738.0 886.0 Small_Car Vehicle 1
724.0 905.0 709.0 914.0 704.0 907.0 720.0 898.0 Small_Car Vehicle 1
683.0 956.0 664.0 967.0 660.0 959.0 678.0 948.0 Van Vehicle 1
677.0 976.0 660.0 987.0 655.0 980.0 672.0 969.0 Small_Car Vehicle 1
641.0 952.0 629.0 961.0 625.0 956.0 637.0 946.0 Van Vehicle 1
603.0 975.0 584.0 987.0 580.0 981.0 599.0 968.0 Small_Car Vehicle 1
581.0 988.0 564.0 999.0 560.0 994.0 577.0 982.0 Van Vehicle 1
619.0 864.0 613.0 869.0 603.0 857.0 609.0 852.0 Small_Car Vehicle 1
619.0 786.0 610.0 786.0 610.0 771.0 619.0 771.0 Small_Car Vehicle 1
607.0 779.0 605.0 793.0 598.0 792.0 600.0 778.0 Small_Car Vehicle 1
597.0 783.0 595.0 801.0 587.0 800.0 589.0 783.0 Dump_Truck Vehicle 1
563.0 822.0 556.0 827.0 542.0 811.0 549.0 805.0 Van Vehicle 1
552.0 826.0 547.0 832.0 533.0 820.0 539.0 813.0 Small_Car Vehicle 1
542.0 749.0 529.0 760.0 525.0 755.0 537.0 744.0 Small_Car Vehicle 1
527.0 735.0 511.0 746.0 506.0 740.0 522.0 729.0 Van Vehicle 1
479.0 748.0 470.0 757.0 465.0 751.0 474.0 743.0 Small_Car Vehicle 1
471.0 742.0 462.0 750.0 458.0 746.0 467.0 738.0 Small_Car Vehicle 1
407.0 645.0 392.0 656.0 388.0 650.0 403.0 639.0 Small_Car Vehicle 1
389.0 621.0 374.0 633.0 370.0 627.0 385.0 616.0 Dump_Truck Vehicle 1
371.0 442.0 364.0 447.0 355.0 434.0 362.0 429.0 Van Vehicle 1
371.0 399.0 363.0 405.0 354.0 393.0 361.0 387.0 Van Vehicle 1
338.0 404.0 330.0 409.0 322.0 395.0 330.0 391.0 Van Vehicle 1
322.0 386.0 315.0 391.0 305.0 377.0 312.0 372.0 Small_Car Vehicle 1
420.0 743.0 405.0 753.0 401.0 746.0 416.0 736.0 Small_Car Vehicle 1
340.0 739.0 326.0 747.0 323.0 742.0 337.0 734.0 Small_Car Vehicle 1
358.0 782.0 345.0 793.0 340.0 787.0 353.0 776.0 Van Vehicle 1
448.0 896.0 442.0 902.0 428.0 889.0 434.0 883.0 Van Vehicle 1
439.0 903.0 432.0 909.0 417.0 893.0 423.0 887.0 Van Vehicle 1
382.0 871.0 367.0 882.0 363.0 876.0 378.0 865.0 Small_Car Vehicle 1
392.0 877.0 378.0 889.0 372.0 882.0 386.0 870.0 Small_Car Vehicle 1
295.0 855.0 281.0 865.0 277.0 859.0 291.0 849.0 Small_Car Vehicle 1
287.0 876.0 280.0 881.0 269.0 867.0 276.0 862.0 Small_Car Vehicle 1
303.0 862.0 289.0 874.0 284.0 869.0 298.0 857.0 Small_Car Vehicle 1
312.0 845.0 297.0 855.0 292.0 848.0 307.0 838.0 Van Vehicle 1
320.0 851.0 305.0 863.0 300.0 856.0 315.0 844.0 Van Vehicle 1
328.0 858.0 314.0 871.0 309.0 865.0 323.0 853.0 Van Vehicle 1
337.0 869.0 322.0 879.0 318.0 873.0 333.0 863.0 Dump_Truck Vehicle 1
321.0 879.0 307.0 890.0 302.0 884.0 317.0 874.0 Dump_Truck Vehicle 1
328.0 888.0 315.0 899.0 311.0 893.0 324.0 883.0 Small_Car Vehicle 1
345.0 876.0 330.0 887.0 325.0 881.0 340.0 870.0 Van Vehicle 1
352.0 881.0 338.0 892.0 334.0 887.0 348.0 876.0 Van Vehicle 1
337.0 897.0 323.0 908.0 318.0 902.0 332.0 891.0 Van Vehicle 1
360.0 889.0 347.0 900.0 342.0 893.0 355.0 883.0 Van Vehicle 1
369.0 896.0 355.0 906.0 351.0 901.0 365.0 891.0 Van Vehicle 1
376.0 902.0 362.0 913.0 357.0 907.0 372.0 897.0 Van Vehicle 1
385.0 921.0 379.0 927.0 368.0 914.0 374.0 909.0 Small_Car Vehicle 1
399.0 934.0 393.0 939.0 381.0 928.0 386.0 922.0 Small_Car Vehicle 1
391.0 939.0 386.0 944.0 374.0 933.0 379.0 928.0 Van Vehicle 1
384.0 945.0 379.0 950.0 365.0 936.0 370.0 931.0 Small_Car Vehicle 1
344.0 935.0 337.0 941.0 325.0 928.0 332.0 921.0 Van Vehicle 1
338.0 944.0 332.0 950.0 317.0 934.0 323.0 928.0 Small_Car Vehicle 1
218.0 993.0 211.0 999.0 201.0 989.0 208.0 983.0 Small_Car Vehicle 1
184.0 1003.000122 167.585876 989.663696 173.0 983.000122 189.414124 996.336548 Small_Car Vehicle 1
197.0 989.0 191.0 995.0 178.0 983.0 185.0 976.0 Small_Car Vehicle 1
206.0 982.0 201.0 988.0 186.0 976.0 191.0 969.0 Small_Car Vehicle 1
170.0 983.0 157.0 995.0 151.0 989.0 165.0 977.0 Small_Car Vehicle 1
163.0 976.0 147.0 988.0 142.0 982.0 158.0 969.0 Small_Car Vehicle 1
206.0 934.0 200.0 939.0 187.0 924.0 193.0 918.0 Small_Car Vehicle 1
197.0 939.0 191.0 945.0 177.0 931.0 183.0 925.0 Small_Car Vehicle 1
189.0 945.0 183.0 951.0 169.0 938.0 174.0 931.0 Small_Car Vehicle 1
181.0 952.0 175.0 958.0 160.0 944.0 166.0 938.0 Small_Car Vehicle 1
172.0 958.0 167.0 964.0 152.0 951.0 157.0 945.0 Small_Car Vehicle 1
162.0 965.0 156.0 970.0 147.0 959.0 153.0 954.0 Small_Car Vehicle 1
153.0 971.0 149.0 976.0 139.0 966.0 143.0 961.0 Small_Car Vehicle 1
221.0 876.0 204.0 889.0 200.0 883.0 217.0 870.0 Small_Car Vehicle 1
217.0 865.0 199.0 878.0 195.0 871.0 212.0 859.0 Small_Car Vehicle 1
227.0 817.0 210.0 829.0 205.0 823.0 223.0 811.0 Small_Car Vehicle 1
183.0 845.0 170.0 854.0 166.0 848.0 179.0 839.0 Van Vehicle 1
22.0 880.0 15.0 885.0 4.0 871.0 11.0 866.0 Van Vehicle 1
254.0 752.0 241.0 762.0 238.0 757.0 251.0 747.0 Van Vehicle 1
251.0 743.0 235.0 755.0 231.0 749.0 247.0 737.0 Dump_Truck Vehicle 1
244.0 734.0 229.0 746.0 225.0 741.0 240.0 729.0 Dump_Truck Vehicle 1
276.0 705.0 260.0 715.0 257.0 709.0 273.0 700.0 Van Vehicle 1
263.0 691.0 246.0 702.0 243.0 695.0 260.0 685.0 Small_Car Vehicle 1
246.0 672.0 231.0 682.0 227.0 676.0 243.0 666.0 Van Vehicle 1
231.0 650.0 215.0 659.0 211.0 654.0 228.0 644.0 Van Vehicle 1
190.0 714.0 184.0 719.0 172.0 705.0 178.0 700.0 Small_Car Vehicle 1
182.0 719.0 177.0 724.0 167.0 712.0 172.0 707.0 Van Vehicle 1
140.0 747.0 134.0 753.0 122.0 740.0 128.0 734.0 Van Vehicle 1
118.0 672.0 107.0 679.0 103.0 674.0 114.0 667.0 Van Vehicle 1
273.0 493.0 257.0 502.0 254.0 497.0 270.0 487.0 Small_Car Vehicle 1
234.0 535.0 220.0 545.0 216.0 540.0 230.0 529.0 Small_Car Vehicle 1
229.0 526.0 214.0 537.0 210.0 532.0 225.0 521.0 Small_Car Vehicle 1
197.0 491.0 183.0 499.0 180.0 494.0 194.0 485.0 Small_Car Vehicle 1
155.0 512.0 147.0 512.0 146.0 495.0 154.0 494.0 Van Vehicle 1
744.0 53.0 728.0 62.0 724.0 57.0 740.0 47.0 Van Vehicle 1
708.0 76.0 691.0 86.0 687.0 80.0 703.0 69.0 Van Vehicle 1
696.0 41.0 678.0 53.0 673.0 46.0 691.0 34.0 Dump_Truck Vehicle 1
675.0 54.0 661.0 64.0 656.0 58.0 671.0 47.0 Small_Car Vehicle 1
630.0 83.0 615.0 91.0 612.0 85.0 626.0 76.0 Van Vehicle 1
573.0 155.0 557.0 166.0 553.0 160.0 570.0 149.0 Dump_Truck Vehicle 1
554.0 167.0 539.0 176.0 535.0 170.0 550.0 161.0 Small_Car Vehicle 1
536.0 138.0 516.0 150.0 511.0 144.0 532.0 131.0 Dump_Truck Vehicle 1
510.0 193.0 493.0 204.0 489.0 197.0 505.0 186.0 Small_Car Vehicle 1
492.0 204.0 475.0 214.0 471.0 207.0 488.0 197.0 Small_Car Vehicle 1
445.0 190.0 425.0 202.0 422.0 196.0 442.0 184.0 Dump_Truck Vehicle 1
437.0 235.0 421.0 247.0 417.0 241.0 434.0 230.0 Dump_Truck Vehicle 1
400.0 258.0 385.0 268.0 381.0 262.0 396.0 252.0 Van Vehicle 1
381.0 269.0 363.0 279.0 358.0 272.0 376.0 262.0 Small_Car Vehicle 1
349.0 288.0 334.0 298.0 329.0 291.0 345.0 282.0 Small_Car Vehicle 1
405.0 215.0 388.0 225.0 385.0 219.0 401.0 209.0 Small_Car Vehicle 1
384.0 226.0 370.0 234.0 367.0 229.0 381.0 222.0 Van Vehicle 1
368.0 235.0 353.0 245.0 349.0 240.0 365.0 230.0 Van Vehicle 1
323.0 261.0 312.0 268.0 309.0 263.0 320.0 256.0 Small_Car Vehicle 1
320.0 73.0 304.0 83.0 300.0 77.0 317.0 66.0 Small_Car Vehicle 1
354.0 66.0 349.0 70.0 339.0 59.0 344.0 55.0 Van Vehicle 1
262.0 195.0 256.0 200.0 247.0 189.0 253.0 184.0 Small_Car Vehicle 1
254.0 203.0 248.0 208.0 236.0 195.0 242.0 190.0 Van Vehicle 1
251.0 244.0 242.0 251.0 232.0 238.0 240.0 231.0 Small_Car Vehicle 1
235.0 226.0 227.0 233.0 217.0 220.0 225.0 213.0 Van Vehicle 1
220.0 208.0 213.0 215.0 200.0 202.0 208.0 195.0 Small_Car Vehicle 1
241.0 351.0 224.0 362.0 221.0 357.0 237.0 346.0 Van Vehicle 1
200.0 375.0 187.0 384.0 183.0 379.0 196.0 369.0 Van Vehicle 1
184.0 385.0 169.0 394.0 166.0 389.0 181.0 379.0 Van Vehicle 1
189.0 341.0 173.0 352.0 169.0 345.0 185.0 334.0 Small_Car Vehicle 1
166.0 354.0 148.0 366.0 144.0 361.0 162.0 348.0 Small_Car Vehicle 1
116.0 384.0 99.0 394.0 95.0 388.0 113.0 378.0 Small_Car Vehicle 1
146.0 408.0 132.0 417.0 128.0 412.0 142.0 403.0 Small_Car Vehicle 1
129.0 420.0 110.0 431.0 106.0 423.0 125.0 412.0 Van Vehicle 1
38.0 471.0 21.0 481.0 18.0 475.0 34.0 465.0 Dump_Truck Vehicle 1
16.0 484.0 3.0 491.0 0.0 486.0 13.0 479.0 Dump_Truck Vehicle 1
95.0 396.0 78.0 407.0 74.0 401.0 91.0 390.0 Dump_Truck Vehicle 1
74.0 407.0 60.0 417.0 57.0 412.0 70.0 402.0 Small_Car Vehicle 1
58.0 417.0 44.0 426.0 40.0 421.0 55.0 412.0 Van Vehicle 1
16.0 443.0 4.0 451.0 0.0 445.0 12.0 437.0 Van Vehicle 1
86.0 325.0 80.0 331.0 67.0 317.0 74.0 311.0 Small_Car Vehicle 1
93.0 276.0 78.0 288.0 73.0 283.0 88.0 270.0 Van Vehicle 1
55.0 294.0 48.0 300.0 36.0 283.0 43.0 278.0 Dump_Truck Vehicle 1
73.0 265.0 63.0 266.0 63.0 249.0 73.0 249.0 Small_Car Vehicle 1
184.0 229.0 176.0 234.0 167.0 220.0 175.0 215.0 Small_Car Vehicle 1
146.0 226.0 133.0 235.0 129.0 230.0 143.0 221.0 Small_Car Vehicle 1
141.0 216.0 126.0 227.0 123.0 222.0 138.0 211.0 Dump_Truck Vehicle 1
153.0 191.0 146.0 196.0 135.0 182.0 142.0 177.0 Small_Car Vehicle 1
136.0 173.0 132.0 178.0 119.0 167.0 124.0 162.0 Small_Car Vehicle 1
162.0 145.0 155.0 151.0 145.0 138.0 153.0 133.0 Van Vehicle 1
107.0 143.0 100.0 147.0 91.0 132.0 98.0 128.0 Small_Car Vehicle 1
52.0 78.0 44.0 83.0 33.0 68.0 41.0 62.0 Small_Car Vehicle 1
876.0 431.0 861.0 441.0 857.0 435.0 872.0 425.0 Van Vehicle 1
903.0 475.0 899.0 481.0 884.0 470.0 889.0 464.0 Van Vehicle 1
925.0 459.0 920.0 466.0 903.0 455.0 907.0 448.0 Van Vehicle 1
941.0 445.0 936.0 452.0 920.0 443.0 925.0 435.0 Van Vehicle 1
960.0 434.0 956.0 441.0 938.0 429.0 943.0 423.0 Van Vehicle 1
1000.0 430.235321 989.353394 437.75058 986.0 433.000031 1000.0 423.117676 Van Vehicle 1
997.0 422.0 984.0 431.0 980.0 425.0 992.0 416.0 Van Vehicle 1
991.0 414.0 977.0 424.0 972.0 418.0 986.0 408.0 Van Vehicle 1
984.0 408.0 969.0 418.0 964.0 413.0 979.0 402.0 Van Vehicle 1
977.0 401.0 963.0 411.0 959.0 405.0 973.0 395.0 Small_Car Vehicle 1
970.0 396.0 957.0 405.0 953.0 398.0 966.0 389.0 Small_Car Vehicle 1
