718.0 570.0 701.0 578.0 698.0 571.0 715.0 564.0 Small_Car Vehicle 1
178.0 564.0 171.0 579.0 164.0 576.0 170.0 561.0 Van Vehicle 1
85.0 512.0 83.0 518.0 67.0 511.0 69.0 506.0 Small_Car Vehicle 1
28.0 482.0 22.0 495.0 14.0 491.0 21.0 479.0 Van Vehicle 1
59.0 470.0 58.0 476.0 50.0 474.0 51.0 468.0 Small_Car Vehicle 1
94.0 481.0 91.0 488.0 78.0 484.0 80.0 476.0 Small_Car Vehicle 1
57.0 439.0 55.0 445.0 37.0 441.0 39.0 435.0 Van Vehicle 1
80.0 447.0 78.0 454.0 62.0 449.0 64.0 442.0 Small_Car Vehicle 1
110.0 458.0 90.0 457.0 90.0 450.0 110.0 451.0 Small_Car Vehicle 1
154.0 399.0 150.0 416.0 143.0 415.0 147.0 397.0 Small_Car Vehicle 1
128.0 321.0 113.0 325.0 111.0 319.0 127.0 315.0 Small_Car Vehicle 1
176.0 263.0 169.0 266.0 163.0 252.0 170.0 249.0 Small_Car Vehicle 1
163.0 233.0 156.0 236.0 151.0 223.0 158.0 220.0 Van Vehicle 1
146.0 282.0 138.0 284.0 134.0 269.0 141.0 267.0 Small_Car Vehicle 1
133.0 248.0 124.0 250.0 118.0 233.0 127.0 230.0 Small_Car Vehicle 1
95.0 222.0 78.0 226.0 76.0 218.0 94.0 215.0 Small_Car Vehicle 1
45.0 90.0 30.0 94.0 28.0 87.0 44.0 83.0 Small_Car Vehicle 1
45.0 81.0 27.0 86.0 25.0 79.0 43.0 74.0 Small_Car Vehicle 1
59.0 62.0 51.0 65.0 44.0 45.0 52.0 42.0 Van Vehicle 1
410.0 403.0 401.0 403.0 400.0 387.0 409.0 386.0 Van Vehicle 1
442.0 138.0 424.0 146.0 421.0 140.0 439.0 132.0 Van Vehicle 1
616.0 64.0 598.0 74.0 595.0 68.0 612.0 57.0 Small_Car Vehicle 1
653.0 44.0 637.0 53.0 634.0 47.0 650.0 38.0 Small_Car Vehicle 1
697.0 21.0 681.0 31.0 677.0 24.0 693.0 15.0 Small_Car Vehicle 1
654.0 78.0 635.0 87.0 631.0 79.0 650.0 70.0 Van Vehicle 1
719.0 128.0 716.0 143.0 709.0 142.0 711.0 127.0 Small_Car Vehicle 1
689.0 177.0 685.0 182.0 674.0 172.0 678.0 167.0 Van Vehicle 1
657.0 267.0 656.0 274.0 638.0 270.0 639.0 264.0 Van Vehicle 1
622.0 258.0 620.0 264.0 604.0 259.0 606.0 253.0 other-vehicle Vehicle 1
692.0 331.0 684.0 334.0 679.0 319.0 686.0 316.0 Small_Car Vehicle 1
722.0 319.0 714.0 321.0 710.0 304.0 718.0 302.0 Van Vehicle 1
746.0 444.0 740.0 447.0 734.0 434.0 740.0 432.0 Van Vehicle 1
790.0 460.0 783.0 463.0 777.0 449.0 783.0 446.0 Small_Car Vehicle 1
