47.0 87.0 46.0 106.0 37.0 106.0 37.0 87.0 Small_Car Vehicle 1
62.0 391.0 53.0 391.0 52.0 375.0 61.0 374.0 Small_Car Vehicle 1
86.0 414.0 60.0 412.0 60.0 404.0 86.0 405.0 Van Vehicle 1
102.0 424.0 77.0 422.0 77.0 414.0 102.0 415.0 Dump_Truck Vehicle 1
78.0 426.0 75.0 432.0 58.0 426.0 61.0 420.0 Van Vehicle 1
104.0 431.0 102.0 438.0 82.0 433.0 84.0 425.0 Van Vehicle 1
102.0 446.0 98.0 453.0 82.0 444.0 85.0 437.0 Van Vehicle 1
66.0 442.0 60.0 447.0 49.0 434.0 55.0 429.0 Small_Car Vehicle 1
77.0 456.0 54.0 454.0 54.0 447.0 77.0 448.0 Dump_Truck Vehicle 1
672.0 9.0 669.0 27.0 661.0 26.0 663.0 8.0 Small_Car Vehicle 1
683.0 13.0 681.0 32.0 672.0 31.0 674.0 12.0 Van Vehicle 1
765.0 485.0 764.0 491.0 746.0 489.0 747.0 483.0 Van Vehicle 1
