198.0 402.0 188.0 402.0 188.0 393.0 198.0 393.0 Small_Car Vehicle 1
42.0 341.0 33.0 342.0 32.0 335.0 42.0 334.0 Small_Car Vehicle 1
63.0 326.0 41.0 329.0 40.0 322.0 62.0 319.0 Small_Car Vehicle 1
946.0 585.0 938.0 586.0 936.0 570.0 944.0 569.0 Van Vehicle 1
808.0 493.0 799.0 495.0 795.0 477.0 804.0 475.0 Van Vehicle 1
792.0 530.0 769.0 533.0 769.0 524.0 791.0 522.0 Small_Car Vehicle 1
688.0 513.0 679.0 514.0 676.0 496.0 685.0 495.0 Dump_Truck Vehicle 1
676.0 545.0 653.0 547.0 653.0 539.0 675.0 538.0 Van Vehicle 1
621.0 505.0 612.0 508.0 607.0 489.0 616.0 487.0 Van Vehicle 1
607.0 503.0 599.0 505.0 595.0 489.0 603.0 486.0 Van Vehicle 1
696.0 617.0 688.0 618.0 685.0 604.0 692.0 602.0 Small_Car Vehicle 1
611.0 634.0 603.0 636.0 599.0 619.0 607.0 617.0 Van Vehicle 1
622.0 633.0 614.0 634.0 612.0 619.0 620.0 618.0 Van Vehicle 1
557.0 583.0 538.0 584.0 538.0 578.0 557.0 576.0 Van Vehicle 1
508.0 625.0 501.0 627.0 498.0 613.0 505.0 611.0 Van Vehicle 1
851.0 789.0 843.0 791.0 838.0 776.0 845.0 773.0 Small_Car Vehicle 1
787.0 810.0 778.0 812.0 774.0 796.0 783.0 794.0 Van Vehicle 1
775.0 878.0 767.0 880.0 763.0 862.0 770.0 860.0 Van Vehicle 1
733.0 895.0 724.0 897.0 720.0 879.0 729.0 877.0 Small_Car Vehicle 1
714.0 864.0 690.0 865.0 689.0 857.0 714.0 856.0 Small_Car Vehicle 1
666.0 868.0 647.0 871.0 645.0 864.0 665.0 861.0 Van Vehicle 1
648.0 897.0 640.0 899.0 636.0 883.0 644.0 881.0 Small_Car Vehicle 1
633.0 901.0 626.0 903.0 621.0 887.0 629.0 885.0 Van Vehicle 1
620.0 904.0 613.0 906.0 607.0 890.0 615.0 887.0 Van Vehicle 1
537.0 844.0 528.0 845.0 527.0 829.0 535.0 828.0 Small_Car Vehicle 1
533.0 905.0 526.0 907.0 523.0 891.0 530.0 889.0 Van Vehicle 1
360.0 913.0 312.0 924.0 301.0 878.0 350.0 867.0 Intersection Road 1
400.0 968.0 379.0 969.0 379.0 962.0 399.0 961.0 other-vehicle Vehicle 1
322.0 995.0 298.0 995.0 298.0 986.0 322.0 985.0 Van Vehicle 1
330.0 971.0 322.0 972.0 319.0 954.0 327.0 953.0 Small_Car Vehicle 1
226.0 956.0 217.0 959.0 210.0 940.0 219.0 936.0 Van Vehicle 1
42.0 933.0 18.0 936.0 17.0 929.0 41.0 926.0 Van Vehicle 1
57.0 883.0 49.0 884.0 46.0 867.0 53.0 866.0 Van Vehicle 1
360.0 799.0 336.0 798.0 336.0 792.0 360.0 792.0 Van Vehicle 1
356.0 786.0 334.0 788.0 333.0 781.0 355.0 778.0 Van Vehicle 1
320.0 677.0 301.0 678.0 300.0 672.0 319.0 670.0 Van Vehicle 1
363.0 607.0 337.0 610.0 336.0 603.0 362.0 600.0 Van Vehicle 1
164.0 596.0 155.0 598.0 151.0 581.0 159.0 579.0 Small_Car Vehicle 1
265.0 558.0 257.0 560.0 253.0 544.0 261.0 542.0 Van Vehicle 1
255.0 513.0 247.0 515.0 244.0 496.0 252.0 495.0 Van Vehicle 1
238.0 511.0 230.0 513.0 227.0 495.0 235.0 494.0 Van Vehicle 1
872.0 328.0 862.0 329.0 861.0 318.0 870.0 316.0 Van Vehicle 1
801.0 303.0 793.0 304.0 791.0 289.0 799.0 288.0 Van Vehicle 1
789.0 307.0 779.0 309.0 775.0 289.0 784.0 286.0 Dump_Truck Vehicle 1
781.0 280.0 772.0 280.0 771.0 264.0 780.0 264.0 Dump_Truck Vehicle 1
656.0 338.0 649.0 340.0 645.0 323.0 652.0 322.0 Small_Car Vehicle 1
363.0 384.0 358.0 390.0 344.0 378.0 348.0 372.0 Van Vehicle 1
349.0 387.0 344.0 394.0 329.0 381.0 333.0 375.0 Van Vehicle 1
265.0 384.0 243.0 385.0 243.0 377.0 264.0 376.0 Van Vehicle 1
242.0 410.0 233.0 412.0 230.0 395.0 239.0 394.0 Small_Car Vehicle 1
220.0 403.0 212.0 404.0 210.0 387.0 218.0 386.0 Van Vehicle 1
966.0 203.0 946.0 206.0 945.0 199.0 965.0 196.0 Van Vehicle 1
936.0 208.0 915.0 211.0 913.0 203.0 935.0 200.0 Van Vehicle 1
827.0 183.0 819.0 185.0 815.0 168.0 823.0 166.0 Small_Car Vehicle 1
843.0 195.0 834.0 196.0 832.0 177.0 840.0 175.0 Small_Car Vehicle 1
819.0 223.0 797.0 225.0 796.0 217.0 818.0 215.0 Small_Car Vehicle 1
675.0 268.0 654.0 270.0 653.0 263.0 674.0 261.0 Small_Car Vehicle 1
547.0 217.0 539.0 219.0 536.0 203.0 544.0 201.0 Van Vehicle 1
420.0 244.0 412.0 245.0 410.0 228.0 418.0 227.0 Van Vehicle 1
315.0 245.0 308.0 246.0 305.0 230.0 312.0 229.0 Small_Car Vehicle 1
283.0 621.0 237.0 632.0 227.0 586.0 273.0 575.0 Intersection Road 1
