182.0 55.0 181.0 70.0 172.0 69.0 172.0 55.0 Small_Car Vehicle 1
178.0 46.0 166.0 64.0 155.0 56.0 167.0 38.0 Cargo_Truck Vehicle 1
286.0 166.0 270.0 166.0 270.0 160.0 286.0 159.0 Van Vehicle 1
284.0 177.0 273.0 188.0 267.0 182.0 278.0 171.0 Small_Car Vehicle 1
573.0 62.0 562.0 62.0 563.0 43.0 573.0 43.0 Small_Car Vehicle 1
571.0 80.0 563.0 80.0 563.0 63.0 571.0 63.0 Small_Car Vehicle 1
574.0 238.0 565.0 238.0 565.0 221.0 574.0 221.0 Small_Car Vehicle 1
573.0 261.0 564.0 261.0 564.0 243.0 572.0 243.0 Small_Car Vehicle 1
580.0 360.0 579.0 416.0 512.0 416.0 513.0 360.0 Intersection Road 1
112.0 449.0 102.0 450.0 101.0 433.0 111.0 432.0 Van Vehicle 1
205.0 415.0 180.0 415.0 180.0 407.0 205.0 407.0 Small_Car Vehicle 1
585.0 844.0 519.0 846.0 517.0 782.0 583.0 780.0 Intersection Road 1
198.0 733.0 197.0 750.0 188.0 749.0 189.0 732.0 Small_Car Vehicle 1
379.0 833.0 366.0 832.0 366.0 827.0 379.0 827.0 Van Vehicle 1
932.0 801.0 916.0 801.0 916.0 794.0 932.0 795.0 Small_Car Vehicle 1
947.0 826.0 924.0 827.0 924.0 819.0 947.0 819.0 Van Vehicle 1
923.0 826.0 901.0 826.0 901.0 820.0 923.0 819.0 Van Vehicle 1
250.0 954.0 239.0 954.0 239.0 933.0 250.0 933.0 Dump_Truck Vehicle 1
66.0 930.0 52.0 931.0 52.0 925.0 66.0 925.0 Van Vehicle 1
417.0 681.0 397.0 681.0 397.0 674.0 417.0 674.0 Van Vehicle 1
419.0 691.0 398.0 691.0 398.0 685.0 419.0 684.0 Van Vehicle 1
774.0 576.0 765.0 576.0 765.0 559.0 773.0 559.0 Small_Car Vehicle 1
943.0 550.0 922.0 550.0 922.0 542.0 943.0 543.0 Small_Car Vehicle 1
899.0 491.0 887.0 492.0 886.0 471.0 898.0 470.0 Dump_Truck Vehicle 1
759.0 411.0 729.0 411.0 729.0 403.0 759.0 402.0 Van Vehicle 1
862.0 331.0 853.0 334.0 846.0 313.0 856.0 310.0 Small_Car Vehicle 1
783.0 83.0 764.0 82.0 764.0 75.0 783.0 76.0 Van Vehicle 1
785.0 93.0 765.0 93.0 765.0 85.0 785.0 85.0 Small_Car Vehicle 1
574.0 167.0 564.0 167.0 564.0 148.0 574.0 148.0 Dump_Truck Vehicle 1
572.0 293.0 571.0 311.0 561.0 311.0 561.0 293.0 Small_Car Vehicle 1
443.0 296.0 414.0 295.0 414.0 284.0 443.0 286.0 Small_Car Vehicle 1
150.0 434.0 149.0 454.0 135.0 453.0 136.0 433.0 Dump_Truck Vehicle 1
