118.0 68.0 93.0 68.0 94.0 59.0 118.0 60.0 Small_Car Vehicle 1
114.0 77.0 95.0 78.0 94.0 71.0 114.0 70.0 Small_Car Vehicle 1
139.0 100.0 132.0 101.0 129.0 82.0 137.0 81.0 Dump_Truck Vehicle 1
425.0 7.0 411.0 8.0 411.0 2.0 425.0 2.0 Small_Car Vehicle 1
230.0 41.0 228.0 47.0 212.0 44.0 213.0 38.0 Van Vehicle 1
165.0 43.0 156.0 44.0 155.0 35.0 164.0 34.0 Small_Car Vehicle 1
450.0 66.0 449.0 75.0 442.0 75.0 442.0 66.0 Small_Car Vehicle 1
429.0 115.0 412.0 115.0 412.0 108.0 429.0 107.0 Small_Car Vehicle 1
211.0 217.0 194.0 217.0 194.0 211.0 211.0 211.0 Van Vehicle 1
433.0 192.0 415.0 192.0 415.0 186.0 433.0 186.0 Small_Car Vehicle 1
455.0 206.0 445.0 207.0 445.0 189.0 454.0 188.0 Van Vehicle 1
239.0 354.0 222.0 355.0 222.0 347.0 239.0 346.0 Van Vehicle 1
263.0 353.0 245.0 353.0 245.0 347.0 263.0 347.0 Small_Car Vehicle 1
285.0 352.0 268.0 353.0 268.0 347.0 285.0 346.0 Small_Car Vehicle 1
232.0 388.0 216.0 387.0 216.0 381.0 232.0 381.0 Small_Car Vehicle 1
283.0 387.0 265.0 386.0 265.0 379.0 283.0 380.0 Small_Car Vehicle 1
387.0 383.0 372.0 384.0 372.0 377.0 387.0 377.0 Small_Car Vehicle 1
420.0 382.0 409.0 383.0 408.0 375.0 419.0 374.0 Small_Car Vehicle 1
389.0 351.0 370.0 351.0 370.0 345.0 389.0 345.0 Small_Car Vehicle 1
495.0 296.0 486.0 297.0 485.0 280.0 494.0 280.0 Small_Car Vehicle 1
512.0 11.0 497.0 12.0 497.0 5.0 512.0 5.0 Small_Car Vehicle 1
520.0 90.0 503.0 89.0 504.0 82.0 520.0 83.0 Small_Car Vehicle 1
539.0 130.0 522.0 130.0 522.0 123.0 539.0 123.0 Van Vehicle 1
520.0 209.0 502.0 210.0 502.0 204.0 520.0 202.0 Van Vehicle 1
490.0 234.0 483.0 234.0 483.0 226.0 490.0 226.0 Small_Car Vehicle 1
541.0 345.0 526.0 346.0 526.0 340.0 541.0 339.0 Small_Car Vehicle 1
572.0 345.0 555.0 345.0 555.0 339.0 571.0 338.0 Small_Car Vehicle 1
588.0 368.0 573.0 368.0 573.0 362.0 588.0 361.0 Small_Car Vehicle 1
600.0 377.0 586.0 377.0 586.0 369.0 600.0 369.0 other-vehicle Vehicle 1
546.0 434.0 528.0 434.0 528.0 427.0 546.0 427.0 Small_Car Vehicle 1
186.0 428.0 179.0 429.0 177.0 411.0 184.0 410.0 Van Vehicle 1
187.0 451.0 179.0 451.0 178.0 433.0 186.0 432.0 Van Vehicle 1
96.0 654.0 75.0 654.0 75.0 647.0 96.0 647.0 Small_Car Vehicle 1
41.0 679.0 32.0 679.0 32.0 664.0 39.0 664.0 Small_Car Vehicle 1
135.0 776.0 129.0 790.0 124.0 787.0 129.0 774.0 Small_Car Vehicle 1
243.0 713.0 242.0 720.0 224.0 718.0 225.0 711.0 Small_Car Vehicle 1
238.0 669.0 222.0 669.0 222.0 662.0 238.0 662.0 Small_Car Vehicle 1
245.0 624.0 228.0 625.0 228.0 619.0 244.0 618.0 Van Vehicle 1
224.0 624.0 211.0 624.0 211.0 618.0 224.0 618.0 Van Vehicle 1
249.0 606.0 248.0 615.0 216.0 614.0 216.0 605.0 Cargo_Truck Vehicle 1
230.0 517.0 226.0 523.0 216.0 515.0 219.0 509.0 Small_Car Vehicle 1
464.0 467.0 456.0 467.0 456.0 451.0 464.0 451.0 Van Vehicle 1
464.0 484.0 458.0 485.0 456.0 470.0 462.0 469.0 Small_Car Vehicle 1
465.0 516.0 458.0 517.0 457.0 500.0 464.0 500.0 Small_Car Vehicle 1
430.0 535.0 427.0 541.0 413.0 532.0 415.0 527.0 Small_Car Vehicle 1
448.0 544.0 430.0 546.0 430.0 540.0 447.0 538.0 Small_Car Vehicle 1
470.0 615.0 460.0 615.0 460.0 598.0 469.0 598.0 Small_Car Vehicle 1
432.0 635.0 430.0 640.0 417.0 634.0 419.0 629.0 Small_Car Vehicle 1
430.0 649.0 415.0 650.0 415.0 644.0 430.0 644.0 Van Vehicle 1
423.0 764.0 422.0 771.0 402.0 770.0 403.0 762.0 Small_Car Vehicle 1
535.0 594.0 518.0 595.0 517.0 588.0 535.0 587.0 Van Vehicle 1
556.0 595.0 537.0 595.0 537.0 588.0 556.0 588.0 Small_Car Vehicle 1
550.0 616.0 548.0 622.0 532.0 616.0 535.0 610.0 Small_Car Vehicle 1
508.0 714.0 499.0 715.0 499.0 698.0 507.0 698.0 Van Vehicle 1
539.0 747.0 538.0 755.0 520.0 752.0 520.0 745.0 Small_Car Vehicle 1
180.0 394.0 141.0 394.0 140.0 346.0 180.0 345.0 Intersection Road 1
494.0 384.0 454.0 384.0 454.0 342.0 493.0 341.0 Intersection Road 1
