263.0 999.0 254.0 999.0 255.0 981.0 263.0 981.0 Dump_Truck Vehicle 1
285.0 937.0 222.0 937.0 222.0 885.0 285.0 885.0 Intersection Road 1
26.0 927.0 0.0 927.0 0.0 919.0 26.0 919.0 Dump_Truck Vehicle 1
57.0 927.0 32.0 927.0 33.0 919.0 57.0 920.0 Small_Car Vehicle 1
168.0 224.0 159.0 228.0 151.0 208.0 160.0 204.0 Small_Car Vehicle 1
66.000015 485.000061 60.000019 491.000061 46.000019 477.000061 52.000019 471.000061 Van Vehicle 1
16.0 413.0 7.0 414.0 6.0 397.0 15.0 397.0 Van Vehicle 1
30.0 409.0 20.0 409.0 20.0 393.0 30.0 393.0 Small_Car Vehicle 1
323.0 209.0 322.0 226.0 314.0 226.0 314.0 209.0 Van Vehicle 1
554.0 232.0 542.0 243.0 537.0 238.0 549.0 227.0 Small_Car Vehicle 1
567.0 232.0 557.0 246.0 550.0 241.0 561.0 227.0 Small_Car Vehicle 1
580.0 231.0 571.0 242.0 565.0 237.0 574.0 226.0 Small_Car Vehicle 1
595.0 233.0 583.0 248.0 576.0 243.0 588.0 228.0 Small_Car Vehicle 1
610.0 233.0 599.0 246.0 592.0 241.0 603.0 227.0 Van Vehicle 1
638.0 232.0 627.0 248.0 620.0 242.0 631.0 227.0 Dump_Truck Vehicle 1
665.0 232.0 653.0 248.0 646.0 243.0 658.0 227.0 Small_Car Vehicle 1
678.0 235.0 668.0 248.0 662.0 244.0 672.0 230.0 Van Vehicle 1
696.0 232.0 684.0 246.0 678.0 241.0 690.0 227.0 Van Vehicle 1
710.0 235.0 698.0 246.0 693.0 241.0 705.0 230.0 Small_Car Vehicle 1
697.0 214.0 686.0 228.0 678.0 222.0 690.0 208.0 Small_Car Vehicle 1
682.0 215.0 670.0 227.0 663.0 221.0 675.0 208.0 Small_Car Vehicle 1
669.0 213.0 658.0 227.0 650.0 221.0 661.0 207.0 Small_Car Vehicle 1
654.0 215.0 643.0 228.0 637.0 222.0 648.0 210.0 Van Vehicle 1
638.0 213.0 628.0 227.0 622.0 223.0 632.0 209.0 Van Vehicle 1
627.0 210.0 614.0 226.0 607.0 220.0 619.0 204.0 Small_Car Vehicle 1
680.0 187.0 673.0 192.0 663.0 177.0 671.0 172.0 Small_Car Vehicle 1
710.0 186.0 703.0 192.0 690.0 176.0 697.0 170.0 Small_Car Vehicle 1
46.0 716.0 26.0 720.0 24.0 713.0 44.0 708.0 Small_Car Vehicle 1
45.0 724.0 44.0 731.0 25.0 728.0 26.0 721.0 Small_Car Vehicle 1
