881.0 941.0 913.0 888.0 868.0 862.0 837.0 916.0 other-airplane Airplane 1
45.0 876.0 1.0 853.0 -19.0 891.0 25.0 914.0 A220 Airplane 1
690.0 984.0 730.0 978.0 723.0 933.0 683.0 939.0 other-airplane Airplane 1
532.0 873.0 577.0 859.0 564.0 815.0 519.0 829.0 A220 Airplane 1
747.0 777.0 728.0 821.0 762.0 836.0 781.0 792.0 other-airplane Airplane 1
777.0 783.0 786.0 848.0 834.0 842.0 825.0 777.0 other-airplane Airplane 1
823.0 781.0 850.0 810.0 873.0 789.0 847.0 760.0 other-airplane Airplane 1
815.0 698.0 849.0 655.0 815.0 628.0 781.0 671.0 other-airplane Airplane 1
757.0 674.0 797.0 631.0 760.0 598.0 721.0 641.0 other-airplane Airplane 1
708.0 633.0 744.0 596.0 713.0 565.0 677.0 603.0 Boeing737 Airplane 1
852.0 441.0 836.0 485.0 879.0 500.0 894.0 456.0 A220 Airplane 1
943.0 503.0 960.0 547.0 1001.0 531.0 984.0 487.0 A220 Airplane 1
971.0 337.0 1017.0 327.0 1007.0 284.0 962.0 294.0 A220 Airplane 1
956.0 292.0 1001.0 262.0 972.0 220.0 928.0 250.0 other-airplane Airplane 1
936.0 247.0 956.0 196.0 915.0 179.0 894.0 231.0 other-airplane Airplane 1
866.0 247.0 828.0 207.0 795.0 239.0 833.0 279.0 A321 Airplane 1
746.0 209.0 721.0 241.0 748.0 262.0 773.0 230.0 other-airplane Airplane 1
580.0 238.0 631.0 265.0 652.0 224.0 602.0 198.0 A321 Airplane 1
608.0 187.0 651.0 211.0 672.0 172.0 628.0 149.0 A220 Airplane 1
632.0 137.0 689.0 158.0 704.0 117.0 648.0 96.0 A321 Airplane 1
556.0 72.0 516.0 29.0 483.0 60.0 523.0 103.0 other-airplane Airplane 1
71.0 -13.0 44.0 40.0 90.0 63.0 117.0 11.0 other-airplane Airplane 1
252.0 233.0 235.0 191.0 194.0 208.0 211.0 250.0 A220 Airplane 1
186.0 225.0 175.0 185.0 146.0 192.0 157.0 233.0 other-airplane Airplane 1
156.0 305.0 122.0 269.0 90.0 300.0 124.0 336.0 A220 Airplane 1
