778.840576 325.994934 740.0 305.0 782.159424 227.005066 821.0 248.0 Tennis_Court Court 1
709.0 341.0 666.0 412.0 627.0 396.0 668.0 326.0 Tennis_Court Court 1
777.0 366.0 737.0 441.0 694.0 423.0 736.0 351.0 Tennis_Court Court 1
645.0 451.0 602.0 524.0 562.0 508.0 604.0 436.0 Tennis_Court Court 1
712.0 478.0 669.0 551.0 630.0 536.0 672.0 463.0 Tennis_Court Court 1
653.0 19.0 649.0 24.0 635.0 13.0 640.0 8.0 Van Vehicle 1
618.0 264.0 604.0 282.0 596.0 277.0 610.0 258.0 Small_Car Vehicle 1
25.0 48.0 11.0 61.0 7.0 57.0 21.0 44.0 Dump_Truck Vehicle 1
253.0 53.0 239.0 64.0 235.0 58.0 249.0 48.0 Dump_Truck Vehicle 1
66.0 538.0 50.0 548.0 47.0 543.0 62.0 532.0 Small_Car Vehicle 1
164.0 504.0 149.0 514.0 146.0 509.0 160.0 498.0 Small_Car Vehicle 1
166.0 472.0 148.0 483.0 144.0 477.0 162.0 465.0 Dump_Truck Vehicle 1
121.0 308.0 114.0 313.0 104.0 300.0 110.0 295.0 Small_Car Vehicle 1
140.0 329.0 134.0 334.0 118.0 318.0 124.0 312.0 Dump_Truck Vehicle 1
153.0 343.0 147.0 349.0 135.0 336.0 142.0 330.0 Van Vehicle 1
89.0 121.0 73.0 132.0 69.0 126.0 85.0 115.0 Small_Car Vehicle 1
138.0 87.0 123.0 97.0 119.0 92.0 134.0 81.0 Small_Car Vehicle 1
