583.0 72.0 524.0 111.0 492.0 63.0 551.0 23.0 Intersection Road 1
589.0 496.0 582.0 501.0 572.0 487.0 578.0 482.0 Van Vehicle 1
547.0 474.0 528.0 486.0 524.0 479.0 543.0 467.0 Dump_Truck Vehicle 1
493.0 540.0 485.0 558.0 476.0 554.0 485.0 536.0 Van Vehicle 1
440.0 528.0 426.0 536.0 423.0 531.0 437.0 523.0 Van Vehicle 1
427.0 506.0 411.0 516.0 406.0 509.0 423.0 499.0 Cargo_Truck Vehicle 1
318.0 561.0 301.0 571.0 297.0 564.0 314.0 554.0 Small_Car Vehicle 1
318.0 542.0 313.0 547.0 301.0 535.0 306.0 530.0 Van Vehicle 1
320.0 529.0 314.0 534.0 303.0 521.0 309.0 515.0 Small_Car Vehicle 1
303.0 602.0 287.0 611.0 283.0 605.0 299.0 596.0 Van Vehicle 1
203.0 689.0 196.0 694.0 183.0 677.0 190.0 671.0 Small_Car Vehicle 1
222.0 588.0 216.0 593.0 205.0 580.0 212.0 575.0 Van Vehicle 1
201.0 579.0 195.0 584.0 182.0 569.0 188.0 564.0 Van Vehicle 1
453.0 178.0 447.0 183.0 435.0 170.0 441.0 165.0 Van Vehicle 1
354.0 148.0 337.0 161.0 331.0 153.0 349.0 141.0 Small_Car Vehicle 1
376.0 232.0 370.0 237.0 359.0 225.0 364.0 220.0 Van Vehicle 1
390.0 248.0 384.0 253.0 376.0 244.0 381.0 239.0 Van Vehicle 1
306.0 255.0 300.0 261.0 286.0 246.0 293.0 240.0 Van Vehicle 1
20.0 256.0 15.0 260.0 5.0 248.0 10.0 244.0 Van Vehicle 1
