661.0 529.0 599.0 528.0 599.0 485.0 661.0 487.0 Intersection Road 1
281.0 513.0 256.0 513.0 256.0 503.0 281.0 503.0 Small_Car Vehicle 1
645.0 341.0 634.0 341.0 634.0 322.0 644.0 322.0 Small_Car Vehicle 1
546.0 328.0 516.0 329.0 516.0 319.0 545.0 318.0 Motorboat Ship 1
599.0 319.0 576.0 319.0 576.0 311.0 599.0 311.0 Small_Car Vehicle 1
517.0 279.0 501.0 278.0 501.0 270.0 517.0 270.0 Small_Car Vehicle 1
549.0 279.0 528.0 279.0 528.0 272.0 549.0 272.0 Small_Car Vehicle 1
562.0 193.0 521.0 194.0 520.0 184.0 562.0 183.0 Motorboat Ship 1
64.0 231.0 41.0 231.0 41.0 224.0 64.0 224.0 Small_Car Vehicle 1
150.0 88.0 141.0 88.0 141.0 72.0 150.0 71.0 Van Vehicle 1
152.0 108.0 141.0 109.0 140.0 93.0 150.0 92.0 Van Vehicle 1
273.0 105.0 264.0 106.0 263.0 93.0 272.0 93.0 Dump_Truck Vehicle 1
497.0 146.0 485.0 147.0 484.0 125.0 496.0 124.0 Dump_Truck Vehicle 1
772.0 167.0 749.0 167.0 749.0 160.0 772.0 159.0 Small_Car Vehicle 1
721.0 219.0 700.0 220.0 699.0 212.0 721.0 211.0 Small_Car Vehicle 1
786.0 269.0 759.0 268.0 760.0 260.0 786.0 261.0 Dump_Truck Vehicle 1
474.0 540.0 463.0 543.0 459.0 527.0 469.0 524.0 Van Vehicle 1
