14.0 52.0 0.0 60.0 0.0 51.0 11.0 44.0 Small_Car Vehicle 1
160.0 73.0 141.0 83.0 138.0 75.0 157.0 66.0 Small_Car Vehicle 1
70.0 14.0 67.0 20.0 47.0 11.0 50.0 5.0 Small_Car Vehicle 1
89.0 33.0 87.0 39.0 68.0 31.0 70.0 25.0 Small_Car Vehicle 1
93.0 23.0 90.0 31.0 71.0 22.0 74.0 14.0 Van Vehicle 1
98.0 14.0 96.0 22.0 75.0 14.0 78.0 6.0 Small_Car Vehicle 1
148.0 18.0 138.0 23.0 135.0 17.0 144.0 12.0 Small_Car Vehicle 1
157.0 23.0 141.0 33.0 137.0 27.0 153.0 17.0 Van Vehicle 1
323.0 51.0 308.0 52.0 308.0 43.0 323.0 43.0 Van Vehicle 1
244.0 43.0 240.0 52.0 217.0 40.0 221.0 31.0 Van Vehicle 1
244.0 25.0 242.0 31.0 222.0 21.0 226.0 14.0 Small_Car Vehicle 1
274.0 16.0 271.0 23.0 261.0 18.0 264.0 11.0 Small_Car Vehicle 1
269.0 34.0 266.0 41.0 247.0 32.0 251.0 25.0 Van Vehicle 1
273.0 56.0 270.0 63.0 249.0 53.0 253.0 46.0 Van Vehicle 1
329.0 82.0 309.0 82.0 309.0 75.0 329.0 75.0 Van Vehicle 1
379.0 117.0 364.0 117.0 364.0 110.0 379.0 110.0 Small_Car Vehicle 1
381.0 88.0 355.0 88.0 355.0 81.0 381.0 81.0 Small_Car Vehicle 1
381.0 59.0 368.0 59.0 368.0 53.0 381.0 53.0 Van Vehicle 1
465.0 66.0 442.0 67.0 442.0 59.0 465.0 59.0 Small_Car Vehicle 1
463.0 39.0 441.0 39.0 441.0 32.0 463.0 33.0 Small_Car Vehicle 1
463.0 30.0 439.0 30.0 439.0 22.0 463.0 23.0 Small_Car Vehicle 1
409.0 13.0 409.0 31.0 400.0 31.0 400.0 13.0 Van Vehicle 1
844.0 134.0 837.0 140.0 824.0 120.0 832.0 115.0 Small_Car Vehicle 1
754.0 27.0 748.0 32.0 738.0 17.0 745.0 13.0 Small_Car Vehicle 1
774.0 50.0 768.0 54.0 758.0 41.0 764.0 36.0 Small_Car Vehicle 1
792.0 69.0 786.0 74.0 775.0 60.0 782.0 55.0 Small_Car Vehicle 1
826.0 111.0 819.0 116.0 810.0 103.0 816.0 98.0 Small_Car Vehicle 1
812.0 94.0 804.0 101.0 789.0 82.0 797.0 76.0 Cargo_Truck Vehicle 1
781.0 116.0 771.0 116.0 772.0 99.0 781.0 99.0 Small_Car Vehicle 1
745.0 65.0 723.0 65.0 722.0 58.0 745.0 58.0 Small_Car Vehicle 1
745.0 74.0 724.0 74.0 724.0 67.0 745.0 67.0 Small_Car Vehicle 1
681.0 5.0 659.0 5.0 659.0 0.0 681.0 0.0 Van Vehicle 1
681.0 36.0 660.0 36.0 659.0 29.0 681.0 28.0 Van Vehicle 1
687.0 57.0 662.0 57.0 662.0 50.0 687.0 50.0 Small_Car Vehicle 1
683.0 69.0 662.0 70.0 662.0 63.0 683.0 62.0 Van Vehicle 1
683.0 87.0 658.0 88.0 658.0 80.0 683.0 79.0 Small_Car Vehicle 1
683.0 102.0 658.0 102.0 658.0 96.0 683.0 96.0 Small_Car Vehicle 1
681.0 120.0 659.0 120.0 659.0 114.0 679.0 113.0 Van Vehicle 1
709.0 122.0 699.0 123.0 699.0 105.0 709.0 105.0 Small_Car Vehicle 1
745.0 101.0 744.0 116.0 735.0 115.0 735.0 100.0 Van Vehicle 1
600.0 187.0 574.0 188.0 574.0 179.0 600.0 179.0 Van Vehicle 1
780.0 155.0 769.0 155.0 769.0 135.0 780.0 135.0 Small_Car Vehicle 1
757.0 153.0 747.0 153.0 747.0 135.0 757.0 135.0 Small_Car Vehicle 1
707.0 161.0 697.0 161.0 697.0 146.0 707.0 146.0 Van Vehicle 1
789.0 189.0 766.0 189.0 766.0 181.0 789.0 181.0 Van Vehicle 1
870.0 244.0 847.0 243.0 847.0 235.0 870.0 235.0 Van Vehicle 1
867.0 230.0 840.0 231.0 840.0 222.0 867.0 222.0 Van Vehicle 1
811.0 231.0 788.0 231.0 788.0 223.0 811.0 223.0 Van Vehicle 1
839.0 244.0 784.0 243.0 784.0 231.0 839.0 232.0 Cargo_Truck Vehicle 1
757.0 243.0 734.0 242.0 735.0 234.0 757.0 236.0 Van Vehicle 1
769.0 231.0 747.0 230.0 747.0 223.0 769.0 224.0 Van Vehicle 1
738.0 230.0 718.0 230.0 718.0 222.0 738.0 222.0 Van Vehicle 1
726.0 243.0 700.0 242.0 700.0 233.0 726.0 234.0 Small_Car Vehicle 1
681.0 243.0 656.0 242.0 656.0 234.0 681.0 235.0 Van Vehicle 1
685.0 232.0 662.0 231.0 662.0 223.0 685.0 224.0 Van Vehicle 1
645.0 231.0 622.0 231.0 622.0 224.0 645.0 224.0 Van Vehicle 1
631.0 241.0 610.0 242.0 610.0 235.0 630.0 234.0 Small_Car Vehicle 1
593.0 232.0 564.0 232.0 564.0 223.0 593.0 223.0 Cargo_Truck Vehicle 1
542.0 231.0 517.0 231.0 517.0 222.0 542.0 223.0 Small_Car Vehicle 1
494.0 231.0 472.0 231.0 472.0 223.0 494.0 223.0 Van Vehicle 1
433.0 232.0 411.0 232.0 412.0 224.0 433.0 224.0 Small_Car Vehicle 1
345.0 242.0 324.0 242.0 324.0 234.0 345.0 235.0 Small_Car Vehicle 1
157.0 85.0 137.0 96.0 133.0 88.0 153.0 77.0 Small_Car Vehicle 1
274.0 199.0 251.0 199.0 251.0 192.0 274.0 192.0 Small_Car Vehicle 1
209.0 121.0 208.0 133.0 197.0 132.0 197.0 120.0 Small_Car Vehicle 1
274.0 79.0 270.0 86.0 249.0 74.0 253.0 67.0 Van Vehicle 1
127.0 189.0 97.0 189.0 97.0 180.0 127.0 180.0 Dump_Truck Vehicle 1
46.0 201.0 22.0 200.0 22.0 193.0 46.0 193.0 Van Vehicle 1
48.0 187.0 27.0 187.0 27.0 179.0 48.0 179.0 Van Vehicle 1
78.0 242.0 54.0 243.0 54.0 235.0 78.0 234.0 Van Vehicle 1
873.0 188.0 849.0 188.0 849.0 179.0 873.0 180.0 Van Vehicle 1
928.0 189.0 921.0 195.0 910.0 181.0 917.0 175.0 Small_Car Vehicle 1
934.0 173.0 927.0 178.0 916.0 163.0 923.0 157.0 Van Vehicle 1
984.0 133.0 980.0 125.0 998.0 116.0 1002.0 124.0 Van Vehicle 1
998.0 84.0 992.0 90.0 978.0 75.0 984.0 69.0 Dump_Truck Vehicle 1
977.0 94.0 971.0 100.0 956.0 87.0 962.0 80.0 Van Vehicle 1
960.0 103.0 952.0 111.0 934.0 94.0 943.0 86.0 Cargo_Truck Vehicle 1
947.0 109.0 941.0 114.0 928.0 99.0 934.0 94.0 Small_Car Vehicle 1
979.0 37.0 973.0 43.0 960.0 29.0 965.0 23.0 Small_Car Vehicle 1
970.0 42.0 964.0 47.0 950.0 35.0 957.0 29.0 Small_Car Vehicle 1
961.0 48.0 955.0 54.0 942.0 41.0 949.0 34.0 Small_Car Vehicle 1
949.0 52.0 943.0 60.0 927.0 45.0 934.0 38.0 Van Vehicle 1
95.0 110.0 89.0 125.0 44.0 105.0 50.0 91.0 Cargo_Truck Vehicle 1
185.0 93.0 174.0 100.0 170.0 92.0 181.0 86.0 Small_Car Vehicle 1
206.0 1003.0 194.0 986.0 201.0 980.0 214.0 997.0 Dump_Truck Vehicle 1
229.0 990.0 222.0 996.0 210.0 982.0 217.0 976.0 Small_Car Vehicle 1
237.0 935.0 217.0 943.0 213.0 934.0 234.0 926.0 Van Vehicle 1
302.0 964.0 294.0 967.0 288.0 952.0 296.0 949.0 Van Vehicle 1
293.0 970.0 285.0 974.0 277.0 958.0 285.0 954.0 Small_Car Vehicle 1
349.0 948.0 342.0 953.0 334.0 939.0 341.0 934.0 Van Vehicle 1
388.0 934.0 381.0 939.0 372.0 926.0 379.0 921.0 Small_Car Vehicle 1
430.0 922.0 421.0 927.0 411.0 911.0 420.0 906.0 Van Vehicle 1
850.0 895.0 839.0 901.0 826.0 878.0 837.0 872.0 Dump_Truck Vehicle 1
893.0 955.0 885.0 960.0 871.0 941.0 879.0 935.0 Van Vehicle 1
997.0 824.0 980.0 833.0 975.0 824.0 993.0 815.0 Cargo_Truck Vehicle 1
984.0 798.0 963.0 807.0 960.0 799.0 980.0 790.0 Van Vehicle 1
967.0 783.0 949.0 790.0 947.0 783.0 964.0 776.0 Van Vehicle 1
959.0 764.0 933.0 774.0 930.0 766.0 956.0 756.0 Small_Car Vehicle 1
948.0 748.0 919.0 759.0 916.0 750.0 944.0 739.0 Dump_Truck Vehicle 1
671.0 820.0 648.0 839.0 639.0 827.0 661.0 809.0 Cargo_Truck Vehicle 1
340.0 826.0 329.0 849.0 317.0 843.0 328.0 820.0 Van Vehicle 1
