956.0 992.0 1001.0 962.0 972.0 920.0 928.0 950.0 other-airplane Airplane 1
936.0 947.0 956.0 896.0 915.0 879.0 894.0 931.0 other-airplane Airplane 1
866.0 947.0 828.0 907.0 795.0 939.0 833.0 979.0 A321 Airplane 1
746.0 909.0 721.0 941.0 748.0 962.0 773.0 930.0 other-airplane Airplane 1
580.0 938.0 631.0 965.0 652.0 924.0 602.0 898.0 A321 Airplane 1
608.0 887.0 651.0 911.0 672.0 872.0 628.0 849.0 A220 Airplane 1
632.0 837.0 689.0 858.0 704.0 817.0 648.0 796.0 A321 Airplane 1
556.0 772.0 516.0 729.0 483.0 760.0 523.0 803.0 other-airplane Airplane 1
318.0 650.0 348.0 666.0 361.0 642.0 331.0 626.0 other-airplane Airplane 1
333.0 626.0 367.0 625.0 366.0 598.0 332.0 600.0 other-airplane Airplane 1
347.0 518.0 362.0 486.0 337.0 475.0 322.0 506.0 other-airplane Airplane 1
221.0 662.0 253.0 593.0 185.0 561.0 153.0 630.0 A330 Airplane 1
11.0 654.0 -18.0 709.0 27.0 732.0 55.0 677.0 other-airplane Airplane 1
71.0 687.0 44.0 740.0 90.0 763.0 117.0 711.0 other-airplane Airplane 1
252.0 933.0 235.0 891.0 194.0 908.0 211.0 950.0 A220 Airplane 1
186.0 925.0 175.0 885.0 146.0 892.0 157.0 933.0 other-airplane Airplane 1
