568.692932 1004.981506 520.692932 936.981506 566.000061 904.999939 614.000061 972.999939 Intersection Road 1
949.0 450.0 916.0 469.0 912.0 461.0 945.0 442.0 Cargo_Truck Vehicle 1
925.0 421.0 893.0 440.0 887.0 430.0 919.0 411.0 Cargo_Truck Vehicle 1
56.0 760.0 40.0 767.0 38.0 761.0 53.0 754.0 Small_Car Vehicle 1
160.0 912.0 143.0 922.0 140.0 916.0 156.0 906.0 Van Vehicle 1
854.0 54.0 844.0 71.0 837.0 67.0 847.0 50.0 Dump_Truck Vehicle 1
910.0 125.0 891.0 135.0 887.0 127.0 907.0 118.0 Dump_Truck Vehicle 1
952.0 189.0 935.0 198.0 931.0 191.0 948.0 182.0 Small_Car Vehicle 1
877.0 382.0 862.0 389.0 858.0 382.0 874.0 375.0 Small_Car Vehicle 1
977.0 489.0 959.0 500.0 955.0 494.0 973.0 483.0 Small_Car Vehicle 1
766.0 442.0 752.0 451.0 748.0 445.0 762.0 436.0 Small_Car Vehicle 1
683.0 242.0 666.0 241.0 666.0 235.0 683.0 235.0 Van Vehicle 1
683.0 244.0 682.0 251.0 660.0 251.0 660.0 244.0 Van Vehicle 1
521.0 96.0 417.0 172.0 351.0 80.0 454.0 5.0 Baseball_Field Court 1
574.0 231.0 564.0 231.0 564.0 214.0 574.0 214.0 Van Vehicle 1
461.0 368.0 454.0 374.0 444.0 361.0 451.0 355.0 Van Vehicle 1
521.0 358.0 500.0 364.0 499.0 358.0 519.0 352.0 Dump_Truck Vehicle 1
461.0 385.0 445.0 394.0 441.0 387.0 457.0 378.0 Van Vehicle 1
503.0 488.0 485.0 495.0 483.0 489.0 501.0 482.0 Van Vehicle 1
672.0 469.0 664.0 476.0 649.0 457.0 658.0 451.0 Dump_Truck Vehicle 1
688.0 469.0 681.0 472.0 672.0 457.0 679.0 453.0 Small_Car Vehicle 1
744.0 502.0 737.0 507.0 725.0 491.0 732.0 486.0 Dump_Truck Vehicle 1
792.0 505.0 778.0 512.0 775.0 507.0 789.0 499.0 Van Vehicle 1
774.0 515.0 762.0 521.0 759.0 515.0 772.0 509.0 Small_Car Vehicle 1
793.0 565.0 788.0 569.0 777.0 557.0 782.0 553.0 Van Vehicle 1
747.0 568.0 738.0 575.0 723.0 556.0 731.0 549.0 Small_Car Vehicle 1
519.0 658.0 508.0 665.0 505.0 660.0 516.0 653.0 Small_Car Vehicle 1
504.0 666.0 489.0 674.0 486.0 668.0 501.0 661.0 Small_Car Vehicle 1
185.0 469.0 181.0 474.0 167.0 463.0 171.0 458.0 Small_Car Vehicle 1
198.0 470.0 191.0 470.0 191.0 455.0 198.0 455.0 Van Vehicle 1
230.0 483.0 212.0 483.0 212.0 477.0 230.0 477.0 Van Vehicle 1
252.0 483.0 234.0 483.0 234.0 477.0 252.0 477.0 Van Vehicle 1
122.0 535.0 98.0 535.0 98.0 527.0 122.0 527.0 Van Vehicle 1
203.0 560.0 199.0 566.0 185.0 557.0 189.0 551.0 Van Vehicle 1
170.0 593.0 152.0 605.0 148.0 599.0 166.0 587.0 Dump_Truck Vehicle 1
285.0 519.0 279.0 532.0 274.0 530.0 279.0 517.0 Van Vehicle 1
280.0 554.0 272.0 554.0 271.0 536.0 279.0 536.0 Small_Car Vehicle 1
289.0 570.0 283.0 573.0 274.0 559.0 280.0 555.0 Small_Car Vehicle 1
300.0 584.0 294.0 588.0 284.0 574.0 290.0 570.0 Small_Car Vehicle 1
314.0 603.0 309.0 606.0 299.0 592.0 304.0 589.0 Small_Car Vehicle 1
307.0 647.0 301.0 651.0 292.0 638.0 297.0 634.0 Small_Car Vehicle 1
348.0 743.0 334.0 752.0 330.0 746.0 344.0 737.0 Small_Car Vehicle 1
347.0 643.0 343.0 646.0 334.0 636.0 338.0 632.0 Van Vehicle 1
836.0 709.0 828.0 714.0 817.0 697.0 825.0 692.0 Small_Car Vehicle 1
773.0 785.0 766.0 790.0 752.0 773.0 759.0 767.0 Dump_Truck Vehicle 1
660.0 896.0 645.0 904.0 642.0 899.0 657.0 891.0 Van Vehicle 1
545.0 891.0 539.0 895.0 529.0 880.0 534.0 876.0 Van Vehicle 1
425.0 741.0 419.0 746.0 408.0 732.0 414.0 727.0 Small_Car Vehicle 1
379.0 753.0 361.0 764.0 358.0 758.0 375.0 747.0 Small_Car Vehicle 1
360.0 764.0 344.0 773.0 340.0 767.0 356.0 757.0 Small_Car Vehicle 1
237.0 969.0 228.0 976.0 212.0 954.0 221.0 947.0 Cargo_Truck Vehicle 1
254.0 989.0 248.0 996.0 228.0 979.0 234.0 972.0 Cargo_Truck Vehicle 1
56.0 836.0 50.0 840.0 39.0 823.0 45.0 819.0 Dump_Truck Vehicle 1
17.238087 189.339508 -36.761902 112.339523 44.999996 55.000015 98.999985 132.0 Baseball_Field Court 1
