268.0 487.0 224.0 495.0 216.0 450.0 260.0 442.0 Intersection Road 1
240.0 55.0 226.0 57.0 226.0 50.0 240.0 48.0 Small_Car Vehicle 1
242.0 32.0 222.0 35.0 221.0 26.0 241.0 23.0 Small_Car Vehicle 1
267.0 28.0 248.0 31.0 247.0 24.0 266.0 21.0 Small_Car Vehicle 1
292.0 24.0 274.0 27.0 273.0 18.0 291.0 17.0 Van Vehicle 1
311.0 45.0 293.0 47.0 292.0 40.0 311.0 38.0 Small_Car Vehicle 1
380.0 33.0 365.0 33.0 365.0 27.0 379.0 26.0 Small_Car Vehicle 1
406.0 29.0 388.0 32.0 387.0 25.0 405.0 22.0 Van Vehicle 1
275.0 231.0 266.0 245.0 259.0 241.0 268.0 226.0 Small_Car Vehicle 1
204.0 199.0 198.0 201.0 195.0 187.0 201.0 185.0 Van Vehicle 1
169.0 217.0 162.0 219.0 157.0 201.0 165.0 199.0 Van Vehicle 1
163.0 186.0 155.0 187.0 151.0 169.0 160.0 167.0 Dump_Truck Vehicle 1
157.0 160.0 149.0 162.0 145.0 145.0 154.0 142.0 Small_Car Vehicle 1
152.0 138.0 144.0 138.0 141.0 123.0 149.0 121.0 Small_Car Vehicle 1
148.0 115.0 141.0 117.0 138.0 105.0 146.0 103.0 Van Vehicle 1
137.0 63.0 126.0 63.0 123.0 41.0 134.0 39.0 Dump_Truck Vehicle 1
748.0 362.0 731.0 366.0 729.0 359.0 747.0 355.0 Small_Car Vehicle 1
693.0 380.0 671.0 384.0 670.0 377.0 691.0 371.0 Small_Car Vehicle 1
471.0 422.0 455.0 425.0 453.0 416.0 469.0 414.0 Small_Car Vehicle 1
187.0 493.0 173.0 496.0 172.0 490.0 186.0 487.0 Van Vehicle 1
