772.0 966.0 769.0 973.0 747.0 965.0 750.0 957.0 Van Vehicle 1
707.0 961.0 704.0 971.0 665.0 959.0 669.0 948.0 Bus Vehicle 1
745.0 953.0 739.0 961.0 718.0 944.0 725.0 936.0 Cargo_Truck Vehicle 1
411.0 767.0 407.0 775.0 389.0 767.0 392.0 759.0 Dump_Truck Vehicle 1
415.0 756.0 412.0 764.0 391.0 755.0 394.0 747.0 Van Vehicle 1
307.0 736.0 303.0 744.0 287.0 736.0 291.0 728.0 Small_Car Vehicle 1
262.0 736.0 258.0 746.0 250.0 743.0 254.0 733.0 Small_Car Vehicle 1
231.0 723.0 227.0 737.0 219.0 734.0 223.0 720.0 Van Vehicle 1
216.0 717.0 208.0 730.0 198.0 725.0 206.0 711.0 Van Vehicle 1
181.0 709.0 172.0 721.0 164.0 716.0 173.0 703.0 Small_Car Vehicle 1
76.0 379.0 61.0 388.0 55.0 378.0 70.0 369.0 Small_Car Vehicle 1
65.0 371.0 51.0 380.0 46.0 371.0 59.0 363.0 Small_Car Vehicle 1
24.0 334.0 12.0 346.0 1.0 336.0 13.0 323.0 Small_Car Vehicle 1
637.0 70.0 628.0 71.0 625.0 51.0 633.0 49.0 Small_Car Vehicle 1
623.0 73.0 615.0 74.0 614.0 51.0 622.0 51.0 Small_Car Vehicle 1
91.0 502.0 89.0 509.0 67.0 503.0 69.0 496.0 Van Vehicle 1
63.0 460.0 42.0 473.0 37.0 466.0 59.0 453.0 Van Vehicle 1
924.0 893.0 919.0 900.0 905.0 890.0 910.0 882.0 Van Vehicle 1
935.0 883.0 929.0 890.0 915.0 877.0 921.0 870.0 Van Vehicle 1
949.0 868.0 946.0 876.0 926.0 867.0 929.0 860.0 Van Vehicle 1
963.0 842.0 957.0 851.0 936.0 837.0 942.0 828.0 Dump_Truck Vehicle 1
966.0 822.0 953.0 829.0 937.0 801.0 951.0 794.0 Cargo_Truck Vehicle 1
662.0 484.0 659.0 493.0 639.0 487.0 642.0 478.0 Van Vehicle 1
652.0 366.0 642.0 383.0 635.0 378.0 644.0 362.0 Van Vehicle 1
643.0 362.0 634.0 380.0 624.0 375.0 633.0 357.0 Van Vehicle 1
428.0 410.0 417.0 427.0 407.0 420.0 418.0 403.0 Van Vehicle 1
434.0 414.0 425.0 429.0 418.0 424.0 427.0 409.0 Van Vehicle 1
457.0 419.0 447.0 436.0 438.0 431.0 448.0 413.0 Van Vehicle 1
525.0 439.0 516.0 456.0 508.0 452.0 517.0 435.0 Van Vehicle 1
534.0 443.0 524.0 459.0 517.0 455.0 527.0 439.0 Van Vehicle 1
545.0 446.0 534.0 464.0 526.0 459.0 536.0 441.0 Small_Car Vehicle 1
552.0 450.0 544.0 467.0 535.0 462.0 543.0 445.0 Van Vehicle 1
543.0 400.0 533.0 417.0 525.0 412.0 534.0 395.0 Van Vehicle 1
533.0 398.0 524.0 415.0 517.0 411.0 526.0 394.0 Van Vehicle 1
522.0 396.0 515.0 411.0 505.0 406.0 512.0 391.0 Van Vehicle 1
513.0 392.0 506.0 405.0 498.0 401.0 505.0 388.0 Van Vehicle 1
504.0 389.0 494.0 406.0 485.0 401.0 496.0 384.0 Van Vehicle 1
492.0 386.0 485.0 399.0 478.0 395.0 484.0 382.0 Van Vehicle 1
482.0 382.0 477.0 399.0 467.0 395.0 472.0 379.0 Small_Car Vehicle 1
471.0 378.0 467.0 393.0 459.0 390.0 463.0 376.0 Van Vehicle 1
462.0 376.0 455.0 389.0 448.0 385.0 455.0 372.0 Small_Car Vehicle 1
596.0 395.0 587.0 413.0 579.0 409.0 588.0 391.0 Van Vehicle 1
544.0 379.0 537.0 396.0 528.0 392.0 535.0 375.0 Van Vehicle 1
526.0 371.0 517.0 388.0 510.0 384.0 519.0 367.0 Van Vehicle 1
515.0 369.0 507.0 386.0 499.0 382.0 507.0 365.0 Van Vehicle 1
504.0 366.0 497.0 383.0 488.0 379.0 495.0 362.0 Small_Car Vehicle 1
475.0 357.0 465.0 373.0 458.0 369.0 467.0 353.0 Small_Car Vehicle 1
464.0 354.0 453.0 370.0 445.0 365.0 457.0 348.0 Van Vehicle 1
591.0 346.0 581.0 362.0 574.0 357.0 584.0 342.0 Small_Car Vehicle 1
581.0 343.0 574.0 359.0 565.0 354.0 573.0 339.0 Small_Car Vehicle 1
560.0 338.0 553.0 351.0 544.0 347.0 551.0 333.0 Van Vehicle 1
543.0 329.0 536.0 346.0 526.0 343.0 533.0 326.0 Van Vehicle 1
521.0 323.0 515.0 338.0 508.0 335.0 513.0 321.0 Van Vehicle 1
509.0 322.0 504.0 335.0 496.0 332.0 501.0 319.0 Van Vehicle 1
500.0 318.0 493.0 333.0 485.0 329.0 492.0 314.0 Van Vehicle 1
490.0 315.0 481.0 332.0 474.0 328.0 482.0 311.0 Small_Car Vehicle 1
480.0 310.0 474.0 326.0 464.0 322.0 470.0 306.0 Small_Car Vehicle 1
459.0 306.0 454.0 320.0 445.0 316.0 451.0 303.0 Van Vehicle 1
400.0 373.0 397.0 380.0 377.0 372.0 380.0 365.0 Small_Car Vehicle 1
413.0 340.0 411.0 346.0 396.0 340.0 399.0 334.0 Small_Car Vehicle 1
422.0 333.0 420.0 339.0 401.0 333.0 404.0 327.0 Van Vehicle 1
426.0 322.0 423.0 330.0 406.0 324.0 409.0 316.0 Small_Car Vehicle 1
435.0 312.0 432.0 319.0 409.0 311.0 411.0 304.0 Van Vehicle 1
277.0 710.0 274.0 716.0 256.0 708.0 259.0 702.0 Small_Car Vehicle 1
197.0 683.0 195.0 690.0 175.0 683.0 177.0 676.0 Van Vehicle 1
230.0 695.0 227.0 702.0 207.0 695.0 210.0 687.0 Small_Car Vehicle 1
169.0 671.0 158.0 671.0 157.0 654.0 167.0 653.0 Dump_Truck Vehicle 1
298.0 608.0 295.0 619.0 273.0 612.0 276.0 602.0 Van Vehicle 1
252.0 597.0 242.0 616.0 233.0 612.0 242.0 592.0 Dump_Truck Vehicle 1
36.0 592.0 28.0 610.0 19.0 605.0 27.0 588.0 Van Vehicle 1
46.0 595.0 39.0 612.0 30.0 608.0 37.0 591.0 Small_Car Vehicle 1
80.0 603.0 71.0 618.0 63.0 613.0 72.0 598.0 Van Vehicle 1
83.0 584.0 79.0 593.0 58.0 583.0 61.0 575.0 Van Vehicle 1
105.0 592.0 103.0 600.0 86.0 594.0 88.0 586.0 Van Vehicle 1
163.0 591.0 153.0 593.0 149.0 574.0 159.0 572.0 Small_Car Vehicle 1
156.0 565.0 146.0 568.0 142.0 551.0 153.0 549.0 Small_Car Vehicle 1
147.0 528.0 138.0 532.0 125.0 502.0 134.0 498.0 Truck_Tractor Vehicle 1
127.0 527.0 119.0 530.0 114.0 518.0 122.0 515.0 Van Vehicle 1
128.0 481.0 120.0 487.0 111.0 472.0 119.0 467.0 Van Vehicle 1
86.0 387.0 69.0 395.0 66.0 389.0 83.0 381.0 Small_Car Vehicle 1
96.0 393.0 75.0 402.0 72.0 395.0 92.0 386.0 Small_Car Vehicle 1
100.0 402.0 78.0 412.0 75.0 405.0 97.0 394.0 Van Vehicle 1
44.0 352.0 28.0 363.0 23.0 355.0 39.0 344.0 Small_Car Vehicle 1
697.0 180.0 677.0 188.0 674.0 181.0 694.0 172.0 Small_Car Vehicle 1
703.0 187.0 684.0 196.0 680.0 189.0 699.0 179.0 Small_Car Vehicle 1
699.0 19.0 697.0 28.0 678.0 24.0 679.0 16.0 Small_Car Vehicle 1
696.0 28.0 694.0 37.0 673.0 32.0 674.0 24.0 Van Vehicle 1
615.0 49.0 611.0 68.0 602.0 66.0 605.0 47.0 Small_Car Vehicle 1
603.0 76.0 593.0 76.0 593.0 58.0 602.0 58.0 Small_Car Vehicle 1
593.0 55.0 591.0 76.0 580.0 75.0 582.0 54.0 Small_Car Vehicle 1
582.0 55.0 578.0 72.0 568.0 70.0 572.0 53.0 Van Vehicle 1
569.0 56.0 564.0 73.0 556.0 71.0 560.0 54.0 Small_Car Vehicle 1
579.0 14.0 572.0 33.0 562.0 29.0 568.0 10.0 Van Vehicle 1
564.0 10.0 557.0 27.0 547.0 23.0 555.0 6.0 Van Vehicle 1
228.0 272.0 194.0 273.0 194.0 267.0 228.0 265.0 Cargo_Truck Vehicle 1
234.0 306.0 223.0 325.0 212.0 320.0 223.0 300.0 Van Vehicle 1
274.0 292.0 271.0 300.0 250.0 291.0 253.0 284.0 Dump_Truck Vehicle 1
296.0 301.0 294.0 308.0 276.0 302.0 278.0 294.0 Van Vehicle 1
475.0 425.0 467.0 441.0 459.0 437.0 467.0 421.0 Small_Car Vehicle 1
486.0 428.0 478.0 443.0 472.0 440.0 479.0 425.0 Small_Car Vehicle 1
497.0 432.0 485.0 450.0 478.0 446.0 489.0 428.0 Small_Car Vehicle 1
506.0 434.0 498.0 450.0 492.0 447.0 499.0 431.0 Small_Car Vehicle 1
622.0 355.0 615.0 370.0 607.0 367.0 614.0 352.0 Small_Car Vehicle 1
675.0 375.0 666.0 390.0 658.0 385.0 666.0 370.0 Van Vehicle 1
635.0 407.0 629.0 422.0 620.0 418.0 627.0 403.0 Small_Car Vehicle 1
563.0 385.0 556.0 398.0 549.0 395.0 556.0 381.0 Small_Car Vehicle 1
570.0 411.0 564.0 427.0 555.0 423.0 561.0 407.0 Van Vehicle 1
553.0 404.0 545.0 418.0 536.0 413.0 543.0 399.0 Small_Car Vehicle 1
602.0 463.0 599.0 471.0 578.0 464.0 581.0 456.0 Small_Car Vehicle 1
406.0 353.0 403.0 361.0 389.0 356.0 392.0 348.0 Small_Car Vehicle 1
403.0 364.0 401.0 370.0 384.0 364.0 387.0 357.0 Small_Car Vehicle 1
453.0 372.0 446.0 386.0 438.0 382.0 445.0 368.0 Small_Car Vehicle 1
414.0 406.0 407.0 421.0 398.0 417.0 406.0 402.0 Small_Car Vehicle 1
698.0 406.0 695.0 415.0 678.0 409.0 681.0 401.0 Small_Car Vehicle 1
692.0 416.0 690.0 424.0 673.0 418.0 676.0 410.0 Small_Car Vehicle 1
484.0 360.0 475.0 377.0 466.0 373.0 475.0 356.0 Small_Car Vehicle 1
494.0 364.0 486.0 380.0 477.0 375.0 485.0 360.0 Small_Car Vehicle 1
559.0 408.0 555.0 420.0 548.0 418.0 553.0 405.0 Van Vehicle 1
