34.999985 584.000061 -11.260928 572.006531 9.999985 490.000061 56.260899 501.993591 Tennis_Court Court 1
120.0 511.0 98.0 590.0 50.0 582.0 73.0 503.0 Tennis_Court Court 1
159.818314 607.445435 112.999992 595.000122 135.181656 511.554688 181.999969 524.0 Tennis_Court Court 1
245.000015 532.0 226.063293 600.0 176.113937 600.0 198.645523 519.091187 Tennis_Court Court 1
29.0 431.0 7.0 427.0 8.0 422.0 29.0 425.0 Van Vehicle 1
115.0 426.0 114.0 434.0 66.0 428.0 67.0 420.0 other-vehicle Vehicle 1
586.0 538.0 585.0 545.0 564.0 542.0 565.0 535.0 Van Vehicle 1
606.0 551.0 605.0 558.0 583.0 555.0 583.0 548.0 Small_Car Vehicle 1
577.0 574.0 576.0 582.0 556.0 579.0 557.0 572.0 Small_Car Vehicle 1
572.0 593.0 571.0 599.0 548.0 596.0 549.0 590.0 Van Vehicle 1
16.0 305.0 15.0 312.0 0.0 308.0 0.0 300.0 Small_Car Vehicle 1
70.0 276.0 68.0 291.0 59.0 290.0 60.0 275.0 Small_Car Vehicle 1
110.0 257.0 109.0 263.0 89.0 261.0 89.0 256.0 Small_Car Vehicle 1
116.0 249.0 115.0 255.0 94.0 252.0 95.0 246.0 Van Vehicle 1
764.0 110.0 748.0 109.0 748.0 103.0 764.0 104.0 Van Vehicle 1
693.0 11.0 692.0 17.0 671.0 13.0 672.0 7.0 Van Vehicle 1
81.0 434.0 80.0 440.0 58.0 437.0 59.0 430.0 Small_Car Vehicle 1
