600.0 639.0 580.0 648.0 577.0 641.0 600.0 631.0 Dump_Truck Vehicle 1
571.0 409.0 567.0 417.0 550.0 408.0 554.0 401.0 Dump_Truck Vehicle 1
559.0 422.0 552.0 427.0 541.0 412.0 548.0 407.0 Small_Car Vehicle 1
499.0 462.0 491.0 467.0 481.0 449.0 490.0 444.0 Dump_Truck Vehicle 1
280.0 789.0 263.0 797.0 259.0 790.0 277.0 781.0 Small_Car Vehicle 1
319.0 733.0 311.0 739.0 299.0 721.0 308.0 716.0 Dump_Truck Vehicle 1
278.0 693.0 261.0 702.0 256.0 693.0 274.0 684.0 Small_Car Vehicle 1
191.0 789.0 182.0 795.0 170.0 778.0 179.0 772.0 Small_Car Vehicle 1
109.0 692.0 89.0 706.0 83.0 697.0 102.0 683.0 Dump_Truck Vehicle 1
174.0 428.0 167.0 432.0 160.0 421.0 166.0 417.0 Small_Car Vehicle 1
77.0 483.0 61.0 488.0 59.0 481.0 75.0 475.0 Van Vehicle 1
338.0 230.0 316.0 238.0 313.0 230.0 334.0 222.0 Dump_Truck Vehicle 1
249.0 187.0 232.0 197.0 227.0 189.0 244.0 179.0 Small_Car Vehicle 1
217.0 256.0 208.0 260.0 200.0 240.0 208.0 237.0 Small_Car Vehicle 1
206.0 136.0 188.0 141.0 186.0 134.0 204.0 128.0 Small_Car Vehicle 1
198.0 119.0 179.0 125.0 176.0 118.0 196.0 112.0 Small_Car Vehicle 1
190.0 103.0 173.0 108.0 171.0 99.0 188.0 95.0 Van Vehicle 1
61.0 38.0 43.0 47.0 40.0 40.0 58.0 31.0 Small_Car Vehicle 1
44.0 21.0 26.0 31.0 22.0 23.0 39.0 13.0 Van Vehicle 1
