494.0 9.0 474.0 16.0 471.0 7.0 491.0 1.0 Small_Car Vehicle 1
492.0 22.0 473.0 27.0 470.0 19.0 490.0 14.0 Van Vehicle 1
502.0 58.0 485.0 63.0 482.0 54.0 499.0 49.0 Small_Car Vehicle 1
509.0 67.0 491.0 73.0 488.0 65.0 506.0 58.0 Van Vehicle 1
95.0 580.0 87.0 583.0 82.0 565.0 90.0 563.0 Dump_Truck Vehicle 1
227.0 534.0 219.0 538.0 210.0 519.0 219.0 515.0 Dump_Truck Vehicle 1
249.0 539.0 241.0 542.0 233.0 524.0 241.0 521.0 Dump_Truck Vehicle 1
59.0 732.0 44.0 736.0 42.0 728.0 57.0 724.0 Small_Car Vehicle 1
72.0 710.0 63.0 716.0 43.0 689.0 52.0 683.0 Trailer Vehicle 1
340.0 666.0 332.0 669.0 326.0 655.0 334.0 651.0 Van Vehicle 1
290.0 670.0 270.0 676.0 266.0 667.0 287.0 660.0 Small_Car Vehicle 1
300.0 726.0 284.0 727.0 284.0 719.0 299.0 718.0 Van Vehicle 1
354.0 667.0 347.0 670.0 339.0 653.0 347.0 650.0 Small_Car Vehicle 1
297.0 699.0 276.0 705.0 273.0 696.0 294.0 690.0 Small_Car Vehicle 1
387.0 702.0 380.0 706.0 373.0 692.0 381.0 689.0 Van Vehicle 1
396.0 700.0 389.0 703.0 383.0 689.0 390.0 686.0 Van Vehicle 1
526.0 619.0 510.0 625.0 507.0 617.0 523.0 611.0 Van Vehicle 1
532.0 629.0 518.0 635.0 514.0 626.0 529.0 621.0 Van Vehicle 1
