29.0 1887.0 81.0 1830.0 69.0 1817.0 17.0 1874.0 other-ship Ship 1
1080.0 1968.0 949.0 1897.0 938.0 1920.0 1069.0 1989.0 Liquid_Cargo_Ship Ship 1
515.0 1437.0 450.0 1553.0 475.0 1568.0 540.0 1452.0 Dry_Cargo_Ship Ship 1
1045.0 842.0 1127.0 895.0 1135.0 880.0 1053.0 829.0 Liquid_Cargo_Ship Ship 1
1200.0 1382.0 1292.0 1434.0 1306.0 1406.0 1215.0 1355.0 Dry_Cargo_Ship Ship 1
1480.0 1037.0 1575.0 1090.0 1595.0 1057.0 1499.0 1004.0 Dry_Cargo_Ship Ship 1
914.0 334.0 860.0 434.0 884.0 446.0 939.0 346.0 Dry_Cargo_Ship Ship 1
957.0 305.0 1001.0 231.0 981.0 220.0 938.0 295.0 Dry_Cargo_Ship Ship 1
1056.0 56.0 1002.0 154.0 1032.0 170.0 1085.0 72.0 Dry_Cargo_Ship Ship 1
317.0 976.0 381.0 1017.0 390.0 1004.0 325.0 962.0 Engineering_Ship Ship 1
334.0 967.0 385.0 1000.0 397.0 982.0 346.0 950.0 Engineering_Ship Ship 1
344.0 945.0 390.0 975.0 401.0 955.0 355.0 927.0 Engineering_Ship Ship 1
351.0 923.0 400.0 954.0 413.0 932.0 365.0 903.0 Engineering_Ship Ship 1
452.0 905.0 402.0 869.0 389.0 887.0 440.0 925.0 Engineering_Ship Ship 1
473.0 884.0 429.0 853.0 414.0 873.0 456.0 904.0 Engineering_Ship Ship 1
393.0 823.0 460.0 875.0 475.0 856.0 406.0 805.0 Dry_Cargo_Ship Ship 1
457.0 820.0 404.0 779.0 394.0 793.0 448.0 834.0 Dry_Cargo_Ship Ship 1
411.0 905.0 365.0 872.0 351.0 892.0 400.0 923.0 Engineering_Ship Ship 1
459.0 797.0 411.0 756.0 400.0 770.0 449.0 811.0 Dry_Cargo_Ship Ship 1
474.0 787.0 447.0 760.0 435.0 771.0 463.0 798.0 Engineering_Ship Ship 1
436.0 750.0 482.0 795.0 496.0 782.0 450.0 737.0 Engineering_Ship Ship 1
449.0 734.0 479.0 763.0 491.0 752.0 459.0 721.0 Engineering_Ship Ship 1
472.0 731.0 493.0 754.0 502.0 745.0 481.0 722.0 Engineering_Ship Ship 1
480.0 721.0 511.0 754.0 523.0 743.0 492.0 711.0 Engineering_Ship Ship 1
484.0 704.0 526.0 743.0 539.0 729.0 497.0 690.0 Dry_Cargo_Ship Ship 1
463.0 718.0 428.0 682.0 415.0 696.0 449.0 731.0 Engineering_Ship Ship 1
486.0 712.0 453.0 677.0 439.0 690.0 471.0 727.0 Engineering_Ship Ship 1
493.0 689.0 453.0 644.0 440.0 655.0 477.0 701.0 Dry_Cargo_Ship Ship 1
544.0 707.0 499.0 668.0 488.0 679.0 532.0 720.0 Dry_Cargo_Ship Ship 1
514.0 677.0 576.0 729.0 590.0 712.0 527.0 661.0 Dry_Cargo_Ship Ship 1
549.0 646.0 494.0 645.0 493.0 663.0 548.0 664.0 Engineering_Ship Ship 1
495.0 643.0 569.0 645.0 570.0 620.0 496.0 617.0 Dry_Cargo_Ship Ship 1
559.0 601.0 483.0 588.0 480.0 607.0 556.0 620.0 Dry_Cargo_Ship Ship 1
574.0 585.0 513.0 545.0 501.0 564.0 563.0 603.0 Dry_Cargo_Ship Ship 1
278.0 903.0 309.0 921.0 313.0 917.0 281.0 896.0 Fishing_Boat Ship 1
274.0 889.0 315.0 915.0 324.0 902.0 283.0 876.0 Engineering_Ship Ship 1
283.0 872.0 331.0 904.0 344.0 886.0 296.0 854.0 Engineering_Ship Ship 1
278.0 842.0 341.0 881.0 353.0 862.0 292.0 821.0 Engineering_Ship Ship 1
345.0 854.0 381.0 881.0 392.0 868.0 353.0 840.0 Engineering_Ship Ship 1
358.0 844.0 386.0 863.0 395.0 854.0 366.0 834.0 Fishing_Boat Ship 1
372.0 836.0 394.0 852.0 401.0 839.0 379.0 823.0 Engineering_Ship Ship 1
381.0 825.0 406.0 843.0 410.0 837.0 385.0 819.0 Fishing_Boat Ship 1
348.0 831.0 298.0 801.0 286.0 818.0 336.0 850.0 Engineering_Ship Ship 1
350.0 813.0 313.0 792.0 304.0 804.0 344.0 827.0 Dry_Cargo_Ship Ship 1
367.0 797.0 313.0 770.0 303.0 787.0 357.0 814.0 Dry_Cargo_Ship Ship 1
372.0 772.0 323.0 746.0 311.0 768.0 361.0 794.0 Dry_Cargo_Ship Ship 1
416.0 737.0 347.0 705.0 334.0 730.0 403.0 763.0 Engineering_Ship Ship 1
420.0 711.0 364.0 685.0 352.0 706.0 409.0 734.0 Engineering_Ship Ship 1
409.0 686.0 376.0 668.0 370.0 679.0 403.0 697.0 Fishing_Boat Ship 1
430.0 651.0 390.0 632.0 384.0 645.0 425.0 662.0 Fishing_Boat Ship 1
446.0 612.0 411.0 596.0 403.0 612.0 439.0 629.0 Fishing_Boat Ship 1
453.0 595.0 411.0 578.0 404.0 594.0 448.0 612.0 Dry_Cargo_Ship Ship 1
499.0 612.0 454.0 601.0 450.0 618.0 494.0 629.0 Engineering_Ship Ship 1
484.0 585.0 425.0 560.0 417.0 579.0 476.0 604.0 Dry_Cargo_Ship Ship 1
506.0 571.0 435.0 540.0 427.0 559.0 499.0 589.0 Engineering_Ship Ship 1
506.0 542.0 451.0 517.0 440.0 542.0 496.0 567.0 Engineering_Ship Ship 1
542.0 563.0 585.0 587.0 595.0 571.0 550.0 546.0 Dry_Cargo_Ship Ship 1
554.0 548.0 601.0 576.0 610.0 560.0 564.0 532.0 Dry_Cargo_Ship Ship 1
507.0 543.0 541.0 562.0 550.0 545.0 516.0 528.0 Dry_Cargo_Ship Ship 1
511.0 525.0 551.0 545.0 559.0 530.0 521.0 509.0 Dry_Cargo_Ship Ship 1
557.0 529.0 625.0 567.0 636.0 547.0 569.0 510.0 Dry_Cargo_Ship Ship 1
585.0 519.0 632.0 544.0 641.0 529.0 593.0 504.0 Dry_Cargo_Ship Ship 1
515.0 526.0 460.0 500.0 453.0 514.0 507.0 540.0 Dry_Cargo_Ship Ship 1
519.0 500.0 469.0 477.0 458.0 497.0 508.0 520.0 Engineering_Ship Ship 1
572.0 498.0 515.0 472.0 504.0 493.0 563.0 519.0 Dry_Cargo_Ship Ship 1
472.0 477.0 500.0 489.0 503.0 482.0 475.0 470.0 Fishing_Boat Ship 1
479.0 456.0 515.0 471.0 521.0 460.0 484.0 444.0 Dry_Cargo_Ship Ship 1
547.0 487.0 607.0 511.0 615.0 493.0 553.0 469.0 Dry_Cargo_Ship Ship 1
544.0 465.0 608.0 487.0 615.0 467.0 550.0 445.0 Dry_Cargo_Ship Ship 1
628.0 487.0 689.0 497.0 692.0 481.0 632.0 470.0 Dry_Cargo_Ship Ship 1
608.0 464.0 684.0 479.0 689.0 462.0 613.0 446.0 Dry_Cargo_Ship Ship 1
528.0 435.0 582.0 454.0 589.0 437.0 533.0 419.0 Dry_Cargo_Ship Ship 1
634.0 450.0 667.0 454.0 668.0 445.0 636.0 438.0 Fishing_Boat Ship 1
567.0 427.0 608.0 444.0 615.0 427.0 573.0 410.0 Engineering_Ship Ship 1
567.0 405.0 652.0 442.0 660.0 421.0 575.0 386.0 Dry_Cargo_Ship Ship 1
571.0 410.0 511.0 390.0 505.0 406.0 565.0 426.0 Engineering_Ship Ship 1
515.0 389.0 559.0 404.0 561.0 395.0 518.0 381.0 Fishing_Boat Ship 1
520.0 380.0 563.0 394.0 565.0 387.0 522.0 372.0 Fishing_Boat Ship 1
524.0 372.0 565.0 385.0 567.0 379.0 525.0 365.0 Fishing_Boat Ship 1
614.0 400.0 653.0 418.0 656.0 411.0 617.0 393.0 Fishing_Boat Ship 1
699.0 410.0 644.0 384.0 635.0 400.0 691.0 426.0 Dry_Cargo_Ship Ship 1
620.0 380.0 550.0 348.0 542.0 368.0 610.0 400.0 Dry_Cargo_Ship Ship 1
700.0 390.0 653.0 369.0 647.0 384.0 694.0 405.0 Dry_Cargo_Ship Ship 1
650.0 363.0 601.0 352.0 597.0 370.0 645.0 382.0 Dry_Cargo_Ship Ship 1
598.0 348.0 554.0 328.0 546.0 345.0 589.0 367.0 Engineering_Ship Ship 1
679.0 350.0 623.0 335.0 618.0 353.0 675.0 368.0 Dry_Cargo_Ship Ship 1
667.0 373.0 695.0 386.0 698.0 378.0 671.0 365.0 Fishing_Boat Ship 1
622.0 334.0 564.0 306.0 554.0 327.0 613.0 354.0 Engineering_Ship Ship 1
644.0 320.0 574.0 287.0 565.0 306.0 634.0 338.0 Dry_Cargo_Ship Ship 1
701.0 345.0 654.0 315.0 646.0 330.0 693.0 360.0 Dry_Cargo_Ship Ship 1
705.0 323.0 654.0 292.0 645.0 307.0 696.0 339.0 Dry_Cargo_Ship Ship 1
642.0 293.0 584.0 265.0 575.0 286.0 631.0 313.0 Dry_Cargo_Ship Ship 1
626.0 275.0 593.0 257.0 589.0 265.0 623.0 284.0 Fishing_Boat Ship 1
685.0 282.0 604.0 237.0 594.0 256.0 675.0 302.0 Dry_Cargo_Ship Ship 1
679.0 304.0 704.0 322.0 708.0 317.0 683.0 300.0 Fishing_Boat Ship 1
688.0 300.0 709.0 315.0 715.0 307.0 693.0 292.0 Fishing_Boat Ship 1
664.0 248.0 617.0 220.0 607.0 237.0 654.0 264.0 Dry_Cargo_Ship Ship 1
714.0 250.0 668.0 229.0 659.0 245.0 705.0 267.0 Dry_Cargo_Ship Ship 1
673.0 263.0 697.0 275.0 700.0 265.0 676.0 254.0 Fishing_Boat Ship 1
706.0 269.0 750.0 281.0 753.0 271.0 709.0 260.0 Fishing_Boat Ship 1
713.0 257.0 740.0 267.0 742.0 259.0 715.0 250.0 Fishing_Boat Ship 1
668.0 226.0 624.0 200.0 613.0 218.0 656.0 244.0 Engineering_Ship Ship 1
690.0 198.0 632.0 181.0 627.0 198.0 684.0 215.0 Dry_Cargo_Ship Ship 1
703.0 181.0 641.0 163.0 634.0 181.0 698.0 200.0 Dry_Cargo_Ship Ship 1
649.0 215.0 675.0 223.0 677.0 215.0 650.0 207.0 Fishing_Boat Ship 1
741.0 237.0 684.0 215.0 677.0 234.0 734.0 254.0 Dry_Cargo_Ship Ship 1
738.0 217.0 694.0 201.0 689.0 217.0 731.0 232.0 Dry_Cargo_Ship Ship 1
780.0 232.0 742.0 212.0 734.0 225.0 774.0 246.0 Engineering_Ship Ship 1
778.0 207.0 715.0 165.0 703.0 181.0 769.0 225.0 Dry_Cargo_Ship Ship 1
783.0 187.0 730.0 153.0 721.0 168.0 774.0 203.0 Dry_Cargo_Ship Ship 1
703.0 203.0 723.0 211.0 725.0 205.0 705.0 197.0 Fishing_Boat Ship 1
703.0 193.0 725.0 206.0 730.0 200.0 707.0 186.0 Fishing_Boat Ship 1
654.0 162.0 683.0 167.0 684.0 161.0 655.0 154.0 Fishing_Boat Ship 1
650.0 167.0 676.0 172.0 677.0 167.0 650.0 161.0 Fishing_Boat Ship 1
659.0 145.0 684.0 161.0 688.0 154.0 664.0 139.0 Fishing_Boat Ship 1
664.0 139.0 690.0 153.0 693.0 145.0 667.0 132.0 Fishing_Boat Ship 1
724.0 136.0 676.0 111.0 666.0 130.0 714.0 155.0 Engineering_Ship Ship 1
690.0 92.0 768.0 135.0 778.0 114.0 700.0 71.0 Dry_Cargo_Ship Ship 1
721.0 39.0 817.0 110.0 834.0 87.0 738.0 15.0 Dry_Cargo_Ship Ship 1
409.0 917.0 438.0 937.0 444.0 929.0 416.0 907.0 Fishing_Boat Ship 1
7.0 198.0 25.0 163.0 60.0 181.0 42.0 215.0 Intersection Road 1
342.0 370.0 360.0 335.0 395.0 353.0 377.0 387.0 Intersection Road 1
130.0 769.0 146.0 737.0 179.0 753.0 162.0 785.0 Dry_Cargo_Ship Ship 1
1758.0 187.0 1781.0 141.0 1829.0 165.0 1805.0 210.0 Intersection Road 1
1572.0 544.0 1592.0 506.0 1632.0 526.0 1611.0 564.0 Intersection Road 1
