308.0 625.0 289.0 634.0 286.0 627.0 304.0 618.0 Van Vehicle 1
164.0 727.0 142.0 733.0 140.0 726.0 162.0 719.0 Van Vehicle 1
44.0 756.0 24.0 764.0 21.0 757.0 41.0 749.0 Small_Car Vehicle 1
159.0 158.0 152.0 162.0 143.0 146.0 149.0 142.0 Van Vehicle 1
170.0 156.0 163.0 160.0 155.0 145.0 162.0 141.0 Van Vehicle 1
181.0 153.0 174.0 157.0 166.0 140.0 174.0 137.0 Van Vehicle 1
194.0 150.0 186.0 154.0 177.0 138.0 185.0 134.0 Van Vehicle 1
205.0 145.0 197.0 150.0 189.0 137.0 197.0 132.0 Van Vehicle 1
216.0 143.0 208.0 147.0 199.0 130.0 208.0 126.0 Van Vehicle 1
226.0 137.0 218.0 141.0 210.0 125.0 218.0 121.0 Small_Car Vehicle 1
238.0 135.0 231.0 139.0 222.0 123.0 228.0 119.0 Small_Car Vehicle 1
162.0 105.0 156.0 109.0 149.0 96.0 155.0 93.0 Van Vehicle 1
592.0 483.0 578.0 501.0 566.0 493.0 580.0 474.0 Cargo_Truck Vehicle 1
