722.0 310.0 702.0 308.0 703.0 302.0 722.0 304.0 Van Vehicle 1
678.0 236.0 656.0 238.0 655.0 231.0 678.0 230.0 Small_Car Vehicle 1
13.0 544.0 0.0 546.0 0.0 539.0 12.0 537.0 Van Vehicle 1
16.0 550.0 0.0 556.0 0.0 548.0 14.0 544.0 Small_Car Vehicle 1
18.0 572.0 0.0 574.0 0.0 566.0 18.0 565.0 Small_Car Vehicle 1
25.0 590.0 2.0 592.0 1.0 586.0 24.0 583.0 Small_Car Vehicle 1
51.0 396.0 44.0 399.0 40.0 385.0 46.0 382.0 Van Vehicle 1
67.0 365.0 60.0 366.0 58.0 352.0 65.0 351.0 Van Vehicle 1
55.0 369.0 46.0 371.0 44.0 355.0 53.0 354.0 Small_Car Vehicle 1
37.0 218.0 24.0 224.0 20.0 217.0 34.0 211.0 Small_Car Vehicle 1
716.0 599.0 708.0 600.0 708.0 587.0 716.0 587.0 Small_Car Vehicle 1
726.0 565.0 703.0 567.0 702.0 560.0 725.0 558.0 Van Vehicle 1
778.0 527.0 769.0 526.0 769.0 509.0 778.0 509.0 Small_Car Vehicle 1
749.0 530.0 742.0 531.0 741.0 514.0 748.0 514.0 Van Vehicle 1
660.0 543.0 652.0 545.0 649.0 530.0 657.0 528.0 Van Vehicle 1
655.0 528.0 647.0 528.0 646.0 512.0 654.0 511.0 Van Vehicle 1
729.0 488.0 711.0 489.0 710.0 484.0 729.0 483.0 Small_Car Vehicle 1
764.0 462.0 746.0 463.0 745.0 457.0 763.0 455.0 Small_Car Vehicle 1
612.0 474.0 591.0 475.0 591.0 469.0 612.0 468.0 Van Vehicle 1
576.0 477.0 559.0 479.0 559.0 474.0 576.0 472.0 Small_Car Vehicle 1
506.0 484.0 487.0 485.0 487.0 478.0 506.0 477.0 Small_Car Vehicle 1
594.0 500.0 577.0 501.0 576.0 496.0 594.0 495.0 Small_Car Vehicle 1
575.0 502.0 554.0 503.0 553.0 497.0 575.0 496.0 Small_Car Vehicle 1
513.0 507.0 474.0 508.0 473.0 498.0 513.0 497.0 Cargo_Truck Vehicle 1
454.0 488.0 433.0 491.0 432.0 484.0 453.0 482.0 Van Vehicle 1
370.0 519.0 349.0 520.0 349.0 513.0 369.0 513.0 Small_Car Vehicle 1
425.0 582.0 416.0 583.0 415.0 568.0 423.0 567.0 Van Vehicle 1
411.0 570.0 407.0 584.0 399.0 582.0 403.0 567.0 Small_Car Vehicle 1
300.0 569.0 294.0 570.0 292.0 552.0 298.0 551.0 Small_Car Vehicle 1
209.0 594.0 199.0 595.0 198.0 577.0 208.0 576.0 Van Vehicle 1
288.0 475.0 279.0 475.0 279.0 460.0 287.0 459.0 Small_Car Vehicle 1
287.0 444.0 285.0 458.0 278.0 457.0 279.0 443.0 Small_Car Vehicle 1
360.0 461.0 352.0 462.0 349.0 446.0 357.0 444.0 Van Vehicle 1
369.0 458.0 363.0 459.0 362.0 444.0 368.0 443.0 Van Vehicle 1
358.0 445.0 350.0 445.0 349.0 430.0 356.0 429.0 Van Vehicle 1
305.0 358.0 296.0 359.0 296.0 352.0 305.0 351.0 Small_Car Vehicle 1
138.0 341.0 131.0 342.0 128.0 325.0 135.0 323.0 Van Vehicle 1
447.0 303.0 439.0 304.0 437.0 287.0 445.0 286.0 Van Vehicle 1
249.0 271.0 229.0 272.0 228.0 264.0 249.0 264.0 Van Vehicle 1
141.0 153.0 133.0 154.0 132.0 139.0 140.0 139.0 Van Vehicle 1
184.0 121.0 165.0 122.0 164.0 115.0 184.0 115.0 Van Vehicle 1
327.0 175.0 302.0 177.0 301.0 171.0 327.0 169.0 Small_Car Vehicle 1
372.0 191.0 350.0 193.0 349.0 186.0 372.0 184.0 Small_Car Vehicle 1
374.0 215.0 354.0 216.0 354.0 210.0 374.0 209.0 Small_Car Vehicle 1
378.0 236.0 358.0 237.0 358.0 231.0 378.0 230.0 Small_Car Vehicle 1
308.0 93.0 300.0 95.0 295.0 79.0 303.0 77.0 Motorboat Ship 1
297.0 95.0 288.0 97.0 284.0 79.0 293.0 77.0 Van Vehicle 1
301.0 68.0 294.0 70.0 289.0 49.0 296.0 47.0 Dump_Truck Vehicle 1
288.0 70.0 280.0 71.0 278.0 56.0 286.0 55.0 Dump_Truck Vehicle 1
305.0 43.0 298.0 45.0 293.0 30.0 300.0 28.0 Small_Car Vehicle 1
291.0 44.0 285.0 45.0 283.0 32.0 290.0 31.0 Small_Car Vehicle 1
273.0 37.0 270.0 43.0 253.0 35.0 256.0 29.0 Van Vehicle 1
276.0 51.0 272.0 58.0 255.0 47.0 259.0 41.0 Small_Car Vehicle 1
237.0 49.0 224.0 63.0 217.0 57.0 231.0 43.0 Small_Car Vehicle 1
240.0 59.0 227.0 73.0 222.0 68.0 235.0 54.0 Small_Car Vehicle 1
316.0 8.0 295.0 9.0 295.0 2.0 316.0 2.0 Small_Car Vehicle 1
608.0 321.0 600.0 322.0 598.0 308.0 606.0 307.0 Van Vehicle 1
618.0 321.0 612.0 321.0 611.0 309.0 618.0 309.0 Van Vehicle 1
547.0 247.0 538.0 247.0 538.0 240.0 547.0 240.0 Small_Car Vehicle 1
617.0 216.0 599.0 218.0 598.0 213.0 617.0 211.0 Small_Car Vehicle 1
615.0 177.0 599.0 187.0 595.0 181.0 611.0 171.0 Van Vehicle 1
650.0 135.0 645.0 137.0 639.0 123.0 644.0 121.0 Small_Car Vehicle 1
431.0 65.0 423.0 66.0 421.0 50.0 429.0 49.0 Small_Car Vehicle 1
427.0 47.0 420.0 48.0 418.0 32.0 426.0 31.0 Small_Car Vehicle 1
437.0 37.0 429.0 38.0 427.0 23.0 435.0 22.0 Van Vehicle 1
529.0 34.0 522.0 35.0 520.0 20.0 527.0 19.0 Van Vehicle 1
544.0 34.0 536.0 35.0 535.0 19.0 542.0 19.0 Small_Car Vehicle 1
602.0 11.0 595.0 13.0 592.0 2.0 599.0 0.0 Small_Car Vehicle 1
610.0 35.0 603.0 48.0 597.0 45.0 604.0 32.0 Small_Car Vehicle 1
781.0 28.0 773.0 28.0 772.0 12.0 780.0 12.0 Small_Car Vehicle 1
789.0 76.0 781.0 77.0 780.0 60.0 788.0 60.0 Small_Car Vehicle 1
789.0 226.0 769.0 228.0 769.0 221.0 788.0 219.0 Small_Car Vehicle 1
726.0 231.0 708.0 233.0 707.0 227.0 725.0 226.0 Van Vehicle 1
795.0 295.0 776.0 297.0 775.0 290.0 795.0 287.0 Small_Car Vehicle 1
765.0 338.0 757.0 339.0 755.0 322.0 764.0 321.0 Van Vehicle 1
799.0 333.0 793.0 334.0 790.0 319.0 797.0 318.0 Small_Car Vehicle 1
708.0 370.0 700.0 372.0 697.0 355.0 706.0 354.0 Small_Car Vehicle 1
701.0 397.0 693.0 399.0 690.0 384.0 698.0 382.0 Small_Car Vehicle 1
636.0 410.0 628.0 412.0 626.0 397.0 633.0 395.0 Small_Car Vehicle 1
