578.0 649.0 568.0 651.0 564.0 630.0 574.0 628.0 Dump_Truck Vehicle 1
594.0 658.0 573.0 662.0 572.0 654.0 592.0 650.0 Small_Car Vehicle 1
598.0 563.0 584.0 566.0 583.0 560.0 596.0 557.0 Small_Car Vehicle 1
252.0 705.0 204.0 713.0 177.0 638.0 224.0 628.0 Tennis_Court Court 1
317.0 693.0 270.0 703.0 242.0 626.0 288.0 614.0 Tennis_Court Court 1
383.0 679.0 335.0 689.0 308.0 613.0 356.0 601.0 Tennis_Court Court 1
452.0 666.0 401.0 676.0 373.0 599.0 421.0 590.0 Tennis_Court Court 1
448.744507 801.547485 418.0 717.0 466.255493 699.452515 497.0 784.0 Tennis_Court Court 1
382.744507 815.547424 352.0 730.999939 400.255493 713.452454 431.0 797.999939 Tennis_Court Court 1
359.457184 800.0 307.985748 800.0 286.000031 743.0 330.805511 725.717896 Tennis_Court Court 1
287.791046 800.0 236.298492 800.0 220.0 758.0 264.753174 740.633057 Tennis_Court Court 1
