966.0 628.0 964.0 640.0 956.0 638.0 958.0 626.0 Van Vehicle 1
669.0 414.0 666.0 421.0 648.0 413.0 651.0 407.0 Van Vehicle 1
675.0 405.0 673.0 412.0 652.0 405.0 655.0 397.0 Van Vehicle 1
590.0 399.0 585.0 409.0 570.0 403.0 576.0 393.0 Van Vehicle 1
569.0 442.0 568.0 448.0 561.0 448.0 561.0 441.0 Van Vehicle 1
567.0 461.0 566.0 467.0 557.0 465.0 558.0 459.0 Van Vehicle 1
724.0 270.0 720.0 283.0 711.0 281.0 715.0 268.0 Van Vehicle 1
517.0 71.0 516.0 82.0 507.0 81.0 508.0 70.0 Van Vehicle 1
529.0 69.0 525.0 84.0 518.0 82.0 521.0 67.0 Van Vehicle 1
487.0 66.0 484.0 77.0 475.0 75.0 478.0 64.0 Van Vehicle 1
447.0 102.0 444.0 112.0 413.0 105.0 415.0 95.0 Bus Vehicle 1
1000.0 447.0 983.0 444.0 985.0 437.0 1000.0 440.0 Small_Car Vehicle 1
1000.0 457.0 981.0 453.0 982.0 444.0 1000.0 447.0 Van Vehicle 1
1001.0 459.0 1000.0 466.0 980.0 462.0 982.0 455.0 Small_Car Vehicle 1
996.0 467.0 995.0 475.0 980.0 471.0 981.0 464.0 Van Vehicle 1
996.0 475.0 995.0 482.0 976.0 480.0 976.0 473.0 Van Vehicle 1
991.0 484.0 990.0 491.0 971.0 486.0 973.0 479.0 Van Vehicle 1
991.0 493.0 991.0 500.0 971.0 496.0 972.0 489.0 Small_Car Vehicle 1
993.0 501.0 991.0 509.0 968.0 504.0 969.0 496.0 Dump_Truck Vehicle 1
985.0 510.0 982.0 519.0 961.0 513.0 965.0 504.0 Small_Car Vehicle 1
982.0 519.0 979.0 527.0 960.0 521.0 963.0 514.0 Small_Car Vehicle 1
976.0 526.0 974.0 533.0 957.0 529.0 959.0 521.0 Van Vehicle 1
972.0 548.0 970.0 555.0 952.0 550.0 954.0 543.0 Small_Car Vehicle 1
967.0 571.0 966.0 578.0 944.0 574.0 946.0 566.0 Van Vehicle 1
959.0 586.0 958.0 593.0 939.0 589.0 941.0 583.0 Van Vehicle 1
989.0 632.0 986.0 649.0 978.0 648.0 981.0 630.0 Small_Car Vehicle 1
540.0 72.0 535.0 88.0 525.0 85.0 533.0 69.0 Small_Car Vehicle 1
553.0 73.0 548.0 91.0 539.0 89.0 544.0 71.0 Small_Car Vehicle 1
573.0 77.0 567.0 96.0 558.0 93.0 564.0 75.0 Small_Car Vehicle 1
585.0 79.0 579.0 99.0 570.0 97.0 577.0 76.0 Van Vehicle 1
578.0 60.0 574.0 75.0 565.0 73.0 570.0 58.0 Van Vehicle 1
568.0 57.0 563.0 75.0 554.0 73.0 559.0 55.0 Small_Car Vehicle 1
555.0 55.0 551.0 71.0 544.0 68.0 549.0 53.0 Van Vehicle 1
546.0 53.0 540.0 70.0 533.0 67.0 538.0 51.0 Van Vehicle 1
477.0 57.0 472.0 75.0 464.0 73.0 470.0 55.0 Small_Car Vehicle 1
467.0 56.0 461.0 71.0 454.0 69.0 460.0 54.0 Small_Car Vehicle 1
459.0 54.0 453.0 71.0 444.0 68.0 450.0 50.0 Small_Car Vehicle 1
446.0 51.0 440.0 72.0 431.0 69.0 437.0 48.0 Dump_Truck Vehicle 1
472.0 37.0 468.0 55.0 461.0 53.0 465.0 36.0 Small_Car Vehicle 1
464.0 34.0 461.0 51.0 450.0 50.0 455.0 32.0 Small_Car Vehicle 1
455.0 32.0 448.0 50.0 440.0 47.0 446.0 29.0 Small_Car Vehicle 1
445.0 31.0 437.0 48.0 428.0 44.0 435.0 27.0 Small_Car Vehicle 1
435.0 49.0 429.0 65.0 420.0 62.0 426.0 46.0 Van Vehicle 1
389.0 19.0 387.0 37.0 377.0 35.0 380.0 18.0 Van Vehicle 1
375.0 33.0 369.0 49.0 360.0 46.0 368.0 30.0 Small_Car Vehicle 1
360.0 76.0 354.0 93.0 345.0 90.0 350.0 73.0 Small_Car Vehicle 1
380.0 81.0 375.0 98.0 367.0 95.0 372.0 79.0 Van Vehicle 1
398.0 84.0 390.0 102.0 384.0 99.0 390.0 81.0 Small_Car Vehicle 1
411.0 85.0 410.0 103.0 400.0 103.0 401.0 84.0 Small_Car Vehicle 1
462.0 99.0 460.0 117.0 452.0 116.0 454.0 98.0 Small_Car Vehicle 1
473.0 100.0 471.0 119.0 463.0 118.0 465.0 100.0 Van Vehicle 1
484.0 104.0 480.0 122.0 472.0 120.0 476.0 102.0 Small_Car Vehicle 1
494.0 107.0 491.0 122.0 482.0 120.0 485.0 106.0 Small_Car Vehicle 1
504.0 109.0 500.0 125.0 491.0 123.0 495.0 106.0 Van Vehicle 1
513.0 110.0 510.0 126.0 503.0 125.0 505.0 109.0 Small_Car Vehicle 1
524.0 112.0 520.0 130.0 512.0 128.0 515.0 110.0 Small_Car Vehicle 1
535.0 116.0 532.0 132.0 523.0 130.0 525.0 114.0 Van Vehicle 1
547.0 119.0 542.0 136.0 532.0 132.0 538.0 116.0 Small_Car Vehicle 1
557.0 122.0 553.0 139.0 544.0 137.0 548.0 120.0 Small_Car Vehicle 1
567.0 124.0 564.0 139.0 555.0 137.0 559.0 122.0 Van Vehicle 1
870.0 57.0 868.0 65.0 852.0 62.0 854.0 54.0 Van Vehicle 1
828.0 16.0 826.0 23.0 807.0 21.0 808.0 14.0 Dump_Truck Vehicle 1
820.0 54.0 818.0 61.0 798.0 57.0 800.0 49.0 Small_Car Vehicle 1
820.0 64.0 818.0 74.0 789.0 66.0 792.0 57.0 Dump_Truck Vehicle 1
803.0 89.0 802.0 97.0 781.0 94.0 783.0 86.0 Van Vehicle 1
805.0 100.0 803.0 110.0 781.0 105.0 783.0 96.0 Small_Car Vehicle 1
836.0 146.0 835.0 154.0 819.0 151.0 821.0 143.0 Small_Car Vehicle 1
843.0 137.0 841.0 145.0 823.0 141.0 824.0 133.0 Small_Car Vehicle 1
781.0 162.0 778.0 170.0 757.0 164.0 759.0 156.0 Small_Car Vehicle 1
778.0 172.0 775.0 180.0 754.0 174.0 756.0 166.0 Van Vehicle 1
774.0 180.0 772.0 188.0 753.0 184.0 755.0 176.0 Small_Car Vehicle 1
768.0 206.0 766.0 214.0 747.0 210.0 749.0 202.0 Small_Car Vehicle 1
765.0 217.0 763.0 225.0 744.0 219.0 747.0 211.0 Van Vehicle 1
760.0 224.0 759.0 231.0 739.0 228.0 740.0 221.0 Small_Car Vehicle 1
756.0 244.0 754.0 252.0 732.0 246.0 735.0 238.0 Small_Car Vehicle 1
637.0 290.0 634.0 307.0 626.0 306.0 628.0 289.0 Van Vehicle 1
650.0 300.0 649.0 316.0 641.0 315.0 642.0 299.0 Small_Car Vehicle 1
663.0 301.0 660.0 321.0 651.0 320.0 654.0 300.0 Small_Car Vehicle 1
721.0 309.0 715.0 331.0 705.0 328.0 713.0 306.0 Dump_Truck Vehicle 1
779.0 313.0 777.0 323.0 742.0 313.0 745.0 303.0 Cargo_Truck Vehicle 1
681.0 550.0 679.0 557.0 658.0 552.0 660.0 544.0 Van Vehicle 1
683.0 540.0 682.0 547.0 664.0 544.0 666.0 537.0 Van Vehicle 1
684.0 532.0 682.0 540.0 663.0 535.0 665.0 527.0 Small_Car Vehicle 1
688.0 525.0 687.0 531.0 667.0 526.0 668.0 520.0 Van Vehicle 1
695.0 515.0 693.0 524.0 668.0 518.0 671.0 509.0 Dump_Truck Vehicle 1
695.0 505.0 693.0 513.0 673.0 508.0 675.0 501.0 Small_Car Vehicle 1
695.0 497.0 694.0 505.0 671.0 501.0 673.0 493.0 Van Vehicle 1
699.0 487.0 698.0 496.0 677.0 493.0 678.0 484.0 Van Vehicle 1
701.0 480.0 699.0 487.0 678.0 482.0 679.0 475.0 Small_Car Vehicle 1
705.0 471.0 704.0 479.0 683.0 476.0 684.0 467.0 Small_Car Vehicle 1
706.0 463.0 705.0 469.0 686.0 466.0 688.0 459.0 Small_Car Vehicle 1
710.0 455.0 708.0 463.0 689.0 459.0 690.0 451.0 Van Vehicle 1
710.0 443.0 709.0 452.0 690.0 450.0 690.0 441.0 Small_Car Vehicle 1
733.0 400.0 731.0 408.0 712.0 403.0 714.0 395.0 Van Vehicle 1
736.0 392.0 734.0 399.0 714.0 395.0 716.0 388.0 Small_Car Vehicle 1
738.0 384.0 735.0 391.0 720.0 385.0 723.0 378.0 Small_Car Vehicle 1
751.0 360.0 750.0 368.0 726.0 362.0 728.0 354.0 Dump_Truck Vehicle 1
684.0 374.0 682.0 384.0 658.0 379.0 660.0 369.0 Dump_Truck Vehicle 1
681.0 386.0 679.0 394.0 655.0 389.0 657.0 381.0 Van Vehicle 1
656.0 366.0 655.0 375.0 630.0 370.0 633.0 361.0 Van Vehicle 1
653.0 377.0 651.0 385.0 634.0 382.0 635.0 374.0 Small_Car Vehicle 1
647.0 394.0 645.0 402.0 626.0 397.0 628.0 390.0 Small_Car Vehicle 1
653.0 482.0 642.0 489.0 629.0 466.0 640.0 460.0 Cargo_Truck Vehicle 1
668.0 427.0 666.0 437.0 641.0 434.0 642.0 424.0 Van Vehicle 1
649.0 452.0 638.0 460.0 614.0 425.0 626.0 417.0 Cargo_Truck Vehicle 1
626.0 450.0 620.0 455.0 607.0 438.0 614.0 433.0 Small_Car Vehicle 1
620.0 458.0 613.0 465.0 599.0 451.0 606.0 444.0 Van Vehicle 1
641.0 491.0 632.0 497.0 618.0 477.0 628.0 471.0 Cargo_Truck Vehicle 1
597.0 536.0 596.0 543.0 577.0 541.0 578.0 534.0 Small_Car Vehicle 1
605.0 524.0 604.0 531.0 584.0 528.0 585.0 521.0 Small_Car Vehicle 1
608.0 513.0 607.0 522.0 585.0 520.0 585.0 511.0 Small_Car Vehicle 1
596.0 461.0 594.0 482.0 584.0 481.0 585.0 460.0 Small_Car Vehicle 1
562.0 475.0 560.0 482.0 540.0 478.0 543.0 471.0 Small_Car Vehicle 1
553.0 503.0 550.0 511.0 532.0 506.0 534.0 498.0 Small_Car Vehicle 1
551.0 514.0 550.0 521.0 525.0 516.0 528.0 508.0 Small_Car Vehicle 1
547.0 533.0 527.0 531.0 527.0 522.0 547.0 524.0 Small_Car Vehicle 1
540.0 537.0 539.0 544.0 523.0 539.0 525.0 532.0 Van Vehicle 1
538.0 550.0 536.0 557.0 519.0 552.0 521.0 545.0 Van Vehicle 1
548.0 563.0 546.0 579.0 538.0 577.0 540.0 562.0 Van Vehicle 1
565.0 570.0 561.0 586.0 552.0 584.0 555.0 568.0 Small_Car Vehicle 1
626.0 580.0 622.0 597.0 613.0 595.0 617.0 578.0 Van Vehicle 1
804.0 575.0 795.0 575.0 795.0 560.0 804.0 560.0 Small_Car Vehicle 1
841.0 637.0 824.0 702.0 750.0 682.0 766.0 618.0 Intersection Road 1
833.0 640.0 828.0 661.0 817.0 658.0 822.0 637.0 Dump_Truck Vehicle 1
810.0 713.0 806.0 727.0 798.0 724.0 802.0 711.0 Van Vehicle 1
786.0 781.0 781.0 800.0 772.0 798.0 777.0 779.0 Small_Car Vehicle 1
682.0 943.0 678.0 959.0 669.0 957.0 673.0 940.0 Small_Car Vehicle 1
791.0 453.0 790.0 473.0 780.0 473.0 781.0 452.0 Van Vehicle 1
831.0 339.0 825.0 355.0 817.0 352.0 822.0 336.0 Van Vehicle 1
815.0 336.0 810.0 355.0 801.0 352.0 806.0 334.0 Van Vehicle 1
640.0 20.0 630.0 34.0 625.0 30.0 633.0 16.0 Small_Car Vehicle 1
