777.0 43.0 762.0 56.0 757.0 49.0 772.0 37.0 Small_Car Vehicle 1
795.0 66.0 776.0 78.0 771.0 70.0 790.0 59.0 Dump_Truck Vehicle 1
694.0 31.0 687.0 39.0 674.0 27.0 681.0 20.0 Small_Car Vehicle 1
630.0 137.0 610.0 147.0 607.0 140.0 627.0 131.0 Small_Car Vehicle 1
678.0 199.0 662.0 207.0 658.0 200.0 674.0 192.0 Small_Car Vehicle 1
411.0 57.0 406.0 63.0 393.0 50.0 398.0 44.0 Van Vehicle 1
157.0 162.0 151.0 167.0 140.0 153.0 146.0 148.0 Van Vehicle 1
84.0 197.0 78.0 203.0 60.0 188.0 67.0 181.0 Van Vehicle 1
44.0 315.0 29.0 330.0 22.0 323.0 38.0 308.0 Van Vehicle 1
67.0 309.0 52.0 322.0 46.0 315.0 60.0 302.0 Van Vehicle 1
60.0 325.0 47.0 337.0 42.0 332.0 56.0 320.0 Small_Car Vehicle 1
363.0 224.0 356.0 229.0 346.0 214.0 353.0 209.0 Small_Car Vehicle 1
384.0 213.0 376.0 218.0 366.0 203.0 374.0 198.0 Van Vehicle 1
396.0 210.0 388.0 215.0 379.0 199.0 386.0 194.0 Small_Car Vehicle 1
427.0 195.0 420.0 199.0 413.0 188.0 419.0 183.0 Van Vehicle 1
448.0 212.0 439.0 216.0 432.0 199.0 440.0 195.0 Small_Car Vehicle 1
516.0 197.0 497.0 205.0 494.0 197.0 512.0 189.0 Van Vehicle 1
521.0 206.0 503.0 214.0 500.0 208.0 517.0 199.0 Small_Car Vehicle 1
588.0 245.0 579.0 250.0 570.0 233.0 579.0 228.0 Van Vehicle 1
193.0 56.0 187.0 62.0 174.0 48.0 180.0 42.0 Small_Car Vehicle 1
60.0 102.0 53.0 108.0 43.0 93.0 50.0 88.0 Van Vehicle 1
75.0 123.0 69.0 128.0 57.0 112.0 63.0 107.0 Small_Car Vehicle 1
41.0 438.0 27.0 451.0 22.0 445.0 36.0 433.0 Van Vehicle 1
60.0 420.0 46.0 433.0 41.0 427.0 55.0 415.0 Van Vehicle 1
185.0 0.0 164.0 10.0 159.0 3.0 165.0 0.0 Motorboat Ship 1
939.0 86.0 924.0 97.0 920.0 91.0 934.0 80.0 Van Vehicle 1
868.0 107.0 850.0 118.0 846.0 111.0 864.0 100.0 Van Vehicle 1
539.0 327.0 516.0 337.0 513.0 329.0 535.0 319.0 Small_Car Vehicle 1
917.0 290.0 910.0 293.0 903.0 278.0 911.0 274.0 Van Vehicle 1
975.0 540.0 959.0 539.0 959.0 532.0 975.0 533.0 other-vehicle Vehicle 1
957.0 545.0 956.0 552.0 937.0 550.0 938.0 544.0 other-vehicle Vehicle 1
130.0 694.0 117.0 707.0 111.0 702.0 124.0 689.0 Van Vehicle 1
114.0 707.0 94.0 718.0 90.0 709.0 110.0 699.0 Van Vehicle 1
71.0 736.0 65.0 743.0 50.0 730.0 55.0 723.0 Van Vehicle 1
113.0 731.0 108.0 738.0 94.0 726.0 99.0 720.0 Van Vehicle 1
136.0 749.0 129.0 755.0 117.0 743.0 123.0 737.0 Van Vehicle 1
274.0 799.0 255.0 809.0 252.0 801.0 270.0 792.0 Van Vehicle 1
282.0 824.0 260.0 824.0 260.0 816.0 282.0 816.0 Small_Car Vehicle 1
276.0 882.0 275.0 889.0 253.0 888.0 254.0 881.0 Van Vehicle 1
249.0 887.0 231.0 887.0 231.0 879.0 249.0 880.0 Van Vehicle 1
272.0 905.0 252.0 903.0 253.0 897.0 272.0 898.0 Small_Car Vehicle 1
210.0 950.0 202.0 950.0 202.0 936.0 210.0 936.0 Van Vehicle 1
241.0 479.0 190.0 514.0 162.0 474.0 213.0 438.0 Intersection Road 1
