131.0 579.0 120.0 580.0 120.0 560.0 131.0 559.0 Van Vehicle 1
169.0 612.0 159.0 612.0 159.0 593.0 168.0 592.0 Van Vehicle 1
14.0 609.0 4.0 609.0 4.0 590.0 14.0 590.0 Van Vehicle 1
94.0 698.0 85.0 699.0 82.0 682.0 92.0 681.0 Small_Car Vehicle 1
105.0 698.0 97.0 699.0 95.0 682.0 103.0 681.0 Small_Car Vehicle 1
161.0 800.0 137.0 800.0 137.0 793.0 161.0 792.0 Van Vehicle 1
161.0 789.0 140.0 789.0 140.0 781.0 161.0 781.0 Small_Car Vehicle 1
160.0 779.0 138.0 780.0 138.0 772.0 160.0 771.0 Small_Car Vehicle 1
157.0 741.0 134.0 741.0 134.0 734.0 157.0 733.0 Dump_Truck Vehicle 1
157.0 731.0 135.0 732.0 134.0 724.0 157.0 723.0 Small_Car Vehicle 1
73.0 761.0 50.0 761.0 50.0 755.0 73.0 755.0 Small_Car Vehicle 1
73.0 771.0 50.0 770.0 50.0 764.0 73.0 764.0 Small_Car Vehicle 1
73.0 780.0 51.0 780.0 51.0 773.0 73.0 773.0 Dump_Truck Vehicle 1
74.0 788.0 51.0 789.0 51.0 782.0 74.0 781.0 Small_Car Vehicle 1
76.0 797.0 55.0 797.0 55.0 790.0 75.0 790.0 Small_Car Vehicle 1
101.0 797.0 79.0 797.0 79.0 790.0 101.0 790.0 Van Vehicle 1
100.0 787.0 79.0 788.0 78.0 781.0 100.0 780.0 Small_Car Vehicle 1
99.0 779.0 77.0 780.0 77.0 772.0 99.0 772.0 Van Vehicle 1
96.0 770.0 77.0 770.0 77.0 763.0 96.0 763.0 Small_Car Vehicle 1
99.0 760.0 78.0 760.0 78.0 754.0 99.0 753.0 Van Vehicle 1
273.0 800.0 262.0 800.0 256.0 791.0 264.0 787.0 Van Vehicle 1
563.0 619.0 555.0 622.0 549.0 609.0 556.0 605.0 Small_Car Vehicle 1
576.0 615.0 569.0 619.0 562.0 604.0 569.0 601.0 Small_Car Vehicle 1
600.0 609.0 593.0 613.0 582.0 597.0 590.0 593.0 Small_Car Vehicle 1
434.0 326.0 208.0 326.0 208.0 0.0 434.0 0.0 Football_Field Court 1
