406.0 215.0 396.0 297.0 343.0 292.0 354.0 212.0 Tennis_Court Court 1
475.0 220.0 465.0 301.0 412.0 297.0 423.0 217.0 Tennis_Court Court 1
543.0 227.0 533.0 306.0 481.0 302.0 491.0 221.0 Tennis_Court Court 1
600.0 313.0 550.0 307.0 560.0 224.0 600.0 229.0 Tennis_Court Court 1
20.0 98.0 14.0 116.0 5.0 113.0 11.0 95.0 Van Vehicle 1
34.0 100.0 30.0 118.0 19.0 115.0 23.0 98.0 Small_Car Vehicle 1
44.0 101.0 43.0 114.0 33.0 113.0 33.0 101.0 Small_Car Vehicle 1
56.0 101.0 55.0 120.0 44.0 119.0 46.0 100.0 Van Vehicle 1
68.0 104.0 65.0 120.0 56.0 118.0 59.0 102.0 Van Vehicle 1
82.0 107.0 80.0 126.0 69.0 125.0 71.0 106.0 Small_Car Vehicle 1
106.0 113.0 104.0 128.0 94.0 127.0 96.0 112.0 Small_Car Vehicle 1
119.0 114.0 116.0 134.0 106.0 133.0 108.0 112.0 Van Vehicle 1
129.0 117.0 127.0 134.0 118.0 134.0 119.0 117.0 Van Vehicle 1
143.0 119.0 140.0 136.0 130.0 134.0 133.0 117.0 Van Vehicle 1
156.0 119.0 153.0 139.0 142.0 137.0 146.0 117.0 Van Vehicle 1
170.0 122.0 165.0 139.0 157.0 137.0 161.0 119.0 Small_Car Vehicle 1
183.0 125.0 177.0 144.0 170.0 141.0 176.0 123.0 Small_Car Vehicle 1
196.0 128.0 191.0 145.0 183.0 142.0 188.0 125.0 Small_Car Vehicle 1
252.0 99.0 238.0 113.0 233.0 108.0 247.0 94.0 Van Vehicle 1
248.0 193.0 226.0 194.0 226.0 187.0 248.0 186.0 Van Vehicle 1
244.0 203.0 220.0 202.0 221.0 195.0 244.0 195.0 Van Vehicle 1
245.0 211.0 220.0 212.0 219.0 204.0 245.0 203.0 Dump_Truck Vehicle 1
238.0 246.0 216.0 245.0 216.0 238.0 238.0 238.0 Van Vehicle 1
237.0 254.0 214.0 254.0 214.0 247.0 237.0 247.0 Van Vehicle 1
233.0 264.0 212.0 263.0 213.0 255.0 233.0 256.0 Van Vehicle 1
231.0 272.0 212.0 272.0 212.0 265.0 231.0 265.0 Van Vehicle 1
237.0 282.0 210.0 280.0 210.0 273.0 237.0 274.0 Dump_Truck Vehicle 1
232.0 283.0 231.0 291.0 209.0 290.0 209.0 283.0 Small_Car Vehicle 1
234.0 301.0 203.0 300.0 204.0 292.0 234.0 293.0 Dump_Truck Vehicle 1
304.0 280.0 303.0 287.0 282.0 286.0 282.0 279.0 Van Vehicle 1
308.0 270.0 307.0 279.0 279.0 277.0 279.0 269.0 Dump_Truck Vehicle 1
306.0 268.0 282.0 268.0 282.0 260.0 306.0 261.0 Small_Car Vehicle 1
309.0 252.0 308.0 260.0 285.0 259.0 286.0 251.0 Small_Car Vehicle 1
309.0 251.0 287.0 249.0 287.0 242.0 309.0 244.0 Small_Car Vehicle 1
312.0 242.0 290.0 241.0 290.0 234.0 312.0 235.0 Van Vehicle 1
314.0 234.0 286.0 232.0 286.0 224.0 314.0 226.0 Dump_Truck Vehicle 1
314.0 223.0 293.0 222.0 293.0 215.0 314.0 216.0 Van Vehicle 1
314.0 215.0 292.0 214.0 292.0 206.0 314.0 207.0 Dump_Truck Vehicle 1
315.0 206.0 293.0 204.0 293.0 197.0 315.0 198.0 Van Vehicle 1
318.0 195.0 296.0 195.0 295.0 188.0 318.0 188.0 Van Vehicle 1
316.0 184.0 294.0 187.0 293.0 180.0 315.0 177.0 Van Vehicle 1
317.0 174.0 294.0 177.0 293.0 171.0 316.0 167.0 Van Vehicle 1
314.0 165.0 294.0 169.0 293.0 163.0 313.0 159.0 Van Vehicle 1
312.0 156.0 292.0 162.0 290.0 155.0 310.0 149.0 Van Vehicle 1
303.0 148.0 282.0 154.0 280.0 147.0 301.0 141.0 Small_Car Vehicle 1
352.0 324.0 349.0 345.0 339.0 344.0 342.0 323.0 Van Vehicle 1
363.0 329.0 360.0 344.0 352.0 342.0 355.0 327.0 Van Vehicle 1
385.0 329.0 381.0 346.0 373.0 344.0 376.0 328.0 Small_Car Vehicle 1
413.0 347.0 402.0 346.0 403.0 329.0 413.0 329.0 Van Vehicle 1
426.0 347.0 415.0 347.0 416.0 333.0 426.0 333.0 Small_Car Vehicle 1
451.0 334.0 449.0 349.0 439.0 347.0 441.0 332.0 Van Vehicle 1
478.0 335.0 476.0 353.0 465.0 352.0 466.0 334.0 Van Vehicle 1
517.0 340.0 515.0 358.0 503.0 357.0 505.0 339.0 Small_Car Vehicle 1
527.0 339.0 526.0 355.0 517.0 355.0 518.0 338.0 Van Vehicle 1
581.0 340.0 579.0 357.0 569.0 357.0 570.0 339.0 Van Vehicle 1
593.0 341.0 592.0 359.0 582.0 359.0 582.0 341.0 Small_Car Vehicle 1
186.0 639.0 164.0 637.0 164.0 630.0 186.0 631.0 Small_Car Vehicle 1
233.0 547.0 211.0 546.0 211.0 539.0 233.0 539.0 Van Vehicle 1
274.0 513.0 273.0 522.0 260.0 521.0 260.0 512.0 other-vehicle Vehicle 1
273.0 522.0 272.0 530.0 262.0 528.0 263.0 520.0 other-vehicle Vehicle 1
