527.0 505.0 526.0 526.0 515.0 526.0 515.0 504.0 Dump_Truck Vehicle 1
495.0 728.0 494.0 748.0 482.0 748.0 483.0 727.0 Van Vehicle 1
554.0 743.0 535.0 742.0 535.0 735.0 554.0 736.0 Van Vehicle 1
394.0 756.0 372.0 755.0 373.0 748.0 394.0 749.0 Van Vehicle 1
575.0 430.0 554.0 431.0 554.0 425.0 575.0 424.0 Van Vehicle 1
580.0 415.0 557.0 415.0 557.0 408.0 580.0 408.0 Van Vehicle 1
600.0 414.0 585.0 416.0 585.0 409.0 600.0 407.0 Van Vehicle 1
238.0 134.0 219.0 134.0 218.0 128.0 238.0 127.0 Van Vehicle 1
207.0 134.0 182.0 136.0 182.0 129.0 206.0 128.0 Small_Car Vehicle 1
228.0 108.0 210.0 109.0 210.0 101.0 227.0 100.0 Van Vehicle 1
