955.0 808.0 946.0 808.0 946.0 791.0 955.0 791.0 Small_Car Vehicle 1
941.0 808.0 933.0 808.0 932.0 792.0 941.0 792.0 Small_Car Vehicle 1
912.0 807.0 903.0 807.0 903.0 791.0 912.0 791.0 Small_Car Vehicle 1
901.0 806.0 892.0 806.0 892.0 790.0 901.0 790.0 Small_Car Vehicle 1
887.0 808.0 878.0 808.0 878.0 790.0 887.0 790.0 Small_Car Vehicle 1
767.0 808.0 758.0 809.0 756.0 792.0 765.0 791.0 Van Vehicle 1
754.0 806.0 746.0 808.0 742.0 793.0 750.0 791.0 Van Vehicle 1
739.0 808.0 732.0 810.0 728.0 796.0 735.0 794.0 Van Vehicle 1
766.0 919.0 761.0 924.0 747.0 910.0 752.0 905.0 Small_Car Vehicle 1
1000.0 129.0 958.0 129.0 958.0 48.0 1000.0 48.0 Tennis_Court Court 1
943.0 128.0 894.0 127.0 894.0 47.0 943.0 48.0 Tennis_Court Court 1
861.0 107.0 812.0 108.0 812.0 26.0 861.0 27.0 Tennis_Court Court 1
796.0 106.0 747.0 106.0 748.0 26.0 796.0 26.0 Tennis_Court Court 1
