383.0 154.0 335.0 66.0 258.0 109.0 305.0 196.0 A350 Airplane 1
297.0 203.0 251.0 115.0 177.0 154.0 223.0 242.0 A350 Airplane 1
214.0 242.0 175.0 164.0 99.0 202.0 139.0 280.0 A350 Airplane 1
116.0 297.0 76.0 220.0 3.0 257.0 42.0 334.0 A350 Airplane 1
859.0 246.0 810.0 155.0 720.0 204.0 768.0 294.0 A330 Airplane 1
683.0 409.0 757.0 371.0 721.0 303.0 648.0 341.0 Boeing777 Airplane 1
455.0 458.0 494.0 542.0 574.0 505.0 534.0 421.0 A350 Airplane 1
346.0 535.0 431.0 492.0 391.0 415.0 307.0 457.0 A350 Airplane 1
389.0 616.0 475.0 570.0 435.0 495.0 349.0 541.0 A350 Airplane 1
444.0 698.0 520.0 657.0 480.0 583.0 404.0 624.0 A330 Airplane 1
484.0 780.0 568.0 735.0 527.0 659.0 443.0 705.0 Boeing777 Airplane 1
524.0 853.0 610.0 806.0 572.0 737.0 486.0 784.0 Boeing777 Airplane 1
578.0 930.0 652.0 890.0 613.0 819.0 540.0 859.0 A330 Airplane 1
629.0 1028.0 705.0 987.0 664.0 911.0 587.0 952.0 Boeing787 Airplane 1
893.0 741.0 971.0 703.0 934.0 630.0 857.0 669.0 A330 Airplane 1
