633.0 321.0 626.0 383.0 565.0 376.0 572.0 314.0 Intersection Road 1
325.0 281.0 316.0 318.0 258.0 305.0 266.0 268.0 Intersection Road 1
930.0 367.0 929.0 400.0 890.0 399.0 890.0 366.0 Intersection Road 1
859.0 947.0 850.0 947.0 849.0 929.0 859.0 928.0 Small_Car Vehicle 1
877.0 920.0 868.0 920.0 868.0 903.0 876.0 903.0 Van Vehicle 1
791.0 849.0 782.0 849.0 780.0 834.0 789.0 833.0 Van Vehicle 1
817.0 702.0 792.0 702.0 792.0 694.0 817.0 695.0 Small_Car Vehicle 1
837.0 684.0 829.0 684.0 827.0 668.0 835.0 668.0 Van Vehicle 1
900.0 627.0 899.0 645.0 888.0 644.0 889.0 626.0 Small_Car Vehicle 1
849.0 545.0 848.0 554.0 823.0 552.0 823.0 544.0 Small_Car Vehicle 1
853.0 522.0 841.0 536.0 835.0 531.0 847.0 516.0 Van Vehicle 1
900.0 463.0 889.0 464.0 888.0 445.0 899.0 445.0 Small_Car Vehicle 1
858.0 493.0 839.0 498.0 837.0 491.0 857.0 486.0 Small_Car Vehicle 1
791.0 425.0 783.0 425.0 783.0 407.0 791.0 406.0 Small_Car Vehicle 1
656.0 776.0 648.0 781.0 638.0 765.0 646.0 759.0 Small_Car Vehicle 1
647.0 757.0 638.0 764.0 623.0 746.0 632.0 739.0 Dump_Truck Vehicle 1
543.0 705.0 524.0 704.0 524.0 698.0 543.0 699.0 Small_Car Vehicle 1
488.0 732.0 482.0 764.0 471.0 762.0 476.0 730.0 Cargo_Truck Vehicle 1
481.0 787.0 480.0 805.0 469.0 804.0 469.0 787.0 Small_Car Vehicle 1
469.0 793.0 459.0 793.0 459.0 775.0 468.0 775.0 Van Vehicle 1
458.0 793.0 447.0 797.0 441.0 776.0 452.0 773.0 Dump_Truck Vehicle 1
584.0 738.0 576.0 768.0 566.0 765.0 573.0 735.0 Cargo_Truck Vehicle 1
595.0 739.0 589.0 783.0 578.0 781.0 584.0 737.0 Cargo_Truck Vehicle 1
574.0 736.0 557.0 796.0 543.0 792.0 560.0 732.0 Cargo_Truck Vehicle 1
540.0 774.0 526.0 774.0 527.0 747.0 540.0 747.0 Cargo_Truck Vehicle 1
511.0 801.0 496.0 801.0 496.0 760.0 511.0 760.0 other-vehicle Vehicle 1
495.0 809.0 482.0 809.0 482.0 779.0 495.0 778.0 other-vehicle Vehicle 1
447.0 811.0 430.0 820.0 426.0 812.0 443.0 803.0 Small_Car Vehicle 1
437.0 805.0 419.0 814.0 416.0 807.0 433.0 798.0 Small_Car Vehicle 1
437.0 787.0 419.0 797.0 415.0 790.0 433.0 780.0 Small_Car Vehicle 1
433.0 757.0 414.0 766.0 410.0 759.0 429.0 750.0 Small_Car Vehicle 1
432.0 777.0 417.0 788.0 413.0 782.0 428.0 771.0 Small_Car Vehicle 1
435.0 766.0 420.0 775.0 417.0 770.0 432.0 760.0 Van Vehicle 1
431.0 747.0 412.0 757.0 408.0 750.0 427.0 739.0 Small_Car Vehicle 1
428.0 718.0 421.0 736.0 412.0 733.0 419.0 715.0 Small_Car Vehicle 1
409.0 719.0 408.0 738.0 399.0 738.0 400.0 718.0 Van Vehicle 1
392.0 762.0 390.0 781.0 379.0 780.0 380.0 761.0 Small_Car Vehicle 1
379.0 762.0 377.0 780.0 367.0 779.0 369.0 761.0 Small_Car Vehicle 1
369.0 762.0 363.0 784.0 353.0 781.0 358.0 760.0 Dump_Truck Vehicle 1
355.0 759.0 353.0 778.0 343.0 777.0 345.0 759.0 Small_Car Vehicle 1
344.0 759.0 342.0 777.0 332.0 776.0 335.0 758.0 Small_Car Vehicle 1
342.0 680.0 315.0 682.0 314.0 673.0 342.0 672.0 Dump_Truck Vehicle 1
318.0 631.0 298.0 639.0 294.0 630.0 314.0 622.0 Small_Car Vehicle 1
317.0 624.0 295.0 628.0 293.0 620.0 316.0 616.0 Small_Car Vehicle 1
317.0 614.0 298.0 619.0 296.0 611.0 315.0 606.0 Small_Car Vehicle 1
318.0 604.0 298.0 609.0 296.0 602.0 316.0 596.0 Small_Car Vehicle 1
319.0 593.0 301.0 601.0 298.0 594.0 316.0 586.0 Van Vehicle 1
381.0 604.0 358.0 603.0 358.0 596.0 381.0 598.0 Small_Car Vehicle 1
376.0 595.0 352.0 594.0 353.0 586.0 376.0 587.0 Small_Car Vehicle 1
391.0 583.0 370.0 585.0 369.0 577.0 390.0 576.0 Van Vehicle 1
351.0 568.0 345.0 582.0 337.0 579.0 344.0 564.0 Small_Car Vehicle 1
320.0 557.0 305.0 570.0 300.0 563.0 315.0 550.0 Van Vehicle 1
321.0 540.0 304.0 554.0 299.0 548.0 316.0 533.0 Dump_Truck Vehicle 1
321.0 524.0 308.0 536.0 302.0 531.0 315.0 518.0 Small_Car Vehicle 1
667.0 582.0 666.0 589.0 644.0 588.0 645.0 580.0 Small_Car Vehicle 1
656.0 580.0 633.0 578.0 634.0 570.0 656.0 572.0 Small_Car Vehicle 1
552.0 581.0 551.0 589.0 529.0 587.0 530.0 579.0 Small_Car Vehicle 1
574.0 587.0 555.0 587.0 554.0 580.0 574.0 580.0 Van Vehicle 1
589.0 528.0 588.0 545.0 578.0 545.0 579.0 528.0 Small_Car Vehicle 1
570.0 484.0 549.0 484.0 550.0 477.0 570.0 477.0 Van Vehicle 1
572.0 475.0 551.0 474.0 552.0 467.0 572.0 469.0 Van Vehicle 1
498.0 461.0 471.0 459.0 471.0 452.0 498.0 454.0 Dump_Truck Vehicle 1
379.0 483.0 369.0 484.0 366.0 467.0 376.0 466.0 Small_Car Vehicle 1
365.0 265.0 342.0 264.0 343.0 256.0 365.0 257.0 Small_Car Vehicle 1
565.0 347.0 561.0 356.0 535.0 345.0 538.0 336.0 Cargo_Truck Vehicle 1
438.0 285.0 437.0 293.0 409.0 291.0 410.0 283.0 Cargo_Truck Vehicle 1
408.0 289.0 377.0 288.0 377.0 280.0 408.0 281.0 Van Vehicle 1
585.0 127.0 582.0 134.0 564.0 126.0 567.0 119.0 Van Vehicle 1
693.0 132.0 689.0 139.0 668.0 130.0 671.0 123.0 Dump_Truck Vehicle 1
671.0 79.0 664.0 95.0 655.0 90.0 662.0 75.0 Small_Car Vehicle 1
868.0 190.0 844.0 189.0 844.0 182.0 868.0 183.0 Small_Car Vehicle 1
876.0 99.0 855.0 100.0 855.0 91.0 876.0 90.0 Van Vehicle 1
889.0 22.0 887.0 30.0 868.0 28.0 869.0 19.0 Small_Car Vehicle 1
938.0 0.0 935.952271 17.406143 924.0 16.0 925.882324 0.0 Dump_Truck Vehicle 1
47.0 32.0 46.0 42.0 15.0 39.0 16.0 29.0 other-vehicle Vehicle 1
59.0 21.0 51.0 21.0 51.0 12.0 58.0 12.0 Van Vehicle 1
98.0 14.0 97.0 22.0 77.0 20.0 78.0 11.0 Van Vehicle 1
96.0 46.0 95.0 62.0 86.0 61.0 87.0 45.0 Dump_Truck Vehicle 1
116.0 42.0 115.0 58.0 105.0 57.0 107.0 41.0 Van Vehicle 1
137.0 7.0 135.0 23.0 125.0 21.0 127.0 6.0 Small_Car Vehicle 1
188.0 10.0 187.0 26.0 178.0 25.0 179.0 9.0 Small_Car Vehicle 1
215.0 14.0 214.0 32.0 205.0 31.0 207.0 13.0 Small_Car Vehicle 1
244.0 16.0 238.0 36.0 227.0 33.0 233.0 12.0 Dump_Truck Vehicle 1
174.0 60.0 171.0 77.0 159.0 75.0 162.0 58.0 Small_Car Vehicle 1
201.0 81.0 191.0 82.0 189.0 64.0 198.0 63.0 Dump_Truck Vehicle 1
262.0 95.0 260.0 113.0 250.0 112.0 252.0 94.0 Van Vehicle 1
376.0 103.0 352.0 101.0 353.0 94.0 376.0 95.0 Small_Car Vehicle 1
271.0 183.0 270.0 190.0 247.0 188.0 248.0 180.0 Small_Car Vehicle 1
262.0 214.0 261.0 222.0 239.0 219.0 240.0 212.0 Small_Car Vehicle 1
227.0 309.0 199.0 308.0 199.0 300.0 227.0 301.0 Small_Car Vehicle 1
289.0 438.0 279.0 439.0 279.0 423.0 288.0 422.0 Van Vehicle 1
201.0 451.0 184.0 452.0 183.0 443.0 201.0 442.0 Dump_Truck Vehicle 1
256.0 360.0 223.0 370.0 219.0 359.0 252.0 348.0 Dump_Truck Vehicle 1
199.0 356.0 198.0 379.0 186.0 378.0 187.0 355.0 Cargo_Truck Vehicle 1
218.0 384.0 217.0 392.0 192.0 391.0 192.0 383.0 Dump_Truck Vehicle 1
247.0 377.0 220.0 382.0 217.0 371.0 245.0 366.0 Dump_Truck Vehicle 1
249.0 399.0 214.0 404.0 212.0 393.0 247.0 387.0 Excavator Vehicle 1
247.0 407.0 246.0 418.0 212.0 416.0 212.0 404.0 Cargo_Truck Vehicle 1
251.0 418.0 250.0 428.0 211.0 426.0 211.0 416.0 other-vehicle Vehicle 1
244.0 428.0 243.0 439.0 202.0 437.0 203.0 427.0 other-vehicle Vehicle 1
247.0 447.0 211.0 448.0 211.0 440.0 247.0 438.0 Excavator Vehicle 1
239.0 460.0 211.0 460.0 211.0 452.0 239.0 452.0 Cargo_Truck Vehicle 1
140.0 441.0 139.0 451.0 121.0 449.0 122.0 439.0 Cargo_Truck Vehicle 1
167.0 456.0 151.0 456.0 149.0 400.0 165.0 399.0 Cargo_Truck Vehicle 1
145.0 411.0 144.0 421.0 118.0 420.0 118.0 410.0 Cargo_Truck Vehicle 1
152.0 440.0 104.0 438.0 105.0 427.0 152.0 430.0 Cargo_Truck Vehicle 1
137.0 529.0 127.0 529.0 127.0 511.0 137.0 512.0 Small_Car Vehicle 1
151.0 511.0 150.0 530.0 140.0 530.0 141.0 510.0 Small_Car Vehicle 1
164.0 515.0 163.0 531.0 153.0 531.0 155.0 514.0 Van Vehicle 1
242.0 519.0 217.0 518.0 218.0 511.0 242.0 512.0 Small_Car Vehicle 1
240.0 528.0 218.0 528.0 218.0 521.0 240.0 521.0 Van Vehicle 1
187.0 536.0 186.0 545.0 165.0 544.0 166.0 535.0 Small_Car Vehicle 1
189.0 581.0 164.0 579.0 165.0 572.0 189.0 573.0 Small_Car Vehicle 1
231.0 608.0 208.0 606.0 209.0 598.0 231.0 601.0 Van Vehicle 1
234.0 618.0 208.0 618.0 208.0 610.0 234.0 610.0 Dump_Truck Vehicle 1
275.0 645.0 263.0 645.0 263.0 628.0 275.0 628.0 Van Vehicle 1
89.0 438.0 87.0 465.0 75.0 463.0 77.0 437.0 Dump_Truck Vehicle 1
63.0 431.0 62.0 449.0 51.0 448.0 52.0 431.0 Small_Car Vehicle 1
46.0 432.0 44.0 448.0 34.0 447.0 37.0 430.0 Small_Car Vehicle 1
35.0 446.0 26.0 446.0 26.0 429.0 35.0 429.0 Van Vehicle 1
73.0 516.0 65.0 529.0 56.0 524.0 64.0 511.0 Dump_Truck Vehicle 1
51.0 514.0 22.0 512.0 22.0 504.0 51.0 506.0 Dump_Truck Vehicle 1
