652.0 80.0 648.0 124.0 692.0 128.0 695.0 84.0 A220 Airplane 1
703.0 79.0 699.0 123.0 742.0 127.0 745.0 82.0 A220 Airplane 1
756.0 86.0 752.0 131.0 787.0 134.0 791.0 89.0 other-airplane Airplane 1
855.0 94.0 851.0 138.0 887.0 142.0 891.0 97.0 other-airplane Airplane 1
815.0 247.0 862.0 254.0 869.0 210.0 821.0 204.0 A220 Airplane 1
767.0 361.0 773.0 282.0 698.0 276.0 692.0 356.0 Boeing787 Airplane 1
839.0 364.0 842.0 316.0 799.0 313.0 795.0 361.0 A220 Airplane 1
907.0 379.0 910.0 336.0 867.0 333.0 864.0 376.0 A220 Airplane 1
960.0 375.0 965.0 319.0 921.0 315.0 916.0 371.0 A321 Airplane 1
1010.0 386.0 1015.0 338.0 972.0 334.0 967.0 382.0 A220 Airplane 1
898.0 522.0 893.0 570.0 936.0 574.0 941.0 526.0 A220 Airplane 1
953.0 518.0 948.0 562.0 990.0 567.0 995.0 522.0 A220 Airplane 1
771.0 663.0 747.0 706.0 783.0 727.0 807.0 684.0 other-airplane Airplane 1
