567.0 256.0 548.0 258.0 547.0 253.0 567.0 250.0 Small_Car Vehicle 1
597.0 146.0 589.0 149.0 582.0 132.0 590.0 128.0 Van Vehicle 1
521.0 330.0 513.0 331.0 512.0 313.0 520.0 313.0 Small_Car Vehicle 1
476.0 733.0 456.0 733.0 456.0 726.0 476.0 726.0 Van Vehicle 1
403.0 588.0 394.0 588.0 394.0 572.0 403.0 572.0 Small_Car Vehicle 1
370.0 413.0 345.0 418.0 344.0 410.0 368.0 406.0 Van Vehicle 1
343.0 418.0 322.0 423.0 320.0 416.0 342.0 411.0 Small_Car Vehicle 1
376.0 338.0 355.0 341.0 354.0 333.0 375.0 331.0 Small_Car Vehicle 1
345.0 342.0 323.0 345.0 322.0 338.0 344.0 334.0 Small_Car Vehicle 1
338.0 628.0 329.0 629.0 329.0 613.0 337.0 613.0 Van Vehicle 1
234.0 540.0 225.0 555.0 218.0 550.0 227.0 536.0 Small_Car Vehicle 1
220.0 539.0 215.0 553.0 206.0 550.0 212.0 535.0 Small_Car Vehicle 1
208.0 541.0 205.0 554.0 197.0 553.0 200.0 539.0 Van Vehicle 1
196.0 544.0 190.0 558.0 183.0 555.0 188.0 540.0 Small_Car Vehicle 1
200.0 525.0 178.0 527.0 177.0 520.0 199.0 518.0 Van Vehicle 1
220.0 405.0 194.0 407.0 193.0 399.0 219.0 396.0 Dump_Truck Vehicle 1
188.0 408.0 167.0 412.0 166.0 405.0 186.0 400.0 Van Vehicle 1
25.0 686.0 1.0 685.0 2.0 677.0 25.0 678.0 Van Vehicle 1
