71.0 536.0 69.0 606.0 53.0 605.0 55.0 535.0 Cargo_Truck Vehicle 1
52.0 846.0 42.0 846.0 42.0 828.0 51.0 828.0 Van Vehicle 1
151.0 882.0 140.0 882.0 139.0 864.0 151.0 864.0 Small_Car Vehicle 1
186.0 861.0 185.0 881.0 175.0 880.0 176.0 860.0 Small_Car Vehicle 1
223.0 862.0 222.0 881.0 212.0 881.0 213.0 861.0 Van Vehicle 1
268.0 883.0 258.0 883.0 257.0 865.0 268.0 865.0 Small_Car Vehicle 1
280.0 882.0 271.0 882.0 271.0 864.0 280.0 864.0 Small_Car Vehicle 1
331.0 842.0 330.0 859.0 321.0 858.0 322.0 842.0 Dump_Truck Vehicle 1
375.0 845.0 374.0 863.0 365.0 863.0 365.0 845.0 Van Vehicle 1
387.0 859.0 377.0 860.0 377.0 842.0 387.0 842.0 Van Vehicle 1
401.0 859.0 391.0 860.0 391.0 844.0 400.0 843.0 Small_Car Vehicle 1
400.0 842.0 392.0 842.0 391.0 827.0 399.0 826.0 Small_Car Vehicle 1
414.0 840.0 405.0 841.0 404.0 824.0 413.0 823.0 Dump_Truck Vehicle 1
416.0 861.0 407.0 861.0 406.0 845.0 415.0 844.0 Small_Car Vehicle 1
431.0 845.0 430.0 862.0 421.0 862.0 421.0 845.0 Small_Car Vehicle 1
446.0 848.0 444.0 863.0 434.0 862.0 435.0 847.0 Van Vehicle 1
333.0 884.0 332.0 902.0 322.0 901.0 323.0 883.0 Van Vehicle 1
346.0 903.0 336.0 903.0 336.0 888.0 346.0 888.0 Small_Car Vehicle 1
359.0 904.0 349.0 904.0 349.0 888.0 359.0 888.0 Van Vehicle 1
371.0 902.0 363.0 902.0 362.0 888.0 371.0 888.0 Small_Car Vehicle 1
389.0 904.0 381.0 904.0 380.0 889.0 388.0 888.0 Small_Car Vehicle 1
402.0 902.0 394.0 902.0 393.0 886.0 401.0 885.0 Small_Car Vehicle 1
331.0 923.0 321.0 923.0 321.0 907.0 330.0 907.0 Van Vehicle 1
344.0 924.0 334.0 924.0 334.0 908.0 344.0 908.0 Van Vehicle 1
360.0 923.0 350.0 923.0 350.0 907.0 360.0 907.0 Small_Car Vehicle 1
375.0 923.0 365.0 923.0 365.0 907.0 375.0 907.0 Small_Car Vehicle 1
389.0 907.0 388.0 924.0 378.0 924.0 379.0 907.0 Van Vehicle 1
402.0 924.0 393.0 924.0 393.0 907.0 401.0 907.0 Small_Car Vehicle 1
385.0 783.0 378.0 803.0 366.0 798.0 373.0 779.0 Small_Car Vehicle 1
413.0 780.0 412.0 799.0 400.0 798.0 401.0 779.0 Dump_Truck Vehicle 1
427.0 798.0 417.0 798.0 416.0 781.0 426.0 780.0 Small_Car Vehicle 1
441.0 798.0 430.0 798.0 430.0 782.0 440.0 782.0 Van Vehicle 1
454.0 796.0 444.0 796.0 444.0 781.0 454.0 781.0 Van Vehicle 1
469.0 781.0 468.0 798.0 458.0 797.0 459.0 780.0 Small_Car Vehicle 1
482.0 797.0 474.0 797.0 474.0 781.0 482.0 781.0 Small_Car Vehicle 1
496.0 797.0 487.0 797.0 486.0 780.0 496.0 779.0 Van Vehicle 1
512.0 798.0 500.0 799.0 500.0 780.0 511.0 779.0 Dump_Truck Vehicle 1
526.0 797.0 516.0 798.0 515.0 782.0 525.0 781.0 Small_Car Vehicle 1
439.0 757.0 409.0 757.0 410.0 748.0 439.0 749.0 Small_Car Vehicle 1
470.0 759.0 445.0 758.0 446.0 750.0 470.0 751.0 Small_Car Vehicle 1
495.0 759.0 475.0 759.0 475.0 751.0 495.0 751.0 Small_Car Vehicle 1
458.0 842.0 448.0 843.0 447.0 827.0 457.0 826.0 Small_Car Vehicle 1
471.0 843.0 463.0 843.0 462.0 826.0 471.0 825.0 Small_Car Vehicle 1
489.0 827.0 488.0 844.0 479.0 843.0 480.0 826.0 Van Vehicle 1
532.0 844.0 519.0 845.0 519.0 826.0 531.0 826.0 Van Vehicle 1
502.0 862.0 493.0 862.0 493.0 845.0 502.0 844.0 Small_Car Vehicle 1
489.0 864.0 480.0 864.0 480.0 848.0 489.0 848.0 Van Vehicle 1
472.0 862.0 464.0 862.0 464.0 848.0 472.0 847.0 Small_Car Vehicle 1
460.0 866.0 451.0 866.0 451.0 850.0 460.0 850.0 Van Vehicle 1
199.0 702.0 171.0 701.0 171.0 694.0 199.0 694.0 Cargo_Truck Vehicle 1
235.0 701.0 209.0 701.0 209.0 693.0 235.0 693.0 Cargo_Truck Vehicle 1
241.0 722.0 218.0 723.0 217.0 716.0 241.0 716.0 Small_Car Vehicle 1
312.0 724.0 287.0 723.0 287.0 716.0 312.0 716.0 Small_Car Vehicle 1
348.0 723.0 329.0 722.0 329.0 716.0 348.0 717.0 Small_Car Vehicle 1
380.0 723.0 358.0 724.0 358.0 718.0 380.0 717.0 Small_Car Vehicle 1
538.0 796.0 529.0 797.0 527.0 781.0 537.0 780.0 Dump_Truck Vehicle 1
554.0 799.0 543.0 800.0 542.0 778.0 553.0 777.0 Dump_Truck Vehicle 1
568.0 777.0 567.0 800.0 557.0 799.0 558.0 777.0 Dump_Truck Vehicle 1
585.0 799.0 572.0 799.0 572.0 780.0 585.0 780.0 Dump_Truck Vehicle 1
626.0 779.0 625.0 796.0 616.0 796.0 618.0 778.0 Small_Car Vehicle 1
544.0 846.0 533.0 846.0 533.0 828.0 544.0 828.0 Dump_Truck Vehicle 1
559.0 845.0 548.0 845.0 548.0 829.0 559.0 829.0 Van Vehicle 1
573.0 843.0 564.0 843.0 563.0 828.0 572.0 827.0 Small_Car Vehicle 1
560.0 864.0 549.0 864.0 549.0 848.0 560.0 849.0 Small_Car Vehicle 1
601.0 865.0 593.0 865.0 592.0 849.0 601.0 849.0 Small_Car Vehicle 1
534.0 907.0 522.0 907.0 522.0 888.0 533.0 888.0 Van Vehicle 1
517.0 931.0 507.0 931.0 506.0 915.0 516.0 915.0 Small_Car Vehicle 1
486.0 924.0 477.0 924.0 477.0 909.0 486.0 909.0 Small_Car Vehicle 1
501.0 904.0 490.0 904.0 490.0 887.0 501.0 887.0 Van Vehicle 1
486.0 905.0 477.0 906.0 477.0 890.0 485.0 890.0 Small_Car Vehicle 1
473.0 906.0 464.0 906.0 464.0 889.0 473.0 889.0 Dump_Truck Vehicle 1
458.0 899.0 449.0 900.0 448.0 884.0 456.0 884.0 Dump_Truck Vehicle 1
444.0 899.0 435.0 900.0 434.0 884.0 442.0 884.0 Small_Car Vehicle 1
444.0 922.0 436.0 923.0 436.0 907.0 444.0 906.0 Van Vehicle 1
431.0 905.0 421.0 905.0 421.0 888.0 430.0 887.0 Small_Car Vehicle 1
431.0 924.0 420.0 924.0 420.0 908.0 431.0 907.0 Van Vehicle 1
417.0 904.0 407.0 904.0 406.0 888.0 417.0 887.0 Van Vehicle 1
416.0 924.0 405.0 924.0 405.0 905.0 415.0 905.0 Van Vehicle 1
453.0 724.0 430.0 724.0 430.0 717.0 453.0 718.0 Small_Car Vehicle 1
523.0 726.0 499.0 727.0 499.0 719.0 522.0 718.0 Small_Car Vehicle 1
587.0 968.0 577.0 968.0 577.0 953.0 587.0 953.0 Van Vehicle 1
544.0 989.0 534.0 989.0 533.0 969.0 544.0 969.0 Van Vehicle 1
517.0 990.0 507.0 990.0 507.0 971.0 517.0 971.0 Van Vehicle 1
503.0 988.0 493.0 988.0 493.0 970.0 503.0 970.0 Small_Car Vehicle 1
489.0 989.0 478.0 989.0 478.0 972.0 488.0 971.0 Dump_Truck Vehicle 1
473.0 986.0 463.0 986.0 463.0 970.0 472.0 970.0 Small_Car Vehicle 1
460.0 988.0 449.0 988.0 450.0 968.0 460.0 968.0 Dump_Truck Vehicle 1
444.0 987.0 433.0 986.0 434.0 970.0 444.0 970.0 Small_Car Vehicle 1
430.0 987.0 421.0 987.0 421.0 971.0 430.0 971.0 Small_Car Vehicle 1
417.0 986.0 406.0 986.0 406.0 970.0 417.0 969.0 Van Vehicle 1
402.0 987.0 390.0 987.0 391.0 968.0 402.0 969.0 Small_Car Vehicle 1
388.0 968.0 387.0 985.0 378.0 985.0 379.0 968.0 Van Vehicle 1
417.0 966.0 407.0 966.0 408.0 949.0 417.0 949.0 Van Vehicle 1
404.0 965.0 392.0 966.0 392.0 949.0 403.0 949.0 Van Vehicle 1
389.0 966.0 381.0 966.0 380.0 949.0 388.0 949.0 Small_Car Vehicle 1
375.0 966.0 366.0 967.0 366.0 951.0 374.0 951.0 Van Vehicle 1
359.0 965.0 350.0 965.0 350.0 950.0 359.0 950.0 Small_Car Vehicle 1
346.0 966.0 337.0 966.0 336.0 952.0 345.0 951.0 Van Vehicle 1
332.0 968.0 323.0 969.0 323.0 953.0 332.0 953.0 Van Vehicle 1
345.0 984.0 337.0 984.0 337.0 970.0 345.0 970.0 Van Vehicle 1
333.0 972.0 332.0 985.0 323.0 984.0 323.0 972.0 Small_Car Vehicle 1
282.0 1000.0 257.0 1000.0 257.0 993.0 282.0 993.0 Small_Car Vehicle 1
285.0 991.0 256.0 992.0 255.0 984.0 285.0 984.0 Small_Car Vehicle 1
253.0 992.0 233.0 992.0 233.0 986.0 253.0 985.0 Small_Car Vehicle 1
252.0 1000.0 231.0 1000.0 231.0 995.0 252.0 993.0 Small_Car Vehicle 1
716.0 972.0 705.0 973.0 705.0 955.0 716.0 954.0 Van Vehicle 1
743.0 954.0 742.0 973.0 731.0 972.0 732.0 954.0 Dump_Truck Vehicle 1
971.0 902.0 951.0 902.0 951.0 896.0 971.0 896.0 Van Vehicle 1
681.0 883.0 656.0 884.0 655.0 874.0 681.0 873.0 Dump_Truck Vehicle 1
893.0 604.0 878.0 604.0 879.0 578.0 893.0 578.0 Cargo_Truck Vehicle 1
963.0 615.0 938.0 614.0 938.0 604.0 963.0 604.0 Small_Car Vehicle 1
877.0 557.0 876.0 575.0 865.0 574.0 866.0 556.0 Dump_Truck Vehicle 1
870.0 539.0 839.0 540.0 839.0 532.0 870.0 531.0 Dump_Truck Vehicle 1
1000.0 506.0 995.0 507.0 992.0 490.0 1000.0 489.0 Small_Car Vehicle 1
1000.0 466.0 994.0 467.0 993.0 447.0 1000.0 446.0 Van Vehicle 1
1000.0 227.0 990.0 227.0 991.0 210.0 1000.0 210.0 Small_Car Vehicle 1
950.0 60.0 930.0 60.0 930.0 54.0 950.0 54.0 Van Vehicle 1
906.0 37.0 897.0 38.0 896.0 21.0 905.0 20.0 Small_Car Vehicle 1
883.0 58.0 866.0 59.0 866.0 54.0 883.0 53.0 Van Vehicle 1
860.0 59.0 834.0 59.0 834.0 53.0 860.0 52.0 Van Vehicle 1
793.0 25.0 785.0 25.0 785.0 10.0 793.0 10.0 Small_Car Vehicle 1
688.0 86.0 666.0 85.0 666.0 78.0 688.0 79.0 Small_Car Vehicle 1
604.0 78.0 603.0 85.0 581.0 84.0 581.0 77.0 Small_Car Vehicle 1
516.0 75.0 496.0 75.0 496.0 69.0 516.0 69.0 Van Vehicle 1
496.0 55.0 476.0 55.0 476.0 47.0 496.0 47.0 Van Vehicle 1
448.0 84.0 424.0 83.0 425.0 76.0 448.0 76.0 Small_Car Vehicle 1
432.0 53.0 409.0 54.0 409.0 46.0 432.0 46.0 Small_Car Vehicle 1
365.0 83.0 344.0 83.0 344.0 76.0 365.0 76.0 Small_Car Vehicle 1
359.0 52.0 332.0 52.0 332.0 45.0 359.0 45.0 Van Vehicle 1
322.0 51.0 298.0 52.0 298.0 46.0 322.0 45.0 Dump_Truck Vehicle 1
460.0 31.0 452.0 30.0 452.0 14.0 460.0 15.0 Small_Car Vehicle 1
463.0 0.0 463.0 9.0 453.0 9.0 453.0 0.0 Small_Car Vehicle 1
296.0 72.0 277.0 71.0 277.0 65.0 296.0 65.0 Van Vehicle 1
263.0 81.0 243.0 81.0 243.0 74.0 263.0 74.0 Small_Car Vehicle 1
212.0 51.0 190.0 50.0 190.0 44.0 212.0 44.0 Van Vehicle 1
415.0 628.0 214.0 621.0 211.0 482.0 415.0 479.0 Baseball_Field Court 1
912.0 140.0 909.0 264.0 743.0 263.0 744.0 142.0 Baseball_Field Court 1
459.0 966.0 450.0 967.0 450.0 951.0 459.0 951.0 Small_Car Vehicle 1
474.0 969.0 465.0 969.0 465.0 953.0 473.0 953.0 Dump_Truck Vehicle 1
601.0 928.0 592.0 928.0 592.0 911.0 601.0 911.0 Van Vehicle 1
108.0 99.0 32.0 100.0 31.0 38.0 107.0 36.0 Intersection Road 1
236.0 61.0 218.0 61.0 218.0 54.0 236.0 54.0 Van Vehicle 1
