253.0 872.0 207.0 872.0 205.0 790.0 252.0 791.0 Tennis_Court Court 1
313.0 872.0 267.0 872.0 267.0 791.0 313.0 791.0 Tennis_Court Court 1
557.0 792.0 556.0 872.0 511.0 872.0 511.0 791.0 Tennis_Court Court 1
496.0 872.0 450.0 872.0 449.0 791.0 496.0 790.0 Tennis_Court Court 1
569.0 188.0 448.0 302.0 332.0 178.0 452.0 64.0 Baseball_Field Court 1
374.0 872.0 327.0 871.0 329.0 791.0 374.0 791.0 Tennis_Court Court 1
891.0 284.0 875.0 296.0 870.0 289.0 885.0 277.0 Small_Car Vehicle 1
877.0 269.0 860.0 281.0 856.0 274.0 873.0 263.0 Small_Car Vehicle 1
45.0 33.0 41.0 43.0 12.0 31.0 16.0 21.0 Dump_Truck Vehicle 1
435.0 791.0 434.0 872.0 390.0 872.0 389.0 791.0 Tennis_Court Court 1
681.999939 1000.0 634.999939 1000.0 634.999939 953.0 681.999939 953.0 Tennis_Court Court 1
856.0 274.0 837.0 286.0 832.0 278.0 851.0 266.0 Dump_Truck Vehicle 1
611.0 861.0 589.0 861.0 589.0 853.0 611.0 853.0 Dump_Truck Vehicle 1
610.0 869.0 589.0 870.0 589.0 862.0 610.0 862.0 Small_Car Vehicle 1
750.0 374.0 731.0 383.0 727.0 376.0 747.0 367.0 Van Vehicle 1
