641.716858 919.055542 590.716858 929.055542 586.000061 905.0 637.000061 895.0 Intersection 1
185.000015 502.0 165.000015 547.0 147.000015 539.0 167.000015 494.0 Intersection 1
469.304565 263.263916 460.0 273.999969 444.695435 260.736023 454.0 249.999969 Intersection 1
874.26416 271.719238 857.765137 289.249512 831.500854 264.530273 847.999878 247.0 Intersection 1
243.000015 78.999992 234.099228 89.087547 217.000015 74.000008 225.900803 63.912453 Intersection 1
684.929199 432.93808 677.0 442.000031 661.0 428.000031 668.929199 418.93808 Intersection 1
770.999939 752.0 763.22406 761.189697 736.999939 739.0 744.775818 729.810303 Intersection 1
927.0 622.0 917.415405 634.32312 890.0 613.0 899.584595 600.67688 Intersection 1
911.0 872.000061 874.51355 878.081116 871.0 857.000061 907.48645 850.919006 Intersection 1
641.716858 919.055542 590.716858 929.055542 586.000061 905.0 637.000061 895.0 Intersection 1
185.000015 502.0 165.000015 547.0 147.000015 539.0 167.000015 494.0 Intersection 1
469.304565 263.263916 460.0 273.999969 444.695435 260.736023 454.0 249.999969 Intersection 1
874.26416 271.719238 857.765137 289.249512 831.500854 264.530273 847.999878 247.0 Intersection 1
243.000015 78.999992 234.099228 89.087547 217.000015 74.000008 225.900803 63.912453 Intersection 1
684.929199 432.93808 677.0 442.000031 661.0 428.000031 668.929199 418.93808 Intersection 1
770.999939 752.0 763.22406 761.189697 736.999939 739.0 744.775818 729.810303 Intersection 1
927.0 622.0 917.415405 634.32312 890.0 613.0 899.584595 600.67688 Intersection 1
911.0 872.000061 874.51355 878.081116 871.0 857.000061 907.48645 850.919006 Intersection 1
641.716858 919.055542 590.716858 929.055542 586.000061 905.0 637.000061 895.0 Intersection 1
185.000015 502.0 165.000015 547.0 147.000015 539.0 167.000015 494.0 Intersection 1
469.304565 263.263916 460.0 273.999969 444.695435 260.736023 454.0 249.999969 Intersection 1
874.26416 271.719238 857.765137 289.249512 831.500854 264.530273 847.999878 247.0 Intersection 1
243.000015 78.999992 234.099228 89.087547 217.000015 74.000008 225.900803 63.912453 Intersection 1
684.929199 432.93808 677.0 442.000031 661.0 428.000031 668.929199 418.93808 Intersection 1
770.999939 752.0 763.22406 761.189697 736.999939 739.0 744.775818 729.810303 Intersection 1
927.0 622.0 917.415405 634.32312 890.0 613.0 899.584595 600.67688 Intersection 1
911.0 872.000061 874.51355 878.081116 871.0 857.000061 907.48645 850.919006 Intersection 1
