823.096313 956.179016 816.0 960.000061 808.903687 946.821106 816.0 943.000061 Vehicle 1
813.0 960.000061 805.128418 964.238586 798.0 951.000061 805.871582 946.761536 Vehicle 1
802.096313 964.178833 795.0 967.999878 787.903687 954.820923 795.0 950.999878 Vehicle 1
792.000122 970.0 784.246216 974.430786 776.000122 960.0 783.754028 955.569214 Vehicle 1
782.0 976.000061 773.667236 980.364807 762.667236 959.364807 771.0 955.000061 Vehicle 1
770.000061 977.000061 762.110779 981.207703 754.000061 966.000061 761.889343 961.792419 Vehicle 1
756.000061 979.0 749.200012 982.400024 741.600037 967.200073 748.400085 963.800049 Vehicle 1
746.200012 984.400146 739.000061 988.000122 731.000061 972.000122 738.200012 968.400146 Vehicle 1
734.272034 988.577942 727.000061 992.000061 719.000061 975.000061 726.272034 971.577942 Vehicle 1
722.362122 989.844788 715.000061 992.999939 709.000061 978.999939 716.362122 975.844788 Vehicle 1
711.000061 995.000122 704.200012 998.400146 697.000061 984.000122 703.80011 980.600098 Vehicle 1
688.000122 1000.0 677.500122 1000.0 670.600159 986.200134 679.000183 982.000183 Vehicle 1
653.706848 1004.178833 649.000061 993.000122 658.924744 988.821289 663.631531 1000.0 Vehicle 1
631.428894 1000.0 631.428894 998.000122 636.874939 998.000122 636.874939 1000.0 Vehicle 1
617.752441 1002.0 616.800049 1000.000122 620.999878 998.000244 621.952271 1000.000122 Vehicle 1
676.0 960.000061 669.102173 963.219055 662.0 948.000061 668.897827 944.781067 Vehicle 1
686.999939 954.0 678.999939 958.0 671.999939 944.0 679.999939 940.0 Vehicle 1
696.912231 949.809753 690.0 952.999939 684.0 939.999939 690.912231 936.809753 Vehicle 1
720.0 944.0 713.321045 947.596313 706.0 934.0 712.678955 930.403687 Vehicle 1
728.128418 940.238525 723.0 943.0 715.871582 929.761475 721.0 927.0 Vehicle 1
740.000061 936.000061 734.000061 939.000061 728.000061 927.000061 734.000061 924.000061 Vehicle 1
751.000061 933.000061 744.000061 937.000061 736.000061 923.000061 743.000061 919.000061 Vehicle 1
780.0 918.999939 773.199951 922.399963 767.199951 910.399963 774.0 906.999939 Vehicle 1
792.246155 919.430847 786.000061 923.000061 777.753967 908.569275 784.000061 905.000061 Vehicle 1
778.400085 893.800049 771.600037 897.200073 764.000061 882.000122 770.80011 878.600098 Vehicle 1
769.254761 896.858582 760.254761 901.858582 752.0 887.000061 761.0 882.000061 Vehicle 1
723.000061 911.000061 715.000061 915.000061 707.000061 899.000061 715.000061 895.000061 Vehicle 1
710.80011 914.600037 702.000061 919.000061 693.000061 901.000061 701.80011 896.600037 Vehicle 1
700.430786 919.753906 693.430786 923.753906 685.0 909.0 692.0 905.0 Vehicle 1
690.0 923.0 682.110718 927.207642 674.0 912.0 681.889282 907.792358 Vehicle 1
676.000061 922.000122 669.200012 925.400146 662.000061 911.000122 668.80011 907.600098 Vehicle 1
664.000061 928.000122 656.000061 932.000122 648.000061 916.000122 656.000061 912.000122 Vehicle 1
653.0 929.000183 645.800049 932.600159 638.800049 918.600159 646.0 915.000183 Vehicle 1
643.0 935.999939 636.304443 939.570862 628.0 923.999939 634.695557 920.429016 Vehicle 1
632.000061 939.000061 624.000061 943.000061 616.000061 927.000061 624.000061 923.000061 Vehicle 1
620.0 942.999939 611.835083 946.628845 603.835083 928.628845 612.0 924.999939 Vehicle 1
597.655762 948.213257 589.0 952.000122 582.0 936.000122 590.655762 932.213257 Vehicle 1
652.151428 965.491943 644.000061 968.0 639.848694 954.508057 648.000061 952.0 Vehicle 1
630.045227 972.12677 621.999939 975.000061 616.954651 960.873352 624.999939 958.000061 Vehicle 1
602.999939 976.000061 597.103088 978.268127 591.999939 965.000061 597.89679 962.731995 Vehicle 1
584.0 981.0 576.0 984.0 570.0 968.0 578.0 965.0 Vehicle 1
570.033264 984.124512 563.000061 986.0 558.966858 970.875488 566.000061 969.0 Vehicle 1
561.000061 954.0 554.231995 956.603149 549.000061 943.0 555.768127 940.396851 Vehicle 1
537.0 962.000061 529.768677 964.259827 524.768677 948.259827 532.0 946.000061 Vehicle 1
536.0 997.000061 525.999939 1000.0 520.0 981.000061 529.954712 977.856506 Vehicle 1
505.333344 1000.0 500.800049 986.400146 508.000061 984.000122 513.000061 999.000122 Vehicle 1
442.202789 1002.11145 441.000092 996.999878 449.973846 994.888428 451.176544 1000.0 Vehicle 1
451.000061 973.000122 443.000061 974.000122 441.000061 958.000122 449.000061 957.000122 Vehicle 1
427.0 977.0 419.115356 978.576904 416.0 963.0 423.884644 961.423096 Vehicle 1
616.50177 895.065735 611.000061 897.999939 603.000061 882.999939 608.50177 880.065735 Vehicle 1
607.0 900.000122 599.800049 903.600098 591.800049 887.600098 599.0 884.000122 Vehicle 1
597.0 902.0 591.096313 905.178955 584.0 892.0 589.903687 888.821045 Vehicle 1
584.000061 904.0 577.000061 907.0 571.000061 893.0 578.000061 890.0 Vehicle 1
570.17749 906.426086 564.0 909.000061 558.82251 896.574036 565.0 894.000061 Vehicle 1
440.999939 927.999939 434.011475 929.075134 431.999939 915.999939 438.988403 914.924744 Vehicle 1
698.2854 843.008972 698.0 851.999939 634.7146 849.990906 635.0 840.999939 Vehicle 1
955.000061 411.0 947.500061 418.5 943.500061 414.5 951.000061 407.0 Vehicle 1
534.0 51.0 514.0 51.0 514.0 44.0 534.0 44.0 Vehicle 1
477.0 22.0 461.0 22.0 461.0 16.0 477.0 16.0 Vehicle 1
35.0 499.0 32.108856 508.034851 7.0 500.0 9.891144 490.965149 Vehicle 1
16.0 478.000061 9.0 485.000061 2.0 478.000061 9.0 471.000061 Vehicle 1
