189.0 8.0 173.0 8.0 173.0 2.0 189.0 2.0 Vehicle 1
291.0 74.0 284.0 74.0 284.0 61.0 291.0 61.0 Vehicle 1
215.0 112.0 198.0 112.0 198.0 107.0 215.0 107.0 Vehicle 1
310.0 128.0 290.0 128.0 290.0 123.0 310.0 123.0 Vehicle 1
117.660675 123.062927 117.0 130.0 95.339325 127.937073 96.0 121.0 Vehicle 1
77.000008 153.000015 70.000008 165.000015 63.782387 161.373062 70.782387 149.373062 Vehicle 1
325.0 160.999985 323.503967 168.106094 304.503967 164.106094 306.0 156.999985 Vehicle 1
351.0 161.0 348.0 176.0 340.115356 174.423065 343.115356 159.423065 Vehicle 1
132.0 288.0 124.0 301.0 116.690979 296.502136 124.690979 283.502136 Vehicle 1
150.082367 296.870605 143.0 308.0 136.917633 304.129395 144.0 293.0 Vehicle 1
122.461525 320.307648 114.461525 332.307648 107.999992 327.999969 115.999992 315.999969 Vehicle 1
138.999985 328.0 137.067001 333.025757 123.999985 328.0 125.932968 322.974243 Vehicle 1
136.399994 335.200043 133.0 342.000031 119.000008 335.000031 122.400009 328.200043 Vehicle 1
230.0 303.000031 220.928009 316.104034 215.0 312.000031 224.071991 298.896027 Vehicle 1
310.999969 449.0 302.999969 461.0 296.999969 457.0 304.999969 445.0 Vehicle 1
46.000004 351.000031 41.276249 356.248627 31.276249 347.248627 36.000004 342.000031 Vehicle 1
136.0 453.0 130.070587 458.082336 118.0 444.0 123.929413 438.917664 Vehicle 1
178.000015 519.000061 172.500015 524.500061 159.000015 511.000061 164.500015 505.500061 Vehicle 1
216.500061 556.500061 211.000061 562.000061 200.000061 551.000061 205.500061 545.500061 Vehicle 1
284.393463 603.67218 277.901642 609.08197 266.508209 595.409851 273.000031 590.000061 Vehicle 1
384.000031 714.0 379.000031 719.0 369.000031 709.0 374.000031 704.0 Vehicle 1
61.226246 401.248871 56.000004 406.000031 45.773762 394.75119 51.000004 390.000031 Vehicle 1
139.000015 510.0 134.178177 515.16626 119.000015 501.0 123.821854 495.83374 Vehicle 1
132.835785 342.92334 130.000031 349.0 115.000015 342.0 117.83577 335.92334 Vehicle 1
418.000031 587.0 413.207672 592.19165 400.000031 580.0 404.792389 574.80835 Vehicle 1
375.000061 557.000061 366.000061 566.000061 362.000061 562.000061 371.000061 553.000061 Vehicle 1
61.999989 433.000061 58.17976 439.112427 41.999981 429.000061 45.82021 422.887695 Vehicle 1
55.284866 441.160217 51.332344 448.186951 35.0 439.0 38.952522 431.973267 Vehicle 1
46.335045 446.128876 44.067005 452.025787 30.731955 446.896942 32.999996 441.000031 Vehicle 1
44.000019 458.000061 41.000019 464.000061 27.000019 457.000061 30.000019 451.000061 Vehicle 1
39.218979 465.102264 36.0 472.000092 20.781021 464.897919 24.0 458.000092 Vehicle 1
31.299997 471.100006 28.999998 478.000031 16.699999 473.900055 18.999998 467.000031 Vehicle 1
73.000023 483.000031 67.000023 500.000031 59.83387 497.470795 65.83387 480.470795 Vehicle 1
41.0 512.000061 28.5 524.500061 23.0 519.000061 35.5 506.500061 Vehicle 1
49.999989 515.0 38.999989 526.0 33.999989 521.0 44.999989 510.0 Vehicle 1
59.999973 518.000061 47.999973 530.000061 42.999973 525.000061 54.999973 513.000061 Vehicle 1
69.000023 521.000061 59.000023 531.000061 54.000023 526.000061 64.000023 516.000061 Vehicle 1
80.500023 521.500061 69.000023 533.000061 64.000023 528.000061 75.500023 516.500061 Vehicle 1
109.000023 503.999939 102.409859 509.49176 90.606575 495.32782 97.196739 489.835999 Vehicle 1
51.500019 483.500061 40.500019 494.500061 36.000019 490.000061 47.000019 479.000061 Vehicle 1
238.0 859.0 229.969543 859.573608 228.969543 845.573608 237.0 845.0 Vehicle 1
217.027252 864.435791 208.000031 865.0 206.972778 848.564209 216.0 848.0 Vehicle 1
231.035416 829.531067 224.000015 830.000061 222.964615 814.469055 230.000015 814.000061 Vehicle 1
222.030441 829.426392 213.999985 830.0 212.969528 815.573608 220.999985 815.0 Vehicle 1
212.0 832.0 203.035034 832.560303 202.0 816.0 210.964966 815.439697 Vehicle 1
230.030991 810.464661 222.000015 811.000061 220.96904 795.535461 229.000015 795.000061 Vehicle 1
219.035294 810.458801 211.999985 810.999939 210.999985 797.999939 218.035294 797.458801 Vehicle 1
207.876953 813.015503 200.000031 814.000122 198.000031 798.000122 205.876953 797.015503 Vehicle 1
224.000031 780.0 216.964996 780.439697 215.964996 764.439697 223.000031 764.0 Vehicle 1
213.000015 780.000122 206.030991 780.464722 205.000015 765.000122 211.96904 764.535522 Vehicle 1
223.0 762.000061 214.031036 762.527649 213.0 745.000061 221.968964 744.472473 Vehicle 1
212.027252 763.435852 203.000031 764.000061 201.972778 747.56427 211.0 747.000061 Vehicle 1
200.109222 763.928345 191.0 765.0 188.890778 747.071655 198.0 746.0 Vehicle 1
169.000015 761.0 150.000015 762.0 149.682327 755.964111 168.682327 754.964111 Vehicle 1
169.377441 778.03894 153.377441 779.03894 153.0 773.0 169.0 772.0 Vehicle 1
174.000015 786.000061 152.764053 788.022522 152.000015 780.000061 173.235977 777.9776 Vehicle 1
172.0 794.999939 154.0 795.999939 153.609222 788.966125 171.609222 787.966125 Vehicle 1
178.000015 818.000061 157.351639 819.032532 157.000015 812.000061 177.648392 810.96759 Vehicle 1
180.387695 833.978516 162.0 835.0 161.612305 828.021484 180.0 827.0 Vehicle 1
183.999985 852.0 164.999985 853.0 164.577347 844.969604 183.577347 843.969604 Vehicle 1
101.464607 745.969116 86.000008 747.000122 85.535408 740.031128 101.000008 739.000122 Vehicle 1
35.0 745.0 17.000002 746.0 16.553846 737.969238 34.553848 736.969238 Vehicle 1
38.0 777.999939 30.079996 779.43988 27.999994 767.999939 35.919998 766.559998 Vehicle 1
154.135132 948.810791 147.0 950.0 144.83783 937.026978 151.972961 935.837769 Vehicle 1
146.000015 950.000061 138.075485 952.264221 134.000015 938.000061 141.924545 935.735901 Vehicle 1
319.048889 926.992676 299.0 930.0 297.951111 923.007324 318.0 920.0 Vehicle 1
75.499947 877.500061 69.999947 883.000061 56.999947 870.000061 62.499947 864.500061 Vehicle 1
61.499973 879.500122 55.999973 885.000122 43.999973 873.000122 49.499973 867.500122 Vehicle 1
48.000004 880.000061 42.000004 886.000061 29.500004 873.500061 35.500004 867.500061 Vehicle 1
19.999998 882.000122 13.999998 888.000122 2.5 876.500122 8.5 870.500122 Vehicle 1
393.0 71.0 375.0 71.0 375.0 65.0 393.0 65.0 Vehicle 1
493.29422 724.823486 489.000092 742.0 481.000092 740.0 485.29422 722.823486 Vehicle 1
518.0 686.0 506.94165 702.084839 501.0 698.0 512.05835 681.915161 Vehicle 1
546.119995 635.839966 537.0 648.0 531.880005 644.160034 541.0 632.0 Vehicle 1
562.0 604.0 554.588257 616.352905 548.852905 612.911743 556.264648 600.558838 Vehicle 1
542.036255 737.937866 535.0 750.0 529.963745 747.062134 537.0 735.0 Vehicle 1
551.26709 740.525208 542.0 756.999939 535.73291 753.47467 545.0 736.999939 Vehicle 1
697.999939 849.000122 695.761536 857.207764 673.761536 851.207764 675.999939 843.000122 Vehicle 1
624.035522 30.502541 623.035522 44.502541 616.0 44.0 617.0 30.0 Vehicle 1
645.0 31.0 643.97583 48.410347 637.0 48.0 638.02417 30.589653 Vehicle 1
664.041138 33.464699 663.0 46.999992 656.958862 46.535286 658.0 32.999992 Vehicle 1
680.0 72.0 665.0 72.0 665.0 66.0 680.0 66.0 Vehicle 1
681.387634 116.021538 680.999939 122.999992 662.612244 121.978447 662.999939 114.999992 Vehicle 1
678.0 145.0 664.0 145.0 664.0 140.0 678.0 140.0 Vehicle 1
721.0 211.0 714.0 211.0 714.0 195.0 721.0 195.0 Vehicle 1
561.0 206.0 559.810791 213.135132 541.810791 210.135132 543.0 203.0 Vehicle 1
560.102661 214.016205 559.0 221.0 539.845947 217.975677 540.948608 210.991882 Vehicle 1
558.102722 222.01622 557.000061 229.000015 537.8974 225.98381 539.000061 219.000015 Vehicle 1
603.102722 231.01622 602.000061 238.000015 582.8974 234.98381 584.000061 228.000015 Vehicle 1
597.0 239.0 596.088013 244.015991 585.0 242.0 585.911987 236.984009 Vehicle 1
790.306946 402.715057 776.306946 415.715057 771.000061 409.999969 785.000061 396.999969 Vehicle 1
796.230652 346.1539 792.230652 352.1539 779.999939 344.000031 783.999939 338.000031 Vehicle 1
789.999939 352.999969 785.999939 358.999969 773.999939 350.999969 777.999939 344.999969 Vehicle 1
771.0 356.0 767.735352 361.441162 757.0 355.0 760.264648 349.558838 Vehicle 1
782.999939 363.0 779.999939 368.0 770.441101 362.264709 773.441101 357.264709 Vehicle 1
676.230713 425.8461 661.0 435.999969 657.769287 431.153839 673.0 420.999969 Vehicle 1
681.526978 434.337799 667.526978 444.337799 663.0 437.999969 677.0 427.999969 Vehicle 1
688.999939 440.999908 673.999939 450.999908 669.999939 444.999908 684.999939 434.999908 Vehicle 1
694.999939 446.0 679.538391 456.307678 675.999939 451.0 691.461487 440.692322 Vehicle 1
692.72168 580.876343 690.0 587.0 672.0 579.0 674.72168 572.876343 Vehicle 1
687.284729 586.088989 685.113953 593.035645 668.829285 587.946655 671.000061 581.0 Vehicle 1
647.886719 582.240845 639.886719 599.240845 633.0 596.0 641.0 579.0 Vehicle 1
607.200012 606.600037 600.200012 620.600037 593.000061 617.000061 600.000061 603.000061 Vehicle 1
624.000061 612.0 615.889343 627.207642 608.000061 623.0 616.110779 607.792358 Vehicle 1
641.0 617.0 634.0 633.0 625.816406 629.419678 632.816406 613.419678 Vehicle 1
578.08783 622.809814 572.000061 636.0 565.912292 633.190186 572.000061 620.0 Vehicle 1
587.0 625.000061 581.82251 637.426086 576.0 635.000061 581.17749 622.574036 Vehicle 1
607.000061 631.999939 600.824402 645.380432 593.91217 642.190247 600.08783 628.809753 Vehicle 1
616.076721 633.835815 609.000061 649.0 602.923401 646.164185 610.000061 631.0 Vehicle 1
625.087708 637.809692 618.999939 650.999878 612.91217 648.190063 618.999939 634.999878 Vehicle 1
661.000122 648.999939 659.000122 654.999939 642.200073 649.399963 644.200073 643.399963 Vehicle 1
658.0 656.000061 655.362061 662.155212 641.0 656.000061 643.637939 649.84491 Vehicle 1
653.999939 663.0 650.999939 671.0 634.671204 664.876709 637.671204 656.876709 Vehicle 1
651.299988 671.099976 648.999939 678.0 633.69989 672.900024 635.999939 666.0 Vehicle 1
647.000061 680.000061 644.400085 685.200012 630.000061 678.000061 632.600037 672.80011 Vehicle 1
643.000061 687.000061 640.000061 693.000061 626.000061 686.000061 629.000061 680.000061 Vehicle 1
642.000061 695.000061 639.164246 701.076721 624.000061 694.000061 626.835876 687.923401 Vehicle 1
589.096313 647.821106 582.0 661.000061 574.903687 657.179016 582.0 644.000061 Vehicle 1
571.999939 656.0 569.14447 662.067993 551.999939 654.0 554.855408 647.932007 Vehicle 1
564.400146 662.199951 561.000122 669.0 548.600098 662.800049 552.000122 656.0 Vehicle 1
562.524597 671.229553 560.000061 677.000061 543.475525 669.770569 546.000061 664.000061 Vehicle 1
558.000061 679.000061 555.000061 685.000061 539.000061 677.000061 542.000061 671.000061 Vehicle 1
553.600037 685.80011 551.000061 691.000061 535.000061 683.000061 537.600037 677.80011 Vehicle 1
548.000061 692.0 545.314758 698.137695 529.000061 691.0 531.685364 684.862305 Vehicle 1
546.000061 699.000061 542.400085 706.200012 526.000061 698.000061 529.600037 690.80011 Vehicle 1
605.240784 677.113281 601.999939 684.0 584.759094 675.886719 587.999939 669.0 Vehicle 1
601.000061 685.0 598.452698 691.186401 581.000061 684.0 583.547424 677.813599 Vehicle 1
596.0 692.999939 593.190186 699.087708 580.0 692.999939 582.809814 686.91217 Vehicle 1
384.016418 792.180359 375.0 793.000061 374.0 782.000061 383.016418 781.180359 Vehicle 1
555.365112 974.91571 542.0 977.999939 540.634888 972.084167 554.0 968.999939 Vehicle 1
585.225525 969.965332 559.000061 974.0 557.774597 966.034668 584.000061 962.0 Vehicle 1
789.999939 863.0 786.219177 873.082153 753.999939 861.0 757.780701 850.917847 Vehicle 1
771.796021 869.28186 768.0 880.0 720.0 863.0 723.796021 852.28186 Vehicle 1
724.000061 916.0 718.896912 929.268066 713.000061 927.0 718.10321 913.731934 Vehicle 1
930.000122 949.000122 928.067139 954.025879 915.067139 949.025879 917.000122 944.000122 Vehicle 1
995.0 940.0 993.0 946.0 975.0 940.0 977.0 934.0 Vehicle 1
