281.0 146.000015 253.872925 157.051773 251.0 150.000015 278.127075 138.948257 Vehicle 1
561.000061 341.999969 532.357971 343.022919 532.000061 332.999969 560.642151 331.97702 Vehicle 1
522.052429 403.977112 506.000031 411.000061 502.947571 404.02301 519.0 397.000061 Vehicle 1
425.000031 435.000031 409.700043 440.100006 408.000031 435.000031 423.300018 429.900055 Vehicle 1
410.0 443.000061 390.629272 450.136658 388.0 443.000061 407.370728 435.863464 Vehicle 1
465.0 449.0 458.0 449.0 458.0 436.0 465.0 436.0 Vehicle 1
496.0 450.0 488.0 450.0 488.0 435.0 496.0 435.0 Vehicle 1
348.0 529.0 341.0 529.0 341.0 513.0 348.0 513.0 Vehicle 1
382.0 532.0 376.0 532.0 376.0 521.0 382.0 521.0 Vehicle 1
440.0 649.0 439.629822 656.033203 420.629822 655.033203 421.0 648.0 Vehicle 1
119.0 750.000061 83.0 777.000061 77.0 769.000061 113.0 742.000061 Vehicle 1
166.448288 739.620728 140.000015 762.0 133.551743 754.379272 160.000015 732.0 Vehicle 1
578.000061 704.000122 576.000061 726.000122 567.073792 725.188599 569.073792 703.188599 Vehicle 1
483.0 780.0 447.0 780.0 447.0 770.0 483.0 770.0 Vehicle 1
370.590149 741.491821 366.0 747.0 347.409851 731.508179 352.0 726.0 Vehicle 1
456.551697 800.620667 452.0 805.999939 439.0 794.999939 443.551697 789.620667 Vehicle 1
449.271667 806.248962 444.0 811.999939 431.728271 800.750916 436.999939 794.999939 Vehicle 1
492.500092 820.500122 486.000092 827.000122 472.500092 813.500122 479.000092 807.000122 Vehicle 1
462.000061 843.000122 457.176697 849.138916 443.000061 838.000122 447.823425 831.861328 Vehicle 1
431.999969 863.0 427.491791 868.40979 414.999969 858.0 419.508148 852.59021 Vehicle 1
572.310303 839.723999 563.0 847.999878 559.689697 844.275757 569.0 835.999878 Vehicle 1
579.206909 819.517273 573.0 822.000061 567.0 807.000061 573.206909 804.517273 Vehicle 1
585.325439 811.781006 580.0 814.0 575.0 802.0 580.325439 799.781006 Vehicle 1
39.000439 1000.0 39.000439 996.000122 59.799953 996.000122 59.799953 1000.0 Vehicle 1
291.000031 954.000061 243.000031 966.000061 240.000031 954.000061 288.000031 942.000061 Vehicle 1
283.145416 1000.472412 282.968964 997.472534 290.999969 997.000122 291.176422 1000.0 Vehicle 1
293.298309 1000.579346 293.000031 997.000122 299.951752 996.420776 300.250031 1000.0 Vehicle 1
303.469513 1000.573608 302.969513 993.573608 310.999969 993.0 311.499969 1000.0 Vehicle 1
321.0 1000.0 313.0 1000.0 313.0 991.0 321.0 991.0 Vehicle 1
330.84613 1000.0 322.769196 1000.0 321.970551 989.617554 329.999969 988.999878 Vehicle 1
341.0 1000.0 333.0 1000.0 333.0 989.0 341.0 989.0 Vehicle 1
398.894714 1000.0 398.894714 998.0 418.368469 998.0 418.368469 1000.0 Vehicle 1
420.0 991.0 402.0 991.0 402.0 984.0 420.0 984.0 Vehicle 1
420.0 982.0 404.0 982.0 404.0 975.0 420.0 975.0 Vehicle 1
596.999939 977.0 593.034424 1000.0 580.689636 1000.0 585.011536 974.932983 Vehicle 1
587.0 948.0 578.333313 1000.0 566.0 1000.0 575.0 946.0 Vehicle 1
681.069336 748.549072 677.069336 774.549072 667.0 773.0 671.0 747.0 Vehicle 1
650.0 562.000061 642.983032 602.097107 631.0 600.000061 638.016968 559.903015 Vehicle 1
630.046143 571.732056 625.046143 600.732056 615.0 599.0 620.0 570.0 Vehicle 1
761.999939 70.0 755.999939 114.0 744.933044 112.490875 750.933044 68.490875 Vehicle 1
660.999939 641.999939 656.999939 671.999939 645.078552 670.410461 649.078552 640.410461 Vehicle 1
655.02301 682.849731 651.02301 708.849731 638.999939 707.0 642.999939 681.0 Vehicle 1
649.008789 712.934448 647.0 728.0 639.991211 727.065552 642.0 712.0 Vehicle 1
648.000061 734.0 641.979919 768.114136 630.000061 766.0 636.020203 731.885864 Vehicle 1
643.999939 769.999817 638.601135 805.092346 625.601135 803.092346 630.999939 767.999817 Vehicle 1
636.000061 814.000122 631.000061 845.000122 618.989929 843.062988 623.989929 812.062988 Vehicle 1
644.999939 837.0 642.999939 851.0 635.999939 850.0 637.999939 836.0 Vehicle 1
648.000061 810.0 645.000061 828.0 636.081116 826.51355 639.081116 808.51355 Vehicle 1
913.142273 629.455627 904.999939 632.000061 899.857605 615.544495 907.999939 613.000061 Vehicle 1
927.05896 662.235352 920.000122 664.0 916.941284 651.764648 924.000122 650.0 Vehicle 1
874.000183 57.0 859.000183 58.0 858.597473 51.960175 873.597473 50.960175 Vehicle 1
874.377441 73.03891 858.377441 74.03891 858.0 68.0 874.0 67.0 Vehicle 1
877.861694 89.892303 861.861694 91.892303 861.000122 85.0 877.000122 83.0 Vehicle 1
881.0 105.0 862.0 106.0 861.629883 98.966858 880.629883 97.966858 Vehicle 1
881.999939 112.999992 863.780457 115.024376 862.999939 107.999992 881.219421 105.975609 Vehicle 1
887.0 145.0 867.0 145.0 867.0 138.0 887.0 138.0 Vehicle 1
874.0 65.0 859.431519 66.040604 859.0 59.999996 873.568481 58.959389 Vehicle 1
876.0 82.0 861.0 82.0 861.0 76.0 876.0 76.0 Vehicle 1
885.332336 135.981522 867.000061 136.999985 866.667786 131.018448 885.000061 129.999985 Vehicle 1
884.0 152.0 870.0 152.0 870.0 146.0 884.0 146.0 Vehicle 1
886.4104 170.975845 869.0 171.999985 868.5896 165.024124 886.0 163.999985 Vehicle 1
959.0 199.999985 940.576416 204.094101 939.0 196.999985 957.423584 192.905869 Vehicle 1
961.000061 207.000031 941.294495 211.14856 940.000061 205.000031 959.705627 200.851501 Vehicle 1
964.000122 215.000015 945.000122 219.000015 943.705688 212.851486 962.705688 208.851486 Vehicle 1
965.22821 224.959717 948.000061 228.0 946.771912 221.040283 964.000061 218.0 Vehicle 1
972.000122 240.0 953.000122 244.0 951.705688 237.851471 970.705688 233.851471 Vehicle 1
975.105774 247.976456 956.999939 251.999985 955.894104 247.023514 973.999939 242.999985 Vehicle 1
971.264221 204.924484 964.264221 206.924484 960.000061 191.999954 967.000061 189.999954 Vehicle 1
980.102295 203.478043 972.999878 204.999985 969.897461 190.521927 976.999878 188.999985 Vehicle 1
977.0 223.000031 969.142334 225.455536 964.0 209.000031 971.857666 206.544525 Vehicle 1
987.0 221.000031 980.099976 223.300018 975.099976 208.300018 982.0 206.000031 Vehicle 1
837.0 229.999969 824.837891 232.027008 823.837891 226.027008 836.0 223.999969 Vehicle 1
895.258484 248.130859 878.258484 251.130859 877.000061 244.0 894.000061 241.0 Vehicle 1
901.294556 264.14856 882.294556 268.14856 881.000122 262.0 900.000122 258.0 Vehicle 1
901.999939 273.000031 885.999939 276.000031 884.845276 269.841522 900.845276 266.841522 Vehicle 1
907.000122 281.000031 887.496094 285.10611 886.000122 278.000031 905.50415 273.893951 Vehicle 1
909.000061 290.000031 892.000061 293.000031 890.741638 285.869171 907.741638 282.869171 Vehicle 1
911.364746 297.141174 893.364746 301.141174 892.0 295.0 910.0 291.0 Vehicle 1
914.000122 306.0 895.000122 310.0 893.50415 302.893921 912.50415 298.893921 Vehicle 1
914.038452 313.192322 899.038452 316.192322 898.0 311.0 913.0 308.0 Vehicle 1
919.301819 320.94339 902.999939 323.999969 901.698059 317.056549 917.999939 313.999969 Vehicle 1
922.301819 329.94339 905.999939 332.999969 904.698059 326.056549 920.999939 322.999969 Vehicle 1
928.192322 347.961548 912.230774 351.15387 911.000061 345.0 926.961609 341.807678 Vehicle 1
928.999939 356.000031 914.999939 359.000031 913.682922 352.853668 927.682922 349.853668 Vehicle 1
931.390137 363.908173 914.0 367.999969 912.609863 362.091766 930.0 357.999969 Vehicle 1
934.999878 372.999969 916.999878 376.999969 915.423462 369.905853 933.423462 365.905853 Vehicle 1
940.000061 381.000031 921.000061 385.000031 919.705627 378.851471 938.705627 374.851471 Vehicle 1
951.470703 417.882355 935.000122 422.000031 933.529541 416.117706 950.000122 412.000031 Vehicle 1
950.181152 427.966064 934.0 431.0 932.879272 425.022644 949.060425 421.988708 Vehicle 1
956.000061 435.0 937.000061 439.0 935.504089 431.893921 954.504089 427.893921 Vehicle 1
962.000122 451.0 943.000122 455.0 941.50415 447.893921 960.50415 443.893921 Vehicle 1
967.423157 466.115387 947.423157 470.115387 946.000061 463.000031 966.000061 459.000031 Vehicle 1
973.470642 480.882416 953.000061 486.000092 951.52948 480.117767 972.000061 475.000092 Vehicle 1
976.000061 489.0 956.000061 494.0 954.52948 488.117676 974.52948 483.117676 Vehicle 1
979.0 505.0 964.0 508.0 963.0 503.0 978.0 500.0 Vehicle 1
984.22821 522.959778 967.000061 526.000061 965.771912 519.040344 983.000061 516.000061 Vehicle 1
917.0 242.000015 897.0 247.000015 895.235352 239.941177 915.235352 234.941177 Vehicle 1
859.0 264.0 841.0 268.0 839.635254 261.858826 857.635254 257.858826 Vehicle 1
862.0 273.000031 847.3396 277.18869 845.3396 270.18869 860.0 266.000031 Vehicle 1
866.000122 281.0 850.87561 285.033203 849.000122 278.0 864.124634 273.966797 Vehicle 1
864.999939 298.0 851.464661 299.041199 850.999939 293.0 864.535217 291.958801 Vehicle 1
918.252075 250.946991 899.000122 255.000031 897.748169 249.05307 917.000122 245.000031 Vehicle 1
921.496033 260.10614 902.496033 264.10611 901.000061 257.0 920.000061 253.000031 Vehicle 1
923.529419 267.882294 905.0 271.999969 903.470581 265.117645 922.0 260.999969 Vehicle 1
925.999939 276.0 908.442566 280.131165 906.999939 274.0 924.557312 269.868835 Vehicle 1
932.496033 292.10611 913.496033 296.10611 912.000061 289.000031 931.000061 285.000031 Vehicle 1
932.000061 299.999969 916.000061 303.999969 914.52948 298.117645 930.52948 294.117645 Vehicle 1
937.252136 307.946991 918.000183 312.000031 916.74823 306.05307 936.000183 302.000031 Vehicle 1
937.273132 316.941467 922.999939 320.0 921.726746 314.058533 935.999939 311.0 Vehicle 1
943.317566 323.929382 924.999939 328.0 923.682312 322.070618 941.999939 318.0 Vehicle 1
877.000061 321.000031 860.630798 323.046173 860.000061 318.000031 876.369324 315.953888 Vehicle 1
880.000061 329.0 864.934509 331.008728 864.000061 324.0 879.065613 321.991272 Vehicle 1
886.252075 335.947021 867.000122 340.000061 865.748169 334.053101 885.000122 330.000061 Vehicle 1
892.453674 356.90451 873.000061 361.000031 871.546448 354.095551 891.000061 350.000031 Vehicle 1
897.442627 373.131165 880.442627 377.131165 879.0 371.0 896.0 367.0 Vehicle 1
900.529358 380.882385 881.999939 385.000061 880.47052 378.117737 898.999939 374.000061 Vehicle 1
903.576416 390.094086 885.576416 394.094086 884.0 386.999969 902.0 382.999969 Vehicle 1
958.0 376.000031 944.415771 379.134857 943.0 373.000031 956.584229 369.865204 Vehicle 1
956.000061 368.0 938.000061 372.0 936.635315 365.858826 954.635315 361.858826 Vehicle 1
953.560303 359.850677 938.560303 363.850677 937.000122 358.000031 952.000122 354.000031 Vehicle 1
950.192322 352.961578 935.000061 356.000031 933.8078 350.038483 949.000061 347.000031 Vehicle 1
946.146057 343.966309 932.999939 347.0 931.853821 342.033691 944.999939 339.0 Vehicle 1
975.384705 423.923065 955.000061 427.999969 953.615417 421.076874 974.000061 416.999969 Vehicle 1
977.294617 431.148621 958.294617 435.148621 957.000183 429.000061 976.000183 425.000061 Vehicle 1
983.000061 447.000031 964.000061 451.000031 962.504089 443.893951 981.504089 439.893951 Vehicle 1
912.390076 444.908203 894.999939 449.0 893.609802 443.091797 910.999939 439.0 Vehicle 1
918.057129 452.98999 901.057129 455.98999 900.000122 450.000061 917.000122 447.000061 Vehicle 1
918.181091 460.966064 901.999939 464.0 900.879211 458.022644 917.060364 454.988708 Vehicle 1
922.0 468.999969 904.0 470.999969 903.329224 464.963409 921.329224 462.963409 Vehicle 1
925.192261 474.961578 910.0 478.000031 908.807739 472.038483 924.0 469.000031 Vehicle 1
928.786011 482.895203 913.0 485.0 912.213989 479.104797 928.0 477.0 Vehicle 1
932.453674 489.904572 913.000061 494.000092 911.546448 487.095612 931.000061 483.000092 Vehicle 1
933.273254 498.941498 919.000061 502.000031 917.726868 496.058563 932.000061 493.000031 Vehicle 1
993.000061 478.000031 975.000061 480.000031 974.329285 473.96347 992.329285 471.96347 Vehicle 1
996.453735 484.904449 977.000122 488.999969 975.546509 482.09549 995.000122 477.999969 Vehicle 1
936.390137 505.908203 919.0 510.0 917.609863 504.091797 935.0 500.0 Vehicle 1
937.000061 515.000061 920.764709 519.058899 919.000061 512.000061 935.235413 507.941223 Vehicle 1
940.317627 521.929443 922.0 526.0 920.682373 520.070557 939.0 516.0 Vehicle 1
943.0 529.999939 925.0 533.999939 923.635254 527.858704 941.635254 523.858704 Vehicle 1
946.22821 537.959778 929.000061 541.000061 927.771912 534.040344 945.000061 531.000061 Vehicle 1
949.317017 546.146362 935.317017 549.146362 934.0 543.0 948.0 540.0 Vehicle 1
1000.0 509.250092 984.764771 513.058899 983.000122 506.000061 1000.0 501.750092 Vehicle 1
1000.0 518.473755 987.496033 521.10614 986.000061 514.000061 1000.0 511.052704 Vehicle 1
