19.0 106.000008 9.215384 123.123085 1.461539 118.692314 11.246156 101.569237 Vehicle 1
0.0 169.0 0.0 159.0 6.000001 147.0 16.000002 152.0 Vehicle 1
34.117645 214.529465 30.0 231.000046 19.882355 228.470627 24.0 212.000046 Vehicle 1
59.536953 239.591446 52.999989 247.000015 35.999989 232.000015 42.536953 224.591446 Vehicle 1
42.0 275.999969 35.409832 281.491791 21.803274 265.16391 28.39344 259.672089 Vehicle 1
31.499985 294.500031 25.499985 300.500031 10.999985 286.000031 16.999985 280.000031 Vehicle 1
564.0 60.0 552.0 60.0 552.0 41.0 564.0 41.0 Vehicle 1
218.708923 445.88913 216.0 453.000031 195.0 445.000031 197.708923 437.88913 Vehicle 1
503.0 374.0 497.875427 390.39856 487.0 387.0 492.124573 370.60144 Vehicle 1
518.0 312.000031 516.000061 328.000031 504.923126 326.615387 506.923096 310.615387 Vehicle 1
952.000061 757.000122 938.500061 770.500122 932.500061 764.500122 946.000061 751.000122 Vehicle 1
35.000019 875.0 31.907566 883.96814 2.907561 873.96814 6.000015 865.0 Vehicle 1
22.399975 901.200073 18.999973 908.000122 2e-06 898.500183 0.0 890.000122 Vehicle 1
110.105484 837.853943 97.0 855.999939 88.894516 850.145935 102.0 831.999939 Vehicle 1
142.999985 773.000122 118.999985 821.000122 104.999985 814.000122 128.999985 766.000122 Vehicle 1
172.347046 710.558289 161.000031 724.999939 152.653015 718.441589 164.000031 703.999939 Vehicle 1
433.999939 892.0 417.733826 907.249512 409.999939 899.0 426.266052 883.750488 Vehicle 1
409.967041 888.038086 396.967041 903.038086 390.000061 897.0 403.000061 882.0 Vehicle 1
564.452026 963.794556 561.0 973.0 537.0 964.0 540.452026 954.794556 Vehicle 1
600.999939 966.000061 583.999939 984.000061 575.249573 975.735779 592.249573 957.735779 Vehicle 1
553.199951 1000.0 553.199951 993.756104 566.0 993.756104 566.0 1000.0 Vehicle 1
434.12326 915.671204 431.12326 923.671204 415.999969 917.999939 418.999969 909.999939 Vehicle 1
768.000061 996.000061 761.600159 1000.0 743.80011 1000.0 763.000061 988.000061 Vehicle 1
757.931702 987.00708 728.931702 990.00708 727.999939 981.0 756.999939 978.0 Vehicle 1
925.639893 922.47998 913.639893 938.47998 904.999878 932.0 916.999878 916.0 Vehicle 1
