678.0 196.0 674.945923 214.32431 667.0 213.0 670.054077 194.67569 Vehicle 1
198.177887 1002.999939 182.428558 1000.000061 182.999969 997.000183 198.749298 1000.000061 Vehicle 1
195.000015 991.000122 193.503983 998.106201 174.503983 994.106201 176.000015 987.000122 Vehicle 1
162.333054 1000.0 156.0 999.000061 156.948639 992.992004 176.0 996.000061 Vehicle 1
117.153816 1000.0 117.153816 997.709229 121.750023 997.709229 121.750023 1000.0 Vehicle 1
122.0 992.0 115.0 1000.0 102.75 1000.0 115.061951 985.929199 Vehicle 1
121.0 982.0 102.0 988.0 99.234253 979.241821 118.234253 973.241821 Vehicle 1
114.999985 970.000122 94.999985 977.000122 91.975479 968.358643 111.975479 961.358643 Vehicle 1
133.211746 939.047119 130.952927 949.211792 111.999985 945.0 114.258804 934.835327 Vehicle 1
232.249207 949.770081 219.0 962.000061 212.750793 955.230042 226.0 943.000061 Vehicle 1
239.365829 958.707397 223.999985 971.000122 218.63414 964.292847 233.999985 952.000122 Vehicle 1
212.000031 931.0 198.758392 941.185913 194.000031 935.0 207.241669 924.814087 Vehicle 1
536.5 1000.0 534.600037 996.200134 555.000061 986.000183 559.000061 994.000183 Vehicle 1
584.0 971.0 561.0 982.0 556.938477 973.50769 579.938477 962.50769 Vehicle 1
493.0 729.000061 492.699219 738.023376 462.699219 737.023376 463.0 728.000061 Vehicle 1
490.0 726.0 468.0 726.0 468.0 718.0 490.0 718.0 Vehicle 1
