860.0 94.0 846.0 104.0 841.0 97.0 855.0 87.0 Vehicle 1
43.000004 523.000061 40.000004 529.000061 24.000004 521.000061 27.000004 515.000061 Vehicle 1
423.32309 387.184631 420.000031 393.0 405.676971 384.815369 409.000031 379.0 Vehicle 1
387.137848 367.073029 384.000031 373.000031 366.862213 363.927032 370.000031 358.000031 Vehicle 1
363.393311 355.231415 360.0 361.000031 342.606689 350.768646 346.0 345.000031 Vehicle 1
344.0 345.0 340.336914 351.199097 318.336914 338.199097 322.0 332.0 Vehicle 1
318.999939 331.999969 315.735229 337.441132 299.999939 327.999969 303.264648 322.558807 Vehicle 1
547.000122 1004.0 543.000122 1000.0 548.000122 995.000122 552.000122 999.000122 Vehicle 1
589.000061 966.000061 583.000061 973.000061 577.564758 968.341248 583.564758 961.341248 Vehicle 1
674.0 887.000061 666.0 897.000061 661.609741 893.487854 669.609741 883.487854 Vehicle 1
742.000061 863.0 737.000061 869.0 725.000061 859.0 730.000061 853.0 Vehicle 1
806.0 773.000061 794.751099 783.226257 790.0 778.000061 801.248901 767.773865 Vehicle 1
843.500122 739.500061 834.000122 749.000061 828.500122 743.500061 838.000122 734.000061 Vehicle 1
900.500122 690.500061 888.500122 702.500061 883.000122 697.000061 895.000122 685.000061 Vehicle 1
886.316956 686.709473 873.999939 698.0 869.682922 693.290527 881.999939 682.0 Vehicle 1
917.000122 678.000061 905.000122 690.000061 899.500122 684.500061 911.500122 672.500061 Vehicle 1
959.237854 408.172974 955.000061 414.0 943.762268 405.827026 948.000061 400.0 Vehicle 1
804.137939 346.655121 802.0 351.999969 792.0 347.999969 794.137939 342.655121 Vehicle 1
735.634155 289.292664 733.0 295.0 719.365845 288.707336 722.0 283.0 Vehicle 1
699.000122 273.000061 695.602295 280.281067 680.602295 273.281067 684.000122 266.000061 Vehicle 1
544.0 200.000015 538.176147 206.166397 520.0 189.000015 525.823853 182.833633 Vehicle 1
523.200073 226.600006 519.799988 233.399994 502.600006 224.799988 506.000061 218.0 Vehicle 1
489.000031 222.0 485.689667 230.275848 465.689667 222.275848 469.000031 214.0 Vehicle 1
566.999939 198.0 559.84613 202.769226 549.84613 187.769226 556.999939 183.0 Vehicle 1
549.065002 176.101089 543.000061 180.000015 533.93512 165.898941 540.000061 162.000015 Vehicle 1
557.065002 163.101089 551.000061 167.000015 541.93512 152.898941 548.000061 149.000015 Vehicle 1
392.0 184.0 389.044678 191.018829 370.0 183.0 372.955322 175.981171 Vehicle 1
366.547333 174.813583 363.999969 180.999985 346.999969 173.999985 349.547333 167.813583 Vehicle 1
342.827576 164.93103 340.0 172.0 325.0 166.0 327.827576 158.93103 Vehicle 1
322.871033 158.938904 320.0 165.0 301.0 156.0 303.871033 149.938904 Vehicle 1
233.092789 122.041252 230.000015 129.000015 212.000015 121.000008 215.092789 114.041245 Vehicle 1
210.999985 114.0 208.452652 120.186386 190.999985 113.0 193.547318 106.813614 Vehicle 1
167.206894 96.48275 164.862076 102.344826 148.655167 95.862068 150.999985 89.999992 Vehicle 1
101.260117 59.19075 97.0 65.0 81.739883 53.80925 86.0 48.0 Vehicle 1
47.0 20.0 42.176659 26.138802 28.176659 15.138801 33.0 9.0 Vehicle 1
16.666664 0.0 19.0 0.0 28.0 6.0 24.0 12.0 Vehicle 1
481.999969 96.000023 475.307648 100.461555 465.769196 86.153862 472.461517 81.692329 Vehicle 1
467.000061 77.000023 460.604065 81.428017 451.604065 68.428017 458.000061 64.000023 Vehicle 1
455.000031 60.999992 447.928009 65.895988 438.928009 52.895988 446.000031 47.999992 Vehicle 1
443.0 43.999996 436.356445 49.435642 427.356445 38.435642 434.0 32.999996 Vehicle 1
382.330872 983.869934 372.330872 996.869934 366.0 992.000061 376.0 979.000061 Vehicle 1
248.0 952.999939 243.787811 959.509705 226.0 947.999939 230.212189 941.490173 Vehicle 1
198.999969 936.999878 193.999969 943.999878 177.540497 932.243164 182.540497 925.243164 Vehicle 1
171.373169 906.241455 167.0 913.0 149.626831 901.758545 154.0 895.0 Vehicle 1
87.202255 854.123535 83.000015 861.0 64.79776 849.876465 69.0 843.0 Vehicle 1
66.0 856.0 61.176662 862.138794 47.000004 851.0 51.823345 844.861206 Vehicle 1
30.088203 819.852905 26.8235 825.294067 12.999969 817.0 16.264673 811.558838 Vehicle 1
47.164673 747.858765 32.999969 760.0 28.835266 755.141235 42.999969 743.0 Vehicle 1
64.207611 764.773499 53.000057 776.999939 47.792507 772.226379 59.000057 759.999939 Vehicle 1
74.044853 723.962036 61.000023 735.0 55.955193 729.037964 69.000023 718.0 Vehicle 1
105.195076 696.243896 92.999947 706.0 88.512138 700.390259 100.707268 690.634155 Vehicle 1
156.000015 687.999939 144.751144 698.226135 140.000015 692.999939 151.248886 682.773743 Vehicle 1
208.000031 642.000061 197.500031 652.500061 193.000031 648.000061 203.500031 637.500061 Vehicle 1
224.000046 628.000061 213.000046 639.000061 208.000046 634.000061 219.000046 623.000061 Vehicle 1
224.000015 610.0 211.000015 622.0 205.709274 616.268311 218.709274 604.268311 Vehicle 1
241.487808 612.609741 228.195114 623.243896 223.707321 617.634155 237.000015 607.0 Vehicle 1
258.249084 599.728271 247.2491 611.728271 241.000046 606.0 252.000046 594.0 Vehicle 1
374.508209 497.590149 364.508209 509.590149 359.000031 505.0 369.000031 493.0 Vehicle 1
476.500031 411.500031 457.500031 430.500031 450.000031 423.000031 469.000031 404.000031 Vehicle 1
517.0 377.999969 477.0 412.999969 470.0 404.999969 510.0 369.999969 Vehicle 1
126.615494 1000.0 126.615494 998.000122 130.888748 998.000122 130.888748 1000.0 Vehicle 1
148.0 1000.0 135.666672 1000.0 131.0 997.0 134.606506 991.389893 Vehicle 1
156.0 993.0 152.555969 998.357422 138.555969 989.357422 142.0 984.0 Vehicle 1
242.155685 965.083008 238.999985 971.0 223.844284 962.916992 226.999985 957.0 Vehicle 1
150.000031 967.000061 147.238556 972.128479 134.000031 965.000061 136.761505 959.871643 Vehicle 1
171.000015 955.000122 167.364029 960.252075 154.000046 951.000122 157.636032 945.748169 Vehicle 1
106.0 950.0 102.555954 955.357422 88.0 946.0 91.444046 940.642578 Vehicle 1
91.441635 965.347046 87.0 971.0 72.558365 959.652954 77.0 954.0 Vehicle 1
82.882324 970.529419 78.999969 977.0 63.117615 967.470581 66.999969 961.0 Vehicle 1
898.000061 928.000061 893.176697 934.138855 879.000061 923.000061 883.823425 916.861267 Vehicle 1
686.000061 964.000061 669.820251 974.112366 666.000061 968.000061 682.179871 957.887756 Vehicle 1
727.487915 905.390381 723.000122 911.000122 710.805054 901.244019 715.292847 895.634277 Vehicle 1
505.386597 992.297363 501.0 998.0 487.613403 987.702637 492.0 982.0 Vehicle 1
449.499969 852.5 440.499969 861.5 434.999969 856.0 443.999969 847.0 Vehicle 1
424.000061 832.000122 413.000061 843.000122 408.000061 838.000122 419.000061 827.000122 Vehicle 1
426.500061 793.500122 418.000061 802.000122 413.000061 797.000122 421.500061 788.500122 Vehicle 1
418.0 788.0 413.0 795.0 406.0 790.0 411.0 783.0 Vehicle 1
371.999969 773.999878 359.508148 784.409668 354.999969 778.999878 367.491791 768.590088 Vehicle 1
521.500061 738.500061 509.500061 750.500061 504.000061 745.000061 516.000061 733.000061 Vehicle 1
518.0 709.999939 514.216797 715.158875 499.0 703.999939 502.783203 698.841003 Vehicle 1
564.999939 740.000061 561.159973 745.120056 548.999939 736.000061 552.839905 730.880066 Vehicle 1
489.000031 708.0 475.000031 721.0 469.693207 715.284912 483.693207 702.284912 Vehicle 1
283.000031 814.000061 270.000031 828.000061 264.284943 822.693176 277.284943 808.693176 Vehicle 1
299.500031 779.500122 286.000031 793.000122 280.500031 787.500122 294.000031 774.000122 Vehicle 1
280.000031 785.000061 270.955475 796.054504 266.000031 792.000061 275.044586 780.945618 Vehicle 1
216.409821 793.508118 206.0 805.999939 200.590149 801.49176 210.999969 788.999939 Vehicle 1
209.999985 787.000122 196.999985 800.000122 191.499985 794.500122 204.499985 781.500122 Vehicle 1
321.309692 711.645996 314.309692 719.645996 308.999939 715.0 315.999939 707.0 Vehicle 1
408.441711 639.347046 404.000061 645.0 390.000061 634.0 394.441711 628.347046 Vehicle 1
719.0 543.000061 716.0 549.000061 700.800049 541.400085 703.800049 535.400085 Vehicle 1
1000.0 544.5 1000.0 548.714478 988.000061 559.000061 982.917664 553.070618 Vehicle 1
66.027687 687.960754 53.999969 705.000061 46.972252 700.039368 58.999969 683.000061 Vehicle 1
39.000011 672.000061 20.207703 696.16156 11.207704 689.16156 30.000011 665.000061 Vehicle 1
47.999985 677.000122 35.999985 693.000122 28.639984 687.480103 40.639984 671.480103 Vehicle 1
78.185867 576.758423 67.999992 590.0 61.814121 585.241577 71.999992 572.0 Vehicle 1
116.634132 555.292664 113.999992 560.999939 100.365852 554.707214 102.999992 548.999939 Vehicle 1
162.28894 578.136047 160.0 583.000061 142.71106 574.864075 145.0 570.000061 Vehicle 1
101.999977 382.999939 93.999977 394.999939 87.538445 390.692261 95.538445 378.692261 Vehicle 1
143.000015 330.999969 116.000015 365.999969 105.861832 358.179108 132.861832 323.179108 Vehicle 1
155.461517 316.307678 146.999969 329.0 140.538422 324.692322 148.999969 312.0 Vehicle 1
168.0 298.999969 159.0 313.999969 152.529419 310.117645 161.529419 295.117645 Vehicle 1
25.000008 300.000031 18.000008 310.000031 13.234909 306.664459 20.234909 296.664459 Vehicle 1
105.399994 274.200043 102.399994 280.200043 84.0 271.000031 87.0 265.000031 Vehicle 1
191.185867 244.758362 180.999985 258.0 174.814102 253.241638 184.999985 240.0 Vehicle 1
254.200012 297.600006 250.800018 304.399994 233.600006 295.800018 237.0 289.000031 Vehicle 1
23.0 199.000015 15.0 213.000015 8.0 209.000015 16.0 195.000015 Vehicle 1
264.397278 197.726013 262.0 203.0 251.000015 198.0 253.397278 192.726013 Vehicle 1
245.000031 178.0 235.604034 191.571991 229.000031 187.0 238.396027 173.428009 Vehicle 1
237.999969 229.999985 234.294098 236.176468 224.294098 230.176468 227.999969 223.999985 Vehicle 1
23.0 73.999992 15.000002 85.999992 9.46154 82.307686 17.461538 70.307686 Vehicle 1
186.230789 37.846149 174.000015 45.999996 170.769241 41.153843 183.000015 32.999996 Vehicle 1
317.0 84.999992 314.1698 90.094337 305.0 84.999992 307.8302 79.905647 Vehicle 1
355.000031 58.000008 343.500031 69.500008 338.000031 64.000008 349.500031 52.500008 Vehicle 1
386.000031 24.000004 377.480011 35.360004 372.839996 31.880005 381.360016 20.520004 Vehicle 1
410.409851 52.508202 405.0 59.000008 393.0 49.000008 398.409851 42.508202 Vehicle 1
348.000031 126.000015 344.400055 133.200027 328.000031 125.000015 331.600006 117.800003 Vehicle 1
538.303467 54.358627 534.0 58.000008 522.696533 44.641388 527.0 41.000008 Vehicle 1
552.0 96.000015 548.294067 102.176483 533.0 93.000015 536.705933 86.823547 Vehicle 1
635.0 85.999992 630.5 90.499992 620.0 79.999992 624.5 75.499992 Vehicle 1
671.672119 69.606544 658.0 80.999992 653.0 74.999992 666.672119 63.606544 Vehicle 1
667.0 92.999969 656.0 104.999969 651.290527 100.682983 662.290527 88.682983 Vehicle 1
693.999939 111.000015 679.823303 122.138809 674.999939 116.000015 689.176575 104.861221 Vehicle 1
723.276306 133.751404 713.000061 143.000031 708.723816 138.248657 719.000061 129.000031 Vehicle 1
738.000061 186.999985 728.000061 196.999985 723.000061 191.999985 733.000061 181.999985 Vehicle 1
611.749939 1000.0 610.000061 999.000061 614.000061 992.000061 623.369324 997.353943 Vehicle 1
