240.000046 649.0 234.000046 652.0 227.40004 638.800049 233.40004 635.800049 Vehicle 1
251.0 670.000061 245.083038 673.155823 237.0 658.000061 242.916962 654.844299 Vehicle 1
262.400024 690.800171 256.0 694.000122 249.000031 680.000122 255.400055 676.800171 Vehicle 1
398.0 555.999939 392.0 558.999939 386.400024 547.799988 392.400024 544.799988 Vehicle 1
380.000031 563.000061 374.400055 565.80011 370.000031 557.000061 375.600006 554.200012 Vehicle 1
371.0 564.0 365.096313 567.178955 358.0 554.0 363.903687 550.821045 Vehicle 1
357.359985 514.52002 354.0 519.0 342.0 510.0 345.359985 505.52002 Vehicle 1
366.0 492.0 359.0 492.0 359.0 478.0 366.0 478.0 Vehicle 1
750.000061 960.000061 744.070618 965.082458 732.000061 951.000061 737.929504 945.917664 Vehicle 1
891.000122 956.000122 883.000122 964.000122 879.000122 960.000122 887.000122 952.000122 Vehicle 1
859.0 965.0 853.946167 968.930786 846.946167 959.930786 852.0 956.0 Vehicle 1
810.000061 608.0 795.716248 618.202759 792.000061 613.0 806.283875 602.797241 Vehicle 1
76.0 37.000008 65.0 45.000008 61.237839 39.827034 72.237839 31.827034 Vehicle 1
82.416214 42.6973 71.0 51.000004 67.583786 46.302708 79.0 38.000004 Vehicle 1
269.000031 118.0 261.000031 128.0 256.609772 124.487808 264.609772 114.487808 Vehicle 1
480.480011 215.639999 469.120026 224.159988 465.640045 219.519974 477.000031 210.999985 Vehicle 1
440.0 163.999985 437.400024 169.199997 423.400024 162.199997 426.0 156.999985 Vehicle 1
486.000031 427.0 474.762177 435.172974 471.000031 430.0 482.237885 421.827026 Vehicle 1
495.0 430.999969 480.0 441.999969 476.216736 436.841034 491.216736 425.841034 Vehicle 1
501.000031 437.000031 485.306366 448.508698 482.000031 444.000031 497.693695 432.491364 Vehicle 1
512.386597 451.702606 499.386597 461.702606 495.0 456.000031 508.0 446.000031 Vehicle 1
521.0 457.0 506.955811 468.034729 503.0 463.0 517.044189 451.965271 Vehicle 1
536.0 475.0 524.0 483.0 521.230713 478.84613 533.230713 470.84613 Vehicle 1
531.0 468.0 516.905396 478.067566 514.0 474.0 528.094604 463.932434 Vehicle 1
545.097534 480.121979 529.0 493.000031 524.512207 487.390289 540.609741 474.512238 Vehicle 1
554.405334 487.567505 536.999939 499.999939 531.999939 492.999939 549.405334 480.567505 Vehicle 1
955.307678 430.538452 949.307678 439.538452 943.999939 436.0 949.999939 427.0 Vehicle 1
810.18103 104.800919 800.0 116.000015 795.81897 112.199112 806.0 101.000015 Vehicle 1
842.000122 121.000046 828.000122 135.000046 822.500122 129.500046 836.500122 115.500046 Vehicle 1
869.0 140.999985 860.0 151.999985 855.643555 148.435623 864.643555 137.435623 Vehicle 1
838.0 159.000061 828.634155 170.707367 823.634155 166.707367 833.0 155.000061 Vehicle 1
802.728516 141.29863 792.728516 152.29863 788.0 147.999985 798.0 136.999985 Vehicle 1
810.452576 57.744534 808.000061 63.000004 793.000061 56.000004 795.452576 50.744534 Vehicle 1
811.000061 47.999996 809.000061 52.999996 795.724182 47.689655 797.724182 42.689655 Vehicle 1
818.000061 39.999989 815.000061 45.999989 802.600037 39.799992 805.600037 33.799992 Vehicle 1
827.0 25.0 825.150635 29.068493 814.0 24.0 815.849365 19.931507 Vehicle 1
846.703796 8.206997 844.999939 13.99999 827.296082 8.792984 828.999939 2.99999 Vehicle 1
883.000061 174.000031 880.238586 179.128479 867.000061 172.000031 869.761536 166.871582 Vehicle 1
212.310318 12.27586 208.999985 15.999999 199.689651 7.724136 202.999985 3.999997 Vehicle 1
201.0 2.0 197.0 6.0 192.0 0.0 199.0 0.0 Vehicle 1
920.000061 420.000061 917.400085 425.200073 901.400085 417.200073 904.000061 412.000061 Vehicle 1
785.122009 495.097565 782.000061 499.000031 771.878113 490.902496 775.000061 487.000031 Vehicle 1
796.0 489.0 792.044189 494.034729 778.0 483.0 781.955811 477.965271 Vehicle 1
739.512268 453.609741 736.000061 458.0 726.000061 450.0 729.512268 445.609741 Vehicle 1
748.5 473.5 744.0 478.0 734.5 468.5 739.0 464.0 Vehicle 1
844.223999 539.189636 840.999878 542.999939 827.775757 531.810242 830.999878 527.999939 Vehicle 1
662.352905 522.411743 657.0 527.0 645.0 513.0 650.352905 508.411743 Vehicle 1
697.0 470.000061 684.0 480.000061 680.95166 476.037231 693.95166 466.037231 Vehicle 1
689.378418 461.729736 675.378418 471.729736 672.0 467.0 686.0 457.0 Vehicle 1
53.999996 51.999996 41.999996 58.999996 39.497402 54.709843 51.497402 47.709843 Vehicle 1
49.0 47.0 39.0 53.0 36.0 48.0 46.0 42.0 Vehicle 1
29.0 22.999998 19.0 28.999998 16.0 23.999998 26.0 17.999998 Vehicle 1
25.12941 15.917645 13.999999 22.999998 10.870589 18.082352 22.0 10.999998 Vehicle 1
56.000004 21.000004 52.220997 25.198898 42.000004 16.000004 45.779011 11.801109 Vehicle 1
81.000008 89.0 77.298347 92.331497 68.298347 82.331497 72.000008 79.0 Vehicle 1
67.999992 71.999992 63.081963 76.098351 52.999992 63.999992 57.918022 59.901634 Vehicle 1
160.252014 188.364014 155.0 192.0 145.747986 178.636017 151.0 175.000031 Vehicle 1
149.172974 173.237823 144.0 177.0 135.827026 165.762177 141.0 162.0 Vehicle 1
375.074341 347.096649 370.0 350.999969 359.925659 337.90329 365.0 333.999969 Vehicle 1
383.729736 343.621643 379.0 347.0 369.0 333.0 373.729736 329.621643 Vehicle 1
443.0 446.999969 437.160217 450.284821 428.0 433.999969 433.839783 430.715118 Vehicle 1
482.793152 473.482819 476.793152 487.482819 471.000061 485.000031 477.000061 471.000031 Vehicle 1
472.206909 470.482758 466.344849 485.137909 460.137939 482.655121 466.0 467.999969 Vehicle 1
462.0 469.000031 456.871155 482.335052 450.974243 480.066986 456.103088 466.731964 Vehicle 1
452.0 466.0 446.896912 479.268066 441.0 477.0 446.103088 463.731934 Vehicle 1
494.000061 475.000061 487.000061 490.000061 480.923401 487.164307 487.923401 472.164307 Vehicle 1
416.000061 547.000061 409.000061 561.000061 403.400085 558.200012 410.400085 544.200012 Vehicle 1
544.000061 583.999939 540.000061 594.999939 532.854065 592.401428 536.854065 581.401428 Vehicle 1
507.0 490.000031 505.067017 495.025787 492.0 490.000031 493.932983 484.974274 Vehicle 1
583.000061 674.000061 580.000061 680.000061 569.200012 674.600037 572.200012 668.600037 Vehicle 1
586.0 624.0 583.579102 630.22522 565.579102 623.22522 568.0 617.0 Vehicle 1
572.146057 685.033691 570.999939 690.0 557.853821 686.966309 558.999939 682.0 Vehicle 1
661.0 619.0 657.09668 624.074341 644.0 614.0 647.90332 608.925659 Vehicle 1
671.999939 635.0 669.062073 640.036255 656.999939 633.0 659.937805 627.963745 Vehicle 1
578.000061 562.0 576.20929 567.073853 559.000061 561.0 560.790833 555.926147 Vehicle 1
583.999939 583.0 581.452576 589.186401 563.999939 582.0 566.547302 575.813599 Vehicle 1
594.0 907.0 582.0 907.0 582.0 902.0 594.0 902.0 Vehicle 1
594.0 892.0 577.0 892.0 577.0 887.0 594.0 887.0 Vehicle 1
591.293152 884.982849 574.000061 886.000061 573.70697 881.017273 591.000061 880.000061 Vehicle 1
589.0 879.0 574.0 879.0 574.0 873.0 589.0 873.0 Vehicle 1
631.0 874.000061 615.40271 875.039856 615.0 869.000061 630.59729 867.960266 Vehicle 1
628.0 839.0 614.0 839.0 614.0 833.0 628.0 833.0 Vehicle 1
627.0 827.0 613.0 827.0 613.0 822.0 627.0 822.0 Vehicle 1
579.000061 820.000061 563.402771 821.039856 563.000061 815.000061 578.597351 813.960266 Vehicle 1
574.0 773.0 559.0 773.0 559.0 766.0 574.0 766.0 Vehicle 1
578.0 735.0 568.0 735.0 568.0 728.0 578.0 728.0 Vehicle 1
625.0 781.0 608.0 781.0 608.0 775.0 625.0 775.0 Vehicle 1
699.0 723.0 693.0 723.0 693.0 706.0 699.0 706.0 Vehicle 1
711.159973 744.880005 708.999939 760.0 701.999939 759.0 704.159973 743.880005 Vehicle 1
701.0 746.0 699.0 760.0 692.0 759.0 694.0 745.0 Vehicle 1
744.000061 796.000061 732.000061 805.000061 728.520081 800.360046 740.520081 791.360046 Vehicle 1
790.000122 977.0 780.830322 982.09436 778.000122 977.0 787.169922 971.90564 Vehicle 1
783.371094 965.835022 774.0 969.999939 771.814453 965.082458 781.185547 960.917542 Vehicle 1
