0.0 97.000031 0.0 97.000031 0.0 97.000031 0.0 97.000031 Vehicle 1
97.0 93.0 71.0 93.0 71.0 85.0 97.0 85.0 Vehicle 1
206.0 46.0 197.0 46.0 197.0 29.0 206.0 29.0 Vehicle 1
320.999969 63.0 320.370209 74.021149 284.999969 71.999985 285.62973 60.978836 Vehicle 1
453.0 93.0 438.0 93.0 438.0 87.0 453.0 87.0 Vehicle 1
307.349152 159.017456 307.000031 166.0 286.650909 164.982544 287.000031 158.0 Vehicle 1
354.0 277.0 345.0 277.0 345.0 260.0 354.0 260.0 Vehicle 1
496.0 358.0 474.0 358.0 474.0 349.0 496.0 349.0 Vehicle 1
427.0 367.0 426.413818 374.034485 402.413818 372.034485 403.0 365.0 Vehicle 1
739.0 323.0 731.0 323.0 731.0 306.0 739.0 306.0 Vehicle 1
698.0 377.0 674.0 377.0 674.0 369.0 698.0 369.0 Vehicle 1
685.0 588.0 668.0 588.0 668.0 582.0 685.0 582.0 Vehicle 1
482.0 565.0 461.0 565.0 461.0 559.0 482.0 559.0 Vehicle 1
17.022625 516.524963 16.0 538.000061 4.977377 537.475159 6.000002 516.000061 Vehicle 1
289.332764 482.986145 265.0 484.0 264.667236 476.013855 289.0 475.0 Vehicle 1
180.285065 701.986511 159.0 703.000061 158.714935 697.013611 180.0 696.000061 Vehicle 1
252.0 935.0 244.0 935.0 244.0 922.0 252.0 922.0 Vehicle 1
289.0 952.0 267.0 952.0 267.0 944.0 289.0 944.0 Vehicle 1
334.0 955.0 306.0 955.0 306.0 946.0 334.0 946.0 Vehicle 1
335.0 975.0 311.0 975.0 311.0 968.0 335.0 968.0 Vehicle 1
366.0 923.0 355.0 923.0 355.0 905.0 366.0 905.0 Vehicle 1
1000.0 975.407471 981.0 974.000061 981.668457 964.975525 1000.0 966.333374 Vehicle 1
776.0 954.0 752.0 954.0 752.0 946.0 776.0 946.0 Vehicle 1
637.0 934.0 627.0 934.0 627.0 916.0 637.0 916.0 Vehicle 1
637.0 915.0 629.0 915.0 629.0 903.0 637.0 903.0 Vehicle 1
1000.000061 55.100002 998.000061 55.000004 999.027527 34.451374 1001.027527 34.551373 Vehicle 1
889.0 66.0 888.63501 74.02887 866.0 73.0 866.36499 64.97113 Vehicle 1
788.0 29.0 779.0 29.0 779.0 14.0 788.0 14.0 Vehicle 1
832.0 16.0 810.0 16.0 810.0 8.0 832.0 8.0 Vehicle 1
738.0 35.0 729.0 35.0 729.0 19.0 738.0 19.0 Vehicle 1
358.0 44.0 343.934448 45.278687 341.934448 23.278688 356.0 22.0 Vehicle 1
