396.089203 12.564861 387.000031 13.999996 384.78949 0.0 394.105286 0.0 Vehicle 1
372.000031 48.000008 371.000031 66.000008 361.972321 65.498466 362.972321 47.498466 Vehicle 1
382.0 62.0 373.0 62.0 373.0 48.0 382.0 48.0 Vehicle 1
415.999969 74.000008 408.054047 75.324333 405.999969 63.000008 413.945892 61.675682 Vehicle 1
407.000031 41.000004 397.977081 44.947544 390.977081 28.947544 400.000031 25.000004 Vehicle 1
209.0 67.000008 207.235291 74.05883 187.0 69.000008 188.764709 61.941185 Vehicle 1
196.478577 71.151138 194.0 79.0 175.0 73.0 177.478577 65.151138 Vehicle 1
342.000031 95.000008 324.665619 99.078697 323.000031 92.000008 340.334442 87.921318 Vehicle 1
348.41037 106.975861 331.000031 108.0 330.589691 101.024139 348.000031 100.0 Vehicle 1
350.446167 116.030762 332.446167 117.030762 332.0 109.0 350.0 108.0 Vehicle 1
356.0 121.999985 339.0 125.999985 337.334412 118.921295 354.334412 114.921295 Vehicle 1
364.000061 97.0 357.102234 100.218979 350.102234 85.218979 357.000061 82.0 Vehicle 1
189.520004 127.640015 177.520004 143.640015 170.000015 138.0 182.000015 122.0 Vehicle 1
392.12326 151.328766 384.999969 154.0 378.876678 137.671234 385.999969 135.0 Vehicle 1
140.0 176.000015 135.320007 182.240005 123.0 173.000015 127.679993 166.760025 Vehicle 1
141.044556 237.945572 132.0 249.000015 125.955444 244.054459 135.0 233.000015 Vehicle 1
127.000015 288.999969 117.000015 299.999969 111.226257 294.751129 121.226257 283.751129 Vehicle 1
167.0 353.999969 158.123291 357.328766 152.0 340.999969 160.876709 337.671173 Vehicle 1
186.000015 347.000031 178.068985 350.172455 172.000015 335.000031 179.931046 331.827606 Vehicle 1
56.400005 448.800049 42.400005 455.800049 39.000004 449.000061 53.000004 442.000061 Vehicle 1
16.999998 457.000061 3.0 464.000061 0.0 458.000061 13.999998 451.000061 Vehicle 1
97.999985 429.000031 81.999985 437.000031 78.999985 431.000031 94.999985 423.000031 Vehicle 1
61.999996 454.999939 48.80975 461.087769 45.999996 454.999939 59.190243 448.912109 Vehicle 1
106.218987 447.897858 91.000008 455.000031 87.781029 448.102203 103.000008 441.000031 Vehicle 1
112.251472 455.896423 94.999992 463.0 91.748512 455.103577 108.999992 448.0 Vehicle 1
116.120697 460.948334 102.0 467.000031 99.879303 462.051727 114.0 456.000031 Vehicle 1
196.191422 481.939545 176.904282 488.030243 174.712845 481.090668 193.999985 474.999969 Vehicle 1
129.000015 489.000061 117.000015 495.000061 114.000015 489.000061 126.000015 483.000061 Vehicle 1
98.25148 491.896423 81.0 499.0 77.74852 491.103577 95.0 484.0 Vehicle 1
104.000008 499.000031 84.441185 508.26474 81.000008 501.000031 100.55883 491.735321 Vehicle 1
235.096527 537.962524 217.0 545.0 213.903473 537.037476 232.0 530.0 Vehicle 1
145.399994 570.800049 131.0 578.0 127.600006 571.199951 142.0 564.0 Vehicle 1
151.240799 578.886719 134.000015 587.0 130.759232 580.113281 148.000015 572.0 Vehicle 1
63.999989 627.999939 47.630756 637.353821 43.630756 630.353821 59.999989 620.999939 Vehicle 1
47.0 640.000122 30.0 647.000122 26.893494 639.455688 43.893494 632.455688 Vehicle 1
32.026711 669.047424 25.000004 672.999939 15.973297 656.952454 23.000004 652.999939 Vehicle 1
304.0 671.999939 298.0 676.999939 288.0 664.999939 294.0 659.999939 Vehicle 1
144.570923 776.695557 128.999985 785.0 125.429054 778.304443 140.999985 770.0 Vehicle 1
173.000015 817.000122 160.600021 823.200073 157.600021 817.200073 170.000015 811.000122 Vehicle 1
337.0 850.0 319.665588 854.078735 318.0 847.0 335.334412 842.921265 Vehicle 1
356.000031 845.0 337.948456 850.014282 336.000031 843.0 354.051605 837.985718 Vehicle 1
380.000061 893.0 372.035461 893.531006 371.000061 878.0 378.964661 877.468994 Vehicle 1
196.0 930.0 186.607544 936.426392 173.607544 917.426392 183.0 911.0 Vehicle 1
204.550568 918.280884 197.0 923.0 187.0 907.0 194.550568 902.280884 Vehicle 1
80.0 940.0 61.62886 948.164917 58.0 940.0 76.37114 931.835083 Vehicle 1
281.223267 983.862671 268.000061 992.0 263.776855 985.137329 277.000061 977.0 Vehicle 1
455.487762 816.39032 450.999969 822.000061 437.707306 811.365906 442.195099 805.756165 Vehicle 1
458.0 832.0 453.320007 838.23999 441.0 829.0 445.679993 822.76001 Vehicle 1
256.600037 859.200073 249.000031 863.000122 242.000031 849.000122 249.600037 845.200073 Vehicle 1
723.0 0.0 723.0 0.0 723.0 0.0 723.0 0.0 Vehicle 1
676.0 116.0 668.0 116.0 668.0 102.0 676.0 102.0 Vehicle 1
684.0 116.0 676.0 116.0 676.0 102.0 684.0 102.0 Vehicle 1
767.0 26.0 759.075439 28.264149 755.0 14.000001 762.924561 11.735851 Vehicle 1
768.0 114.0 760.0 114.0 760.0 100.0 768.0 100.0 Vehicle 1
836.692139 6.461491 829.999878 1.999969 834.307617 -4.461538 840.999878 -1.6e-05 Vehicle 1
864.035522 3.46901 857.000122 2.999996 857.231323 -0.469018 864.266724 -4e-06 Vehicle 1
821.0 118.0 812.0 118.0 812.0 101.0 821.0 101.0 Vehicle 1
832.0 114.0 825.0 114.0 825.0 101.0 832.0 101.0 Vehicle 1
838.024109 73.410347 827.999939 74.0 826.975769 56.589653 836.999939 56.0 Vehicle 1
848.0 73.999992 838.97229 74.501534 837.97229 56.501534 847.0 55.999992 Vehicle 1
856.000061 101.000015 854.926331 112.811493 846.000061 112.000015 847.073792 100.188538 Vehicle 1
895.000061 103.0 893.961121 119.622574 884.000061 119.0 885.039001 102.377426 Vehicle 1
917.0 108.0 909.0 108.0 909.0 97.0 917.0 97.0 Vehicle 1
969.0 174.0 960.0 174.0 960.0 160.0 969.0 160.0 Vehicle 1
956.0 177.000015 947.0 178.000015 945.0 160.000015 954.0 159.000015 Vehicle 1
893.0 177.0 884.0 177.0 884.0 161.0 893.0 161.0 Vehicle 1
844.000122 194.000031 841.96936 210.246185 832.000122 209.000031 834.030884 192.753876 Vehicle 1
906.025391 207.355331 897.0 208.000015 896.0 194.000015 905.025391 193.355331 Vehicle 1
927.729492 207.024612 916.729492 208.024612 915.0 189.000015 926.0 188.000015 Vehicle 1
957.024597 206.443085 946.999939 207.0 945.975281 188.556915 955.999939 188.0 Vehicle 1
968.030945 205.527588 959.999939 206.0 958.968933 188.472412 966.999939 188.0 Vehicle 1
995.955933 256.336334 986.000122 257.000031 985.000122 242.000061 994.955933 241.336365 Vehicle 1
950.030945 228.527618 941.999939 229.000031 940.968933 211.472443 948.999939 211.000031 Vehicle 1
838.0 234.999985 830.040649 235.568527 829.0 220.999985 836.959351 220.431442 Vehicle 1
482.202271 161.876373 463.919128 173.049408 459.0 164.999969 477.283142 153.826935 Vehicle 1
473.000031 239.000015 463.895233 240.213974 461.895233 225.213974 471.000031 224.000015 Vehicle 1
494.18866 223.66037 486.0 226.0 482.0 212.0 490.18866 209.66037 Vehicle 1
494.538391 315.307648 476.999939 326.999969 470.999939 317.999969 488.538391 306.307648 Vehicle 1
687.195557 330.970642 667.0 334.0 665.804443 326.029358 686.0 323.0 Vehicle 1
690.000061 339.999969 669.000061 343.999969 667.459534 335.912445 688.459534 331.912445 Vehicle 1
693.360535 348.914124 672.000061 353.999939 669.639587 344.085754 691.000061 338.999939 Vehicle 1
695.057983 365.993164 678.0 368.0 676.942017 359.006836 694.0 357.0 Vehicle 1
700.256714 372.959503 681.0 376.000031 679.743286 368.040558 699.0 365.000031 Vehicle 1
726.256775 320.959473 707.000061 324.0 705.743347 316.040527 725.000061 313.0 Vehicle 1
727.0 332.000031 709.0 336.000031 707.0 327.000031 725.0 323.000031 Vehicle 1
742.435181 372.089172 723.435181 375.089172 722.0 366.0 741.0 363.0 Vehicle 1
780.282104 326.226685 761.282104 332.226685 759.0 325.0 778.0 319.0 Vehicle 1
780.999878 335.999969 761.999878 341.999969 759.430664 333.863922 778.430664 327.863922 Vehicle 1
786.191345 352.939606 766.999939 359.000031 764.808533 352.060455 783.999939 346.000031 Vehicle 1
806.703003 403.970306 806.0 411.000031 786.0 409.000031 786.703003 401.970306 Vehicle 1
838.0 386.000061 817.0 391.000061 815.143799 383.203918 836.143799 378.203918 Vehicle 1
839.281189 398.113525 820.281189 401.113525 819.000061 393.0 838.000061 390.0 Vehicle 1
843.0 405.999939 825.665527 410.078613 824.0 402.999939 841.334473 398.921265 Vehicle 1
918.561035 346.048767 909.561035 347.048767 908.0 333.0 917.0 332.0 Vehicle 1
945.122314 343.917084 937.0 345.000031 935.0 330.000031 943.122314 328.917084 Vehicle 1
955.000061 343.999969 947.115417 345.576874 944.000061 329.999969 951.884705 328.423065 Vehicle 1
966.079895 342.559967 955.999939 343.999969 953.919983 329.439972 963.999939 327.999969 Vehicle 1
974.123108 342.98465 966.000061 344.000031 964.000061 328.000031 972.123108 326.98465 Vehicle 1
848.000061 417.0 827.40155 418.029907 827.000061 410.0 847.598572 408.970093 Vehicle 1
689.310303 437.724121 670.0 446.0 666.637939 438.155151 685.948242 429.879272 Vehicle 1
690.323059 451.81543 676.323059 459.81543 672.999939 454.000061 686.999939 446.000061 Vehicle 1
697.999939 457.0 681.405823 468.408508 676.999939 462.0 693.594055 450.591492 Vehicle 1
730.0 494.0 723.22998 500.249207 711.0 487.0 717.77002 480.750793 Vehicle 1
674.000061 490.000061 668.500061 495.500061 655.000061 482.000061 660.500061 476.500061 Vehicle 1
686.500061 502.500031 681.000061 508.000031 671.000061 498.000031 676.500061 492.500031 Vehicle 1
530.420959 576.22522 512.420959 583.22522 510.000061 577.0 528.000061 570.0 Vehicle 1
550.362061 625.84491 543.0 629.000061 537.0 615.000061 544.362061 611.84491 Vehicle 1
627.239929 651.271484 613.239929 656.271484 611.000061 650.0 625.000061 645.0 Vehicle 1
644.05249 643.977112 628.0 651.000061 624.94751 644.02301 641.0 637.000061 Vehicle 1
712.246155 708.430786 705.246155 712.430786 697.000061 698.0 704.000061 694.0 Vehicle 1
857.0 632.000061 837.871094 641.061096 835.0 635.000061 854.128906 625.939026 Vehicle 1
875.660461 621.811218 861.000061 625.999939 859.000061 618.999939 873.660461 614.811218 Vehicle 1
890.0 618.0 876.859497 622.043213 875.0 616.0 888.140503 611.956787 Vehicle 1
922.126831 614.954712 908.126831 619.954712 906.000122 614.0 920.000122 609.0 Vehicle 1
861.200073 735.400085 849.200073 741.400085 846.000122 735.000061 858.000122 729.000061 Vehicle 1
870.221069 748.801147 860.000122 758.0 854.779175 752.198853 865.000122 743.0 Vehicle 1
786.0 797.0 781.473022 803.337891 767.0 793.0 771.526978 786.662109 Vehicle 1
792.000061 811.000061 785.697327 815.583801 777.697327 804.583801 784.000061 800.000061 Vehicle 1
715.000061 746.0 709.000061 751.0 699.000061 739.0 705.000061 734.0 Vehicle 1
750.750916 733.728271 744.999939 739.0 733.999939 727.0 739.750916 721.728271 Vehicle 1
607.000061 722.0 601.000061 738.0 593.000061 735.0 599.000061 719.0 Vehicle 1
697.298584 916.728577 686.0 927.000061 681.701416 922.271545 693.0 912.000061 Vehicle 1
708.000061 931.0 689.837952 934.026978 689.000061 929.0 707.16217 925.973022 Vehicle 1
849.999939 900.999939 844.098938 906.114197 830.999939 890.999939 836.90094 885.885681 Vehicle 1
993.658447 965.07312 992.999878 971.0 983.341309 969.92688 983.999878 964.0 Vehicle 1
