13.999994 434.000061 -1.020935 432.08252 0.0 424.085205 15.020929 426.002747 Vehicle 1
485.999969 537.999939 484.999969 544.999939 463.999969 541.999939 464.999969 534.999939 Vehicle 1
505.999969 551.000061 505.08548 558.011169 482.08548 555.011169 482.999969 548.000061 Vehicle 1
477.0 574.000061 476.0 582.000061 455.938477 579.492371 456.938477 571.492371 Vehicle 1
471.999969 592.999939 471.213715 599.027771 447.999969 595.999939 448.786224 589.972107 Vehicle 1
468.000031 611.000061 467.312408 616.042664 445.000031 613.000061 445.687653 607.957458 Vehicle 1
460.0 663.0 459.08551 670.011108 436.0 667.0 436.91449 659.988892 Vehicle 1
9.698256 263.034943 -0.301745 262.534943 1e-06 256.500031 10.000002 257.000031 Vehicle 1
16.000002 249.0 15.097801 255.014679 -1e-06 252.75 0.0 246.599991 Vehicle 1
990.014587 187.931671 986.999939 201.999969 977.985291 200.068268 980.999939 185.999969 Vehicle 1
929.000061 236.0 928.424744 242.040436 907.000061 240.0 907.575378 233.959564 Vehicle 1
664.373596 104.023346 664.000061 110.0 647.626526 108.976654 648.000061 103.0 Vehicle 1
593.137878 11.026259 592.000061 17.0 570.862244 12.973741 572.000061 7.0 Vehicle 1
904.000061 467.000031 902.000061 483.000031 894.000061 482.000031 896.000061 466.000031 Vehicle 1
972.0 661.0 949.0 661.0 949.0 654.0 972.0 654.0 Vehicle 1
941.137939 659.973816 920.000122 664.000061 918.862305 658.026306 940.000122 654.000061 Vehicle 1
790.670776 809.963318 789.0 824.999939 780.0 823.999939 781.670776 808.963318 Vehicle 1
806.300049 811.099976 801.0 827.0 792.0 824.0 797.300049 808.099976 Vehicle 1
835.886475 815.718933 832.886475 834.718933 822.0 833.000061 825.0 814.000061 Vehicle 1
435.000061 967.000061 434.044678 974.006165 412.000061 971.000061 412.955444 963.993958 Vehicle 1
940.561035 385.951233 939.0 400.0 930.0 399.0 931.561035 384.951233 Vehicle 1
762.000122 452.000092 757.957642 471.201691 747.978882 469.100922 752.021362 449.899323 Vehicle 1
