737.999939 991.0 734.684143 1000.0 724.21051 1000.0 728.778015 987.602417 Vehicle 1
785.482788 828.793091 779.0 845.0 769.0 841.0 775.482788 824.793091 Vehicle 1
800.026245 814.88855 795.973755 832.11145 787.0 830.0 791.05249 812.7771 Vehicle 1
838.000061 830.0 833.000061 846.0 822.750916 842.797119 827.750916 826.797119 Vehicle 1
838.175171 706.404419 833.0 724.0 824.824829 721.595581 830.0 704.0 Vehicle 1
874.000061 572.0 869.000061 587.0 860.000061 584.0 865.000061 569.0 Vehicle 1
902.0 525.0 896.946655 541.170776 890.0 539.0 895.053345 522.829224 Vehicle 1
910.0 467.0 904.0 483.0 896.0 480.0 902.0 464.0 Vehicle 1
983.000061 426.000031 976.793152 441.517242 968.000061 438.000031 974.20697 422.482819 Vehicle 1
942.0 373.0 936.0 389.0 928.0 386.0 934.0 370.0 Vehicle 1
974.05542 327.843079 968.0 345.0 959.94458 342.156921 966.0 325.0 Vehicle 1
982.0 260.0 976.0 276.0 967.123291 272.671204 973.123291 256.671204 Vehicle 1
557.635681 989.96167 557.000061 996.0 538.000061 994.0 538.635681 987.96167 Vehicle 1
562.999878 975.0 561.999878 981.0 543.837769 977.973022 544.837769 971.973022 Vehicle 1
567.0 965.0 566.36438 971.03833 547.0 969.0 547.63562 962.96167 Vehicle 1
619.000061 987.000061 617.235413 994.058899 601.000061 990.000061 602.764709 982.941223 Vehicle 1
624.235413 970.05896 623.000061 975.000122 606.764709 970.941284 608.000061 966.000122 Vehicle 1
629.000061 962.0 627.470642 968.117676 607.470642 963.117676 609.000061 957.0 Vehicle 1
759.0 492.0 738.0 492.0 738.0 485.0 759.0 485.0 Vehicle 1
705.301819 494.965118 705.000061 501.000031 685.000061 500.000031 685.301819 493.965118 Vehicle 1
685.0 490.0 664.0 490.0 664.0 484.0 685.0 484.0 Vehicle 1
691.0 471.0 662.0 471.0 662.0 464.0 691.0 464.0 Vehicle 1
684.0 453.0 664.0 453.0 664.0 446.0 684.0 446.0 Vehicle 1
630.0 480.0 608.0 480.0 608.0 474.0 630.0 474.0 Vehicle 1
608.287354 463.966095 608.0 470.000031 587.0 469.000031 587.287354 462.966095 Vehicle 1
609.0 460.0 591.0 460.0 591.0 454.0 609.0 454.0 Vehicle 1
610.0 450.0 591.0 450.0 591.0 445.0 610.0 445.0 Vehicle 1
607.301758 435.965118 607.0 442.000031 587.0 441.000031 587.301758 434.965118 Vehicle 1
689.0 395.0 669.0 395.0 669.0 388.0 689.0 388.0 Vehicle 1
687.0 375.0 665.0 375.0 665.0 369.0 687.0 369.0 Vehicle 1
687.0 367.0 666.0 367.0 666.0 360.0 687.0 360.0 Vehicle 1
764.0 379.0 743.0 379.0 743.0 373.0 764.0 373.0 Vehicle 1
764.0 361.0 742.0 361.0 742.0 353.0 764.0 353.0 Vehicle 1
602.0 419.0 590.0 419.0 590.0 413.0 602.0 413.0 Vehicle 1
605.0 410.0 587.0 410.0 587.0 404.0 605.0 404.0 Vehicle 1
631.0 402.0 611.0 402.0 611.0 396.0 631.0 396.0 Vehicle 1
633.0 393.0 614.0 393.0 614.0 387.0 633.0 387.0 Vehicle 1
634.0 384.0 613.0 384.0 613.0 378.0 634.0 378.0 Vehicle 1
635.0 375.0 614.0 375.0 614.0 368.0 635.0 368.0 Vehicle 1
635.0 365.0 614.0 365.0 614.0 359.0 635.0 359.0 Vehicle 1
609.0 384.0 591.0 384.0 591.0 377.0 609.0 377.0 Vehicle 1
613.0 374.0 593.0 374.0 593.0 368.0 613.0 368.0 Vehicle 1
613.0 365.0 592.0 365.0 592.0 359.0 613.0 359.0 Vehicle 1
556.0 480.0 538.0 480.0 538.0 474.0 556.0 474.0 Vehicle 1
555.293091 466.017212 555.0 471.0 537.706909 469.982788 538.0 465.0 Vehicle 1
555.0 463.0 537.0 463.0 537.0 456.0 555.0 456.0 Vehicle 1
558.272217 446.01239 558.0 452.0 536.0 451.0 536.272217 445.01239 Vehicle 1
619.019775 307.198029 611.0 308.000031 609.980225 297.802032 618.0 297.000031 Vehicle 1
629.0 306.0 621.0 306.0 621.0 293.0 629.0 293.0 Vehicle 1
642.0 307.0 634.0 307.0 634.0 293.0 642.0 293.0 Vehicle 1
652.0 309.0 644.0 309.0 644.0 295.0 652.0 295.0 Vehicle 1
664.0 310.0 656.0 310.0 656.0 294.0 664.0 294.0 Vehicle 1
479.0 323.0 471.0 323.0 471.0 308.0 479.0 308.0 Vehicle 1
455.0 324.0 447.0 324.0 447.0 309.0 455.0 309.0 Vehicle 1
443.0 324.0 435.965515 324.413818 434.965515 307.413818 442.0 307.0 Vehicle 1
719.0 171.0 695.0 171.0 695.0 164.0 719.0 164.0 Vehicle 1
606.556458 149.044525 606.000061 156.0 580.443665 153.955475 581.000061 147.0 Vehicle 1
496.0 192.0 486.0 192.0 486.0 178.0 496.0 178.0 Vehicle 1
461.017761 190.265488 450.000061 191.000015 448.982361 175.734543 460.000061 175.000015 Vehicle 1
433.000031 191.000015 425.031158 191.498062 424.000031 175.000015 431.968903 174.501968 Vehicle 1
420.0 190.0 411.0 190.0 411.0 174.0 420.0 174.0 Vehicle 1
406.0 193.0 398.0 193.0 398.0 178.0 406.0 178.0 Vehicle 1
394.0 192.0 386.0 192.0 386.0 176.0 394.0 176.0 Vehicle 1
356.0 145.0 348.0 145.0 348.0 128.0 356.0 128.0 Vehicle 1
342.0 142.0 334.027588 142.468964 333.0 125.0 340.972412 124.531036 Vehicle 1
305.000031 136.0 303.929108 143.139374 283.929108 140.139374 285.000031 133.0 Vehicle 1
269.0 215.0 249.0 215.0 249.0 209.0 269.0 209.0 Vehicle 1
240.0 214.0 218.0 214.0 218.0 208.0 240.0 208.0 Vehicle 1
217.0 248.0 197.0 248.0 197.0 241.0 217.0 241.0 Vehicle 1
191.314896 242.016571 190.999985 248.0 171.685074 246.983429 171.999985 241.0 Vehicle 1
91.0 131.000015 89.975388 149.4431 82.0 149.000015 83.024612 130.556931 Vehicle 1
62.0 158.0 52.0 158.0 52.0 137.0 62.0 137.0 Vehicle 1
111.0 189.000015 94.876923 191.015396 94.0 184.000015 110.123077 181.984634 Vehicle 1
85.0 183.0 84.427177 193.024414 49.0 191.0 49.572823 180.975586 Vehicle 1
709.0 444.999969 690.0 446.999969 689.27124 440.076691 708.27124 438.076691 Vehicle 1
277.658508 247.926804 249.999985 250.999985 249.341476 245.073166 277.0 241.999985 Vehicle 1
