896.819092 11.037591 888.105225 -1e-06 898.286133 -8.037538 907.0 3.000054 Vehicle 1
943.0 57.999996 933.0 62.999996 923.0 42.999996 933.0 37.999996 Vehicle 1
905.0 49.999985 895.0 56.999985 883.067139 39.953003 893.067139 32.953003 Vehicle 1
888.472961 30.662132 880.810852 36.135109 870.000061 20.999969 877.66217 15.526993 Vehicle 1
1000.0 56.300121 1000.0 67.304268 981.023743 75.554817 975.999939 63.999966 Vehicle 1
834.494141 179.423523 828.0 187.0 813.505859 174.576477 820.0 167.0 Vehicle 1
848.999878 277.0 843.769165 284.84613 828.769165 274.84613 833.999878 267.0 Vehicle 1
843.376892 382.254852 821.376892 391.254852 817.999939 382.999969 839.999939 373.999969 Vehicle 1
810.34137 279.767273 788.000061 295.0 780.658752 284.232727 803.000061 269.0 Vehicle 1
925.000061 591.999939 917.000061 598.999939 904.362854 584.557434 912.362854 577.557434 Vehicle 1
684.0 177.000015 662.0 188.000015 658.0 180.000015 680.0 169.000015 Vehicle 1
610.319946 168.76004 602.319946 174.76004 589.0 157.000031 597.0 151.000031 Vehicle 1
606.999939 142.999985 597.228455 149.351486 583.999939 128.999985 593.771423 122.648483 Vehicle 1
575.0 147.0 568.249268 153.268494 555.0 139.0 561.750732 132.731506 Vehicle 1
535.244751 129.301193 527.0 136.000015 513.755249 119.698837 522.0 113.000015 Vehicle 1
555.0 10.000001 550.0 0.0 570.0 -10.000001 575.0 0.0 Vehicle 1
521.599976 0.0 536.727234 0.0 539.136963 5.30137 520.0 14.0 Vehicle 1
472.000031 94.0 450.724335 98.052521 449.000031 89.0 470.275726 84.947479 Vehicle 1
514.0 183.0 491.698639 193.136993 488.000031 185.0 510.301422 174.863007 Vehicle 1
307.000031 205.000031 281.960602 208.004761 281.000031 200.000031 306.039459 196.9953 Vehicle 1
324.486511 319.918915 306.0 322.999969 304.513489 314.081024 323.0 310.999969 Vehicle 1
297.941193 311.76474 285.941193 314.76474 281.000031 295.000031 293.000031 292.000031 Vehicle 1
306.068237 346.5802 294.0 348.0 291.931763 330.4198 304.0 329.0 Vehicle 1
441.128204 419.983307 417.999969 423.000031 416.957245 415.005585 440.08548 411.988861 Vehicle 1
469.000061 463.000061 458.063721 465.302429 454.000061 446.000061 464.936401 443.697693 Vehicle 1
548.0 445.000031 535.970703 446.804413 532.970703 426.804413 545.0 425.000031 Vehicle 1
521.492371 406.938538 489.000061 411.000061 487.507751 399.061584 520.000061 395.000061 Vehicle 1
623.000061 365.000031 599.000061 368.000031 598.000061 360.000031 622.000061 357.000031 Vehicle 1
578.139954 395.97995 556.999939 398.999969 555.859924 391.019989 576.999939 387.999969 Vehicle 1
599.025879 616.09845 588.0 619.000061 582.974121 599.901672 594.0 597.000061 Vehicle 1
461.181702 652.596924 450.000061 656.0 443.000061 633.0 454.181702 629.596924 Vehicle 1
463.000061 673.000061 454.081116 674.486511 451.081116 656.486511 460.000061 655.000061 Vehicle 1
793.141174 690.164673 776.999939 704.0 770.505798 696.423584 786.647034 682.588257 Vehicle 1
643.0 675.000061 620.729492 677.024597 620.0 669.000061 642.270508 666.975525 Vehicle 1
580.399048 671.980103 560.0 673.0 559.600952 665.019897 580.0 664.0 Vehicle 1
540.0 678.999939 511.579987 683.059998 510.000031 671.999939 538.420044 667.93988 Vehicle 1
441.0495 695.494995 416.0 698.0 415.0 688.0 440.0495 685.494995 Vehicle 1
415.042725 734.994324 392.0 737.999939 390.957275 730.005554 414.0 726.999939 Vehicle 1
895.562683 655.034973 870.562683 657.034973 869.999939 649.999939 894.999939 647.999939 Vehicle 1
923.562622 649.035034 898.562622 651.035034 897.999878 644.0 922.999878 642.0 Vehicle 1
979.000122 852.000061 955.806152 860.067566 953.000122 852.000061 976.194092 843.932556 Vehicle 1
957.655151 838.137939 942.655151 844.137939 939.0 835.0 954.0 829.0 Vehicle 1
938.29248 844.872803 915.0 855.0 910.70752 845.127197 934.0 835.0 Vehicle 1
872.0 914.0 858.0 927.0 850.27124 918.676758 864.27124 905.676758 Vehicle 1
891.221985 894.923767 875.221985 913.923767 866.999939 906.999939 882.999939 887.999939 Vehicle 1
481.500244 1007.500061 474.000244 1000.000061 484.000122 990.000183 491.500122 997.500183 Vehicle 1
659.0 869.000061 645.821899 883.191833 637.0 875.000061 650.178101 860.808289 Vehicle 1
677.268372 813.70929 665.000061 827.000061 657.73175 820.290833 670.000061 807.000061 Vehicle 1
725.218201 789.76709 709.999939 805.999878 702.781677 799.232666 717.999939 782.999878 Vehicle 1
741.000061 775.0 725.750671 789.232788 719.000061 782.0 734.249451 767.767212 Vehicle 1
35.0 967.000061 16.0 986.000061 9.000001 979.000061 28.0 960.000061 Vehicle 1
0.0 991.428589 5.767212 985.249451 12.99999 992.000061 5.533381 1000.0 Vehicle 1
75.449387 974.280945 69.999954 983.000061 51.662868 971.539368 57.112305 962.820251 Vehicle 1
130.37822 892.909241 105.0 899.000061 102.62178 889.090881 128.0 883.000061 Vehicle 1
159.211761 813.952881 150.0 816.0 146.0 798.0 155.211761 795.952881 Vehicle 1
167.0 840.999878 153.0 842.999878 149.859985 821.019897 163.859985 819.019897 Vehicle 1
182.0 839.000061 170.0 842.000061 165.0 822.000061 177.0 819.000061 Vehicle 1
229.225433 755.965393 203.0 760.000061 201.774567 752.034729 228.0 748.000061 Vehicle 1
106.397224 775.103882 77.397224 780.103882 75.999992 772.0 104.999992 767.0 Vehicle 1
34.081905 705.696167 22.999996 706.999878 20.918083 689.303589 31.999992 687.999878 Vehicle 1
195.000015 463.0 171.000015 466.0 169.73848 455.907715 193.73848 452.907715 Vehicle 1
265.0 426.000061 232.845139 429.014587 232.000015 420.000061 264.154907 416.985535 Vehicle 1
98.0 453.000031 73.668961 455.027618 73.0 447.000031 97.331039 444.972443 Vehicle 1
128.0 424.000061 118.155449 426.590759 113.000008 407.000061 122.844566 404.409363 Vehicle 1
140.000031 754.000061 117.909859 756.00824 117.000008 746.000061 139.090179 743.991882 Vehicle 1
736.123718 859.065063 733.000061 865.0 713.876404 854.934937 717.000061 849.0 Vehicle 1
0.0 262.666656 0.0 262.666656 0.0 262.666656 0.0 262.666656 Vehicle 1
616.0 434.000031 594.764038 436.022491 594.0 428.000031 615.235962 425.97757 Vehicle 1
151.000015 30.0 150.198044 38.019806 130.000015 36.0 130.801987 27.980194 Vehicle 1
540.000061 737.000061 532.033264 739.124573 528.000061 724.000061 535.966858 721.875549 Vehicle 1
393.0 807.0 383.078674 809.334473 379.0 792.0 388.921326 789.665527 Vehicle 1
348.117676 786.529358 337.0 788.999939 332.882324 770.47052 344.0 767.999939 Vehicle 1
737.628906 979.835144 734.0 988.000061 716.0 980.000061 719.628906 971.835144 Vehicle 1
259.0 520.0 250.857666 522.544495 245.857666 506.544525 254.0 504.000061 Vehicle 1
168.059479 465.122681 145.059479 468.122681 144.0 460.0 167.0 457.0 Vehicle 1
125.12738 503.433105 113.0 507.0 107.872604 489.566895 119.999985 486.0 Vehicle 1
