593.0 779.000061 586.053345 781.170837 581.0 765.000061 587.946655 762.829285 Vehicle 1
603.0 775.0 595.768677 777.259766 590.768677 761.259766 598.0 759.0 Vehicle 1
558.000061 151.0 534.750916 156.054138 533.000061 148.0 556.249207 142.945862 Vehicle 1
685.642212 402.807312 665.642212 408.807312 663.0 400.0 683.0 394.0 Vehicle 1
673.042175 435.992645 649.999939 439.999969 648.957703 434.007294 671.999939 429.999969 Vehicle 1
263.0 1000.0 239.454544 1000.0 239.000015 998.000061 261.389038 992.911682 Vehicle 1
303.799988 1000.0 282.599976 1000.0 281.999969 996.999878 302.384613 992.922974 Vehicle 1
767.015869 965.054138 757.0 967.999939 751.984131 950.94574 762.0 947.999939 Vehicle 1
758.540161 946.014709 750.0 950.000061 743.0 935.000061 751.540161 931.014709 Vehicle 1
606.0755 905.264221 586.000061 911.000061 584.000061 904.000061 604.0755 898.264221 Vehicle 1
583.0 911.0 562.0 917.0 560.0 910.0 581.0 904.0 Vehicle 1
573.000061 929.000122 550.827209 934.039429 549.000061 926.000122 571.172913 920.960815 Vehicle 1
560.0 916.0 539.816528 922.055054 538.0 916.0 558.183472 909.944946 Vehicle 1
578.000061 943.0 556.000061 950.0 553.79364 943.065674 575.79364 936.065674 Vehicle 1
554.478638 952.848877 535.0 959.0 532.521362 951.151123 552.0 945.0 Vehicle 1
535.000061 924.000122 514.52948 929.117798 513.000061 923.000122 533.470642 917.882446 Vehicle 1
511.000061 932.0 489.000061 937.0 487.389038 929.911621 509.389038 924.911621 Vehicle 1
483.000031 939.000061 460.915436 945.023132 459.000031 938.000061 481.084625 931.97699 Vehicle 1
458.299988 944.900085 437.0 952.000061 434.700012 945.100037 456.0 938.000061 Vehicle 1
452.104614 978.963135 435.0 985.0 432.895386 979.036865 450.0 973.0 Vehicle 1
425.000061 954.000122 405.000061 959.000122 403.235352 951.941284 423.235352 946.941284 Vehicle 1
403.120026 961.160034 381.120026 965.160034 380.000031 959.0 402.000031 955.0 Vehicle 1
366.363678 1000.0 365.000031 994.0 387.389008 988.911621 389.000031 996.0 Vehicle 1
57.099987 922.300049 48.099987 925.300049 42.999989 910.0 51.999989 907.0 Vehicle 1
279.103058 943.268127 271.999969 946.000061 266.896881 932.731995 273.999969 930.000061 Vehicle 1
272.142303 929.455566 263.999969 932.0 258.857635 915.544434 266.999969 913.0 Vehicle 1
264.022949 910.052551 255.0 914.000061 247.977051 897.947571 257.0 894.000061 Vehicle 1
300.835052 934.628906 291.835052 938.628906 284.000031 921.0 293.000031 917.0 Vehicle 1
289.0 911.0 280.123291 914.328735 274.0 898.0 282.876709 894.671265 Vehicle 1
280.400055 890.800171 272.000031 895.000122 263.600006 878.200073 272.000031 874.000122 Vehicle 1
270.117035 872.253601 261.999969 875.999939 255.882904 862.746277 263.999969 858.999939 Vehicle 1
253.000015 874.0 243.112381 880.17981 233.112381 864.17981 243.000015 858.0 Vehicle 1
221.862305 814.685425 212.0 819.000122 205.0 803.000122 214.862305 798.685425 Vehicle 1
252.0 777.0 243.034241 781.075317 238.0 770.0 246.965759 765.924683 Vehicle 1
269.000031 772.000122 260.711029 776.463379 253.711029 763.463379 262.000031 759.000122 Vehicle 1
281.999969 770.999939 275.087799 774.190125 268.999969 760.999939 275.91214 757.809753 Vehicle 1
293.183563 770.419678 284.999969 774.0 277.816376 757.580322 285.999969 754.0 Vehicle 1
306.800018 765.600037 298.000031 770.000061 291.000031 756.000061 299.800018 751.600037 Vehicle 1
317.0 761.0 310.0 766.0 300.0 752.0 307.0 747.0 Vehicle 1
329.800018 759.600037 321.000031 764.000061 313.000031 748.000061 321.800018 743.600037 Vehicle 1
339.0 753.999939 332.036255 758.062073 325.0 745.999939 331.963745 741.937805 Vehicle 1
353.000031 749.000061 347.000031 755.000061 336.000031 744.000061 342.000031 738.000061 Vehicle 1
364.000031 749.000061 356.000031 753.000061 349.000031 739.000061 357.000031 735.000061 Vehicle 1
379.051697 746.120789 370.0 750.000061 363.948303 735.879333 373.0 732.000061 Vehicle 1
391.022949 741.05249 382.0 745.0 374.977051 728.94751 384.0 725.0 Vehicle 1
359.0 732.0 339.597656 740.169434 337.0 734.0 356.402344 725.830566 Vehicle 1
327.750488 738.112244 307.750488 747.112244 304.999939 740.999939 324.999939 731.999939 Vehicle 1
263.000031 727.0 260.991302 742.065552 253.000031 741.0 255.008759 725.934448 Vehicle 1
236.630783 747.046204 228.630783 748.046204 227.000015 735.000061 235.000015 734.000061 Vehicle 1
276.0 739.000061 267.035034 739.560364 266.035034 723.560364 275.0 723.000061 Vehicle 1
303.400024 725.199951 300.0 732.0 280.0 722.0 283.400024 715.199951 Vehicle 1
300.400024 715.80011 294.0 719.000061 288.599976 708.200012 295.0 705.000061 Vehicle 1
315.102203 716.219055 306.178864 720.38324 299.000031 705.000061 307.92337 700.835876 Vehicle 1
327.000031 710.000122 319.000031 714.000122 312.600006 701.200073 320.600006 697.200073 Vehicle 1
345.000031 709.999939 336.000031 714.999939 326.42453 697.764099 335.42453 692.764099 Vehicle 1
363.019775 701.197937 355.0 701.999939 353.980225 691.801941 362.0 690.999939 Vehicle 1
380.153839 698.230652 372.999969 702.999939 360.8461 684.769226 367.999969 679.999939 Vehicle 1
198.000031 754.000122 184.695404 760.363159 173.695404 737.363159 187.000031 731.000122 Vehicle 1
366.000031 672.0 362.917816 680.219238 357.000031 678.0 360.082245 669.780762 Vehicle 1
171.051743 709.120789 162.000015 713.000061 155.793106 698.517273 164.844833 694.638 Vehicle 1
216.275543 649.990479 187.0 651.0 186.724457 643.009521 216.0 642.0 Vehicle 1
212.0 639.0 189.0 639.0 189.0 631.0 212.0 631.0 Vehicle 1
217.058838 623.235413 182.0 632.000061 179.0 620.000061 214.058838 611.235413 Vehicle 1
120.000015 668.000061 100.000015 673.000061 98.235306 665.941223 118.235306 660.941223 Vehicle 1
119.321686 657.938782 98.000031 662.000061 96.67836 655.06134 118.000015 651.000061 Vehicle 1
55.599998 688.80011 46.599998 691.80011 41.0 675.000061 50.0 672.000061 Vehicle 1
43.400021 688.800049 35.000023 693.0 27.600025 678.199951 36.000023 674.0 Vehicle 1
26.0 695.0 2.958483 700.009033 1.0 691.0 24.041517 685.990967 Vehicle 1
73.999985 793.999939 63.999985 797.999939 55.999985 777.999939 65.999985 773.999939 Vehicle 1
35.000011 762.000061 15.000011 768.000061 12.825699 760.75238 32.825699 754.75238 Vehicle 1
26.098442 744.974182 6.999996 750.000061 4.90155 742.02594 23.999996 737.000061 Vehicle 1
43.0 796.000061 13.81128 805.058655 11.000001 796.000061 40.188721 786.941467 Vehicle 1
65.075478 921.26416 58.075478 923.26416 54.000008 909.0 61.000008 907.0 Vehicle 1
91.264137 600.9245 69.999992 606.999939 67.735847 599.075378 88.999992 592.999939 Vehicle 1
54.000008 537.0 30.811775 542.152954 28.811775 533.152954 52.000008 528.0 Vehicle 1
324.026764 850.047485 317.000031 854.0 307.973297 837.952515 315.000031 834.0 Vehicle 1
359.0 840.0 349.166138 843.470825 343.0 826.0 352.833862 822.529175 Vehicle 1
375.04129 835.092773 364.000031 840.0 355.958771 821.907227 367.000031 817.0 Vehicle 1
765.000061 872.0 742.000061 878.0 739.610657 868.840698 762.610657 862.840698 Vehicle 1
803.400024 882.200012 782.400024 889.200012 780.0 882.000061 801.0 875.000061 Vehicle 1
829.098511 875.974121 810.000122 881.0 807.901733 873.025879 827.000122 868.0 Vehicle 1
861.0 865.000061 842.0 872.000061 839.370728 864.863464 858.370728 857.863464 Vehicle 1
860.0 836.0 836.750854 841.054199 835.0 833.0 858.249146 827.945801 Vehicle 1
933.0 847.0 916.886108 852.035645 915.0 846.0 931.113892 840.964355 Vehicle 1
966.0 838.0 947.699951 844.099976 945.0 836.0 963.300049 829.900024 Vehicle 1
655.047241 823.085022 648.000122 827.000061 642.953003 817.9151 650.000122 814.000061 Vehicle 1
632.057251 774.206299 622.0 777.0 616.942749 758.793701 627.0 756.0 Vehicle 1
320.463501 604.77417 317.0 613.0 298.0 605.0 301.463501 596.77417 Vehicle 1
386.0 645.0 377.123291 648.328735 371.0 632.0 379.876709 628.671265 Vehicle 1
461.264191 612.924561 440.264191 618.924561 438.000031 611.0 459.000031 605.0 Vehicle 1
447.0 638.0 436.770508 642.475464 429.770508 626.475464 440.0 622.0 Vehicle 1
467.999969 630.0 446.999969 636.0 444.924469 628.73584 465.924469 622.73584 Vehicle 1
499.367004 613.889893 479.0 620.0 476.633057 612.110107 497.000061 606.0 Vehicle 1
509.000061 632.0 485.000061 638.0 483.000061 630.0 507.000061 624.0 Vehicle 1
528.0 676.0 504.40918 680.102783 503.0 672.0 526.59082 667.897217 Vehicle 1
539.0 683.999939 508.807709 690.038391 506.999969 680.999939 537.192261 674.961487 Vehicle 1
582.876953 713.784729 565.0 724.000061 561.0 717.000061 578.876953 706.784729 Vehicle 1
521.0 747.0 514.694214 750.439453 508.694244 739.439453 515.0 736.0 Vehicle 1
533.430786 748.753845 525.67688 753.184631 517.0 738.000061 524.753906 733.569275 Vehicle 1
553.999939 743.0 545.058533 747.126831 538.999939 734.0 547.941345 729.873169 Vehicle 1
565.02301 743.052551 556.000061 747.000061 548.793518 730.527893 557.816467 726.580383 Vehicle 1
575.80011 739.600037 567.000061 744.000061 559.000061 728.000061 567.80011 723.600037 Vehicle 1
584.200012 734.400024 575.000061 739.0 567.80011 724.599976 577.000061 720.0 Vehicle 1
592.281067 733.602173 585.000061 737.0 578.000061 722.0 585.281067 718.602173 Vehicle 1
527.000061 716.0 506.52948 721.117676 505.000061 715.0 525.470642 709.882324 Vehicle 1
546.000061 711.0 527.948425 716.014282 526.000061 709.0 544.051697 703.985718 Vehicle 1
571.0 704.000061 561.0 708.000061 559.0 703.000061 569.0 699.000061 Vehicle 1
560.192322 706.961609 550.000061 709.000061 548.8078 703.038513 559.000061 701.000061 Vehicle 1
506.0 719.0 498.054077 720.324341 495.0 702.0 502.945923 700.675659 Vehicle 1
517.099976 711.300049 509.000061 714.0 503.900055 698.699951 512.0 696.0 Vehicle 1
526.0 707.0 519.199951 710.400024 512.0 696.0 518.800049 692.599976 Vehicle 1
535.000061 702.000122 527.000061 706.000122 521.000061 694.000122 529.000061 690.000122 Vehicle 1
550.0 699.0 542.155151 702.362061 536.0 688.0 543.844849 684.637939 Vehicle 1
559.000061 698.000061 552.000061 701.000061 546.000061 687.000061 553.000061 684.000061 Vehicle 1
570.0 694.000061 562.118286 697.284119 557.0 685.000061 564.881714 681.716003 Vehicle 1
621.0 720.0 610.258667 724.603394 604.0 710.0 614.741333 705.396606 Vehicle 1
647.0 710.999939 637.599365 716.287781 628.599365 700.287781 638.0 694.999939 Vehicle 1
636.0 689.0 627.168945 692.434326 620.168945 674.434326 629.0 671.0 Vehicle 1
403.999939 744.999939 394.904419 747.67511 389.904419 730.67511 398.999939 727.999939 Vehicle 1
628.02301 669.05249 619.000061 673.0 611.977112 656.94751 621.000061 653.0 Vehicle 1
597.000061 607.0 588.200012 611.400024 580.200012 595.400024 589.000061 591.0 Vehicle 1
591.110718 590.207642 584.0 594.0 575.889282 578.792358 583.0 575.0 Vehicle 1
902.080505 646.124451 893.000061 652.000061 881.919617 634.875671 891.000061 629.000061 Vehicle 1
880.000122 652.000061 871.600098 656.200012 863.600098 640.200012 872.000122 636.000061 Vehicle 1
868.0 653.999939 860.233398 659.339417 849.0 642.999939 856.766602 637.660461 Vehicle 1
895.20697 605.482849 887.000061 609.000061 880.793152 594.517273 889.000061 591.000061 Vehicle 1
886.0 609.0 877.026733 614.047485 868.0 598.0 876.973267 592.952515 Vehicle 1
851.0 617.0 843.064941 622.101074 834.0 608.0 841.935059 602.898926 Vehicle 1
839.200012 619.400085 832.000061 623.000061 825.000061 609.000061 832.200012 605.400085 Vehicle 1
793.999939 676.0 772.909851 681.021484 770.999939 673.0 792.090027 667.978516 Vehicle 1
781.000061 617.000061 756.058899 623.235413 754.000061 615.000061 778.941223 608.764709 Vehicle 1
771.000061 604.000061 748.000061 610.000061 746.162903 602.957581 769.162903 596.957581 Vehicle 1
755.610962 594.088379 733.610962 599.088379 732.0 592.0 754.0 587.0 Vehicle 1
731.356689 600.12262 710.356689 604.12262 709.0 597.000061 730.0 593.000061 Vehicle 1
883.30011 492.900085 862.000061 500.000061 858.700012 490.100037 880.000061 483.000061 Vehicle 1
850.206238 499.942627 831.999939 504.999939 829.79364 497.057251 847.999939 491.999939 Vehicle 1
828.09845 505.974152 809.000061 511.000031 806.901672 503.025909 826.000061 498.000031 Vehicle 1
489.000031 598.999939 468.000031 604.999939 466.000031 597.999939 487.000031 591.999939 Vehicle 1
531.000061 549.000061 521.000061 554.000061 513.000061 538.000061 523.000061 533.000061 Vehicle 1
567.000061 541.000122 558.076721 545.164307 551.000061 530.000122 559.923401 525.835938 Vehicle 1
557.102173 522.218994 548.178833 526.383179 541.0 511.0 549.92334 506.835815 Vehicle 1
508.0 506.000061 499.07666 510.164307 491.897827 494.781067 500.821167 490.616821 Vehicle 1
472.400024 567.199951 460.400024 571.199951 454.0 552.0 466.0 548.0 Vehicle 1
458.039398 573.167297 446.000031 576.000061 441.960663 558.832825 454.000031 556.000061 Vehicle 1
429.022949 582.052429 420.0 585.999939 412.977051 569.947449 422.0 565.999939 Vehicle 1
416.000031 583.000061 407.000031 588.000061 399.16983 573.905701 408.16983 568.905701 Vehicle 1
405.000031 592.0 396.000031 597.0 386.000031 579.0 395.000031 574.0 Vehicle 1
393.000031 599.0 381.000031 603.0 375.000031 585.0 387.000031 581.0 Vehicle 1
367.135132 580.189209 351.33783 591.473022 346.0 584.0 361.797302 572.716187 Vehicle 1
271.0 621.0 262.0 626.0 254.59436 612.6698 263.59436 607.6698 Vehicle 1
396.000031 559.0 386.741547 562.2677 380.741547 545.2677 390.000031 542.0 Vehicle 1
699.240723 428.912445 676.999878 437.000031 673.759033 428.087616 695.999878 420.000031 Vehicle 1
680.45929 416.128723 659.45929 421.128723 658.000061 414.999939 679.000061 409.999939 Vehicle 1
591.0 399.999969 572.690552 405.085907 571.0 398.999969 589.309448 393.914032 Vehicle 1
591.0 368.000031 567.837158 374.042511 566.0 367.000031 589.162842 360.95755 Vehicle 1
619.000061 360.0 594.52948 366.117676 593.000061 360.0 617.470642 353.882324 Vehicle 1
650.174377 352.247681 630.174377 358.247681 628.000061 351.0 648.000061 345.0 Vehicle 1
664.0 378.999969 650.0 382.999969 648.0 375.999969 662.0 371.999969 Vehicle 1
651.753418 333.342468 634.0 340.0 631.0 332.0 648.753418 325.342468 Vehicle 1
631.0 339.0 611.904297 345.030212 610.0 339.0 629.095703 332.969788 Vehicle 1
806.0 340.999969 785.0 346.999969 782.73584 339.07547 803.73584 333.07547 Vehicle 1
831.360474 335.914185 810.0 341.0 807.639526 331.085815 829.0 326.0 Vehicle 1
892.0 365.999969 884.0 368.999969 878.0 352.999969 886.0 349.999969 Vehicle 1
916.158447 418.443451 909.000122 421.000031 903.841797 406.55661 911.000122 404.000031 Vehicle 1
965.0 296.999969 943.400024 304.199982 941.0 296.999969 962.599976 289.799957 Vehicle 1
918.999939 278.000031 897.999939 284.000031 895.660339 275.811371 916.660339 269.811371 Vehicle 1
950.6604 268.81131 929.0 274.999969 927.3396 269.188629 949.0 262.999969 Vehicle 1
997.0 257.0 975.60376 263.11322 973.0 254.000015 994.39624 247.88681 Vehicle 1
1000.0 282.600006 1000.0 287.277771 983.0 292.0 980.793701 284.057312 Vehicle 1
815.535156 213.958832 801.999878 215.0 801.4646 208.041168 814.999878 207.0 Vehicle 1
841.000061 209.0 830.068054 214.14447 822.000061 197.0 832.932068 191.85553 Vehicle 1
829.137939 186.344788 819.137939 190.344788 813.0 174.999969 823.0 170.999969 Vehicle 1
704.022949 205.052521 695.0 209.000061 687.977051 192.947601 697.0 189.000061 Vehicle 1
776.269653 124.831467 767.550537 130.280899 758.0 115.0 766.719116 109.550568 Vehicle 1
768.0 102.000008 758.0 107.000008 750.800049 92.600014 760.800049 87.600014 Vehicle 1
758.000061 82.999992 749.076721 87.164223 741.897888 71.781013 750.821228 67.616783 Vehicle 1
764.000061 47.000015 756.000061 51.000015 750.600037 40.20002 758.600037 36.20002 Vehicle 1
736.999939 39.999985 726.017029 44.046326 718.999939 24.999985 729.982849 20.953644 Vehicle 1
1000.0 38.25 981.941223 42.764694 980.000061 34.999985 1000.0 30.0 Vehicle 1
969.000122 33.0 960.200073 37.400002 953.000122 23.000004 961.800171 18.600002 Vehicle 1
986.054199 9.984053 969.0 14.999975 966.945801 8.0159 984.0 2.999977 Vehicle 1
978.1427 5.257571 958.583374 5.257568 958.583374 -1e-06 978.1427 1e-06 Vehicle 1
896.0 9.99997 890.17749 12.426006 885.0 1e-06 891.833374 0.0 Vehicle 1
881.000122 0.0 883.000122 0.0 889.000122 12.000011 883.000122 15.000011 Vehicle 1
754.0 26.000008 744.0 30.000008 738.344849 15.862076 748.344849 11.862076 Vehicle 1
728.127747 17.273735 718.000061 22.000011 710.872375 6.726289 721.000061 2.000011 Vehicle 1
746.0 6.999975 736.121582 12.229706 729.647034 0.0 742.294128 0.0 Vehicle 1
718.0 4.858458 706.555664 4.858458 706.555664 0.0 718.0 0.0 Vehicle 1
535.19458 472.367523 526.09729 477.183746 516.90271 459.816193 526.0 454.999969 Vehicle 1
461.000031 313.0 451.000031 318.0 443.000031 302.0 453.000031 297.0 Vehicle 1
407.0 295.000031 399.09729 299.183807 390.0 282.000031 397.90271 277.816254 Vehicle 1
387.0 162.0 377.099976 165.299988 371.0 147.0 380.900024 143.700012 Vehicle 1
384.023773 236.037659 373.000031 243.000031 360.976288 223.962402 372.000031 217.000031 Vehicle 1
368.999969 208.999985 360.357391 214.555954 351.357391 200.555954 359.999969 194.999985 Vehicle 1
357.087494 187.127289 349.999969 191.999969 338.912445 175.87265 345.999969 170.999969 Vehicle 1
367.0 122.0 358.690735 125.195877 353.690735 112.195877 362.0 109.0 Vehicle 1
360.878387 103.770271 351.000031 109.000008 342.000031 92.000008 351.878387 86.770271 Vehicle 1
343.2547 128.85849 334.2547 133.85849 326.0 119.000008 335.0 114.000015 Vehicle 1
320.000061 104.0 308.000061 110.0 299.600037 93.199997 311.600037 87.199997 Vehicle 1
630.48175 152.824799 608.000061 160.999969 605.51825 154.17514 627.999939 145.999969 Vehicle 1
635.000061 138.0 614.52948 143.117645 613.000061 137.0 633.470642 131.882355 Vehicle 1
523.000061 87.000023 516.000061 94.000023 501.000061 79.000023 508.000061 72.000023 Vehicle 1
504.411743 43.352921 494.411743 49.352921 484.0 31.999983 494.0 25.999985 Vehicle 1
487.307281 67.83416 475.999969 72.000008 468.999969 53.000015 480.307281 48.834167 Vehicle 1
470.000031 65.000023 460.000031 70.000023 452.000031 54.000023 462.000031 49.000023 Vehicle 1
453.369232 71.646172 444.000031 77.000015 435.630829 62.353859 445.000031 57.000015 Vehicle 1
434.999969 73.999985 426.087494 80.127304 415.087494 64.127304 423.999969 57.999985 Vehicle 1
407.000061 84.000008 396.882385 86.529427 392.882385 70.529427 403.000061 68.000008 Vehicle 1
587.0 248.0 561.0 253.0 559.630493 245.878754 585.630493 240.878754 Vehicle 1
657.280884 174.449432 650.0 179.0 639.719116 162.550568 647.0 158.0 Vehicle 1
666.18457 171.32312 659.18457 175.32312 651.0 161.000031 658.0 157.000031 Vehicle 1
529.260132 77.190735 525.0 82.999985 510.0 71.999985 514.260132 66.190735 Vehicle 1
381.000031 384.0 376.067169 391.046997 356.067169 377.046997 361.000031 370.0 Vehicle 1
352.999969 405.000061 333.84903 410.471741 331.84903 403.471741 350.999969 398.000061 Vehicle 1
295.576477 472.094147 277.576477 476.094147 276.0 469.000031 294.0 465.000031 Vehicle 1
227.20639 500.934296 205.0 507.999969 202.79361 501.065643 225.0 493.999969 Vehicle 1
196.498199 508.891693 173.0 514.0 171.501801 507.108246 195.0 501.999939 Vehicle 1
223.000015 440.0 214.090652 444.192627 206.000015 427.0 214.909378 422.807373 Vehicle 1
240.033722 430.728027 221.033722 435.728027 219.000031 428.000061 238.000031 423.000061 Vehicle 1
236.000015 420.000031 214.000015 425.000031 212.438126 418.127716 234.438126 413.127716 Vehicle 1
230.498199 412.891693 207.0 417.999969 205.501801 411.108246 229.0 405.999969 Vehicle 1
227.000015 405.0 203.750931 410.054138 202.000015 402.0 225.2491 396.945862 Vehicle 1
220.000015 395.0 199.816513 401.055054 197.999985 395.0 218.183487 388.944946 Vehicle 1
217.000015 386.000031 196.529434 391.117706 195.000015 385.000031 215.470596 379.882355 Vehicle 1
212.92453 377.73587 191.92453 383.73587 190.0 377.000031 211.0 371.000031 Vehicle 1
211.000015 369.000061 191.000015 374.000061 189.235306 366.941223 209.235306 361.941223 Vehicle 1
206.470581 358.882324 186.0 364.0 184.529419 358.117676 205.0 353.0 Vehicle 1
202.000015 350.000031 183.000015 355.000031 181.639908 349.831635 200.639908 344.831635 Vehicle 1
197.0 338.999969 180.0 343.999969 178.296173 338.207001 195.296173 333.207001 Vehicle 1
133.453598 357.90451 114.000015 362.000031 112.546432 355.095551 132.000015 351.000031 Vehicle 1
140.183823 364.964996 119.000015 369.000031 117.862167 363.026276 139.045975 358.991241 Vehicle 1
143.240356 374.13208 120.240356 378.13208 119.0 371.0 142.0 367.0 Vehicle 1
152.498199 381.891693 129.0 386.999969 127.501801 380.108246 151.0 374.999969 Vehicle 1
159.000015 400.000031 137.684555 405.075165 136.000015 398.000031 157.315475 392.924896 Vehicle 1
160.299988 408.900055 148.0 413.000031 145.700012 406.100006 158.0 402.000031 Vehicle 1
168.0 429.000031 158.794525 432.452057 155.794525 424.452057 165.0 421.000031 Vehicle 1
178.999985 445.0 155.240341 449.13208 153.999985 442.0 177.759628 437.86792 Vehicle 1
184.000015 290.000031 175.811325 292.33963 173.811325 285.33963 182.000015 283.000031 Vehicle 1
179.119995 281.840027 171.0 283.0 170.0 276.0 178.119995 274.840027 Vehicle 1
202.999969 260.0 194.332153 264.622833 186.332153 249.622833 194.999969 245.0 Vehicle 1
191.000015 212.0 182.176498 217.294128 173.000015 202.0 181.823532 196.705872 Vehicle 1
167.999985 194.000015 157.999985 199.000015 150.199997 183.400009 160.199997 178.400009 Vehicle 1
179.0 221.0 170.090637 225.192627 162.0 208.0 170.909363 203.807373 Vehicle 1
175.0 273.0 166.630768 274.046143 166.0 269.0 174.369232 267.953857 Vehicle 1
145.000015 209.000015 137.800003 211.400009 135.800003 205.400009 143.000015 203.000015 Vehicle 1
138.17601 195.967987 127.000015 198.0 125.912003 192.015991 137.087997 189.983978 Vehicle 1
135.160583 184.941605 124.0 188.999985 121.839417 183.058365 133.0 178.999985 Vehicle 1
132.0 178.0 108.240356 182.132111 106.999985 175.0 130.759628 170.867889 Vehicle 1
118.0 150.0 96.0 156.0 94.338455 149.907684 116.338455 143.907684 Vehicle 1
222.000015 252.000015 215.100021 254.300003 210.000015 239.000015 216.900009 236.700027 Vehicle 1
288.0 290.0 268.282104 296.226685 266.0 289.0 285.717896 282.773315 Vehicle 1
265.800018 114.600006 257.000031 119.0 249.000031 103.0 257.800018 98.600006 Vehicle 1
255.000015 118.000015 245.000015 123.000015 238.000015 109.000015 248.000015 104.000015 Vehicle 1
225.000031 124.000015 217.000031 128.000015 210.000031 114.000015 218.000031 110.000015 Vehicle 1
216.000015 130.000015 207.424545 134.764175 197.000015 116.000015 205.575485 111.235855 Vehicle 1
237.000031 55.999996 229.800018 59.599995 222.800018 45.599995 230.000031 41.999996 Vehicle 1
228.096344 59.178902 220.224792 63.417435 213.000031 50.0 220.871582 45.761467 Vehicle 1
218.0 60.0 210.213654 64.379822 201.213654 48.379822 209.0 44.0 Vehicle 1
196.707321 82.634148 190.000015 88.000008 178.000015 73.000008 184.707321 67.634148 Vehicle 1
183.100006 88.299988 175.0 90.999985 169.899994 75.699982 178.0 72.999985 Vehicle 1
135.000015 100.999992 127.15519 104.362068 124.000015 96.999992 131.844849 93.637917 Vehicle 1
107.0 105.0 92.823349 116.138794 88.0 110.0 102.176651 98.861206 Vehicle 1
199.625 0.0 202.53334 0.0 210.0 14.0 202.110718 18.207611 Vehicle 1
199.110733 18.207607 192.000015 21.999996 183.889297 6.792381 191.000015 2.999992 Vehicle 1
189.90271 21.816223 182.0 26.000008 173.0 9.000008 180.90271 4.816223 Vehicle 1
139.509995 1.171491 139.099991 0.0 142.447128 -1.171485 142.857132 6e-06 Vehicle 1
60.000008 4.999997 58.809532 0.0 79.809532 -4.999997 81.000008 0.0 Vehicle 1
84.901634 44.081966 66.901634 59.081966 60.999992 51.999996 78.999992 36.999996 Vehicle 1
275.000031 411.000061 267.000031 415.000061 261.000031 403.000061 269.000031 399.000061 Vehicle 1
300.999969 423.999969 284.87265 435.087494 279.999969 427.999969 296.127289 416.912445 Vehicle 1
781.104553 887.963196 763.999939 894.000061 761.895325 888.036926 778.999939 882.000061 Vehicle 1
644.999939 375.000061 619.807678 380.038513 617.807678 370.038513 642.999939 365.000061 Vehicle 1
