349.0 689.0 327.0 689.0 327.0 680.0 349.0 680.0 Vehicle 1
241.020386 483.427643 229.000031 484.000031 228.000031 463.000031 240.020386 462.427643 Vehicle 1
240.0 127.0 231.0 127.0 231.0 111.0 240.0 111.0 Vehicle 1
503.349182 151.982544 483.000061 153.0 482.65094 146.017456 503.000061 145.0 Vehicle 1
538.0 129.999985 529.004395 131.037949 526.0 104.999985 534.995605 103.962021 Vehicle 1
499.0 382.999969 495.0 392.999969 475.862061 385.344818 479.862061 375.344818 Vehicle 1
778.0 266.0 767.0 266.0 767.0 241.0 778.0 241.0 Vehicle 1
780.0 212.0 778.331055 232.027588 766.331055 231.027588 768.0 211.0 Vehicle 1
799.0 590.0 786.0 590.0 786.0 570.0 799.0 570.0 Vehicle 1
955.0 723.0 954.0 741.0 943.975342 740.443115 944.975342 722.443115 Vehicle 1
917.0 720.0 907.0 720.0 907.0 713.0 917.0 713.0 Vehicle 1
891.999939 712.0 891.524841 721.027588 871.999939 720.0 872.475037 710.972412 Vehicle 1
695.000061 713.000061 694.586243 720.034485 677.000061 719.000061 677.413879 711.965637 Vehicle 1
102.102707 683.016296 101.0 690.000061 81.897293 686.983826 83.0 680.000061 Vehicle 1
15.464599 130.030991 14.999997 137.000015 0.0 136.000015 0.464602 129.030991 Vehicle 1
965.030762 740.553833 957.0 741.0 956.0 723.0 964.030762 722.553833 Vehicle 1
