71.000008 140.0 69.977364 163.520752 58.000008 163.0 59.022652 139.479248 Vehicle 1
123.000008 147.000015 120.937935 171.744858 112.000008 171.000015 114.06208 146.255173 Vehicle 1
143.0 156.0 134.006836 157.058014 132.0 140.0 140.993164 138.941986 Vehicle 1
181.0 159.0 174.076721 159.72876 172.0 140.0 178.923279 139.27124 Vehicle 1
203.0 145.0 193.0 145.0 193.0 124.0 203.0 124.0 Vehicle 1
220.0 127.0 211.0 127.0 211.0 108.0 220.0 108.0 Vehicle 1
226.004501 220.047195 216.000015 221.000015 213.995529 199.952835 224.000015 199.000015 Vehicle 1
20.0 258.0 13.0 258.0 13.0 238.0 20.0 238.0 Vehicle 1
54.0 248.999985 47.0 249.999985 45.0 235.999985 52.0 234.999985 Vehicle 1
4.376242 432.237549 -9.623749 423.395447 3e-06 408.157837 13.999994 416.999939 Vehicle 1
-0.0 333.176392 -0.0 333.176392 0.0 334.714233 0.0 334.714233 Vehicle 1
139.0 484.999969 136.973572 495.807526 104.973579 489.807526 107.0 478.999969 Vehicle 1
68.067108 579.006836 64.0 619.0 4.932901 612.993164 9.000008 573.0 Vehicle 1
367.0 402.0 344.0 402.0 344.0 392.0 367.0 392.0 Vehicle 1
364.0 448.0 344.0 448.0 344.0 439.0 364.0 439.0 Vehicle 1
431.0 430.0 406.334473 431.02771 406.0 423.0 430.665527 421.97229 Vehicle 1
361.0 502.0 342.0 502.0 342.0 494.0 361.0 494.0 Vehicle 1
427.41983 538.977966 408.41983 539.977966 407.999969 532.000061 426.999969 531.000061 Vehicle 1
378.000031 611.0 356.209808 625.319214 333.000031 590.0 354.790253 575.680786 Vehicle 1
519.0 646.000061 478.529449 656.117737 475.000031 642.000061 515.470581 631.882385 Vehicle 1
635.136536 578.970642 606.999939 584.999939 604.863342 575.029236 632.999939 568.999939 Vehicle 1
709.0 548.0 679.0 548.0 679.0 539.0 709.0 539.0 Vehicle 1
709.0 529.0 681.0 529.0 681.0 520.0 709.0 520.0 Vehicle 1
709.999939 475.000061 708.999939 485.000061 690.980164 483.198059 691.980164 473.198059 Vehicle 1
704.069336 465.693024 691.0 466.999969 690.0 456.999969 703.069336 455.693024 Vehicle 1
770.0 484.0 747.0 484.0 747.0 476.0 770.0 476.0 Vehicle 1
768.0 476.0 746.0 476.0 746.0 466.0 768.0 466.0 Vehicle 1
761.0 454.999908 746.859985 457.019928 745.859985 450.019928 760.0 447.999908 Vehicle 1
764.000122 440.000061 748.469116 441.035461 748.000122 434.000061 763.531128 432.964661 Vehicle 1
703.0 423.0 684.0 423.0 684.0 415.0 703.0 415.0 Vehicle 1
772.419922 362.977905 753.0 364.0 752.580078 356.022095 772.0 355.0 Vehicle 1
379.697968 140.97374 379.000031 149.000015 356.000031 147.000015 356.697968 138.97374 Vehicle 1
427.000061 87.000008 411.000061 95.000008 407.600037 88.200005 423.600037 80.200005 Vehicle 1
425.096497 76.962479 407.0 84.000015 403.903503 76.037552 422.0 69.000015 Vehicle 1
346.246155 70.569237 338.0 85.000008 331.0 81.000008 339.246155 66.569237 Vehicle 1
338.0 65.000015 326.962097 78.044846 321.0 73.000015 332.037903 59.955185 Vehicle 1
320.0 50.0 308.0 64.0 301.0 58.0 313.0 44.0 Vehicle 1
306.0 38.000008 290.0 48.000008 285.449463 40.719109 301.449463 30.719109 Vehicle 1
380.000061 35.0 364.000061 49.0 356.566406 40.504425 372.566406 26.504425 Vehicle 1
366.999969 30.000004 352.690826 41.242908 346.999969 34.000004 361.309113 22.757099 Vehicle 1
359.269653 23.831455 343.0 33.999996 338.730347 27.168533 355.0 16.999992 Vehicle 1
352.999969 17.0 334.999969 27.0 331.50943 20.716984 349.50943 10.716984 Vehicle 1
1000.0 602.0 971.0 602.0 971.0 592.0 1000.0 592.0 Vehicle 1
848.0 637.0 834.74939 642.383057 821.74939 610.383057 835.0 605.0 Vehicle 1
724.0 564.0 721.194092 580.033936 681.194092 573.033936 684.0 557.0 Vehicle 1
708.255615 742.00592 708.0 752.999939 664.744385 751.993958 665.0 740.999939 Vehicle 1
662.477783 741.935486 625.0 747.000061 623.522217 736.064636 661.0 731.000061 Vehicle 1
575.999939 691.0 568.999939 712.0 556.999939 708.0 563.999939 687.0 Vehicle 1
588.000061 690.000061 578.958923 714.10968 568.000061 710.000061 577.041199 685.890442 Vehicle 1
513.003418 658.974121 507.999969 697.0 492.996552 695.025879 497.999969 657.0 Vehicle 1
494.0 682.0 484.0 682.0 484.0 663.0 494.0 663.0 Vehicle 1
480.0 707.0 479.0 729.0 466.97937 728.453613 467.97937 706.453613 Vehicle 1
484.004517 682.95282 481.995544 704.04718 471.000061 702.999939 473.009033 681.905579 Vehicle 1
454.008881 688.867371 452.000031 719.000061 438.99118 718.132751 441.000031 688.000061 Vehicle 1
425.0 732.0 414.0 732.0 414.0 702.0 425.0 702.0 Vehicle 1
410.0 732.0 400.0 732.0 400.0 715.0 410.0 715.0 Vehicle 1
416.027618 710.331116 408.000031 711.000061 406.000031 687.000061 414.027618 686.331116 Vehicle 1
311.703217 728.833496 306.000031 739.0 265.000031 716.0 270.703217 705.833496 Vehicle 1
197.999969 749.0 193.067078 756.046997 172.999969 742.0 177.932861 734.953003 Vehicle 1
184.08197 827.901672 172.0 829.000061 169.0 796.000061 181.08197 794.901672 Vehicle 1
241.604858 887.984131 203.0 889.0 202.395142 866.015869 241.0 865.0 Vehicle 1
255.999969 903.000122 251.308563 915.119629 219.999969 903.000122 224.691376 890.880615 Vehicle 1
184.0 986.0 182.526306 1000.0 170.421051 1000.0 172.027405 984.739746 Vehicle 1
381.0 736.0 369.0 736.0 369.0 714.0 381.0 714.0 Vehicle 1
437.0 717.0 430.0 717.0 430.0 704.0 437.0 704.0 Vehicle 1
685.333435 1000.999817 652.333435 999.999939 652.394592 997.981628 685.394592 998.981506 Vehicle 1
573.23407 1000.0 557.191528 1000.0 555.986511 971.681396 572.000061 971.0 Vehicle 1
542.034424 1001.036804 528.037109 1000.000061 529.002808 986.963318 543.000122 988.000061 Vehicle 1
423.0 981.0 390.0 981.0 390.0 968.0 423.0 968.0 Vehicle 1
321.545471 1001.000061 310.545471 1000.000061 311.08197 994.09845 322.08197 995.09845 Vehicle 1
662.000061 660.0 629.971252 661.281128 628.971252 636.281128 661.000061 635.0 Vehicle 1
46.211754 528.952881 27.99999 533.0 25.99999 524.0 44.211754 519.952881 Vehicle 1
952.0 769.0 944.0 769.0 944.0 753.0 952.0 753.0 Vehicle 1
929.0 770.0 918.0 770.0 918.0 750.0 929.0 750.0 Vehicle 1
897.0 770.0 887.0 770.0 887.0 751.0 897.0 751.0 Vehicle 1
424.0 519.0 410.0 519.0 410.0 513.0 424.0 513.0 Vehicle 1
363.0 525.0 342.0 525.0 342.0 518.0 363.0 518.0 Vehicle 1
