293.0 961.999939 290.993164 979.057922 282.0 977.999939 284.006836 960.941956 Vehicle 1
637.0 1000.0 637.0 1000.0 658.0 1000.0 658.0 1000.0 Vehicle 1
666.0 999.0 643.0 999.0 643.0 991.0 666.0 991.0 Vehicle 1
154.058838 759.764709 149.000031 780.000061 137.941193 777.235413 143.0 757.000061 Vehicle 1
188.0 578.0 165.36496 579.028809 165.0 571.0 187.63504 569.971191 Vehicle 1
372.0 830.0 363.0 830.0 363.0 813.0 372.0 813.0 Vehicle 1
296.0 777.0 286.0 777.0 286.0 759.0 296.0 759.0 Vehicle 1
489.0 992.0 478.0 992.0 478.0 967.0 489.0 967.0 Vehicle 1
573.027771 813.498413 564.000061 814.0 563.000061 796.0 572.027771 795.498413 Vehicle 1
667.0 674.0 644.0 674.0 644.0 665.0 667.0 665.0 Vehicle 1
693.334106 566.977844 693.0 577.000061 663.0 576.000061 663.334106 565.977844 Vehicle 1
298.022675 493.520752 287.000031 494.0 286.000031 471.0 297.022675 470.520752 Vehicle 1
296.0 470.0 287.0 470.0 287.0 457.0 296.0 457.0 Vehicle 1
569.0 478.0 559.0 479.0 557.296997 461.970276 567.296997 460.970276 Vehicle 1
292.0 349.000031 282.012207 350.109772 280.0 332.000031 289.987793 330.890289 Vehicle 1
158.0 366.000031 151.5 372.500031 138.5 359.500031 145.0 353.000031 Vehicle 1
918.0 216.0 908.0 216.0 908.0 197.0 918.0 197.0 Vehicle 1
731.0 199.0 720.0 199.0 720.0 179.0 731.0 179.0 Vehicle 1
204.0 57.0 195.0 57.0 195.0 40.0 204.0 40.0 Vehicle 1
236.000031 86.999985 227.046814 90.133621 220.000031 69.999985 228.953247 66.866348 Vehicle 1
406.0 66.0 395.0 66.0 395.0 45.0 406.0 45.0 Vehicle 1
858.0 79.0 848.0 79.0 848.0 62.0 858.0 62.0 Vehicle 1
858.000061 44.0 857.000061 61.0 846.975891 60.410347 847.975891 43.410347 Vehicle 1
472.0 325.0 463.0 325.0 463.0 305.0 472.0 305.0 Vehicle 1
908.0 621.0 898.0 621.0 898.0 603.0 908.0 603.0 Vehicle 1
