944.257935 986.122253 941.0 993.000061 921.742065 983.877869 925.0 977.000061 Vehicle 1
740.937317 1000.0 740.937317 997.0 747.363586 997.0 747.363586 1000.0 Vehicle 1
729.445068 1002.999878 726.214355 1000.0 729.0 997.000122 732.230713 1000.0 Vehicle 1
695.362122 890.155151 692.000061 898.0 668.948303 888.120728 672.310364 880.275879 Vehicle 1
796.124756 938.056213 793.0 945.000061 772.875244 935.943909 776.0 929.000061 Vehicle 1
703.0 918.0 700.0 926.0 675.671265 916.876709 678.671265 908.876709 Vehicle 1
661.268555 923.750793 647.268555 936.750793 641.0 930.000061 655.0 917.000061 Vehicle 1
787.037903 771.9552 775.999939 785.0 768.961975 779.0448 779.999939 766.0 Vehicle 1
812.268494 785.750793 798.000061 799.000061 791.731628 792.249329 806.000061 779.000061 Vehicle 1
822.500183 792.500183 807.000183 808.000183 799.000183 800.000183 814.500183 784.500183 Vehicle 1
880.000122 885.000061 863.000122 900.000061 857.396973 893.649841 874.396973 878.649841 Vehicle 1
885.218262 837.767151 870.0 853.999939 862.781738 847.232727 878.0 830.999939 Vehicle 1
979.071716 826.049072 975.000061 832.0 955.928406 818.950928 960.000061 813.0 Vehicle 1
1000.0 799.666626 1000.0 810.500122 999.000061 812.0 984.000061 802.0 Vehicle 1
939.281006 781.449524 924.000122 791.000061 918.550659 782.280945 933.831543 772.730408 Vehicle 1
926.284973 763.734009 910.999939 778.0 904.714905 771.265991 919.999939 757.0 Vehicle 1
973.000122 740.000061 965.400146 743.80011 956.400146 725.80011 964.000122 722.000061 Vehicle 1
862.000061 741.0 855.301208 749.244751 839.000061 736.0 845.698914 727.755249 Vehicle 1
872.000122 734.000061 865.000122 741.000061 851.500122 727.500061 858.500122 720.500061 Vehicle 1
882.22998 729.249084 876.0 734.999939 863.77002 721.750793 870.0 715.999939 Vehicle 1
895.463196 721.624207 891.000061 728.000061 881.000061 721.000061 885.463196 714.624207 Vehicle 1
922.000061 711.000061 916.163391 718.133728 905.000061 709.000061 910.836731 701.866394 Vehicle 1
929.550476 701.719116 924.999939 709.0 908.999939 699.0 913.550476 691.719116 Vehicle 1
941.000122 699.000061 935.396973 705.350281 918.396973 690.350281 924.000122 684.000061 Vehicle 1
949.352905 688.588318 942.858765 696.164734 923.505859 679.576477 930.0 672.000061 Vehicle 1
956.199585 680.213745 950.0 686.0 935.800415 670.786255 942.0 665.0 Vehicle 1
1000.0 648.999756 990.000122 654.0 982.000122 638.0 992.000122 633.0 Vehicle 1
1000.0 613.666687 1000.0 624.714355 996.155151 626.362122 990.0 612.000061 Vehicle 1
993.000061 630.0 983.000061 633.0 977.000061 613.0 987.000061 610.0 Vehicle 1
1000.0 541.857178 1000.0 551.421082 993.0 554.0 985.897583 534.721924 Vehicle 1
988.037537 550.096497 977.131409 554.33783 970.000061 536.000061 980.906189 531.758728 Vehicle 1
976.037537 554.096497 966.000061 557.999939 958.962585 539.903381 969.000061 535.999939 Vehicle 1
963.000061 556.999939 952.021179 563.038269 941.000061 542.999939 951.978943 536.961609 Vehicle 1
980.543274 504.099274 957.543274 509.099274 955.999939 501.999969 978.999939 496.999969 Vehicle 1
954.0 510.0 929.0 514.0 927.546021 504.912659 952.546021 500.912659 Vehicle 1
931.999939 434.000031 914.115295 437.576935 912.884583 431.423065 930.769226 427.846161 Vehicle 1
930.140015 424.97995 909.0 427.999969 907.859985 420.019989 929.0 416.999969 Vehicle 1
924.999939 416.0 900.513489 420.081055 898.999939 411.0 923.486389 406.918945 Vehicle 1
867.937195 470.872192 845.937195 473.872192 845.000061 467.0 867.000061 464.0 Vehicle 1
861.102722 444.983795 842.000061 448.000031 840.8974 441.016266 860.000061 438.000031 Vehicle 1
857.026245 415.11145 849.0 417.0 844.973755 399.88855 853.0 398.0 Vehicle 1
835.139954 387.97995 813.999939 390.999969 812.859924 383.019989 833.999939 379.999969 Vehicle 1
918.0 373.0 892.960938 377.006226 892.0 371.0 917.039062 366.993774 Vehicle 1
947.016357 369.102692 935.000122 370.999969 931.983887 351.897247 944.000122 349.999969 Vehicle 1
916.999939 365.0 893.999939 370.0 892.249084 361.945862 915.249084 356.945862 Vehicle 1
834.611023 377.088409 812.611023 382.088409 811.000061 375.000031 833.000061 370.000031 Vehicle 1
828.0 369.000031 808.739746 371.027435 808.0 364.000031 827.260254 361.972626 Vehicle 1
795.000122 358.0 770.669067 360.027588 770.000122 352.0 794.331177 349.972412 Vehicle 1
867.999878 238.999985 858.067261 241.29213 854.999878 227.999985 864.932495 225.70784 Vehicle 1
820.09552 247.324844 810.999939 250.000015 805.904358 232.675186 814.999939 230.000015 Vehicle 1
770.104858 206.786026 761.0 207.999985 759.0 192.999985 768.104858 191.786026 Vehicle 1
793.088013 188.984009 781.911987 191.016022 778.823975 174.032013 790.0 172.0 Vehicle 1
779.000061 189.000031 769.000061 190.000031 767.198059 171.980225 777.198059 170.980225 Vehicle 1
766.658569 188.926819 756.780518 190.024384 755.0 174.0 764.878052 172.902435 Vehicle 1
754.000061 157.000015 729.015442 160.123093 728.000061 152.000015 752.98468 148.876938 Vehicle 1
606.0 64.999985 597.0 66.999985 593.0 48.999985 602.0 46.999985 Vehicle 1
383.01947 511.31131 372.0 512.0 370.98053 495.688751 382.0 495.000061 Vehicle 1
312.022461 510.448853 301.0 511.0 299.977539 490.551147 311.0 490.0 Vehicle 1
224.0 495.0 212.0 495.0 212.0 478.0 224.0 478.0 Vehicle 1
228.000031 514.000122 218.030792 515.246216 216.000031 499.000092 225.969269 497.753967 Vehicle 1
841.498169 528.891785 818.0 534.000061 816.501831 527.108337 840.0 522.000061 Vehicle 1
817.0 537.0 791.609985 541.062378 790.0 531.0 815.390015 526.937622 Vehicle 1
790.496094 541.106079 771.496094 545.106079 770.000122 538.0 789.000122 534.0 Vehicle 1
764.324341 546.945862 740.0 550.999939 738.675659 543.054016 763.0 538.999939 Vehicle 1
737.0 552.000061 712.0 557.000061 710.576904 549.884705 735.576904 544.884705 Vehicle 1
706.0 559.000061 681.680542 564.066589 680.0 556.000061 704.319458 550.933533 Vehicle 1
680.880249 564.024902 656.880249 569.024902 655.0 560.0 679.0 555.0 Vehicle 1
655.0 570.0 631.059448 573.122681 630.0 565.0 653.940552 561.877319 Vehicle 1
626.061096 576.548828 603.122009 579.097656 602.000061 569.000122 624.939148 566.451294 Vehicle 1
590.000061 561.000061 564.960632 564.004822 564.000061 556.000061 589.03949 552.9953 Vehicle 1
538.0 621.0 528.0 621.0 528.0 604.0 538.0 604.0 Vehicle 1
472.192291 645.038452 470.192291 655.038452 444.999969 650.0 446.999969 640.0 Vehicle 1
503.000061 658.0 502.21582 667.018799 479.000061 665.0 479.784302 655.981201 Vehicle 1
505.0 667.0 504.0 675.0 482.953857 672.369263 483.953857 664.369263 Vehicle 1
493.0 711.0 480.0 724.0 473.0 717.0 486.0 704.0 Vehicle 1
564.0 660.000061 561.987793 678.109802 552.0 677.000061 554.012207 658.89032 Vehicle 1
487.0 686.000061 461.0 690.000061 459.601135 680.907532 485.601135 676.907532 Vehicle 1
542.360352 716.954285 541.0 735.999939 527.0 734.999939 528.360352 715.954285 Vehicle 1
507.000092 716.000061 488.000092 735.000061 477.500092 724.500061 496.500092 705.500061 Vehicle 1
480.063477 728.093079 467.0 736.999939 451.936523 714.906799 465.0 705.999939 Vehicle 1
476.000031 740.000061 467.060883 747.076843 448.060883 723.076843 457.000031 716.000061 Vehicle 1
460.000031 740.000061 453.120026 745.160095 441.000031 729.000061 447.880035 723.840027 Vehicle 1
449.0 743.000122 439.671143 749.530273 425.671143 729.530273 435.0 723.000122 Vehicle 1
412.0 690.0 411.0 700.0 384.960388 697.395996 385.960388 687.395996 Vehicle 1
413.022095 698.580139 412.0 718.000061 400.977905 717.419983 402.0 698.000061 Vehicle 1
403.417633 695.975708 402.999969 706.0 378.999969 705.0 379.417633 694.975708 Vehicle 1
397.073212 704.341492 396.073212 713.341492 375.000031 711.000061 376.000031 702.000061 Vehicle 1
397.000031 715.000122 395.429535 723.899414 378.429535 720.899414 380.000031 712.000122 Vehicle 1
396.085419 722.23175 395.085419 731.23175 366.000031 728.000061 367.000031 719.000061 Vehicle 1
358.149384 703.439819 354.000031 719.0 344.850677 716.560181 349.000031 701.0 Vehicle 1
387.000092 766.000122 385.147736 773.03894 366.147736 768.03894 368.000092 761.000122 Vehicle 1
451.000031 772.000061 449.075653 780.01825 424.000031 774.000061 425.924408 765.981873 Vehicle 1
419.195618 765.029358 418.0 773.000061 397.804382 769.970764 399.0 762.000061 Vehicle 1
161.0 718.0 160.015381 725.876953 136.015381 722.876953 137.0 715.0 Vehicle 1
21.135136 584.189209 19.0 597.0 7.0 595.0 9.135136 582.189209 Vehicle 1
-1e-06 540.904663 -1.684548 533.82959 6.000006 531.999878 7.684553 539.074951 Vehicle 1
10.0 450.0 0.0 450.0 0.0 431.0 10.0 431.0 Vehicle 1
78.0 427.0 68.0 427.0 68.0 410.0 78.0 410.0 Vehicle 1
76.0 446.0 66.0 446.0 66.0 428.0 76.0 428.0 Vehicle 1
139.0 446.0 129.0 446.0 129.0 429.0 139.0 429.0 Vehicle 1
127.0 459.000061 100.308716 460.026672 100.0 452.000061 126.691284 450.97345 Vehicle 1
181.0 458.0 157.0 458.0 157.0 452.0 181.0 452.0 Vehicle 1
140.0 424.000031 129.0 425.000031 127.360657 406.967255 138.360657 405.967255 Vehicle 1
138.0 340.0 127.0 340.0 127.0 324.0 138.0 324.0 Vehicle 1
396.349121 450.982544 376.0 452.0 375.650879 445.017456 396.0 444.0 Vehicle 1
426.586212 448.034485 402.586212 450.034485 402.000031 443.0 426.000031 441.0 Vehicle 1
431.29599 360.128021 420.29599 362.128021 416.999969 344.000031 427.999969 342.000031 Vehicle 1
447.09552 357.324829 438.0 360.0 432.90448 342.675171 442.0 340.0 Vehicle 1
486.0 337.999969 474.141174 340.635284 470.141174 322.635284 482.0 319.999969 Vehicle 1
91.000008 231.000046 63.000008 236.000046 61.72683 228.870255 89.72683 223.870255 Vehicle 1
88.270309 267.028046 62.270309 268.028046 62.0 260.999969 88.0 259.999969 Vehicle 1
108.040276 284.228241 98.000008 286.000031 95.000008 269.000031 105.040276 267.228241 Vehicle 1
150.206879 290.482788 146.206894 300.482788 124.999992 292.000061 128.999985 282.000061 Vehicle 1
154.0 269.0 151.082581 278.724792 121.082573 269.724792 124.0 260.0 Vehicle 1
166.999985 261.0 156.999985 262.0 155.198013 243.980194 165.198013 242.980194 Vehicle 1
193.109222 260.928314 184.0 262.0 182.0 245.0 191.109222 243.928314 Vehicle 1
100.364944 196.971115 100.0 204.999985 78.0 203.999985 78.364944 195.971115 Vehicle 1
100.0 189.000031 99.0 197.000031 75.0 194.000031 76.0 186.000031 Vehicle 1
81.999992 144.0 81.382347 152.029419 54.999992 150.0 55.617638 141.970581 Vehicle 1
120.000015 140.0 107.271576 153.789124 101.000015 148.0 113.728455 134.210876 Vehicle 1
71.631157 126.057388 71.000008 133.000015 48.368858 130.942642 49.000008 124.000015 Vehicle 1
240.0 153.999985 229.03775 157.132065 223.0 135.999985 233.96225 132.867905 Vehicle 1
248.236053 175.603287 237.0 180.000015 228.0 157.000015 239.236053 152.603287 Vehicle 1
330.000031 168.000015 304.960602 171.004745 304.000031 163.000015 329.039459 159.995285 Vehicle 1
320.429901 140.972839 320.000031 150.0 299.000031 149.0 299.429901 139.972839 Vehicle 1
404.0 141.0 384.0 145.0 382.423096 137.115387 402.423096 133.115387 Vehicle 1
468.007324 199.048904 455.0 201.000015 451.992676 180.951126 465.0 179.000015 Vehicle 1
121.000008 3.0 98.459023 5.04918 98.000008 0.0 120.72728 0.0 Vehicle 1
65.0 9.0 38.924091 12.008759 38.000004 4.0 64.075912 0.991241 Vehicle 1
9.999999 41.000004 0.0 44.000004 0.0 24.200003 4.550458 22.834866 Vehicle 1
27.000002 477.000031 26.255175 485.937958 2.255172 483.937958 3.0 475.000031 Vehicle 1
931.000122 606.000061 921.121704 611.229797 912.121704 594.229797 922.000122 589.000061 Vehicle 1
287.0 293.0 263.0 293.0 263.0 285.0 287.0 285.0 Vehicle 1
