585.0 893.0 576.0 893.0 576.0 878.0 585.0 878.0 Vehicle 1
603.0 882.0 596.0 882.0 596.0 867.0 603.0 867.0 Vehicle 1
614.0 880.0 606.0 880.0 606.0 863.0 614.0 863.0 Vehicle 1
621.0 874.0 615.0 874.0 615.0 862.0 621.0 862.0 Vehicle 1
632.0 870.0 625.0 870.0 625.0 858.0 632.0 858.0 Vehicle 1
604.0 841.0 586.0 849.0 582.907227 842.04126 600.907227 834.04126 Vehicle 1
566.509766 856.812256 547.0 864.0 544.490234 857.187744 564.0 850.0 Vehicle 1
791.000122 901.0 774.000122 910.0 770.44873 903.29187 787.44873 894.29187 Vehicle 1
860.000061 849.000122 842.000061 858.000122 838.000061 850.000122 856.000061 841.000122 Vehicle 1
1000.0 751.999939 991.753906 737.569153 998.0 733.999939 1000.0 737.499939 Vehicle 1
973.176453 751.294128 966.999939 755.000061 957.823425 739.705994 963.999939 736.000061 Vehicle 1
934.26709 770.474792 928.0 774.000061 918.73291 757.52533 925.0 754.000061 Vehicle 1
946.153687 761.230713 938.999878 766.0 928.999878 751.0 936.153687 746.230713 Vehicle 1
942.487793 718.609741 936.878052 723.097534 928.0 712.0 933.609741 707.512207 Vehicle 1
814.999878 849.999878 808.999878 853.999878 800.846069 841.769165 806.846069 837.769165 Vehicle 1
807.38208 856.01123 801.0 860.0 791.0 844.0 797.38208 840.01123 Vehicle 1
798.025818 861.043762 793.000061 864.000061 782.974304 846.95636 788.000061 844.000061 Vehicle 1
788.000122 864.000061 781.000122 868.000061 771.64624 851.630798 778.64624 847.630798 Vehicle 1
776.588196 866.647095 771.588196 869.647095 763.999939 857.0 768.999939 854.0 Vehicle 1
767.999939 850.999939 763.034241 854.055725 754.999939 840.999939 759.965637 837.944153 Vehicle 1
742.122986 881.215393 731.999939 887.000061 711.876892 851.784729 721.999939 846.000061 Vehicle 1
689.999939 672.0 682.878357 675.770264 673.878357 658.770264 680.999939 655.0 Vehicle 1
789.000122 385.000061 779.751465 395.276306 775.000122 391.000061 784.248779 380.723816 Vehicle 1
928.482849 528.793091 914.000061 535.0 911.517273 529.206909 926.000061 523.0 Vehicle 1
925.0 521.0 907.470215 529.249268 905.0 524.0 922.529785 515.750732 Vehicle 1
984.000061 475.000061 967.000061 483.000061 963.577942 475.728088 980.577942 467.728088 Vehicle 1
973.000122 459.000031 957.000122 467.000031 953.600098 460.200043 969.600098 452.200043 Vehicle 1
968.000122 450.0 953.200073 457.400024 950.200073 451.400024 965.000122 444.0 Vehicle 1
964.000122 442.000031 947.000122 450.000031 943.578003 442.728058 960.578003 434.728058 Vehicle 1
1000.0 427.500031 988.000061 432.0 985.780823 426.082214 1000.0 420.750031 Vehicle 1
1000.0 437.000061 992.000122 440.000031 989.328857 432.87674 1000.0 428.875061 Vehicle 1
923.0 421.0 913.955444 432.054443 909.0 428.0 918.044556 416.945557 Vehicle 1
913.0 403.999969 901.709473 416.316925 897.0 411.999969 908.290527 399.683014 Vehicle 1
905.303345 393.641296 894.303345 406.641296 889.999878 402.999939 900.999878 389.999939 Vehicle 1
994.0 501.000031 988.172974 505.237885 980.0 494.000031 985.827026 489.762177 Vehicle 1
995.000061 666.285522 995.000061 654.307617 999.999939 654.307617 999.999939 666.285522 Vehicle 1
758.0 979.000122 714.980591 998.008667 711.0 989.000122 754.019409 969.991577 Vehicle 1
967.535767 898.717957 948.0 908.999939 944.464233 902.281921 964.0 891.999939 Vehicle 1
962.112 890.941284 940.999939 902.0 937.887878 896.058716 958.999939 885.0 Vehicle 1
954.137817 883.926941 937.0 892.999939 933.862183 887.072937 951.0 877.999939 Vehicle 1
937.000122 854.000122 917.000122 864.000122 913.000122 856.000122 933.000122 846.000122 Vehicle 1
941.000122 863.000122 921.000122 873.000122 917.800171 866.600098 937.800171 856.600098 Vehicle 1
946.400146 869.80011 926.000122 880.000061 922.600098 873.200012 943.000122 863.000061 Vehicle 1
952.599976 877.19989 932.599976 887.19989 929.0 879.999939 949.0 869.999939 Vehicle 1
