910.0 319.0 890.0 319.0 890.0 312.0 910.0 312.0 Vehicle 1
398.0 678.0 384.0 678.0 384.0 671.0 398.0 671.0 Vehicle 1
397.0 563.0 378.0 563.0 378.0 557.0 397.0 557.0 Vehicle 1
720.413757 425.034515 703.413757 426.034515 702.999939 419.000031 719.999939 418.000031 Vehicle 1
585.0 27.0 568.525269 36.267063 565.0 30.0 581.474731 20.732937 Vehicle 1
800.0 15.0 791.0 15.0 791.0 0.0 800.0 0.0 Vehicle 1
848.285095 101.013588 848.000061 107.000008 826.715027 105.986427 827.000061 100.000008 Vehicle 1
798.0 134.0 791.0 134.0 791.0 119.0 798.0 119.0 Vehicle 1
800.0 204.0 789.0 204.0 789.0 183.0 800.0 183.0 Vehicle 1
866.0 319.0 838.0 319.0 838.0 309.0 866.0 309.0 Vehicle 1
892.0 626.0 870.858398 628.013428 870.0 619.0 891.141602 616.986572 Vehicle 1
938.0 734.0 918.0 734.0 918.0 725.0 938.0 725.0 Vehicle 1
1000.0 870.0 992.0 870.0 992.0 852.0 1000.0 852.0 Vehicle 1
872.999939 708.000061 863.999939 710.000061 859.999939 692.000061 868.999939 690.000061 Vehicle 1
844.027588 764.524841 835.0 764.999939 834.0 745.999939 843.027588 745.524841 Vehicle 1
787.0 919.0 766.0 919.0 766.0 912.0 787.0 912.0 Vehicle 1
715.0 911.000061 714.651001 919.028381 691.0 918.000061 691.348999 909.971741 Vehicle 1
665.026855 857.589722 656.0 858.0 655.0 836.0 664.026855 835.589722 Vehicle 1
585.0 855.0 576.0 855.0 576.0 839.0 585.0 839.0 Vehicle 1
574.0 855.0 565.0 855.0 565.0 839.0 574.0 839.0 Vehicle 1
38.0 16.0 20.0 16.0 20.0 7.0 38.0 7.0 Vehicle 1
334.0 63.0 325.0 63.0 325.0 46.0 334.0 46.0 Vehicle 1
335.034485 117.58622 328.0 118.000008 326.965515 100.413795 334.0 100.000008 Vehicle 1
297.0 212.0 288.0 212.0 288.0 194.0 297.0 194.0 Vehicle 1
295.0 311.0 286.0 311.0 286.0 296.0 295.0 296.0 Vehicle 1
399.0 381.0 374.0 381.0 374.0 374.0 399.0 374.0 Vehicle 1
385.0 397.0 348.0 397.0 348.0 387.0 385.0 387.0 Vehicle 1
249.0 542.0 229.0 542.0 229.0 536.0 249.0 536.0 Vehicle 1
256.0 604.0 235.0 604.0 235.0 596.0 256.0 596.0 Vehicle 1
334.0 846.0 325.0 846.0 325.0 828.0 334.0 828.0 Vehicle 1
276.0 543.0 256.0 543.0 256.0 536.0 276.0 536.0 Vehicle 1
