829.0 533.000061 819.0 543.000061 813.5 537.500061 823.5 527.500061 Vehicle 1
409.0 845.0 400.0 845.0 400.0 827.0 409.0 827.0 Vehicle 1
220.0 167.0 196.0 167.0 196.0 158.0 220.0 158.0 Vehicle 1
220.0 177.0 199.0 177.0 199.0 168.0 220.0 168.0 Vehicle 1
224.332581 185.984161 203.0 187.0 202.667419 180.015839 224.0 179.0 Vehicle 1
165.0 218.0 143.0 218.0 143.0 210.0 165.0 210.0 Vehicle 1
166.349121 226.982559 146.0 228.000015 145.650879 221.017471 166.0 220.000015 Vehicle 1
172.0 236.0 149.0 236.0 149.0 230.0 172.0 230.0 Vehicle 1
167.0 245.0 148.0 245.0 148.0 237.0 167.0 237.0 Vehicle 1
227.31752 216.98555 205.31752 217.98555 204.999985 210.999985 226.999985 209.999985 Vehicle 1
228.0 227.0 209.0 227.0 209.0 221.0 228.0 221.0 Vehicle 1
229.000015 237.000015 208.702988 239.029709 208.000015 232.000015 228.297043 229.970322 Vehicle 1
229.0 247.0 215.0 247.0 215.0 241.0 229.0 241.0 Vehicle 1
230.0 258.0 211.0 258.0 211.0 251.0 230.0 251.0 Vehicle 1
170.999969 254.999985 146.376068 256.02597 146.0 246.999985 170.623901 245.973999 Vehicle 1
169.0 265.0 149.0 265.0 149.0 258.0 169.0 258.0 Vehicle 1
171.0 275.0 152.0 275.0 152.0 267.0 171.0 267.0 Vehicle 1
231.0 267.0 218.0 267.0 218.0 260.0 231.0 260.0 Vehicle 1
235.285065 286.986481 214.0 288.000031 213.714935 282.01358 235.0 281.000031 Vehicle 1
235.000015 276.000031 214.301773 277.034943 214.000015 271.000031 234.698257 269.965118 Vehicle 1
174.0 286.0 152.0 286.0 152.0 278.0 174.0 278.0 Vehicle 1
236.332596 319.984192 215.000015 321.0 214.667435 314.015808 236.000015 313.0 Vehicle 1
239.31958 330.030914 217.31958 331.030914 217.0 323.999969 239.0 322.999969 Vehicle 1
180.0 312.0 155.0 314.0 154.284576 305.057251 179.284576 303.057251 Vehicle 1
182.268829 332.989716 156.0 334.000031 155.731171 327.010345 182.0 326.000031 Vehicle 1
182.366257 324.987793 151.999985 326.0 151.633713 315.012207 181.999985 314.0 Vehicle 1
242.0 371.0 222.843842 373.016418 222.0 365.0 241.156158 362.983582 Vehicle 1
248.0 421.0 227.0 421.0 227.0 414.0 248.0 414.0 Vehicle 1
243.000031 449.000031 239.229767 456.121674 222.000031 447.000031 225.770294 439.878387 Vehicle 1
113.088219 700.147156 104.999977 705.000061 95.911736 689.852966 103.999977 685.000061 Vehicle 1
101.110741 703.207703 94.000008 707.000061 85.889275 691.792419 93.000008 688.000061 Vehicle 1
88.999992 706.000061 81.799995 709.600037 74.799995 695.600037 81.999992 692.000061 Vehicle 1
68.267059 712.474731 62.000008 716.0 52.732944 699.525269 59.0 696.0 Vehicle 1
58.0 718.000061 50.097298 722.183899 41.0 705.000061 48.902702 700.816223 Vehicle 1
44.999969 721.0 37.110695 725.207642 28.999969 710.0 36.889244 705.792358 Vehicle 1
937.400146 921.800171 931.000122 925.000122 924.000122 911.000122 930.400146 907.800171 Vehicle 1
948.000122 918.000061 941.200073 921.400085 934.000122 907.000061 940.800171 903.600037 Vehicle 1
960.400146 916.800171 954.000122 920.000122 946.000122 904.000122 952.400146 900.800171 Vehicle 1
973.352905 912.588257 966.0 917.0 957.0 902.0 964.352905 897.588257 Vehicle 1
983.000061 906.000061 976.036316 910.062195 969.000061 898.000061 975.963806 893.937927 Vehicle 1
972.330017 887.74231 965.000061 891.0 957.000061 873.0 964.330017 869.74231 Vehicle 1
961.248535 891.603516 953.0 895.0 946.0 878.0 954.248535 874.603516 Vehicle 1
950.0 895.000061 944.264648 898.441223 935.0 883.000061 940.735352 879.558899 Vehicle 1
940.0 899.0 933.113281 902.240845 925.0 885.0 931.886719 881.759155 Vehicle 1
927.292664 898.634155 919.999939 902.0 913.707214 888.365845 920.999939 885.0 Vehicle 1
916.0 904.999939 910.083008 908.155701 902.0 892.999939 907.916992 889.844177 Vehicle 1
906.110718 906.207581 899.0 909.999939 890.889282 894.792297 898.0 890.999939 Vehicle 1
892.000061 909.000061 886.096375 912.179016 879.000061 899.000061 884.903748 895.821106 Vehicle 1
884.000122 915.000122 875.076782 919.164307 868.000122 904.000122 876.923462 899.835938 Vehicle 1
929.332153 926.622803 923.0 930.0 915.0 915.0 921.332153 911.622803 Vehicle 1
917.000122 929.000122 909.000122 933.000122 902.000122 919.000122 910.000122 915.000122 Vehicle 1
904.000061 933.0 897.200012 936.400024 890.000061 922.0 896.80011 918.599976 Vehicle 1
894.000061 937.000122 886.000061 941.000122 878.000061 925.000122 886.000061 921.000122 Vehicle 1
858.110718 922.207764 851.0 926.000122 842.889282 910.79248 850.0 907.000122 Vehicle 1
835.0 928.000061 827.110718 932.207703 819.0 917.000061 826.889282 912.792419 Vehicle 1
810.000244 933.000122 802.000244 937.000122 795.200195 923.400146 803.200195 919.400146 Vehicle 1
800.0 938.0 793.0 942.0 784.569214 927.246094 791.569214 923.246094 Vehicle 1
790.047241 944.085022 783.000122 948.000061 772.953003 929.9151 780.000122 926.000061 Vehicle 1
867.0 943.0 860.321045 946.596313 853.0 933.0 859.678955 929.403687 Vehicle 1
856.000061 945.000122 849.000061 949.000122 841.000061 935.000122 848.000061 931.000122 Vehicle 1
845.8302 950.09436 836.8302 955.09436 829.0 941.0 838.0 936.0 Vehicle 1
834.786377 954.620117 827.0 959.0 818.0 943.0 825.786377 938.620117 Vehicle 1
824.000061 957.0 817.088318 961.147095 808.000061 946.0 814.911804 941.852905 Vehicle 1
810.000061 959.000122 802.80011 962.600098 795.80011 948.600098 803.000061 945.000122 Vehicle 1
777.21759 945.373108 770.999939 949.000061 763.782288 936.627014 769.999939 933.000061 Vehicle 1
788.110718 969.207642 781.0 973.0 772.889282 957.792358 780.0 954.0 Vehicle 1
757.053711 954.082825 751.0 957.999939 739.946289 940.917053 746.0 936.999939 Vehicle 1
1000.0 937.799927 1000.0 947.444519 999.000061 948.000061 993.905701 938.830261 Vehicle 1
996.332153 952.622742 990.0 955.999939 982.0 940.999939 988.332153 937.622742 Vehicle 1
965.0 964.000061 958.0 968.000061 950.0 954.000061 957.0 950.000061 Vehicle 1
976.112366 987.17981 970.000061 991.0 959.887756 974.82019 966.000061 971.0 Vehicle 1
963.999878 990.0 957.400513 993.712158 948.400513 977.712158 954.999878 974.0 Vehicle 1
953.0 992.000061 947.389893 995.606506 938.0 981.000061 943.610107 977.393616 Vehicle 1
942.0 996.000061 936.18457 999.323181 928.0 985.000061 933.81543 981.676941 Vehicle 1
922.857239 1000.0 916.0 987.999878 922.246094 984.430664 930.246094 998.430664 Vehicle 1
943.248596 970.603516 935.000061 974.0 928.000061 957.0 936.248596 953.603516 Vehicle 1
920.000061 978.0 912.000061 982.0 904.000061 966.0 912.000061 962.0 Vehicle 1
908.000061 981.000061 900.183655 984.419739 893.000061 968.000061 900.816467 964.580383 Vehicle 1
857.999939 996.000122 850.510803 999.964966 841.510803 982.964966 848.999939 979.000122 Vehicle 1
870.500366 1001.0 870.000366 1000.000122 872.000122 999.000244 872.500122 1000.000122 Vehicle 1
800.895508 1004.429016 798.0 999.000061 806.304443 994.570984 809.199951 999.999939 Vehicle 1
672.8125 1000.0 663.75 1000.0 662.972778 987.564209 672.0 987.0 Vehicle 1
618.0 955.0 599.0 955.0 599.0 948.0 618.0 948.0 Vehicle 1
699.377197 899.332153 684.377197 907.332153 681.0 901.0 696.0 893.0 Vehicle 1
687.685303 883.137817 671.685303 890.137817 669.0 884.000122 685.0 877.000122 Vehicle 1
695.422119 805.272034 678.422119 813.272034 675.0 806.000061 692.0 798.000061 Vehicle 1
646.096558 827.962463 627.758789 835.093811 624.662231 827.131287 643.0 819.999939 Vehicle 1
614.257935 787.877808 595.0 797.0 591.742065 790.122192 611.0 781.0 Vehicle 1
659.000061 757.000061 642.685364 764.137756 640.000061 758.000061 656.314758 750.862366 Vehicle 1
664.0 765.0 647.685303 772.137695 645.0 766.0 661.314697 758.862305 Vehicle 1
602.000061 773.000122 584.000061 782.000122 580.000061 774.000122 598.000061 765.000122 Vehicle 1
591.570923 765.695557 576.0 774.0 572.429077 767.304443 588.0 759.0 Vehicle 1
583.400085 748.800049 567.000061 757.0 563.600037 750.199951 580.000061 742.0 Vehicle 1
686.243958 547.804932 680.756165 552.19519 670.512268 539.390259 676.000061 535.0 Vehicle 1
676.178101 554.191772 671.0 559.0 657.821899 544.808228 663.0 540.0 Vehicle 1
614.19165 583.207642 609.0 588.0 596.80835 574.792358 602.0 570.0 Vehicle 1
605.283752 589.797302 597.81073 595.135193 586.526917 579.337952 593.999939 574.000061 Vehicle 1
583.441711 599.347046 579.000061 605.0 565.000061 594.0 569.441711 588.347046 Vehicle 1
575.000061 607.000061 570.739929 612.809265 555.739929 601.809265 560.000061 596.000061 Vehicle 1
567.0 613.0 564.043701 618.025757 547.0 608.0 549.956299 602.974243 Vehicle 1
792.090515 513.516968 789.090515 529.516968 780.999939 528.0 783.999939 512.0 Vehicle 1
805.800171 519.400085 799.800171 531.400085 793.000122 528.000061 799.000122 516.000061 Vehicle 1
818.999878 525.0 808.999878 540.0 801.846069 535.230713 811.846069 520.230713 Vehicle 1
848.104065 549.927917 835.000061 558.999939 830.896057 553.07196 844.000061 543.999939 Vehicle 1
839.000122 541.000061 828.000122 551.000061 822.751221 545.226257 833.751221 535.226257 Vehicle 1
855.6922 556.538452 840.6922 566.538452 836.999939 561.0 851.999939 551.0 Vehicle 1
883.000122 588.0 866.200073 596.400024 863.000122 590.0 879.800171 581.599976 Vehicle 1
876.0 580.0 859.952515 589.026733 856.0 582.0 872.047485 572.973267 Vehicle 1
871.882324 572.470581 856.882324 581.470581 853.0 575.0 868.0 566.0 Vehicle 1
865.230408 564.873291 845.000061 576.0 841.769714 570.126709 862.000061 559.0 Vehicle 1
446.0 802.0 437.0 802.0 437.0 785.0 446.0 785.0 Vehicle 1
450.0 892.000061 441.035034 892.560364 440.0 876.000061 448.964966 875.439758 Vehicle 1
411.0 923.0 400.0 923.0 400.0 901.0 411.0 901.0 Vehicle 1
448.0 959.0 440.0 959.0 440.0 941.0 448.0 941.0 Vehicle 1
450.0 998.0 441.0 998.0 441.0 980.0 450.0 980.0 Vehicle 1
409.0 993.0 399.0 993.0 399.0 977.0 409.0 977.0 Vehicle 1
442.999969 731.0 434.045685 731.639648 432.999969 717.0 441.954254 716.360352 Vehicle 1
394.98468 693.877014 386.000061 695.000061 384.000061 679.000061 392.98468 677.877014 Vehicle 1
436.0 672.000061 426.04425 672.663757 425.0 657.000061 434.95575 656.336365 Vehicle 1
427.021515 591.387756 415.999969 592.000061 414.978424 573.612366 425.999969 573.000061 Vehicle 1
371.901001 613.885803 366.0 619.000061 353.0 604.000061 358.901001 598.885803 Vehicle 1
483.0 356.999969 476.0 361.999969 471.0 354.999969 478.0 349.999969 Vehicle 1
480.0 350.0 462.0 350.0 462.0 342.0 480.0 342.0 Vehicle 1
479.0 342.0 461.0 342.0 461.0 334.0 479.0 334.0 Vehicle 1
480.0 332.0 465.0 332.0 465.0 325.0 480.0 325.0 Vehicle 1
477.0 319.0 457.370178 320.033142 457.0 313.0 476.629822 311.966858 Vehicle 1
476.660645 303.937103 455.0 306.000031 454.339355 299.062958 476.0 297.000031 Vehicle 1
535.0 340.0 514.0 340.0 514.0 333.0 535.0 333.0 Vehicle 1
504.284668 225.911026 488.0 230.999985 485.829163 224.05336 502.113831 218.964401 Vehicle 1
502.389404 218.159271 479.389404 224.159271 477.0 214.999969 500.0 208.999969 Vehicle 1
507.000061 235.000015 492.000061 241.000015 489.517273 234.793106 504.517273 228.793106 Vehicle 1
517.0 241.999985 499.0 248.999985 496.372681 242.243942 514.372681 235.243942 Vehicle 1
524.0 251.0 505.690552 256.085968 504.0 250.0 522.309448 244.914032 Vehicle 1
566.999939 263.0 543.999939 267.0 542.590759 258.897217 565.590759 254.897217 Vehicle 1
661.06897 275.172424 654.0 278.0 648.0 263.0 655.06897 260.172424 Vehicle 1
650.000061 280.999969 643.02301 284.052399 636.000061 267.999969 642.977112 264.94754 Vehicle 1
639.328857 284.876709 631.000122 288.0 623.890503 269.041077 632.219238 265.917786 Vehicle 1
624.000061 285.000031 617.102234 288.219025 610.000061 273.000031 616.897888 269.781036 Vehicle 1
600.205444 292.548004 591.0 296.000031 584.794556 279.452057 594.0 276.000031 Vehicle 1
861.0 166.999969 847.0 178.999969 842.835327 174.141144 856.835327 162.141144 Vehicle 1
645.000061 395.000031 637.000061 397.000031 633.000061 381.000031 641.000061 379.000031 Vehicle 1
571.06897 364.172424 564.0 367.0 557.93103 351.827576 565.0 349.0 Vehicle 1
532.107666 418.938538 524.67688 423.184692 515.569214 407.246216 523.0 403.000061 Vehicle 1
933.000061 288.999969 915.000061 294.999969 913.000061 288.999969 931.000061 282.999969 Vehicle 1
967.0 308.0 948.699951 314.099976 946.0 306.0 964.300049 299.900024 Vehicle 1
662.000122 437.000061 644.823608 441.294189 642.823608 433.294189 660.000122 429.000061 Vehicle 1
575.0 457.000031 554.615356 461.076935 553.0 453.000031 573.384644 448.923126 Vehicle 1
492.496094 475.10611 473.496094 479.10611 472.000061 472.000031 491.000061 468.000031 Vehicle 1
501.405579 484.903442 480.0 490.0 478.594421 484.096558 500.0 479.0 Vehicle 1
409.753876 481.030823 401.753876 482.030823 400.000031 468.000061 408.000031 467.000061 Vehicle 1
304.0 536.0 284.953674 543.01709 282.0 535.0 301.046326 527.98291 Vehicle 1
381.109192 418.928345 372.0 420.0 370.0 403.0 379.109192 401.928345 Vehicle 1
372.040985 455.317322 359.000031 457.0 354.959076 425.682678 368.000031 424.0 Vehicle 1
416.0 364.000061 404.027893 366.155029 394.996521 315.980652 406.968628 313.825684 Vehicle 1
397.000031 386.0 388.026215 387.196533 386.000031 372.0 394.973846 370.803467 Vehicle 1
371.006836 355.058044 363.0 356.0 360.993164 338.941956 369.0 338.0 Vehicle 1
348.0 300.0 340.0 300.0 340.0 286.0 348.0 286.0 Vehicle 1
383.0 277.0 375.008728 278.065491 373.0 263.0 380.991272 261.934509 Vehicle 1
337.98465 231.876953 329.98465 232.876953 328.000031 217.000031 336.000031 216.000031 Vehicle 1
371.0 191.999985 363.02002 193.139999 361.0 178.999985 368.97998 177.85997 Vehicle 1
338.046173 193.369232 325.000031 195.0 320.953888 162.630768 334.000031 161.0 Vehicle 1
325.012177 113.109756 316.012177 114.109756 313.999969 96.0 322.999969 95.0 Vehicle 1
358.000031 78.0 350.000031 79.0 348.000031 63.0 356.000031 62.0 Vehicle 1
315.024597 54.270489 307.0 54.999996 304.975403 32.729511 313.0 32.000004 Vehicle 1
300.000031 56.000004 291.000031 57.000004 288.548798 34.939022 297.548798 33.939022 Vehicle 1
561.150879 64.528297 542.0 69.999992 540.0 62.999992 559.150879 57.528297 Vehicle 1
547.199951 38.599987 531.0 43.999989 529.0 37.999989 545.199951 32.599987 Vehicle 1
551.26416 47.924534 530.0 54.000004 527.73584 46.075474 549.0 40.000004 Vehicle 1
540.091797 20.972481 520.0 27.000004 517.908203 20.027527 538.0 14.000004 Vehicle 1
535.733887 12.779818 515.0 19.000002 513.266113 13.220184 534.0 7.0 Vehicle 1
610.282104 30.226715 591.282104 36.226715 589.0 29.000015 608.0 23.000015 Vehicle 1
614.400024 39.199997 596.400024 45.199997 594.0 38.0 612.0 32.0 Vehicle 1
642.226501 41.792454 624.000061 47.000004 622.000061 40.000004 640.226501 34.792454 Vehicle 1
638.000061 31.999989 620.000061 37.999989 618.000061 31.999989 636.000061 25.999989 Vehicle 1
636.699951 23.100029 615.699951 30.100029 613.0 22.000031 634.0 15.000031 Vehicle 1
629.569214 16.136021 610.569214 22.136021 608.0 14.0 627.0 8.0 Vehicle 1
652.449585 80.165131 632.449585 86.165131 630.0 78.0 650.0 72.0 Vehicle 1
594.999939 7.000015 575.999939 13.000015 573.717834 5.773315 592.0 0.0 Vehicle 1
721.629211 18.136616 702.629211 25.136616 699.999939 18.000031 718.999939 11.000031 Vehicle 1
694.000061 14.999998 675.690613 20.085958 674.000061 13.999998 692.309509 8.914038 Vehicle 1
697.0 24.000008 680.0 30.000008 677.895386 24.03693 694.895386 18.03693 Vehicle 1
781.999939 0.0 781.999939 0.0 781.999939 0.0 781.999939 0.0 Vehicle 1
775.000061 1.000001 759.827698 7.068967 757.000061 0.0 774.600037 0.0 Vehicle 1
1.5e-05 496.117645 -4.090623 487.425018 7e-06 485.500031 4.090645 494.192657 Vehicle 1
82.000008 520.0 75.000008 524.0 67.000008 510.0 74.000008 506.0 Vehicle 1
93.000015 515.0 87.083054 518.155762 79.000015 503.000031 84.916977 499.844299 Vehicle 1
104.46154 509.692291 98.46154 513.692261 88.000008 497.999969 94.000008 494.0 Vehicle 1
118.248505 510.603546 109.999985 514.0 102.751465 496.396393 110.999985 492.999939 Vehicle 1
96.0 463.0 87.724136 466.310364 81.724136 451.310364 90.0 448.0 Vehicle 1
86.676933 464.184631 79.676933 468.184631 71.000008 453.0 78.000008 449.0 Vehicle 1
73.695496 468.429077 67.0 472.0 58.999996 457.0 65.695496 453.429077 Vehicle 1
543.287109 29.909321 524.0 36.000004 521.808594 29.060455 541.095703 22.969772 Vehicle 1
598.788269 5.047047 597.666687 0.0 620.378479 -5.047057 621.500061 -1e-05 Vehicle 1
966.0 801.0 955.129639 810.153931 939.0 791.0 949.870361 781.846069 Vehicle 1
448.0 818.0 438.0 818.0 438.0 805.0 448.0 805.0 Vehicle 1
