997.026672 14.601782 996.026672 29.601778 987.000183 29.000006 988.000183 14.00001 Vehicle 1
718.219116 47.102165 715.000122 53.999977 699.781128 46.897789 703.000122 39.999977 Vehicle 1
1000.0 128.333344 986.700012 123.900017 989.000061 117.000015 1000.0 120.666656 Vehicle 1
941.999939 412.999939 938.461487 418.307617 922.999939 407.999939 926.538391 402.692261 Vehicle 1
934.08667 419.063599 929.0 426.0 913.91333 414.936401 919.0 408.0 Vehicle 1
932.0 431.0 927.319946 437.23999 911.0 425.0 915.680054 418.76001 Vehicle 1
925.999878 437.999939 921.127197 445.087463 905.127197 434.087463 909.999878 426.999939 Vehicle 1
926.0 448.0 922.242676 454.148315 904.242676 443.148315 908.0 437.0 Vehicle 1
922.153809 458.769165 917.846069 465.230713 900.999878 453.999939 905.307617 447.538391 Vehicle 1
872.121948 466.902466 870.0 486.0 861.878052 485.097534 864.0 466.0 Vehicle 1
952.091858 698.972473 932.000061 704.999939 929.908264 698.027405 950.000061 691.999939 Vehicle 1
947.400024 710.199951 929.400024 716.199951 927.0 709.0 945.0 703.0 Vehicle 1
948.0 720.0 926.73584 726.075439 924.73584 719.075439 946.0 713.0 Vehicle 1
945.0 729.999939 922.29834 737.223206 920.0 729.999939 942.70166 722.776672 Vehicle 1
940.000061 741.0 920.000061 747.0 917.825745 739.752319 937.825745 733.752319 Vehicle 1
937.0 751.0 917.629272 758.136597 915.0 751.0 934.370728 743.863403 Vehicle 1
935.0 761.999939 913.3396 768.18866 911.0 759.999939 932.6604 753.811218 Vehicle 1
924.191284 791.939697 904.999878 798.000122 902.808472 791.060547 921.999878 785.000122 Vehicle 1
966.441162 803.264648 963.0 809.0 947.558838 799.735352 951.0 794.0 Vehicle 1
968.500061 793.500061 962.500061 799.500061 952.000061 789.000061 958.000061 783.000061 Vehicle 1
976.0 785.0 972.216797 790.158936 957.0 779.0 960.783203 773.841064 Vehicle 1
996.241577 712.185974 991.0 719.000061 977.758423 708.814148 983.0 702.000061 Vehicle 1
1000.0 703.000122 1000.0 705.499878 996.6922 710.461548 980.538391 699.692261 Vehicle 1
667.008789 662.934448 665.0 678.0 657.991211 677.065552 660.0 662.0 Vehicle 1
