662.0 23.0 645.0 23.0 645.0 15.0 662.0 15.0 Vehicle 1
482.0 60.0 460.708923 68.110886 458.0 61.0 479.291077 52.889114 Vehicle 1
375.999969 53.000008 368.538055 59.46701 355.538055 44.46701 362.999969 38.000008 Vehicle 1
379.423584 36.50589 372.929443 44.082359 352.50592 26.576477 359.000061 19.000008 Vehicle 1
358.187103 36.1996 351.999969 42.000015 336.812836 25.80043 342.999969 20.000015 Vehicle 1
26.856936 1000.0 7.834902 993.947571 11.000004 984.000061 33.165108 991.052551 Vehicle 1
188.000015 151.000015 181.000015 158.000015 165.000015 142.000015 172.000015 135.000015 Vehicle 1
183.000015 178.0 159.736404 191.148987 154.000015 181.0 177.263626 167.851013 Vehicle 1
148.5 192.500015 124.0 217.000015 115.0 208.000015 139.5 183.500015 Vehicle 1
987.70575 66.153427 985.999939 74.0 962.999939 69.0 964.70575 61.153427 Vehicle 1
817.151306 621.036255 815.000061 630.0 789.848816 623.963745 792.000061 615.0 Vehicle 1
771.0 481.000061 769.0 489.000061 749.0 484.000061 751.0 476.000061 Vehicle 1
779.0 461.0 776.811157 470.193115 755.811157 465.193115 758.0 456.0 Vehicle 1
533.000061 364.000031 531.000061 372.000031 512.882385 367.470612 514.882385 359.470612 Vehicle 1
563.042725 296.005554 562.0 304.0 538.957275 300.994446 540.0 293.0 Vehicle 1
541.099976 346.299988 539.939941 354.419983 516.0 351.0 517.160034 342.880005 Vehicle 1
479.999969 388.0 471.999969 408.0 460.79306 403.517212 468.79306 383.517212 Vehicle 1
147.0 603.0 138.0 622.0 126.69458 616.644775 135.69458 597.644775 Vehicle 1
216.235306 708.058838 214.235306 716.058838 194.000015 711.0 196.000015 703.0 Vehicle 1
68.345154 1001.999939 59.545456 1000.000061 59.999985 998.000061 68.799683 999.999939 Vehicle 1
202.999985 986.999939 201.422012 996.073303 177.999985 991.999939 179.577957 982.926575 Vehicle 1
1000.0 90.733322 1000.0 93.875008 993.304504 106.429062 985.000061 102.0 Vehicle 1
991.000183 110.000015 983.000183 126.000015 974.200134 121.600021 982.200134 105.600021 Vehicle 1
1000.0 248.095276 989.643433 246.122589 991.000122 239.000061 1001.356689 240.972748 Vehicle 1
878.282043 261.773315 875.999939 269.0 856.999939 263.0 859.282043 255.773315 Vehicle 1
943.495361 375.157562 941.0 382.999969 918.504639 375.842377 921.0 367.999969 Vehicle 1
842.449463 406.280914 831.719116 423.449432 823.0 417.999969 833.730347 400.831451 Vehicle 1
752.169006 572.565674 745.000061 591.0 735.831116 587.434326 743.000061 569.0 Vehicle 1
795.0 579.000061 787.0 597.000061 778.0 593.000061 786.0 575.000061 Vehicle 1
784.300049 597.099976 778.300049 615.099976 769.0 612.0 775.0 594.0 Vehicle 1
722.0 641.000061 714.0 660.000061 703.717651 655.670593 711.717651 636.670593 Vehicle 1
644.064941 874.789185 639.978394 888.070312 630.0 885.0 634.086548 871.718872 Vehicle 1
620.799927 1000.0 604.090149 996.021484 606.000061 988.0 627.000061 993.0 Vehicle 1
194.235291 701.058838 192.235291 709.058838 172.0 704.0 174.0 696.0 Vehicle 1
7.206436 770.000061 -0.0 770.000061 0.0 748.666687 7.206436 748.666687 Vehicle 1
290.615082 690.135193 253.615082 703.135193 248.999969 689.999939 285.999969 676.999939 Vehicle 1
656.0 46.0 634.0 46.0 634.0 38.0 656.0 38.0 Vehicle 1
574.684509 33.075111 553.684509 38.075111 551.999939 31.000002 572.999939 26.0 Vehicle 1
483.113159 99.95575 460.000061 109.000015 456.886963 101.044281 480.000061 92.000015 Vehicle 1
643.0 213.0 634.0 213.0 634.0 194.0 643.0 194.0 Vehicle 1
958.000061 844.000061 956.486511 853.081116 932.486511 849.081116 934.000061 840.000061 Vehicle 1
520.999939 1000.0 520.999939 1000.0 520.999939 1000.0 520.999939 1000.0 Vehicle 1
563.000183 947.000122 555.000183 963.000122 546.200134 958.600098 554.200134 942.600098 Vehicle 1
513.0 808.000122 505.92334 823.164307 497.0 819.000122 504.07666 803.835938 Vehicle 1
567.789246 800.93512 565.000061 809.999939 539.000061 801.999939 541.789246 792.93512 Vehicle 1
273.164734 769.258728 268.952942 788.211731 258.788208 785.952942 263.0 766.999939 Vehicle 1
354.000031 555.0 345.000031 579.0 330.753448 573.657593 339.753448 549.657593 Vehicle 1
525.332764 185.421509 517.0 192.0 501.667236 172.578491 510.0 166.0 Vehicle 1
353.344879 100.862068 323.000031 112.999992 318.655182 102.137917 349.000031 89.999992 Vehicle 1
496.0 287.000031 487.861572 302.259552 478.0 297.000031 486.138428 281.740509 Vehicle 1
464.999939 347.0 457.999939 364.0 446.83429 359.402344 453.83429 342.402344 Vehicle 1
442.082245 388.780823 436.000031 405.0 425.917816 401.219177 432.000031 385.0 Vehicle 1
426.16629 421.764404 414.000031 438.999939 405.833771 433.235535 418.000031 416.0 Vehicle 1
434.036987 470.895386 428.000061 488.0 416.963135 484.104614 423.000061 467.0 Vehicle 1
375.000031 710.000061 372.578827 718.17157 345.578827 710.17157 348.000031 702.000061 Vehicle 1
409.175171 516.571594 399.999939 538.999939 388.824707 534.428284 397.999939 511.999939 Vehicle 1
303.000031 650.0 294.924713 669.178833 285.000031 665.0 293.075348 645.821167 Vehicle 1
0.0 658.0 0.0 655.571472 2.000004 649.000061 25.0 656.000061 Vehicle 1
111.999992 157.0 105.245354 165.202057 88.245354 151.202057 94.999992 143.0 Vehicle 1
958.000061 118.0 955.600037 125.199997 937.600037 119.199997 940.000061 112.0 Vehicle 1
