7.999989 553.999939 0.0 556.0 0.0 535.631531 1.999989 534.999939 Vehicle 1
9.000004 592.0 0.0 595.000061 0.0 576.058838 3.000005 575.0 Vehicle 1
859.411804 178.352966 846.000061 194.000031 839.000061 188.000031 852.411804 172.352966 Vehicle 1
827.000122 328.000031 823.000122 349.000031 808.938843 346.321686 812.938843 325.321686 Vehicle 1
920.999939 305.000061 916.999939 318.000061 909.762146 315.77301 913.762146 302.77301 Vehicle 1
954.081055 321.513489 951.081055 339.513489 942.0 338.0 945.0 320.0 Vehicle 1
954.0 818.0 945.0 818.0 945.0 802.0 954.0 802.0 Vehicle 1
945.031189 785.502014 944.031189 801.502014 936.000061 801.000061 937.000061 785.000061 Vehicle 1
716.0 777.000061 713.599976 784.200012 695.599976 778.200012 698.0 771.000061 Vehicle 1
662.599304 721.712158 653.599304 737.712158 646.999939 734.0 655.999939 718.0 Vehicle 1
388.56189 438.872345 366.0 444.000031 364.43811 437.127716 387.0 432.000031 Vehicle 1
458.311127 832.976135 457.999969 841.999939 428.999969 840.999939 429.311127 831.976135 Vehicle 1
462.662109 824.055237 462.000061 832.000061 437.338013 829.944885 438.000061 822.000061 Vehicle 1
461.0 815.0 449.0 815.0 449.0 808.0 461.0 808.0 Vehicle 1
468.669678 770.968567 468.0 778.000061 447.0 776.000061 447.669678 768.968567 Vehicle 1
470.0 739.0 447.0 739.0 447.0 731.0 470.0 731.0 Vehicle 1
472.469116 722.964661 472.000061 730.000061 457.000061 729.000061 457.469116 721.964661 Vehicle 1
333.0 712.0 330.984619 728.123047 322.0 727.0 324.015381 710.876953 Vehicle 1
307.999969 709.000061 305.999969 727.000061 296.999969 726.000061 298.999969 708.000061 Vehicle 1
296.000031 710.0 293.98465 726.123047 285.000031 725.0 287.015411 708.876953 Vehicle 1
284.024139 707.5896 283.000031 725.0 272.975861 724.4104 273.999969 707.0 Vehicle 1
271.0 722.0 264.0 722.0 264.0 710.0 271.0 710.0 Vehicle 1
231.056641 705.69812 228.056641 721.69812 219.000031 720.0 222.000031 704.0 Vehicle 1
217.0 706.0 216.0 723.0 207.968964 722.527588 208.968964 705.527588 Vehicle 1
206.000015 704.000061 204.964615 719.531067 197.000015 719.000061 198.035416 703.469055 Vehicle 1
430.0 686.0 421.0 686.0 421.0 670.0 430.0 670.0 Vehicle 1
418.024841 665.527649 417.0 685.000061 406.975159 684.472473 408.0 665.000061 Vehicle 1
406.030945 665.535461 405.030945 680.535461 397.0 680.000061 398.0 665.000061 Vehicle 1
393.98465 665.123047 391.98465 681.123047 383.000031 680.0 385.000031 664.0 Vehicle 1
381.031128 665.502014 380.0 682.000061 371.968872 681.498108 373.0 665.000061 Vehicle 1
370.802002 663.980225 369.0 682.0 359.0 681.0 360.802002 662.980225 Vehicle 1
358.026611 664.601807 357.000061 680.0 347.973511 679.398193 349.000061 664.0 Vehicle 1
345.0 682.0 336.0 682.0 336.0 665.0 345.0 665.0 Vehicle 1
316.000031 680.000061 306.97348 680.601868 305.97348 665.601868 315.000031 665.000061 Vehicle 1
291.0 678.0 281.0 678.0 281.0 662.0 291.0 662.0 Vehicle 1
279.000031 663.000061 277.000031 679.000061 269.000031 678.000061 271.000031 662.000061 Vehicle 1
267.0 661.000061 265.0 680.000061 255.109619 678.958923 257.109619 659.958923 Vehicle 1
254.0 676.0 246.0 676.0 246.0 660.0 254.0 660.0 Vehicle 1
228.0 679.0 219.0 679.0 219.0 662.0 228.0 662.0 Vehicle 1
191.0 963.0 171.0 963.0 171.0 956.0 191.0 956.0 Vehicle 1
192.0 935.0 164.0 935.0 164.0 927.0 192.0 927.0 Vehicle 1
190.999985 878.999939 165.999985 879.999939 165.678909 871.972839 190.678909 870.972839 Vehicle 1
186.387695 860.978516 168.0 862.0 167.612305 855.021484 186.0 854.0 Vehicle 1
188.0 844.0 167.0 844.0 167.0 836.0 188.0 836.0 Vehicle 1
186.0 835.0 167.0 835.0 167.0 827.0 186.0 827.0 Vehicle 1
133.307251 908.98822 107.000008 910.000061 106.692772 902.011902 133.0 901.000061 Vehicle 1
118.0 802.0 107.0 802.0 107.0 778.0 118.0 778.0 Vehicle 1
116.027618 775.524902 107.0 776.0 106.0 757.0 115.027618 756.524902 Vehicle 1
195.359421 772.014343 194.999985 780.999939 169.640549 779.985535 169.999985 770.999939 Vehicle 1
194.0 768.0 168.0 768.0 168.0 760.0 194.0 760.0 Vehicle 1
192.0 759.0 165.0 759.0 165.0 750.0 192.0 750.0 Vehicle 1
193.000015 742.000061 192.698257 748.034973 172.000015 747.000061 172.301773 740.965149 Vehicle 1
194.0 729.0 173.0 729.0 173.0 722.0 194.0 722.0 Vehicle 1
194.0 715.0 168.0 715.0 168.0 707.0 194.0 707.0 Vehicle 1
119.0 705.0 99.0 705.0 99.0 698.0 119.0 698.0 Vehicle 1
36.068962 675.172424 28.999994 678.000061 22.93103 662.827698 29.999998 660.000061 Vehicle 1
216.000031 631.000061 195.000031 633.000061 194.244965 625.07196 215.244965 623.07196 Vehicle 1
214.000015 621.0 192.669662 623.031494 191.999985 616.0 213.330338 613.968506 Vehicle 1
211.048889 609.992737 190.902191 613.014709 189.853302 606.022034 210.0 603.000061 Vehicle 1
205.140015 593.979919 184.0 596.999939 182.859985 589.019958 204.0 585.999939 Vehicle 1
200.0 584.0 179.702972 586.029663 179.0 579.0 199.297028 576.970337 Vehicle 1
170.000015 664.999939 169.648392 672.03241 149.648392 671.03241 150.000015 663.999939 Vehicle 1
168.0 662.0 157.0 662.0 157.0 655.0 168.0 655.0 Vehicle 1
163.0 645.0 151.0 647.0 150.0 641.0 162.0 639.0 Vehicle 1
160.140015 634.97998 139.0 638.0 137.859985 630.02002 159.0 627.0 Vehicle 1
153.000015 614.000061 131.669662 616.031555 130.999985 609.000061 152.330338 606.968567 Vehicle 1
152.739716 603.027405 133.739716 605.027405 133.0 598.000061 152.0 596.000061 Vehicle 1
172.200012 552.400085 165.0 556.000061 156.799988 539.600037 164.0 536.000061 Vehicle 1
161.328766 558.87677 153.0 562.000061 146.671234 545.123352 155.0 542.000061 Vehicle 1
149.211777 562.952881 140.000015 565.0 136.000015 547.0 145.211777 544.952881 Vehicle 1
138.0 564.0 130.06897 567.172363 124.0 552.0 131.93103 548.827637 Vehicle 1
125.999992 566.999939 116.831093 570.565613 109.831093 552.565613 118.999992 548.999939 Vehicle 1
113.000015 568.000061 106.102203 571.219055 99.102203 556.219055 106.000015 553.000061 Vehicle 1
103.000008 570.000061 95.000008 574.000061 87.000008 558.000061 95.000008 554.000061 Vehicle 1
90.799995 570.600037 81.999992 575.000061 74.999992 561.000061 83.799995 556.600037 Vehicle 1
77.999992 575.0 70.999992 578.0 64.999992 564.0 71.999992 561.0 Vehicle 1
67.099991 578.299988 58.999992 580.999939 53.999992 565.999939 62.099991 563.299988 Vehicle 1
55.100002 581.300049 46.100002 584.300049 41.000004 569.0 50.000004 566.0 Vehicle 1
43.045238 584.126709 34.999989 587.0 29.999989 573.0 38.045238 570.126709 Vehicle 1
31.000015 587.000061 24.000015 590.000061 18.000015 576.000061 25.000015 573.000061 Vehicle 1
112.0 523.000061 105.0 526.000061 99.0 512.000061 106.0 509.000061 Vehicle 1
102.000008 527.000061 93.724144 530.310364 87.724144 515.310364 96.000008 512.000061 Vehicle 1
89.999992 529.999939 81.751472 533.396423 74.751472 516.396423 82.999992 512.999939 Vehicle 1
77.103088 532.268127 70.0 535.000061 64.896912 521.731995 72.0 519.000061 Vehicle 1
66.099991 535.300049 57.999992 538.0 52.999992 523.0 61.099991 520.300049 Vehicle 1
55.362061 538.84491 47.999992 542.000061 41.637924 527.155212 48.999992 524.000061 Vehicle 1
42.07692 542.384705 34.0 544.000061 30.923079 528.615417 39.0 527.000061 Vehicle 1
30.999998 548.0 22.95294 549.788208 18.95294 531.788208 26.999998 530.0 Vehicle 1
26.999996 528.0 16.999996 531.0 11.825684 513.752319 21.825684 510.752319 Vehicle 1
-0.0 519.833374 0.0 516.823608 8.000006 514.0 14.000004 531.0 Vehicle 1
