135.030762 462.553833 127.0 463.0 125.969238 444.446167 134.0 444.0 Vehicle 1
201.0 392.999969 200.65094 401.02829 177.65094 400.02829 178.0 391.999969 Vehicle 1
174.0 399.0 155.0 399.0 155.0 392.0 174.0 392.0 Vehicle 1
199.0 312.0 179.953644 319.01709 177.0 311.0 196.046356 303.98291 Vehicle 1
55.0 206.0 40.0 220.0 33.714966 213.266022 48.714966 199.266022 Vehicle 1
38.172421 219.93103 18.000004 228.0 14.827592 220.06897 35.000008 212.0 Vehicle 1
37.519989 242.639984 31.99999 250.0 19.99999 241.0 25.519991 233.639984 Vehicle 1
60.176662 259.138794 54.000004 267.0 39.823353 255.861206 46.000011 248.0 Vehicle 1
191.116776 794.939514 164.000015 809.000061 159.883255 801.060608 187.000015 787.000061 Vehicle 1
42.044556 748.054443 36.0 753.0 26.955444 741.945557 33.0 737.0 Vehicle 1
32.500031 752.500061 25.500032 759.500061 16.000032 750.000061 23.000032 743.000061 Vehicle 1
11.249027 763.271667 4.999971 768.999939 0.0 763.54541 0.0 751.0 Vehicle 1
127.230133 756.213806 120.0 764.000061 105.769867 750.786316 113.0 743.000061 Vehicle 1
146.0 747.0 139.230042 753.249146 126.999992 740.0 133.769958 733.750854 Vehicle 1
