208.0 124.0 167.0 144.0 145.0 100.0 186.0 80.0 A220 1
160.0 143.0 120.0 161.0 101.0 120.0 140.0 102.0 A220 1
84.0 155.0 65.0 196.0 21.0 176.0 40.0 135.0 A220 1
114.0 278.0 68.0 298.0 50.0 256.0 96.0 236.0 A220 1
303.0 291.0 254.0 313.0 235.0 271.0 285.0 250.0 A220 1
328.0 383.0 289.0 403.0 266.0 357.0 304.0 337.0 A220 1
398.0 342.0 379.0 390.0 337.0 374.0 356.0 326.0 A220 1
450.0 419.0 407.0 439.0 388.0 398.0 432.0 378.0 A220 1
472.0 462.0 430.0 483.0 410.0 443.0 452.0 422.0 A220 1
424.0 574.0 384.0 594.0 363.0 550.0 403.0 530.0 A220 1
337.000031 616.000061 315.81662 572.624573 356.000031 553.000061 377.183441 596.375549 A220 1
