326.522736 1e-06 324.0 37.000004 280.0 34.0 282.318207 0.0 A220 1
381.617035 0.0 379.016235 40.74572 336.0 37.999996 338.425537 4e-06 A220 1
41.999985 127.000015 -1.008194 123.090179 3.073772 78.188538 46.081951 82.098373 A220 1
346.0 126.0 342.0 173.0 299.0 169.0 303.0 122.0 A220 1
169.0 210.0 162.0 254.0 115.0 247.0 121.0 204.0 A220 1
142.0 316.0 139.0 364.0 95.0 361.0 99.0 313.0 A220 1
210.0 336.0 207.0 379.0 164.0 376.0 167.0 333.0 A220 1
315.0 338.0 310.0 386.0 267.0 382.0 272.0 334.0 A220 1
241.0 526.0 236.0 574.0 193.0 570.0 198.0 522.0 A220 1
295.0 522.0 290.0 567.0 248.0 562.0 253.0 518.0 A220 1
