324.0 37.0 327.0 -10.0 284.0 -14.0 280.0 34.0 A220 1
379.0 40.0 382.0 -6.0 339.0 -9.0 336.0 38.0 A220 1
3.0 79.0 -1.0 123.0 42.0 127.0 45.0 82.0 A220 1
303.0 122.0 299.0 169.0 342.0 173.0 346.0 126.0 A220 1
115.0 247.0 162.0 254.0 169.0 210.0 121.0 204.0 A220 1
139.0 364.0 142.0 316.0 99.0 313.0 95.0 361.0 A220 1
207.0 379.0 210.0 336.0 167.0 333.0 164.0 376.0 A220 1
310.0 386.0 315.0 338.0 272.0 334.0 267.0 382.0 A220 1
198.0 522.0 193.0 570.0 236.0 574.0 241.0 526.0 A220 1
253.0 518.0 248.0 562.0 290.0 567.0 295.0 522.0 A220 1
