349.0 771.0 395.0 768.0 391.0 721.0 345.0 726.0 A220 1
575.0 106.0 573.0 59.0 527.0 62.0 530.0 110.0 A220 1
689.0 82.0 719.0 45.0 685.0 19.0 656.0 56.0 A220 1
673.0 136.0 721.0 123.0 710.0 82.0 663.0 94.0 A220 1
675.0 170.0 719.0 189.0 736.0 146.0 693.0 129.0 A220 1
664.0 222.0 706.0 244.0 725.0 204.0 682.0 184.0 A220 1
914.0 227.0 866.0 230.0 870.0 278.0 919.0 272.0 A220 1
903.0 171.0 856.0 173.0 858.0 219.0 905.0 218.0 A220 1
692.0 860.0 735.0 856.0 732.0 812.0 689.0 814.0 A220 1
709.0 1012.0 754.0 1012.0 754.0 963.0 709.0 963.0 A220 1
