514.0 760.0 504.0 761.0 504.0 745.0 513.0 744.0 Small_Car 1
539.0 745.0 538.0 762.0 529.0 762.0 530.0 744.0 Small_Car 1
549.0 760.0 540.0 760.0 540.0 746.0 549.0 746.0 Small_Car 1
562.0 761.0 552.0 762.0 551.0 744.0 562.0 744.0 Small_Car 1
573.0 744.0 572.0 760.0 563.0 760.0 564.0 743.0 Small_Car 1
547.0 630.0 523.0 629.0 523.0 619.0 547.0 620.0 Small_Car 1
546.0 610.0 524.0 609.0 524.0 601.0 546.0 602.0 Small_Car 1
544.0 582.0 524.0 582.0 524.0 574.0 544.0 574.0 Small_Car 1
544.0 574.0 525.0 574.0 525.0 565.0 544.0 565.0 Small_Car 1
545.0 564.0 525.0 564.0 525.0 555.0 545.0 555.0 Small_Car 1
419.0 626.0 410.0 626.0 410.0 610.0 419.0 610.0 Small_Car 1
329.0 626.0 320.0 626.0 319.0 608.0 329.0 608.0 Small_Car 1
374.0 577.0 364.0 577.0 364.0 559.0 373.0 559.0 Small_Car 1
361.0 576.0 351.0 577.0 349.0 559.0 359.0 558.0 Small_Car 1
344.0 579.0 334.0 579.0 333.0 559.0 344.0 559.0 Small_Car 1
294.0 578.0 284.0 578.0 284.0 560.0 294.0 560.0 Small_Car 1
140.0 673.0 129.0 673.0 129.0 654.0 139.0 654.0 Small_Car 1
122.0 480.0 111.0 481.0 109.0 459.0 120.0 459.0 Small_Car 1
