572.0 881.0 555.0 886.0 553.0 879.0 570.0 874.0 Small_Car 1
854.0 130.0 849.0 134.0 840.0 120.0 846.0 116.0 Small_Car 1
728.0 1004.999817 725.808594 998.060364 745.0 992.000061 747.191406 998.939514 Small_Car 1
985.0 899.0 968.0 905.0 966.0 899.0 983.0 893.0 Small_Car 1
86.0 362.0 67.0 363.0 67.0 357.0 85.0 356.0 Small_Car 1
609.0 198.0 595.0 206.0 591.0 200.0 606.0 192.0 Small_Car 1
1000.0 197.999969 989.999939 204.0 986.558777 198.264709 1000.0 190.199982 Small_Car 1
929.0 71.0 923.0 74.0 916.0 58.0 922.0 56.0 Small_Car 1
148.0 225.0 130.0 230.0 129.0 224.0 147.0 219.0 Small_Car 1
528.0 348.0 523.0 353.0 512.0 339.0 517.0 335.0 Small_Car 1
731.0 227.0 713.0 235.0 710.0 229.0 728.0 221.0 Small_Car 1
789.0 206.0 783.0 210.0 772.0 197.0 777.0 192.0 Small_Car 1
345.999939 1002.0 337.999939 986.0 345.599915 982.199951 353.599915 998.199951 Small_Car 1
