247.0 77.0 227.0 77.0 227.0 71.0 247.0 70.0 Small_Car 1
248.0 90.0 224.0 89.0 224.0 81.0 248.0 81.0 Small_Car 1
585.0 121.0 561.0 121.0 560.0 113.0 585.0 112.0 Small_Car 1
769.0 23.0 756.0 36.0 750.0 30.0 763.0 17.0 Small_Car 1
766.0 62.0 762.0 69.0 743.0 58.0 747.0 51.0 Small_Car 1
914.0 104.0 898.0 115.0 894.0 109.0 909.0 98.0 Small_Car 1
491.0 277.0 466.0 277.0 466.0 270.0 491.0 270.0 Small_Car 1
559.0 313.0 543.0 324.0 537.0 317.0 553.0 305.0 Small_Car 1
536.0 309.0 519.0 320.0 514.0 312.0 531.0 301.0 Small_Car 1
409.0 404.0 395.0 411.0 391.0 403.0 406.0 396.0 Small_Car 1
663.0 316.0 659.0 321.0 644.0 309.0 649.0 303.0 Small_Car 1
976.0 279.0 952.0 279.0 952.0 270.0 976.0 270.0 Small_Car 1
641.0 346.0 625.0 359.0 620.0 353.0 636.0 340.0 Small_Car 1
554.0 386.0 541.0 397.0 535.0 390.0 548.0 379.0 Small_Car 1
632.0 396.0 623.0 396.0 622.0 383.0 632.0 382.0 Small_Car 1
710.0 393.0 701.0 394.0 700.0 380.0 710.0 380.0 Small_Car 1
736.0 396.0 726.0 396.0 726.0 379.0 736.0 378.0 Small_Car 1
495.0 575.0 483.0 574.0 483.0 556.0 495.0 556.0 Small_Car 1
993.0 638.0 983.0 638.0 983.0 620.0 993.0 620.0 Small_Car 1
910.0 884.0 899.0 884.0 898.0 865.0 909.0 864.0 Small_Car 1
270.0 542.0 255.0 553.0 250.0 546.0 265.0 535.0 Small_Car 1
184.0 542.0 172.0 558.0 164.0 552.0 175.0 536.0 Small_Car 1
98.0 866.0 87.0 867.0 85.0 848.0 96.0 847.0 Small_Car 1
222.0 318.0 210.0 318.0 210.0 302.0 222.0 302.0 Small_Car 1
84.0 269.0 82.0 277.0 58.0 272.0 60.0 264.0 Small_Car 1
114.0 313.0 104.0 313.0 103.0 294.0 114.0 293.0 Small_Car 1
122.0 164.0 111.0 165.0 110.0 147.0 121.0 147.0 Small_Car 1
123.0 84.0 116.0 91.0 104.0 79.0 110.0 72.0 Small_Car 1
37.0 96.0 17.0 96.0 17.0 90.0 37.0 90.0 Small_Car 1
41.0 21.0 18.0 21.0 18.0 15.0 41.0 15.0 Small_Car 1
42.0 12.0 19.0 12.0 19.0 5.0 42.0 5.0 Small_Car 1
257.0 645.0 256.0 651.0 234.0 650.0 235.0 643.0 Small_Car 1
257.0 689.0 234.0 687.0 234.0 680.0 257.0 681.0 Small_Car 1
507.0 981.0 491.0 995.0 485.0 987.0 500.0 974.0 Small_Car 1
461.0 915.0 460.0 932.0 450.0 932.0 451.0 915.0 Small_Car 1
501.0 881.0 477.0 881.0 477.0 873.0 501.0 873.0 Small_Car 1
525.0 881.0 504.0 882.0 504.0 875.0 525.0 875.0 Small_Car 1
790.0 933.0 768.0 934.0 768.0 923.0 790.0 922.0 Small_Car 1
640.0 703.0 629.0 703.0 629.0 683.0 640.0 683.0 Small_Car 1
996.0 200.0 978.0 201.0 978.0 192.0 996.0 191.0 Small_Car 1
