39.0 219.0 30.0 233.0 21.0 228.0 32.0 214.0 Small_Car 1
225.0 72.0 223.0 83.0 199.0 77.0 201.0 66.0 Small_Car 1
73.0 435.0 61.0 451.0 51.0 445.0 63.0 429.0 Small_Car 1
26.0 466.0 23.0 474.0 0.0 467.0 3.0 458.0 Small_Car 1
156.0 446.0 151.0 461.0 140.0 456.0 147.0 441.0 Small_Car 1
12.0 532.0 0.0 551.0 0.0 532.0 3.0 526.0 Small_Car 1
265.0 522.0 264.0 532.0 241.0 530.0 241.0 520.0 Small_Car 1
478.0 799.0 475.0 808.0 451.0 800.0 454.0 791.0 Small_Car 1
224.0 680.0 222.0 688.0 201.0 683.0 203.0 675.0 Small_Car 1
170.0 660.0 167.0 670.0 145.0 664.0 147.0 654.0 Small_Car 1
984.0 823.0 980.0 839.0 971.0 836.0 975.0 820.0 Small_Car 1
944.0 974.0 942.0 980.0 922.0 973.0 925.0 967.0 Small_Car 1
61.0 924.0 53.0 941.0 43.0 937.0 51.0 920.0 Small_Car 1
811.0 699.0 802.0 717.0 791.0 711.0 799.0 693.0 Small_Car 1
