413.0 532.0 411.0 549.0 402.0 548.0 404.0 531.0 Small_Car 1
419.0 508.0 415.0 526.0 406.0 524.0 409.0 506.0 Small_Car 1
424.0 488.0 420.0 504.0 411.0 502.0 414.0 486.0 Small_Car 1
433.0 446.0 430.0 462.0 421.0 460.0 424.0 444.0 Small_Car 1
439.0 424.0 435.0 442.0 428.0 440.0 431.0 423.0 Small_Car 1
787.0 381.0 784.0 397.0 777.0 396.0 780.0 379.0 Small_Car 1
757.0 377.0 750.0 392.0 743.0 389.0 749.0 374.0 Small_Car 1
694.0 368.0 690.0 385.0 681.0 383.0 686.0 366.0 Small_Car 1
681.0 366.0 676.0 384.0 668.0 381.0 673.0 364.0 Small_Car 1
640.0 361.0 636.0 378.0 627.0 376.0 632.0 359.0 Small_Car 1
624.0 361.0 620.0 376.0 611.0 373.0 614.0 358.0 Small_Car 1
610.0 358.0 606.0 374.0 598.0 371.0 602.0 356.0 Small_Car 1
595.0 355.0 591.0 371.0 582.0 368.0 586.0 353.0 Small_Car 1
544.0 351.0 541.0 364.0 533.0 363.0 536.0 349.0 Small_Car 1
437.0 291.0 434.0 308.0 423.0 306.0 427.0 288.0 Small_Car 1
773.0 100.0 771.0 106.0 748.0 100.0 750.0 94.0 Small_Car 1
342.0 14.0 339.0 32.0 329.0 30.0 333.0 12.0 Small_Car 1
331.0 11.0 327.0 28.0 318.0 26.0 322.0 9.0 Small_Car 1
546.0 2.0 543.0 16.0 535.0 14.0 538.0 0.0 Small_Car 1
