531.0 596.0 525.0 602.0 514.0 588.0 520.0 583.0 Small_Car 1
440.0 705.0 432.0 711.0 420.0 695.0 427.0 689.0 Small_Car 1
569.0 654.0 562.0 660.0 551.0 647.0 558.0 641.0 Small_Car 1
549.0 666.0 542.0 671.0 530.0 655.0 537.0 650.0 Small_Car 1
540.0 671.0 532.0 677.0 521.0 663.0 528.0 657.0 Small_Car 1
512.0 688.0 506.0 695.0 492.0 680.0 499.0 673.0 Small_Car 1
498.0 674.0 491.0 679.0 479.0 664.0 486.0 658.0 Small_Car 1
578.0 632.0 570.0 638.0 558.0 622.0 566.0 616.0 Small_Car 1
591.0 645.0 585.0 650.0 573.0 639.0 579.0 633.0 Small_Car 1
199.0 776.0 193.0 782.0 180.0 768.0 186.0 762.0 Small_Car 1
580.0 711.0 572.0 716.0 559.0 699.0 566.0 694.0 Small_Car 1
389.0 731.0 383.0 736.0 371.0 722.0 378.0 717.0 Small_Car 1
543.0 592.0 535.0 598.0 522.0 583.0 530.0 576.0 Small_Car 1
481.0 622.0 474.0 628.0 462.0 611.0 469.0 606.0 Small_Car 1
146.0 86.0 128.0 96.0 123.0 86.0 141.0 76.0 Small_Car 1
314.0 18.0 309.0 26.0 291.0 16.0 296.0 7.0 Small_Car 1
308.0 24.0 303.0 34.0 283.0 23.0 288.0 13.0 Small_Car 1
286.0 47.0 280.0 57.0 261.0 46.0 266.0 36.0 Small_Car 1
47.0 26.0 29.0 36.0 25.0 27.0 42.0 18.0 Small_Car 1
123.0 53.0 103.0 63.0 99.0 54.0 118.0 44.0 Small_Car 1
89.0 95.0 79.0 101.0 75.0 93.0 85.0 88.0 Small_Car 1
177.0 303.0 163.0 313.0 158.0 305.0 172.0 296.0 Small_Car 1
462.0 714.0 456.0 720.0 443.0 706.0 449.0 700.0 Small_Car 1
503.0 695.0 496.0 701.0 482.0 685.0 489.0 678.0 Small_Car 1
527.0 657.0 520.0 663.0 508.0 647.0 515.0 641.0 Small_Car 1
546.0 646.0 539.0 652.0 528.0 636.0 535.0 631.0 Small_Car 1
560.0 662.0 553.0 667.0 541.0 652.0 548.0 646.0 Small_Car 1
434.0 788.0 426.0 794.0 412.0 778.0 419.0 772.0 Small_Car 1
443.0 782.0 434.0 789.0 420.0 771.0 429.0 764.0 Small_Car 1
462.0 773.0 455.0 779.0 442.0 763.0 449.0 758.0 Small_Car 1
473.0 768.0 465.0 774.0 453.0 757.0 461.0 751.0 Small_Car 1
503.0 751.0 495.0 758.0 480.0 742.0 488.0 734.0 Small_Car 1
521.0 742.0 515.0 748.0 501.0 732.0 508.0 726.0 Small_Car 1
542.0 731.0 533.0 738.0 521.0 721.0 530.0 715.0 Small_Car 1
552.0 726.0 544.0 733.0 529.0 715.0 537.0 708.0 Small_Car 1
