184.0 1000.0 176.0 1000.0 176.0 989.0 184.0 989.0 Small_Car 1
184.0 978.0 175.0 978.0 176.0 960.0 184.0 961.0 Small_Car 1
221.0 984.0 211.0 984.0 211.0 966.0 221.0 966.0 Small_Car 1
221.0 860.0 220.0 876.0 213.0 876.0 213.0 860.0 Small_Car 1
184.0 856.0 176.0 856.0 176.0 834.0 184.0 834.0 Small_Car 1
332.0 931.0 331.0 937.0 306.0 936.0 306.0 930.0 Small_Car 1
186.0 615.0 176.0 615.0 176.0 599.0 186.0 599.0 Small_Car 1
637.0 851.0 615.0 852.0 614.0 845.0 636.0 844.0 Small_Car 1
282.0 511.0 262.0 511.0 262.0 505.0 282.0 505.0 Small_Car 1
298.0 483.0 280.0 483.0 280.0 477.0 298.0 477.0 Small_Car 1
223.0 412.0 221.0 427.0 213.0 426.0 215.0 411.0 Small_Car 1
968.0 227.0 962.0 232.0 946.0 217.0 951.0 211.0 Small_Car 1
996.0 266.0 983.0 253.0 989.0 247.0 1002.0 260.0 Small_Car 1
994.0 267.0 989.0 273.0 972.0 259.0 977.0 253.0 Small_Car 1
975.0 278.0 969.0 283.0 954.0 268.0 959.0 262.0 Small_Car 1
928.0 481.0 905.0 480.0 905.0 474.0 928.0 475.0 Small_Car 1
848.0 538.0 840.0 537.0 841.0 522.0 848.0 522.0 Small_Car 1
861.0 540.0 853.0 540.0 853.0 523.0 861.0 523.0 Small_Car 1
883.0 522.0 876.0 522.0 876.0 504.0 883.0 504.0 Small_Car 1
873.0 523.0 872.0 539.0 863.0 539.0 864.0 522.0 Small_Car 1
895.0 539.0 886.0 539.0 886.0 522.0 895.0 521.0 Small_Car 1
965.0 585.0 956.0 585.0 956.0 567.0 964.0 567.0 Small_Car 1
285.0 919.0 259.0 918.0 259.0 909.0 285.0 910.0 Small_Car 1
677.0 429.0 653.0 429.0 653.0 420.0 677.0 421.0 Small_Car 1
646.0 412.0 645.0 421.0 623.0 421.0 623.0 412.0 Small_Car 1
379.0 19.0 378.0 27.0 355.0 26.0 355.0 18.0 Small_Car 1
