4.0 48.0 0.0 48.0 0.0 32.0 4.0 32.0 Small_Car 1
24.0 25.0 17.0 26.0 16.0 11.0 24.0 11.0 Small_Car 1
8.0 27.0 0.0 27.0 0.0 11.0 8.0 11.0 Small_Car 1
26.0 96.0 17.0 96.0 17.0 81.0 26.0 81.0 Small_Car 1
14.0 120.0 5.0 120.0 4.0 103.0 13.0 103.0 Small_Car 1
19.0 189.0 11.0 190.0 10.0 173.0 19.0 173.0 Small_Car 1
4.0 233.0 0.0 233.0 0.0 216.0 2.0 216.0 Small_Car 1
25.0 215.0 24.0 232.0 16.0 232.0 16.0 215.0 Small_Car 1
88.0 313.0 71.0 312.0 71.0 306.0 88.0 306.0 Small_Car 1
89.0 322.0 71.0 322.0 71.0 316.0 89.0 316.0 Small_Car 1
88.0 332.0 72.0 332.0 72.0 326.0 88.0 326.0 Small_Car 1
89.0 341.0 70.0 341.0 70.0 334.0 89.0 334.0 Small_Car 1
89.0 351.0 70.0 350.0 70.0 344.0 89.0 344.0 Small_Car 1
24.0 379.0 16.0 379.0 16.0 365.0 24.0 365.0 Small_Car 1
13.0 381.0 6.0 381.0 5.0 366.0 13.0 366.0 Small_Car 1
65.0 417.0 59.0 422.0 49.0 409.0 55.0 404.0 Small_Car 1
79.0 445.0 60.0 444.0 60.0 438.0 79.0 440.0 Small_Car 1
240.0 466.0 231.0 466.0 231.0 449.0 240.0 448.0 Small_Car 1
248.0 308.0 247.0 325.0 239.0 324.0 240.0 307.0 Small_Car 1
515.0 163.0 493.0 163.0 493.0 157.0 515.0 157.0 Small_Car 1
668.0 217.0 648.0 218.0 648.0 211.0 668.0 210.0 Small_Car 1
669.0 188.0 651.0 188.0 651.0 183.0 668.0 183.0 Small_Car 1
619.0 120.0 608.0 135.0 602.0 130.0 613.0 116.0 Small_Car 1
776.0 212.0 759.0 213.0 759.0 207.0 776.0 206.0 Small_Car 1
