693.0 932.0 685.0 933.0 684.0 916.0 692.0 916.0 Small_Car 1
150.0 1000.0 141.0 1000.0 141.0 983.0 150.0 983.0 Small_Car 1
105.0 839.0 88.0 839.0 88.0 833.0 105.0 833.0 Small_Car 1
31.0 833.0 11.0 833.0 11.0 827.0 31.0 827.0 Small_Car 1
39.0 726.0 17.0 726.0 17.0 719.0 39.0 719.0 Small_Car 1
547.0 760.0 533.0 760.0 533.0 754.0 547.0 754.0 Small_Car 1
572.0 761.0 552.0 761.0 552.0 755.0 572.0 755.0 Small_Car 1
597.0 762.0 576.0 762.0 576.0 755.0 597.0 755.0 Small_Car 1
362.0 758.0 340.0 758.0 340.0 750.0 362.0 750.0 Small_Car 1
271.0 725.0 250.0 725.0 250.0 718.0 271.0 719.0 Small_Car 1
417.0 726.0 396.0 726.0 396.0 719.0 417.0 719.0 Small_Car 1
484.0 727.0 466.0 727.0 466.0 721.0 484.0 721.0 Small_Car 1
517.0 727.0 498.0 727.0 498.0 721.0 517.0 721.0 Small_Car 1
553.0 727.0 534.0 727.0 534.0 721.0 553.0 721.0 Small_Car 1
580.0 727.0 559.0 727.0 559.0 720.0 580.0 720.0 Small_Car 1
522.0 652.0 514.0 652.0 514.0 638.0 522.0 637.0 Small_Car 1
368.0 635.0 366.0 652.0 359.0 651.0 360.0 635.0 Small_Car 1
416.0 695.0 408.0 695.0 407.0 680.0 415.0 679.0 Small_Car 1
494.0 695.0 487.0 696.0 486.0 681.0 493.0 681.0 Small_Car 1
518.0 696.0 510.0 696.0 510.0 680.0 518.0 681.0 Small_Car 1
592.0 667.0 571.0 667.0 572.0 660.0 592.0 660.0 Small_Car 1
589.0 621.0 570.0 620.0 571.0 613.0 589.0 614.0 Small_Car 1
590.0 584.0 570.0 584.0 570.0 577.0 590.0 577.0 Small_Car 1
567.0 421.0 562.0 434.0 554.0 431.0 559.0 417.0 Small_Car 1
943.0 417.0 919.0 417.0 919.0 409.0 943.0 410.0 Small_Car 1
126.0 359.0 105.0 358.0 105.0 351.0 126.0 353.0 Small_Car 1
