18.0 135.0 13.0 151.0 5.0 148.0 10.0 132.0 Small_Car 1
30.0 137.0 25.0 155.0 16.0 152.0 22.0 135.0 Small_Car 1
75.0 147.0 69.0 163.0 61.0 160.0 67.0 144.0 Small_Car 1
61.0 67.0 60.0 75.0 39.0 70.0 41.0 62.0 Small_Car 1
88.0 62.0 87.0 69.0 66.0 66.0 67.0 59.0 Small_Car 1
137.0 73.0 135.0 79.0 117.0 75.0 118.0 69.0 Small_Car 1
110.0 143.0 109.0 149.0 94.0 144.0 95.0 139.0 Small_Car 1
50.0 557.0 49.0 566.0 27.0 561.0 29.0 553.0 Small_Car 1
358.0 723.0 356.0 734.0 347.0 732.0 349.0 720.0 Small_Car 1
588.0 426.0 587.0 443.0 578.0 442.0 579.0 425.0 Small_Car 1
589.0 693.0 588.0 700.0 575.0 697.0 576.0 691.0 Small_Car 1
501.0 727.0 500.0 733.0 479.0 730.0 480.0 723.0 Small_Car 1
545.0 787.0 544.0 795.0 524.0 791.0 525.0 784.0 Small_Car 1
481.0 797.0 480.0 800.0 454.0 800.0 455.0 794.0 Small_Car 1
