38.0 952.0 20.0 967.0 13.0 959.0 31.0 944.0 Small_Car 1
48.0 917.0 43.0 924.0 25.0 913.0 29.0 906.0 Small_Car 1
22.0 904.0 18.0 910.0 1.0 900.0 5.0 893.0 Small_Car 1
13.0 879.0 0.0 880.0 0.0 871.0 12.0 869.0 Small_Car 1
25.0 827.0 14.0 842.0 7.0 838.0 18.0 822.0 Small_Car 1
78.0 819.0 73.0 825.0 59.0 814.0 64.0 808.0 Small_Car 1
65.0 824.0 60.0 831.0 43.0 819.0 48.0 812.0 Small_Car 1
38.0 787.0 24.0 802.0 16.0 795.0 30.0 780.0 Small_Car 1
69.0 786.0 57.0 800.0 48.0 793.0 60.0 779.0 Small_Car 1
157.0 758.0 152.0 766.0 135.0 755.0 140.0 748.0 Small_Car 1
239.0 975.0 233.0 985.0 222.0 978.0 229.0 968.0 Small_Car 1
299.0 911.0 286.0 926.0 277.0 917.0 289.0 903.0 Small_Car 1
396.0 864.0 392.0 871.0 373.0 861.0 378.0 854.0 Small_Car 1
418.0 835.0 414.0 844.0 393.0 833.0 397.0 825.0 Small_Car 1
427.0 825.0 423.0 833.0 403.0 823.0 407.0 815.0 Small_Car 1
547.0 804.0 531.0 818.0 526.0 811.0 541.0 797.0 Small_Car 1
577.0 766.0 568.0 774.0 554.0 760.0 562.0 751.0 Small_Car 1
610.0 772.0 602.0 779.0 588.0 764.0 596.0 757.0 Small_Car 1
655.0 771.0 649.0 788.0 638.0 785.0 644.0 767.0 Small_Car 1
674.0 790.0 657.0 801.0 654.0 794.0 671.0 784.0 Small_Car 1
694.0 939.0 676.0 950.0 672.0 942.0 690.0 932.0 Small_Car 1
715.0 926.0 696.0 937.0 692.0 930.0 711.0 918.0 Small_Car 1
745.0 959.0 729.0 971.0 723.0 962.0 739.0 950.0 Small_Car 1
720.0 977.0 701.0 987.0 697.0 980.0 717.0 971.0 Small_Car 1
792.0 730.0 786.0 735.0 774.0 721.0 781.0 716.0 Small_Car 1
805.0 724.0 800.0 729.0 787.0 717.0 793.0 711.0 Small_Car 1
817.0 716.0 811.0 723.0 796.0 709.0 802.0 703.0 Small_Car 1
101.0 624.0 97.0 631.0 77.0 622.0 80.0 615.0 Small_Car 1
160.0 657.0 148.0 672.0 142.0 667.0 154.0 652.0 Small_Car 1
223.0 682.0 218.0 690.0 199.0 679.0 204.0 671.0 Small_Car 1
245.0 667.0 241.0 675.0 222.0 666.0 226.0 658.0 Small_Car 1
258.0 653.0 255.0 660.0 234.0 652.0 237.0 645.0 Small_Car 1
297.0 682.0 281.0 698.0 274.0 690.0 290.0 675.0 Small_Car 1
328.0 701.0 314.0 714.0 307.0 707.0 321.0 693.0 Small_Car 1
360.0 713.0 344.0 725.0 339.0 718.0 355.0 706.0 Small_Car 1
330.0 653.0 317.0 663.0 312.0 658.0 325.0 647.0 Small_Car 1
342.0 639.0 331.0 650.0 325.0 645.0 336.0 633.0 Small_Car 1
397.0 659.0 390.0 672.0 382.0 667.0 389.0 655.0 Small_Car 1
419.0 603.0 407.0 617.0 400.0 611.0 412.0 597.0 Small_Car 1
499.0 595.0 491.0 607.0 484.0 603.0 492.0 590.0 Small_Car 1
491.0 608.0 488.0 613.0 477.0 607.0 480.0 602.0 Small_Car 1
499.0 561.0 496.0 566.0 479.0 559.0 481.0 554.0 Small_Car 1
370.0 499.0 367.0 505.0 348.0 495.0 351.0 489.0 Small_Car 1
389.0 510.0 386.0 515.0 367.0 505.0 370.0 499.0 Small_Car 1
370.0 476.0 358.0 489.0 351.0 482.0 363.0 469.0 Small_Car 1
120.0 512.0 107.0 525.0 100.0 518.0 113.0 505.0 Small_Car 1
268.0 526.0 264.0 532.0 246.0 521.0 250.0 515.0 Small_Car 1
296.0 491.0 290.0 498.0 275.0 484.0 281.0 477.0 Small_Car 1
322.0 478.0 313.0 482.0 305.0 466.0 314.0 462.0 Small_Car 1
341.0 442.0 336.0 448.0 321.0 437.0 326.0 430.0 Small_Car 1
436.0 432.0 433.0 437.0 415.0 429.0 417.0 424.0 Small_Car 1
617.0 580.0 603.0 594.0 596.0 587.0 610.0 573.0 Small_Car 1
843.0 626.0 836.0 633.0 823.0 619.0 830.0 613.0 Small_Car 1
823.0 949.0 809.0 957.0 805.0 950.0 819.0 943.0 Small_Car 1
967.0 850.0 949.0 859.0 946.0 852.0 964.0 843.0 Small_Car 1
986.0 840.0 968.0 849.0 964.0 840.0 982.0 832.0 Small_Car 1
996.0 290.0 983.0 301.0 978.0 295.0 991.0 284.0 Small_Car 1
1000.0 305.0 992.0 312.0 986.0 305.0 1000.0 294.0 Small_Car 1
879.0 352.0 874.0 358.0 858.0 347.0 862.0 341.0 Small_Car 1
705.0 336.0 690.0 350.0 685.0 345.0 699.0 331.0 Small_Car 1
664.0 331.0 641.0 330.0 641.0 323.0 664.0 324.0 Small_Car 1
666.0 324.0 644.0 321.0 645.0 314.0 666.0 316.0 Small_Car 1
928.0 536.0 922.0 542.0 909.0 527.0 916.0 521.0 Small_Car 1
989.0 580.0 979.0 586.0 976.0 580.0 986.0 575.0 Small_Car 1
662.0 227.0 654.0 232.0 644.0 215.0 652.0 210.0 Small_Car 1
672.0 218.0 665.0 224.0 652.0 211.0 659.0 204.0 Small_Car 1
684.0 201.0 678.0 205.0 669.0 192.0 675.0 188.0 Small_Car 1
826.0 229.0 816.0 241.0 810.0 236.0 820.0 224.0 Small_Car 1
804.0 158.0 789.0 173.0 784.0 167.0 799.0 152.0 Small_Car 1
839.0 184.0 826.0 197.0 820.0 192.0 833.0 178.0 Small_Car 1
882.0 215.0 878.0 223.0 864.0 214.0 868.0 207.0 Small_Car 1
850.0 172.0 841.0 183.0 835.0 177.0 844.0 167.0 Small_Car 1
801.0 94.0 798.0 101.0 780.0 92.0 784.0 85.0 Small_Car 1
824.0 151.0 811.0 165.0 807.0 161.0 819.0 147.0 Small_Car 1
996.0 48.0 977.0 37.0 981.0 29.0 1000.0 40.0 Small_Car 1
629.0 649.0 623.0 654.0 611.0 638.0 617.0 633.0 Small_Car 1
640.0 638.0 634.0 645.0 620.0 631.0 626.0 625.0 Small_Car 1
602.0 493.0 599.0 499.0 584.0 490.0 588.0 484.0 Small_Car 1
711.0 830.0 690.0 841.0 686.0 833.0 706.0 822.0 Small_Car 1
109.0 134.0 100.0 138.0 92.0 120.0 101.0 116.0 Small_Car 1
100.0 115.0 94.0 118.0 90.0 105.0 96.0 103.0 Small_Car 1
198.0 60.0 180.0 65.0 178.0 57.0 196.0 52.0 Small_Car 1
