127.0 512.0 126.0 519.0 110.0 517.0 111.0 510.0 Small_Car 1
60.0 486.0 39.0 485.0 39.0 477.0 60.0 479.0 Small_Car 1
32.0 483.0 14.0 481.0 15.0 475.0 32.0 477.0 Small_Car 1
103.0 68.0 102.0 75.0 86.0 74.0 86.0 67.0 Small_Car 1
518.0 359.0 497.0 359.0 497.0 352.0 518.0 353.0 Small_Car 1
489.0 484.0 472.0 483.0 472.0 476.0 489.0 478.0 Small_Car 1
426.0 483.0 407.0 482.0 408.0 476.0 426.0 477.0 Small_Car 1
425.0 444.0 424.0 451.0 406.0 449.0 406.0 443.0 Small_Car 1
140.0 445.0 133.0 445.0 133.0 431.0 140.0 431.0 Small_Car 1
394.0 726.0 393.0 742.0 386.0 742.0 386.0 726.0 Small_Car 1
409.0 728.0 408.0 745.0 400.0 744.0 401.0 728.0 Small_Car 1
426.0 745.0 419.0 745.0 418.0 730.0 426.0 730.0 Small_Car 1
