732.0 247.0 722.0 248.0 721.0 232.0 730.0 231.0 Small_Car 1
758.0 210.0 748.0 212.0 745.0 194.0 755.0 192.0 Small_Car 1
736.0 268.0 727.0 270.0 724.0 252.0 733.0 250.0 Small_Car 1
753.0 351.0 743.0 354.0 738.0 332.0 749.0 330.0 Small_Car 1
788.0 364.0 777.0 367.0 772.0 347.0 783.0 345.0 Small_Car 1
759.0 393.0 750.0 394.0 748.0 376.0 757.0 375.0 Small_Car 1
576.0 423.0 568.0 424.0 566.0 410.0 575.0 409.0 Small_Car 1
434.0 487.0 409.0 489.0 408.0 483.0 433.0 481.0 Small_Car 1
799.0 498.0 789.0 499.0 787.0 481.0 797.0 480.0 Small_Car 1
40.0 65.0 34.0 66.0 32.0 51.0 39.0 51.0 Small_Car 1
49.0 108.0 40.0 110.0 37.0 94.0 46.0 92.0 Small_Car 1
94.0 73.0 71.0 77.0 70.0 70.0 93.0 66.0 Small_Car 1
118.0 285.0 115.0 292.0 93.0 282.0 97.0 275.0 Small_Car 1
198.0 655.0 195.0 671.0 184.0 670.0 187.0 653.0 Small_Car 1
71.0 652.0 52.0 652.0 52.0 643.0 71.0 643.0 Small_Car 1
69.0 873.0 58.0 874.0 57.0 857.0 68.0 856.0 Small_Car 1
129.0 911.0 106.0 913.0 105.0 906.0 128.0 903.0 Small_Car 1
449.0 629.0 426.0 631.0 425.0 624.0 448.0 622.0 Small_Car 1
446.0 620.0 422.0 622.0 421.0 616.0 445.0 613.0 Small_Car 1
442.0 612.0 420.0 614.0 419.0 607.0 442.0 605.0 Small_Car 1
513.0 616.0 492.0 616.0 492.0 609.0 513.0 609.0 Small_Car 1
517.0 666.0 503.0 667.0 503.0 660.0 516.0 659.0 Small_Car 1
426.0 861.0 403.0 863.0 403.0 857.0 426.0 855.0 Small_Car 1
455.0 858.0 431.0 860.0 431.0 854.0 454.0 852.0 Small_Car 1
434.0 928.0 424.0 929.0 423.0 912.0 433.0 911.0 Small_Car 1
636.0 733.0 627.0 738.0 621.0 726.0 630.0 722.0 Small_Car 1
666.0 742.0 644.0 744.0 644.0 738.0 665.0 736.0 Small_Car 1
803.0 634.0 795.0 635.0 792.0 620.0 800.0 619.0 Small_Car 1
779.0 765.0 759.0 767.0 758.0 759.0 778.0 757.0 Small_Car 1
870.0 445.0 846.0 445.0 846.0 438.0 870.0 438.0 Small_Car 1
926.0 437.0 904.0 439.0 904.0 432.0 926.0 431.0 Small_Car 1
869.0 68.0 858.0 69.0 856.0 52.0 867.0 51.0 Small_Car 1
