263.0 928.0 253.0 928.0 252.0 911.0 262.0 911.0 Small_Car 1
102.0 971.0 101.0 979.0 78.0 977.0 78.0 969.0 Small_Car 1
160.0 984.0 138.0 982.0 139.0 975.0 160.0 977.0 Small_Car 1
699.0 912.0 698.0 928.0 688.0 927.0 689.0 911.0 Small_Car 1
705.0 886.0 694.0 886.0 694.0 871.0 704.0 870.0 Small_Car 1
678.0 750.0 677.0 757.0 660.0 755.0 661.0 748.0 Small_Car 1
354.0 737.0 330.0 738.0 330.0 730.0 354.0 730.0 Small_Car 1
353.0 746.0 330.0 746.0 330.0 739.0 353.0 740.0 Small_Car 1
400.0 715.0 379.0 715.0 379.0 709.0 400.0 709.0 Small_Car 1
409.0 735.0 386.0 735.0 386.0 727.0 409.0 727.0 Small_Car 1
408.0 725.0 386.0 724.0 386.0 717.0 408.0 718.0 Small_Car 1
281.0 617.0 270.0 617.0 270.0 601.0 281.0 601.0 Small_Car 1
276.0 538.0 264.0 538.0 263.0 520.0 275.0 520.0 Small_Car 1
296.0 450.0 284.0 450.0 283.0 434.0 295.0 434.0 Small_Car 1
311.0 418.0 301.0 420.0 298.0 404.0 308.0 402.0 Small_Car 1
307.0 241.0 306.0 259.0 295.0 258.0 296.0 240.0 Small_Car 1
261.0 216.0 249.0 216.0 249.0 200.0 261.0 200.0 Small_Car 1
226.0 267.0 215.0 267.0 215.0 251.0 225.0 251.0 Small_Car 1
213.0 266.0 203.0 266.0 202.0 252.0 212.0 251.0 Small_Car 1
188.0 268.0 177.0 268.0 178.0 253.0 188.0 253.0 Small_Car 1
306.0 20.0 295.0 20.0 295.0 5.0 306.0 5.0 Small_Car 1
483.0 495.0 462.0 494.0 462.0 486.0 483.0 487.0 Small_Car 1
431.0 631.0 420.0 632.0 419.0 616.0 430.0 615.0 Small_Car 1
473.0 646.0 464.0 646.0 463.0 632.0 472.0 632.0 Small_Car 1
375.0 588.0 363.0 588.0 362.0 571.0 375.0 571.0 Small_Car 1
427.0 575.0 425.0 592.0 416.0 591.0 417.0 574.0 Small_Car 1
450.0 594.0 441.0 595.0 440.0 579.0 449.0 579.0 Small_Car 1
496.0 598.0 485.0 598.0 485.0 582.0 496.0 581.0 Small_Car 1
586.0 483.0 564.0 485.0 564.0 478.0 585.0 476.0 Small_Car 1
586.0 473.0 564.0 473.0 564.0 466.0 586.0 466.0 Small_Car 1
589.0 454.0 564.0 453.0 565.0 445.0 589.0 446.0 Small_Car 1
531.0 371.0 530.0 388.0 518.0 388.0 518.0 371.0 Small_Car 1
573.0 378.0 572.0 384.0 548.0 381.0 549.0 375.0 Small_Car 1
552.0 259.0 550.0 276.0 539.0 275.0 541.0 258.0 Small_Car 1
690.0 84.0 688.0 91.0 674.0 88.0 675.0 81.0 Small_Car 1
775.0 183.0 766.0 184.0 764.0 168.0 774.0 167.0 Small_Car 1
724.0 222.0 712.0 222.0 712.0 205.0 724.0 205.0 Small_Car 1
774.0 216.0 764.0 217.0 763.0 207.0 773.0 206.0 Small_Car 1
777.0 241.0 766.0 244.0 761.0 227.0 772.0 224.0 Small_Car 1
776.0 433.0 765.0 433.0 764.0 410.0 775.0 409.0 Small_Car 1
874.0 434.0 870.0 451.0 859.0 449.0 863.0 431.0 Small_Car 1
950.0 121.0 948.0 139.0 936.0 137.0 938.0 120.0 Small_Car 1
926.0 115.0 922.0 133.0 914.0 131.0 917.0 114.0 Small_Car 1
895.0 139.0 872.0 138.0 872.0 130.0 895.0 131.0 Small_Car 1
814.0 120.0 813.0 126.0 795.0 124.0 795.0 119.0 Small_Car 1
1002.0 343.0 983.0 349.0 982.0 342.0 1000.0 337.0 Small_Car 1
1000.0 547.0 981.0 544.0 983.0 537.0 1000.0 540.0 Small_Car 1
