359.0 791.0 356.0 797.0 339.0 789.0 343.0 782.0 Small_Car 1
358.0 779.0 355.0 785.0 337.0 777.0 339.0 771.0 Small_Car 1
424.0 704.0 415.0 708.0 408.0 691.0 417.0 687.0 Small_Car 1
438.0 710.0 427.0 713.0 423.0 693.0 433.0 691.0 Small_Car 1
524.0 735.0 515.0 738.0 510.0 720.0 519.0 717.0 Small_Car 1
507.0 683.0 491.0 694.0 486.0 687.0 503.0 676.0 Small_Car 1
438.0 662.0 422.0 671.0 418.0 665.0 434.0 655.0 Small_Car 1
456.0 650.0 440.0 658.0 436.0 651.0 453.0 643.0 Small_Car 1
480.0 656.0 465.0 666.0 461.0 660.0 476.0 650.0 Small_Car 1
504.0 665.0 488.0 674.0 483.0 667.0 499.0 657.0 Small_Car 1
535.0 650.0 525.0 651.0 523.0 632.0 533.0 630.0 Small_Car 1
583.0 619.0 581.0 626.0 562.0 620.0 564.0 614.0 Small_Car 1
592.0 602.0 573.0 604.0 572.0 597.0 591.0 595.0 Small_Car 1
598.0 593.0 578.0 595.0 577.0 588.0 598.0 586.0 Small_Car 1
532.0 578.0 525.0 584.0 513.0 570.0 519.0 564.0 Small_Car 1
493.0 558.0 473.0 559.0 472.0 552.0 492.0 550.0 Small_Car 1
547.0 540.0 542.0 546.0 531.0 535.0 536.0 529.0 Small_Car 1
560.0 512.0 554.0 518.0 542.0 506.0 547.0 500.0 Small_Car 1
587.0 507.0 582.0 512.0 569.0 498.0 575.0 493.0 Small_Car 1
593.0 498.0 588.0 503.0 573.0 491.0 578.0 485.0 Small_Car 1
595.0 487.0 591.0 492.0 577.0 481.0 581.0 476.0 Small_Car 1
544.0 448.0 521.0 450.0 521.0 441.0 543.0 439.0 Small_Car 1
576.0 316.0 567.0 332.0 560.0 328.0 569.0 312.0 Small_Car 1
588.0 295.0 579.0 311.0 571.0 307.0 580.0 290.0 Small_Car 1
560.0 148.0 553.0 165.0 547.0 162.0 554.0 146.0 Small_Car 1
587.0 35.0 581.0 52.0 571.0 49.0 577.0 32.0 Small_Car 1
516.0 218.0 510.0 237.0 502.0 235.0 508.0 216.0 Small_Car 1
403.0 221.0 384.0 224.0 383.0 218.0 402.0 215.0 Small_Car 1
240.0 698.0 231.0 698.0 231.0 681.0 240.0 681.0 Small_Car 1
32.0 572.0 13.0 577.0 11.0 570.0 30.0 564.0 Small_Car 1
84.0 525.0 67.0 530.0 65.0 522.0 82.0 518.0 Small_Car 1
