51.0 276.0 27.0 276.0 27.0 266.0 51.0 265.0 Small_Car 1
262.0 616.0 245.0 622.0 243.0 616.0 260.0 610.0 Small_Car 1
63.0 899.0 57.0 903.0 46.0 889.0 52.0 884.0 Small_Car 1
77.0 482.0 61.0 489.0 57.0 481.0 73.0 473.0 Small_Car 1
45.0 582.0 27.0 590.0 24.0 582.0 42.0 574.0 Small_Car 1
237.0 613.0 216.0 620.0 214.0 613.0 234.0 606.0 Small_Car 1
992.0 905.0 983.0 924.0 973.0 919.0 981.0 900.0 Small_Car 1
977.0 910.0 968.0 925.0 959.0 920.0 967.0 905.0 Small_Car 1
931.0 873.0 908.0 880.0 905.0 872.0 928.0 864.0 Small_Car 1
900.0 880.0 880.0 888.0 877.0 880.0 897.0 872.0 Small_Car 1
872.0 889.0 851.0 896.0 848.0 888.0 870.0 882.0 Small_Car 1
704.0 952.0 683.0 961.0 680.0 953.0 700.0 944.0 Small_Car 1
789.0 962.0 782.0 980.0 771.0 976.0 779.0 958.0 Small_Car 1
742.0 974.0 735.0 991.0 725.0 987.0 732.0 969.0 Small_Car 1
37.0 920.0 30.0 925.0 18.0 908.0 25.0 903.0 Small_Car 1
545.0 103.0 542.0 121.0 532.0 119.0 535.0 101.0 Small_Car 1
498.0 78.0 485.0 77.0 485.0 71.0 498.0 72.0 Small_Car 1
459.0 94.0 457.0 111.0 448.0 111.0 450.0 94.0 Small_Car 1
437.0 90.0 434.0 105.0 425.0 103.0 427.0 88.0 Small_Car 1
330.0 94.0 320.0 94.0 321.0 78.0 330.0 78.0 Small_Car 1
10.0 65.0 10.0 74.0 0.0 73.0 0.0 64.0 Small_Car 1
