304.0 793.0 295.0 798.0 288.0 784.0 297.0 779.0 Small_Car 1
338.0 783.0 330.0 787.0 324.0 772.0 332.0 768.0 Small_Car 1
279.0 798.0 271.0 803.0 263.0 790.0 271.0 785.0 Small_Car 1
208.0 815.0 201.0 818.0 195.0 803.0 202.0 800.0 Small_Car 1
183.0 879.0 174.0 884.0 164.0 866.0 173.0 861.0 Small_Car 1
105.0 925.0 98.0 932.0 86.0 921.0 93.0 913.0 Small_Car 1
97.0 932.0 93.0 939.0 78.0 931.0 82.0 924.0 Small_Car 1
869.0 347.0 862.0 353.0 851.0 340.0 857.0 334.0 Small_Car 1
909.0 144.0 889.0 154.0 885.0 147.0 905.0 136.0 Small_Car 1
999.0 174.0 989.0 178.0 983.0 161.0 993.0 157.0 Small_Car 1
986.0 176.0 977.0 179.0 972.0 164.0 982.0 161.0 Small_Car 1
972.0 176.0 964.0 179.0 960.0 165.0 967.0 162.0 Small_Car 1
943.0 185.0 935.0 190.0 927.0 175.0 936.0 171.0 Small_Car 1
918.0 191.0 908.0 195.0 903.0 181.0 912.0 177.0 Small_Car 1
853.0 221.0 847.0 227.0 836.0 216.0 842.0 210.0 Small_Car 1
775.0 267.0 770.0 272.0 759.0 260.0 765.0 255.0 Small_Car 1
864.0 271.0 858.0 277.0 844.0 263.0 850.0 257.0 Small_Car 1
887.0 280.0 882.0 285.0 869.0 273.0 874.0 268.0 Small_Car 1
873.0 265.0 867.0 271.0 854.0 257.0 860.0 251.0 Small_Car 1
894.0 253.0 888.0 259.0 876.0 248.0 883.0 241.0 Small_Car 1
918.0 243.0 910.0 245.0 906.0 231.0 914.0 228.0 Small_Car 1
932.0 238.0 924.0 242.0 917.0 228.0 925.0 223.0 Small_Car 1
952.0 229.0 943.0 232.0 938.0 218.0 948.0 215.0 Small_Car 1
961.0 224.0 955.0 228.0 949.0 218.0 956.0 214.0 Small_Car 1
993.857666 218.544464 988.857666 202.544464 997.0 199.999969 1002.0 215.999969 Small_Car 1
955.0 297.0 946.0 300.0 940.0 284.0 950.0 281.0 Small_Car 1
998.0 339.0 989.0 342.0 984.0 325.0 993.0 323.0 Small_Car 1
649.0 609.0 639.0 613.0 633.0 597.0 643.0 593.0 Small_Car 1
