364.0 492.0 354.0 504.0 346.0 497.0 356.0 486.0 Small_Car 1
343.0 459.0 338.0 466.0 320.0 453.0 326.0 446.0 Small_Car 1
330.0 445.0 307.0 447.0 306.0 439.0 330.0 438.0 Small_Car 1
284.0 442.0 278.0 448.0 263.0 435.0 269.0 429.0 Small_Car 1
229.0 479.0 218.0 481.0 216.0 463.0 227.0 462.0 Small_Car 1
136.0 536.0 127.0 536.0 126.0 518.0 136.0 518.0 Small_Car 1
137.0 578.0 126.0 578.0 126.0 559.0 137.0 559.0 Small_Car 1
181.0 669.0 172.0 669.0 172.0 652.0 181.0 652.0 Small_Car 1
511.0 650.0 505.0 656.0 488.0 641.0 494.0 635.0 Small_Car 1
478.0 568.0 462.0 580.0 457.0 573.0 473.0 561.0 Small_Car 1
520.0 539.0 506.0 550.0 502.0 544.0 515.0 533.0 Small_Car 1
546.0 572.0 533.0 583.0 528.0 577.0 541.0 567.0 Small_Car 1
542.0 525.0 526.0 536.0 522.0 530.0 537.0 518.0 Small_Car 1
418.0 16.0 413.0 22.0 397.0 8.0 402.0 2.0 Small_Car 1
561.0 12.0 548.0 24.0 542.0 17.0 555.0 5.0 Small_Car 1
520.0 42.0 512.0 48.0 507.0 40.0 515.0 35.0 Small_Car 1
357.0 196.0 351.0 202.0 337.0 189.0 343.0 183.0 Small_Car 1
370.0 207.0 366.0 213.0 354.0 202.0 358.0 197.0 Small_Car 1
568.0 423.0 565.0 429.0 547.0 418.0 551.0 412.0 Small_Car 1
