428.0 897.0 407.0 898.0 407.0 889.0 428.0 889.0 Small_Car 1
454.0 868.0 444.0 868.0 444.0 854.0 454.0 854.0 Small_Car 1
516.0 876.0 493.0 876.0 493.0 868.0 516.0 867.0 Small_Car 1
602.0 928.0 591.0 929.0 590.0 913.0 600.0 911.0 Small_Car 1
643.0 876.0 617.0 877.0 617.0 867.0 642.0 866.0 Small_Car 1
950.0 853.0 941.0 853.0 941.0 838.0 950.0 838.0 Small_Car 1
845.0 823.0 834.0 823.0 834.0 807.0 845.0 807.0 Small_Car 1
844.0 748.0 833.0 747.0 833.0 733.0 844.0 733.0 Small_Car 1
956.0 642.0 926.0 643.0 925.0 635.0 956.0 633.0 Small_Car 1
909.0 666.0 900.0 666.0 900.0 653.0 909.0 653.0 Small_Car 1
921.0 667.0 914.0 667.0 914.0 652.0 921.0 652.0 Small_Car 1
929.0 615.0 899.0 617.0 899.0 609.0 928.0 606.0 Small_Car 1
908.0 478.0 887.0 477.0 887.0 468.0 908.0 469.0 Small_Car 1
972.0 31.0 957.0 41.0 953.0 35.0 968.0 25.0 Small_Car 1
876.0 79.0 858.0 90.0 853.0 83.0 871.0 72.0 Small_Car 1
884.0 155.0 870.0 164.0 866.0 157.0 880.0 148.0 Small_Car 1
669.0 226.0 650.0 237.0 647.0 230.0 665.0 220.0 Small_Car 1
587.0 263.0 570.0 274.0 565.0 267.0 583.0 256.0 Small_Car 1
495.0 214.0 489.0 221.0 475.0 209.0 480.0 203.0 Small_Car 1
374.0 276.0 368.0 279.0 357.0 261.0 364.0 257.0 Small_Car 1
258.0 299.0 250.0 300.0 248.0 287.0 256.0 285.0 Small_Car 1
245.0 300.0 224.0 302.0 224.0 295.0 245.0 293.0 Small_Car 1
242.0 312.0 221.0 317.0 219.0 308.0 241.0 303.0 Small_Car 1
205.0 338.0 176.0 342.0 175.0 333.0 204.0 329.0 Small_Car 1
232.0 334.0 206.0 338.0 205.0 330.0 230.0 326.0 Small_Car 1
128.0 367.0 122.0 372.0 108.0 355.0 114.0 351.0 Small_Car 1
59.0 292.0 46.0 291.0 47.0 274.0 59.0 274.0 Small_Car 1
56.0 270.0 48.0 271.0 46.0 256.0 54.0 255.0 Small_Car 1
24.0 287.0 16.0 287.0 16.0 274.0 24.0 274.0 Small_Car 1
40.0 242.0 29.0 257.0 22.0 252.0 33.0 237.0 Small_Car 1
137.0 155.0 123.0 167.0 118.0 160.0 131.0 149.0 Small_Car 1
152.0 126.0 132.0 127.0 132.0 120.0 152.0 119.0 Small_Car 1
98.0 73.0 97.0 81.0 75.0 76.0 77.0 68.0 Small_Car 1
245.0 102.0 237.0 102.0 237.0 86.0 245.0 86.0 Small_Car 1
338.0 117.0 328.0 117.0 328.0 98.0 337.0 98.0 Small_Car 1
352.0 114.0 341.0 114.0 341.0 98.0 352.0 98.0 Small_Car 1
437.0 100.0 427.0 113.0 420.0 108.0 431.0 95.0 Small_Car 1
437.0 154.0 422.0 155.0 422.0 150.0 437.0 149.0 Small_Car 1
725.0 176.0 705.0 188.0 700.0 180.0 720.0 168.0 Small_Car 1
491.0 390.0 475.0 403.0 469.0 396.0 485.0 383.0 Small_Car 1
325.0 477.0 310.0 488.0 305.0 481.0 320.0 470.0 Small_Car 1
252.0 488.0 235.0 499.0 230.0 492.0 247.0 480.0 Small_Car 1
42.0 613.0 30.0 621.0 25.0 613.0 37.0 604.0 Small_Car 1
44.0 644.0 27.0 655.0 22.0 647.0 39.0 637.0 Small_Car 1
30.0 667.0 13.0 676.0 9.0 669.0 26.0 660.0 Small_Car 1
54.0 708.0 30.0 713.0 29.0 705.0 52.0 701.0 Small_Car 1
113.0 690.0 88.0 694.0 87.0 686.0 110.0 682.0 Small_Car 1
120.0 706.0 95.0 710.0 95.0 702.0 119.0 699.0 Small_Car 1
