131.0 632.0 130.0 641.0 113.0 640.0 114.0 631.0 Small_Car 1
191.0 567.0 185.0 583.0 176.0 580.0 181.0 564.0 Small_Car 1
37.0 548.0 27.0 567.0 17.0 562.0 28.0 543.0 Small_Car 1
93.0 328.0 79.0 342.0 71.0 335.0 84.0 320.0 Small_Car 1
200.0 505.0 190.0 517.0 183.0 512.0 194.0 499.0 Small_Car 1
207.0 494.0 203.0 503.0 192.0 499.0 196.0 490.0 Small_Car 1
216.0 422.0 214.0 429.0 192.0 423.0 194.0 416.0 Small_Car 1
229.0 397.0 226.0 405.0 205.0 399.0 208.0 391.0 Small_Car 1
269.0 390.0 261.0 408.0 251.0 403.0 260.0 386.0 Small_Car 1
234.0 520.0 222.0 523.0 218.0 506.0 230.0 503.0 Small_Car 1
434.0 442.0 431.0 449.0 410.0 439.0 413.0 432.0 Small_Car 1
343.0 721.0 338.0 734.0 331.0 732.0 335.0 719.0 Small_Car 1
292.0 707.0 286.0 723.0 275.0 719.0 281.0 703.0 Small_Car 1
322.0 715.0 316.0 731.0 307.0 727.0 313.0 711.0 Small_Car 1
194.0 729.0 189.0 744.0 177.0 740.0 181.0 725.0 Small_Car 1
241.0 739.0 237.0 757.0 227.0 755.0 231.0 737.0 Small_Car 1
232.0 734.0 224.0 754.0 211.0 748.0 219.0 729.0 Small_Car 1
206.0 728.0 202.0 746.0 191.0 743.0 195.0 726.0 Small_Car 1
199.0 748.0 194.0 762.0 185.0 759.0 191.0 745.0 Small_Car 1
206.0 768.0 198.0 786.0 187.0 780.0 195.0 763.0 Small_Car 1
476.0 635.0 471.0 655.0 458.0 651.0 463.0 632.0 Small_Car 1
507.0 689.0 506.0 696.0 482.0 691.0 483.0 684.0 Small_Car 1
504.0 138.0 496.0 153.0 488.0 149.0 496.0 134.0 Small_Car 1
527.0 82.0 518.0 101.0 508.0 96.0 517.0 77.0 Small_Car 1
503.0 75.0 494.0 93.0 484.0 87.0 492.0 70.0 Small_Car 1
29.0 240.0 18.0 240.0 18.0 223.0 29.0 223.0 Small_Car 1
44.0 226.0 38.0 242.0 29.0 238.0 34.0 223.0 Small_Car 1
114.0 197.0 103.0 213.0 94.0 207.0 105.0 191.0 Small_Car 1
139.0 204.0 129.0 218.0 122.0 213.0 131.0 199.0 Small_Car 1
164.0 235.0 162.0 241.0 139.0 235.0 141.0 228.0 Small_Car 1
171.0 218.0 162.0 233.0 154.0 228.0 163.0 214.0 Small_Car 1
133.0 299.0 131.0 306.0 107.0 299.0 109.0 292.0 Small_Car 1
275.0 240.0 274.0 247.0 249.0 244.0 250.0 236.0 Small_Car 1
512.0 294.0 509.0 302.0 489.0 295.0 492.0 287.0 Small_Car 1
302.0 275.0 295.0 291.0 285.0 287.0 292.0 271.0 Small_Car 1
279.0 316.0 269.0 330.0 261.0 325.0 270.0 310.0 Small_Car 1
412.0 307.0 410.0 315.0 387.0 307.0 390.0 300.0 Small_Car 1
382.0 291.0 379.0 297.0 356.0 289.0 359.0 283.0 Small_Car 1
359.0 293.0 357.0 300.0 345.0 296.0 347.0 289.0 Small_Car 1
461.0 409.0 457.0 418.0 444.0 412.0 448.0 404.0 Small_Car 1
551.0 412.0 538.0 428.0 530.0 421.0 543.0 405.0 Small_Car 1
