832.0 819.0 825.0 825.0 821.0 821.0 828.0 815.0 Small_Car 1
715.0 822.0 711.0 830.0 694.0 820.0 697.0 812.0 Small_Car 1
805.0 613.0 789.0 624.0 785.0 618.0 801.0 607.0 Small_Car 1
661.0 784.0 658.0 799.0 650.0 798.0 652.0 782.0 Small_Car 1
674.0 864.0 673.0 879.0 664.0 878.0 665.0 864.0 Small_Car 1
648.0 979.0 645.0 997.0 635.0 995.0 637.0 977.0 Small_Car 1
226.0 952.0 221.0 959.0 204.0 949.0 209.0 942.0 Small_Car 1
147.0 967.0 145.0 974.0 126.0 969.0 127.0 962.0 Small_Car 1
95.0 969.0 75.0 968.0 76.0 960.0 95.0 961.0 Small_Car 1
224.0 644.0 208.0 655.0 202.0 649.0 219.0 637.0 Small_Car 1
356.0 560.0 348.0 576.0 339.0 572.0 347.0 556.0 Small_Car 1
367.0 525.0 364.0 542.0 355.0 541.0 358.0 523.0 Small_Car 1
289.0 375.0 269.0 385.0 265.0 376.0 285.0 366.0 Small_Car 1
306.0 359.0 300.0 366.0 286.0 353.0 292.0 346.0 Small_Car 1
538.0 258.0 516.0 264.0 514.0 257.0 536.0 251.0 Small_Car 1
