385.0 365.0 362.0 365.0 362.0 357.0 385.0 357.0 Small_Car 1
609.0 358.0 587.0 358.0 586.0 351.0 609.0 351.0 Small_Car 1
633.0 358.0 609.0 357.0 609.0 351.0 633.0 351.0 Small_Car 1
606.0 334.0 585.0 334.0 585.0 327.0 606.0 328.0 Small_Car 1
961.0 324.0 939.0 324.0 939.0 317.0 961.0 317.0 Small_Car 1
679.0 314.0 671.0 315.0 670.0 297.0 678.0 297.0 Small_Car 1
824.0 249.0 816.0 251.0 813.0 237.0 821.0 235.0 Small_Car 1
764.0 15.0 756.0 16.0 754.0 0.0 762.0 0.0 Small_Car 1
729.0 16.0 721.0 19.0 715.0 0.0 724.0 0.0 Small_Car 1
703.0 21.0 694.0 23.0 691.0 5.0 701.0 4.0 Small_Car 1
509.0 214.0 488.0 214.0 487.0 208.0 509.0 208.0 Small_Car 1
447.0 177.0 425.0 178.0 425.0 172.0 447.0 171.0 Small_Car 1
522.0 164.0 498.0 165.0 497.0 158.0 522.0 158.0 Small_Car 1
515.0 144.0 494.0 146.0 494.0 139.0 514.0 138.0 Small_Car 1
213.0 102.0 195.0 103.0 195.0 96.0 213.0 95.0 Small_Car 1
33.0 56.0 9.0 58.0 8.0 51.0 32.0 49.0 Small_Car 1
152.0 414.0 143.0 415.0 141.0 399.0 150.0 398.0 Small_Car 1
498.0 405.0 489.0 407.0 487.0 389.0 495.0 388.0 Small_Car 1
802.0 383.0 800.0 401.0 792.0 400.0 793.0 383.0 Small_Car 1
939.0 417.0 930.0 418.0 930.0 397.0 939.0 397.0 Small_Car 1
463.0 690.0 454.0 691.0 453.0 675.0 462.0 675.0 Small_Car 1
84.0 672.0 64.0 676.0 63.0 669.0 82.0 665.0 Small_Car 1
37.0 643.0 27.0 643.0 28.0 625.0 37.0 625.0 Small_Car 1
8.0 616.0 0.0 617.0 0.0 600.0 8.0 599.0 Small_Car 1
9.0 715.0 0.0 715.0 0.0 708.0 9.0 709.0 Small_Car 1
107.0 714.0 84.0 714.0 85.0 707.0 107.0 707.0 Small_Car 1
789.0 771.0 781.0 772.0 780.0 756.0 789.0 756.0 Small_Car 1
552.0 925.0 542.0 925.0 542.0 907.0 552.0 907.0 Small_Car 1
109.0 895.0 103.0 901.0 88.0 886.0 94.0 880.0 Small_Car 1
617.0 960.0 608.0 960.0 608.0 939.0 617.0 939.0 Small_Car 1
943.0 974.0 932.0 974.0 932.0 947.0 943.0 947.0 Small_Car 1
423.0 177.0 402.0 177.0 402.0 172.0 423.0 172.0 Small_Car 1
