233.0 91.0 230.0 101.0 208.0 94.0 211.0 84.0 Small_Car 1
313.0 152.0 295.0 152.0 295.0 143.0 312.0 143.0 Small_Car 1
403.0 87.0 401.0 96.0 377.0 92.0 380.0 83.0 Small_Car 1
563.0 362.0 560.0 370.0 540.0 362.0 542.0 354.0 Small_Car 1
779.0 474.0 774.0 489.0 765.0 486.0 771.0 471.0 Small_Car 1
573.0 403.0 569.0 425.0 557.0 422.0 562.0 400.0 Small_Car 1
686.0 113.0 684.0 118.0 663.0 109.0 666.0 104.0 Small_Car 1
346.0 328.0 338.0 342.0 330.0 337.0 338.0 323.0 Small_Car 1
551.0 458.0 542.0 473.0 534.0 469.0 542.0 454.0 Small_Car 1
732.0 103.0 727.0 120.0 717.0 117.0 721.0 100.0 Small_Car 1
300.0 472.0 292.0 489.0 283.0 485.0 291.0 468.0 Small_Car 1
