47.0 783.0 25.0 784.0 25.0 776.0 47.0 775.0 Small_Car 1
57.0 821.0 56.0 827.0 38.0 826.0 38.0 820.0 Small_Car 1
133.0 824.0 118.0 825.0 117.0 819.0 132.0 817.0 Small_Car 1
80.0 784.0 59.0 784.0 58.0 776.0 80.0 775.0 Small_Car 1
109.0 785.0 87.0 784.0 88.0 775.0 109.0 776.0 Small_Car 1
169.0 782.0 147.0 781.0 147.0 774.0 169.0 774.0 Small_Car 1
209.0 782.0 187.0 781.0 187.0 774.0 209.0 775.0 Small_Car 1
174.0 824.0 153.0 825.0 152.0 819.0 174.0 818.0 Small_Car 1
272.0 823.0 253.0 823.0 253.0 815.0 272.0 815.0 Small_Car 1
297.0 814.0 296.0 824.0 275.0 822.0 276.0 812.0 Small_Car 1
332.0 822.0 310.0 822.0 310.0 814.0 332.0 814.0 Small_Car 1
300.0 855.0 291.0 856.0 290.0 836.0 299.0 836.0 Small_Car 1
268.0 781.0 249.0 782.0 249.0 773.0 268.0 773.0 Small_Car 1
294.0 779.0 272.0 779.0 272.0 772.0 293.0 772.0 Small_Car 1
355.0 822.0 336.0 822.0 336.0 812.0 355.0 812.0 Small_Car 1
350.0 854.0 340.0 854.0 340.0 835.0 349.0 835.0 Small_Car 1
323.0 897.0 316.0 897.0 316.0 879.0 323.0 879.0 Small_Car 1
418.0 822.0 396.0 821.0 397.0 812.0 418.0 813.0 Small_Car 1
494.0 818.0 474.0 818.0 474.0 810.0 494.0 810.0 Small_Car 1
497.0 854.0 488.0 855.0 487.0 835.0 496.0 834.0 Small_Car 1
540.0 849.0 529.0 849.0 529.0 831.0 539.0 831.0 Small_Car 1
552.0 849.0 542.0 849.0 542.0 829.0 552.0 829.0 Small_Car 1
564.0 849.0 556.0 850.0 554.0 833.0 562.0 832.0 Small_Car 1
587.0 848.0 578.0 849.0 577.0 833.0 585.0 833.0 Small_Car 1
554.0 896.0 546.0 896.0 545.0 879.0 553.0 878.0 Small_Car 1
566.0 895.0 556.0 895.0 556.0 878.0 565.0 878.0 Small_Car 1
576.0 877.0 575.0 894.0 566.0 894.0 566.0 876.0 Small_Car 1
426.0 770.0 425.0 780.0 400.0 778.0 401.0 768.0 Small_Car 1
481.0 776.0 459.0 776.0 459.0 769.0 481.0 769.0 Small_Car 1
508.0 777.0 487.0 777.0 488.0 769.0 508.0 770.0 Small_Car 1
533.0 778.0 511.0 776.0 511.0 768.0 533.0 770.0 Small_Car 1
560.0 776.0 538.0 776.0 538.0 769.0 560.0 769.0 Small_Car 1
589.0 775.0 564.0 775.0 564.0 767.0 589.0 766.0 Small_Car 1
614.0 775.0 592.0 775.0 592.0 768.0 614.0 768.0 Small_Car 1
659.0 869.0 658.0 883.0 651.0 883.0 652.0 869.0 Small_Car 1
743.0 814.0 723.0 815.0 722.0 808.0 743.0 807.0 Small_Car 1
740.0 773.0 720.0 773.0 720.0 765.0 740.0 764.0 Small_Car 1
698.0 733.0 689.0 734.0 689.0 719.0 697.0 719.0 Small_Car 1
655.0 711.0 654.0 728.0 646.0 728.0 646.0 711.0 Small_Car 1
654.0 709.0 645.0 709.0 644.0 693.0 653.0 692.0 Small_Car 1
697.0 699.0 688.0 700.0 688.0 684.0 697.0 684.0 Small_Car 1
800.0 771.0 777.0 771.0 777.0 764.0 800.0 764.0 Small_Car 1
876.0 770.0 855.0 771.0 854.0 764.0 876.0 763.0 Small_Car 1
929.0 764.0 928.0 771.0 908.0 770.0 908.0 763.0 Small_Car 1
818.0 813.0 798.0 814.0 798.0 807.0 818.0 806.0 Small_Car 1
842.0 813.0 824.0 813.0 824.0 807.0 842.0 808.0 Small_Car 1
950.0 833.0 949.0 846.0 943.0 845.0 944.0 832.0 Small_Car 1
789.0 870.0 776.0 882.0 771.0 876.0 784.0 864.0 Small_Car 1
747.0 953.0 743.0 959.0 728.0 950.0 731.0 944.0 Small_Car 1
748.0 979.0 743.0 985.0 729.0 973.0 733.0 967.0 Small_Car 1
748.0 989.0 744.0 995.0 729.0 984.0 733.0 978.0 Small_Car 1
707.0 675.0 688.0 680.0 687.0 673.0 706.0 668.0 Small_Car 1
651.0 639.0 643.0 640.0 642.0 622.0 650.0 622.0 Small_Car 1
608.0 648.0 588.0 649.0 587.0 642.0 608.0 641.0 Small_Car 1
611.0 683.0 591.0 681.0 592.0 674.0 611.0 675.0 Small_Car 1
608.0 639.0 588.0 639.0 588.0 631.0 608.0 631.0 Small_Car 1
597.0 630.0 585.0 631.0 584.0 623.0 596.0 621.0 Small_Car 1
611.0 586.0 610.0 594.0 586.0 594.0 586.0 586.0 Small_Car 1
608.0 585.0 586.0 584.0 587.0 576.0 608.0 577.0 Small_Car 1
599.0 576.0 587.0 575.0 587.0 568.0 599.0 569.0 Small_Car 1
651.0 593.0 642.0 593.0 641.0 577.0 650.0 577.0 Small_Car 1
650.0 574.0 641.0 574.0 641.0 560.0 650.0 560.0 Small_Car 1
599.0 566.0 589.0 568.0 587.0 560.0 597.0 558.0 Small_Car 1
598.0 556.0 587.0 556.0 587.0 550.0 598.0 549.0 Small_Car 1
604.0 547.0 587.0 549.0 586.0 539.0 603.0 537.0 Small_Car 1
598.0 537.0 586.0 538.0 585.0 531.0 597.0 530.0 Small_Car 1
649.0 554.0 642.0 554.0 641.0 538.0 649.0 538.0 Small_Car 1
648.0 537.0 641.0 537.0 640.0 522.0 646.0 521.0 Small_Car 1
603.0 530.0 586.0 530.0 586.0 523.0 603.0 523.0 Small_Car 1
603.0 521.0 584.0 521.0 584.0 514.0 603.0 514.0 Small_Car 1
648.0 519.0 642.0 520.0 640.0 503.0 647.0 502.0 Small_Car 1
604.0 510.0 583.0 511.0 583.0 502.0 604.0 502.0 Small_Car 1
647.0 500.0 639.0 500.0 638.0 483.0 646.0 483.0 Small_Car 1
607.0 491.0 606.0 501.0 584.0 500.0 585.0 490.0 Small_Car 1
599.0 490.0 584.0 489.0 584.0 481.0 599.0 482.0 Small_Car 1
606.0 473.0 582.0 472.0 583.0 464.0 606.0 465.0 Small_Car 1
605.0 463.0 583.0 463.0 583.0 456.0 605.0 456.0 Small_Car 1
606.0 455.0 583.0 455.0 583.0 446.0 606.0 446.0 Small_Car 1
646.0 478.0 637.0 478.0 638.0 462.0 646.0 463.0 Small_Car 1
672.0 472.0 664.0 472.0 664.0 457.0 672.0 457.0 Small_Car 1
617.0 430.0 596.0 432.0 596.0 423.0 617.0 421.0 Small_Car 1
611.0 423.0 589.0 424.0 588.0 415.0 610.0 414.0 Small_Car 1
547.0 433.0 527.0 432.0 527.0 426.0 547.0 427.0 Small_Car 1
544.0 435.0 543.0 442.0 530.0 441.0 531.0 434.0 Small_Car 1
548.0 443.0 547.0 451.0 531.0 451.0 532.0 443.0 Small_Car 1
542.0 462.0 541.0 470.0 522.0 470.0 522.0 462.0 Small_Car 1
542.0 496.0 522.0 497.0 522.0 489.0 542.0 489.0 Small_Car 1
546.0 505.0 525.0 505.0 525.0 497.0 546.0 497.0 Small_Car 1
543.0 532.0 520.0 531.0 520.0 522.0 543.0 524.0 Small_Car 1
546.0 543.0 521.0 543.0 521.0 535.0 546.0 536.0 Small_Car 1
545.0 552.0 523.0 551.0 523.0 544.0 545.0 544.0 Small_Car 1
545.0 571.0 524.0 571.0 524.0 564.0 545.0 564.0 Small_Car 1
546.0 579.0 525.0 579.0 525.0 573.0 546.0 572.0 Small_Car 1
547.0 590.0 527.0 589.0 527.0 581.0 547.0 581.0 Small_Car 1
547.0 607.0 526.0 608.0 526.0 600.0 547.0 599.0 Small_Car 1
550.0 652.0 532.0 653.0 531.0 645.0 549.0 645.0 Small_Car 1
550.0 663.0 537.0 663.0 537.0 657.0 549.0 656.0 Small_Car 1
258.0 344.0 237.0 345.0 237.0 338.0 258.0 338.0 Small_Car 1
449.0 393.0 443.0 396.0 435.0 382.0 442.0 378.0 Small_Car 1
438.0 399.0 431.0 401.0 427.0 388.0 434.0 386.0 Small_Car 1
509.0 342.0 491.0 341.0 491.0 332.0 509.0 333.0 Small_Car 1
585.0 334.0 584.0 341.0 565.0 340.0 565.0 333.0 Small_Car 1
669.0 377.0 661.0 377.0 661.0 358.0 669.0 358.0 Small_Car 1
690.0 414.0 680.0 415.0 678.0 399.0 688.0 399.0 Small_Car 1
772.0 336.0 753.0 337.0 753.0 331.0 772.0 330.0 Small_Car 1
866.0 336.0 848.0 336.0 848.0 328.0 866.0 328.0 Small_Car 1
936.0 334.0 915.0 334.0 915.0 327.0 936.0 328.0 Small_Car 1
982.0 300.0 961.0 301.0 961.0 295.0 981.0 294.0 Small_Car 1
988.0 112.0 974.0 111.0 974.0 103.0 988.0 104.0 Small_Car 1
983.0 102.0 964.0 101.0 964.0 94.0 983.0 95.0 Small_Car 1
976.0 88.0 952.0 89.0 951.0 79.0 975.0 78.0 Small_Car 1
944.0 85.0 925.0 98.0 920.0 91.0 940.0 78.0 Small_Car 1
915.0 93.0 905.0 93.0 905.0 73.0 915.0 73.0 Small_Car 1
652.0 77.0 642.0 77.0 642.0 56.0 652.0 56.0 Small_Car 1
