332.0 451.0 322.0 452.0 321.0 436.0 330.0 435.0 Small_Car 1
358.0 414.0 348.0 416.0 345.0 398.0 355.0 396.0 Small_Car 1
336.0 472.0 327.0 474.0 324.0 456.0 333.0 454.0 Small_Car 1
353.0 555.0 343.0 558.0 338.0 536.0 349.0 534.0 Small_Car 1
388.0 568.0 377.0 571.0 372.0 551.0 383.0 549.0 Small_Car 1
359.0 597.0 350.0 598.0 348.0 580.0 357.0 579.0 Small_Car 1
176.0 627.0 168.0 628.0 166.0 614.0 175.0 613.0 Small_Car 1
34.0 691.0 9.0 693.0 8.0 687.0 33.0 685.0 Small_Car 1
399.0 702.0 389.0 703.0 387.0 685.0 397.0 684.0 Small_Car 1
470.0 649.0 446.0 649.0 446.0 642.0 470.0 642.0 Small_Car 1
526.0 641.0 504.0 643.0 504.0 636.0 526.0 635.0 Small_Car 1
600.0 168.0 585.0 165.0 586.0 158.0 600.0 160.0 Small_Car 1
469.0 272.0 458.0 273.0 456.0 256.0 467.0 255.0 Small_Car 1
