435.0 70.0 425.0 70.0 425.0 52.0 435.0 52.0 Small_Car 1
582.0 612.0 574.0 618.0 564.0 603.0 573.0 597.0 Small_Car 1
17.0 230.0 10.0 234.0 4.0 224.0 12.0 220.0 Small_Car 1
79.0 379.0 70.0 384.0 61.0 366.0 70.0 361.0 Small_Car 1
98.0 413.0 90.0 418.0 80.0 401.0 88.0 396.0 Small_Car 1
153.0 621.0 144.0 621.0 144.0 609.0 153.0 609.0 Small_Car 1
153.0 588.0 143.0 589.0 142.0 573.0 151.0 572.0 Small_Car 1
325.0 712.0 306.0 712.0 306.0 706.0 325.0 706.0 Small_Car 1
165.0 228.0 149.0 233.0 146.0 226.0 162.0 220.0 Small_Car 1
149.0 479.0 138.0 480.0 137.0 464.0 148.0 464.0 Small_Car 1
