278.0 976.0 259.0 983.0 258.0 978.0 276.0 971.0 Small_Car 1
282.0 956.0 261.0 963.0 259.0 956.0 280.0 949.0 Small_Car 1
301.0 969.0 285.0 976.0 282.0 970.0 298.0 963.0 Small_Car 1
122.0 320.0 114.0 323.0 107.0 307.0 115.0 304.0 Small_Car 1
112.0 336.0 106.0 340.0 98.0 324.0 104.0 321.0 Small_Car 1
132.0 339.0 126.0 342.0 118.0 327.0 124.0 324.0 Small_Car 1
124.0 356.0 119.0 358.0 114.0 346.0 118.0 344.0 Small_Car 1
142.0 355.0 135.0 358.0 129.0 344.0 135.0 341.0 Small_Car 1
158.0 373.0 152.0 378.0 142.0 364.0 148.0 359.0 Small_Car 1
184.0 407.0 178.0 411.0 169.0 397.0 176.0 393.0 Small_Car 1
198.0 422.0 191.0 427.0 182.0 414.0 188.0 409.0 Small_Car 1
243.0 517.0 236.0 519.0 232.0 505.0 239.0 503.0 Small_Car 1
236.0 667.0 227.0 668.0 225.0 647.0 235.0 646.0 Small_Car 1
315.0 744.0 311.0 750.0 296.0 741.0 299.0 735.0 Small_Car 1
85.0 485.0 68.0 486.0 68.0 479.0 85.0 478.0 Small_Car 1
37.0 520.0 27.0 520.0 27.0 506.0 36.0 506.0 Small_Car 1
34.0 500.0 15.0 500.0 15.0 495.0 34.0 495.0 Small_Car 1
36.0 493.0 15.0 493.0 15.0 486.0 36.0 486.0 Small_Car 1
33.0 852.0 30.0 859.0 13.0 852.0 16.0 845.0 Small_Car 1
52.0 861.0 49.0 867.0 30.0 859.0 34.0 852.0 Small_Car 1
