115.0 751.0 96.0 751.0 96.0 744.0 115.0 743.0 Small_Car 1
24.0 804.0 20.0 810.0 5.0 799.0 9.0 793.0 Small_Car 1
38.0 789.0 34.0 796.0 16.0 785.0 21.0 778.0 Small_Car 1
270.0 651.0 259.0 664.0 253.0 658.0 263.0 646.0 Small_Car 1
290.0 661.0 277.0 674.0 270.0 668.0 283.0 655.0 Small_Car 1
307.0 671.0 297.0 684.0 290.0 679.0 300.0 666.0 Small_Car 1
337.0 681.0 325.0 697.0 318.0 692.0 331.0 676.0 Small_Car 1
333.0 909.0 323.0 922.0 317.0 918.0 326.0 904.0 Small_Car 1
345.0 913.0 332.0 928.0 326.0 922.0 338.0 907.0 Small_Car 1
411.0 947.0 407.0 954.0 385.0 942.0 390.0 935.0 Small_Car 1
