838.0 24.0 835.0 30.0 819.0 21.0 823.0 14.0 Small_Car 1
825.0 27.0 822.0 33.0 810.0 27.0 813.0 21.0 Small_Car 1
931.0 312.0 909.0 312.0 909.0 304.0 931.0 303.0 Small_Car 1
696.0 271.0 688.0 290.0 678.0 285.0 686.0 266.0 Small_Car 1
467.0 432.0 462.0 439.0 450.0 429.0 455.0 423.0 Small_Car 1
401.0 522.0 396.0 528.0 379.0 515.0 383.0 509.0 Small_Car 1
690.0 502.0 686.0 508.0 671.0 497.0 676.0 491.0 Small_Car 1
864.0 678.0 842.0 679.0 841.0 671.0 863.0 669.0 Small_Car 1
915.0 841.0 913.0 849.0 890.0 843.0 892.0 835.0 Small_Car 1
85.0 712.0 71.0 714.0 70.0 708.0 84.0 707.0 Small_Car 1
23.0 902.0 15.0 908.0 5.0 893.0 13.0 888.0 Small_Car 1
228.0 907.0 221.0 915.0 208.0 904.0 214.0 896.0 Small_Car 1
