802.0 645.0 801.0 652.0 781.0 652.0 781.0 645.0 Small_Car 1
480.0 950.0 472.0 950.0 472.0 935.0 480.0 935.0 Small_Car 1
481.0 896.0 467.0 897.0 466.0 872.0 480.0 871.0 Small_Car 1
480.0 782.0 470.0 782.0 471.0 766.0 480.0 767.0 Small_Car 1
482.0 822.0 473.0 822.0 474.0 809.0 482.0 809.0 Small_Car 1
482.0 744.0 472.0 744.0 473.0 727.0 482.0 727.0 Small_Car 1
518.0 767.0 508.0 767.0 509.0 753.0 518.0 754.0 Small_Car 1
518.0 748.0 510.0 748.0 510.0 732.0 518.0 732.0 Small_Car 1
518.0 726.0 509.0 726.0 509.0 710.0 518.0 710.0 Small_Car 1
277.0 971.0 269.0 971.0 268.0 956.0 276.0 955.0 Small_Car 1
248.0 990.0 237.0 990.0 237.0 974.0 248.0 974.0 Small_Car 1
384.0 989.0 374.0 990.0 373.0 975.0 383.0 974.0 Small_Car 1
520.0 961.0 510.0 962.0 510.0 945.0 519.0 945.0 Small_Car 1
519.0 912.0 509.0 912.0 509.0 894.0 519.0 894.0 Small_Car 1
518.0 891.0 509.0 892.0 508.0 874.0 517.0 873.0 Small_Car 1
259.0 24.0 234.0 23.0 234.0 16.0 259.0 18.0 Small_Car 1
523.0 50.0 497.0 51.0 496.0 43.0 522.0 42.0 Small_Car 1
305.0 736.0 304.0 742.0 281.0 741.0 281.0 735.0 Small_Car 1
