995.0 62.0 992.0 79.0 982.0 77.0 985.0 60.0 Small_Car 1
757.0 32.0 753.0 47.0 745.0 45.0 749.0 30.0 Small_Car 1
761.0 14.0 759.0 31.0 750.0 30.0 752.0 13.0 Small_Car 1
690.0 0.0 685.0 14.0 677.0 11.0 681.0 0.0 Small_Car 1
253.0 777.0 252.0 783.0 231.0 780.0 232.0 774.0 Small_Car 1
280.0 782.0 279.0 788.0 258.0 785.0 259.0 778.0 Small_Car 1
361.0 821.0 358.0 834.0 350.0 833.0 354.0 819.0 Small_Car 1
444.0 855.0 437.0 855.0 438.0 837.0 444.0 838.0 Small_Car 1
525.0 836.0 506.0 834.0 507.0 828.0 525.0 829.0 Small_Car 1
799.0 756.0 795.0 773.0 787.0 771.0 792.0 754.0 Small_Car 1
66.0 746.0 65.0 752.0 48.0 749.0 49.0 743.0 Small_Car 1
918.0 349.0 913.0 365.0 906.0 362.0 911.0 347.0 Small_Car 1
847.0 290.0 842.0 303.0 835.0 301.0 840.0 287.0 Small_Car 1
870.0 292.0 864.0 307.0 858.0 305.0 863.0 290.0 Small_Car 1
993.0 341.0 992.0 349.0 973.0 347.0 974.0 339.0 Small_Car 1
997.0 341.0 978.0 340.0 979.0 333.0 997.0 334.0 Small_Car 1
1000.0 304.0 990.0 303.0 992.0 296.0 1000.0 298.0 Small_Car 1
946.0 680.0 945.0 686.0 926.0 684.0 927.0 678.0 Small_Car 1
954.0 653.0 953.0 660.0 935.0 656.0 936.0 649.0 Small_Car 1
962.0 644.0 961.0 653.0 938.0 649.0 940.0 641.0 Small_Car 1
972.0 608.0 971.0 616.0 948.0 612.0 950.0 604.0 Small_Car 1
979.0 593.0 977.0 600.0 959.0 595.0 960.0 589.0 Small_Car 1
981.0 583.0 980.0 590.0 961.0 588.0 962.0 581.0 Small_Car 1
985.0 575.0 984.0 581.0 963.0 578.0 964.0 571.0 Small_Car 1
897.0 76.0 895.0 85.0 877.0 81.0 879.0 72.0 Small_Car 1
975.0 601.0 973.0 608.0 952.0 604.0 954.0 597.0 Small_Car 1
