846.0 140.0 845.0 156.0 837.0 156.0 838.0 139.0 Small_Car 1
848.0 165.0 846.0 180.0 837.0 179.0 840.0 164.0 Small_Car 1
842.0 292.0 841.0 312.0 832.0 311.0 833.0 292.0 Small_Car 1
840.0 357.0 831.0 357.0 832.0 339.0 840.0 339.0 Small_Car 1
837.0 512.0 836.0 534.0 827.0 534.0 827.0 512.0 Small_Car 1
835.0 562.0 826.0 562.0 827.0 545.0 835.0 545.0 Small_Car 1
833.0 580.0 825.0 581.0 825.0 564.0 833.0 564.0 Small_Car 1
831.0 643.0 829.0 660.0 820.0 658.0 822.0 641.0 Small_Car 1
829.0 669.0 824.0 687.0 816.0 684.0 820.0 667.0 Small_Car 1
824.0 690.0 818.0 707.0 810.0 704.0 816.0 687.0 Small_Car 1
762.0 902.0 758.0 920.0 749.0 918.0 753.0 900.0 Small_Car 1
761.0 962.0 756.0 980.0 747.0 978.0 753.0 959.0 Small_Car 1
863.0 533.0 861.0 551.0 852.0 550.0 854.0 532.0 Small_Car 1
75.0 738.0 71.0 745.0 54.0 735.0 59.0 728.0 Small_Car 1
126.0 764.0 123.0 771.0 105.0 762.0 108.0 755.0 Small_Car 1
168.0 786.0 165.0 792.0 149.0 782.0 152.0 776.0 Small_Car 1
212.0 807.0 208.0 814.0 191.0 804.0 195.0 797.0 Small_Car 1
234.0 818.0 230.0 825.0 211.0 815.0 215.0 808.0 Small_Car 1
313.0 852.0 312.0 860.0 290.0 856.0 292.0 849.0 Small_Car 1
413.0 857.0 412.0 864.0 389.0 862.0 390.0 855.0 Small_Car 1
465.0 865.0 442.0 864.0 442.0 857.0 465.0 858.0 Small_Car 1
522.0 842.0 521.0 850.0 499.0 848.0 500.0 840.0 Small_Car 1
665.0 559.0 653.0 572.0 648.0 566.0 660.0 554.0 Small_Car 1
677.0 567.0 668.0 582.0 661.0 578.0 670.0 562.0 Small_Car 1
666.0 592.0 654.0 607.0 646.0 601.0 658.0 586.0 Small_Car 1
623.0 612.0 614.0 612.0 614.0 592.0 623.0 593.0 Small_Car 1
557.0 684.0 541.0 695.0 537.0 689.0 552.0 678.0 Small_Car 1
564.0 712.0 548.0 724.0 544.0 718.0 560.0 706.0 Small_Car 1
531.0 720.0 514.0 733.0 509.0 726.0 526.0 713.0 Small_Car 1
496.0 736.0 486.0 753.0 479.0 748.0 490.0 732.0 Small_Car 1
569.0 737.0 554.0 749.0 548.0 743.0 564.0 730.0 Small_Car 1
750.0 693.0 749.0 700.0 728.0 697.0 729.0 691.0 Small_Car 1
747.0 714.0 746.0 721.0 728.0 718.0 729.0 712.0 Small_Car 1
947.0 87.0 946.0 106.0 937.0 106.0 937.0 87.0 Small_Car 1
962.0 391.0 953.0 391.0 952.0 375.0 961.0 374.0 Small_Car 1
966.0 442.0 960.0 447.0 949.0 434.0 955.0 429.0 Small_Car 1
385.0 901.0 377.0 902.0 376.0 891.0 385.0 890.0 Small_Car 1
