480.0 170.0 478.0 182.0 472.0 181.0 474.0 169.0 Small_Car 1
517.0 67.999992 515.000061 75.999992 491.000031 69.999992 493.0 61.999992 Small_Car 1
561.0 116.0 559.0 122.0 549.0 119.0 551.0 113.0 Small_Car 1
558.0 124.0 557.0 129.0 548.0 127.0 550.0 121.0 Small_Car 1
726.0 183.0 724.0 190.0 705.0 182.0 708.0 175.0 Small_Car 1
542.0 283.0 531.0 286.0 524.0 265.0 535.0 262.0 Small_Car 1
487.0 404.0 486.0 413.0 463.0 408.0 465.0 399.0 Small_Car 1
557.0 394.0 556.0 401.0 530.0 397.0 531.0 390.0 Small_Car 1
539.0 445.0 538.0 452.0 520.0 449.0 521.0 442.0 Small_Car 1
520.0 511.0 519.0 519.0 498.0 517.0 499.0 509.0 Small_Car 1
583.0 819.0 578.0 836.0 570.0 833.0 575.0 817.0 Small_Car 1
551.0 815.0 546.0 831.0 536.0 828.0 542.0 812.0 Small_Car 1
545.0 833.0 538.0 849.0 530.0 846.0 537.0 830.0 Small_Car 1
663.0 900.0 657.0 906.0 644.0 893.0 650.0 887.0 Small_Car 1
635.0 919.0 627.0 925.0 616.0 911.0 623.0 905.0 Small_Car 1
608.0 938.0 602.0 943.0 589.0 930.0 595.0 925.0 Small_Car 1
