914.0 983.0 899.0 989.0 896.0 984.0 911.0 977.0 Small_Car 1
908.0 973.0 894.0 981.0 891.0 975.0 905.0 968.0 Small_Car 1
905.0 965.0 888.0 972.0 885.0 965.0 902.0 958.0 Small_Car 1
853.0 871.0 837.0 877.0 834.0 871.0 851.0 865.0 Small_Car 1
842.0 854.0 826.0 859.0 824.0 853.0 840.0 848.0 Small_Car 1
819.0 815.0 800.0 819.0 798.0 812.0 817.0 808.0 Small_Car 1
812.0 794.0 795.0 799.0 793.0 793.0 810.0 788.0 Small_Car 1
804.0 786.0 785.0 789.0 784.0 783.0 803.0 780.0 Small_Car 1
800.0 765.0 783.0 768.0 782.0 761.0 799.0 758.0 Small_Car 1
790.0 705.0 771.0 707.0 771.0 701.0 789.0 698.0 Small_Car 1
773.0 853.0 755.0 857.0 754.0 851.0 771.0 847.0 Small_Car 1
784.0 872.0 765.0 877.0 763.0 871.0 782.0 866.0 Small_Car 1
786.0 880.0 770.0 885.0 768.0 880.0 785.0 874.0 Small_Car 1
800.0 898.0 783.0 905.0 780.0 899.0 797.0 892.0 Small_Car 1
806.0 908.0 788.0 914.0 786.0 907.0 804.0 901.0 Small_Car 1
811.0 924.0 798.0 932.0 795.0 927.0 808.0 919.0 Small_Car 1
855.0 703.0 849.0 718.0 841.0 715.0 848.0 699.0 Small_Car 1
904.0 760.0 887.0 766.0 884.0 760.0 902.0 754.0 Small_Car 1
924.0 775.0 905.0 781.0 902.0 774.0 921.0 768.0 Small_Car 1
932.0 804.0 916.0 811.0 914.0 804.0 929.0 797.0 Small_Car 1
941.0 813.0 920.0 819.0 918.0 814.0 939.0 808.0 Small_Car 1
946.0 824.0 926.0 830.0 924.0 823.0 943.0 817.0 Small_Car 1
742.0 651.0 736.0 654.0 729.0 642.0 735.0 639.0 Small_Car 1
797.0 634.0 791.0 637.0 784.0 623.0 790.0 619.0 Small_Car 1
818.0 625.0 813.0 628.0 806.0 615.0 811.0 612.0 Small_Car 1
863.0 612.0 857.0 616.0 847.0 602.0 854.0 598.0 Small_Car 1
942.0 587.0 934.0 592.0 925.0 577.0 933.0 572.0 Small_Car 1
840.0 568.0 833.0 572.0 823.0 557.0 830.0 553.0 Small_Car 1
795.0 583.0 788.0 587.0 781.0 572.0 788.0 569.0 Small_Car 1
785.0 587.0 778.0 591.0 770.0 576.0 776.0 573.0 Small_Car 1
762.0 595.0 756.0 598.0 747.0 582.0 753.0 578.0 Small_Car 1
741.0 603.0 735.0 606.0 727.0 593.0 733.0 589.0 Small_Car 1
730.0 606.0 722.0 609.0 716.0 595.0 723.0 591.0 Small_Car 1
711.0 612.0 704.0 615.0 696.0 601.0 703.0 597.0 Small_Car 1
675.0 673.0 670.0 677.0 661.0 663.0 667.0 660.0 Small_Car 1
944.0 183.0 938.0 187.0 930.0 173.0 936.0 170.0 Small_Car 1
932.0 187.0 926.0 191.0 918.0 177.0 924.0 173.0 Small_Car 1
785.0 235.0 778.0 239.0 771.0 226.0 778.0 223.0 Small_Car 1
773.0 239.0 767.0 242.0 758.0 228.0 764.0 225.0 Small_Car 1
761.0 245.0 754.0 248.0 748.0 234.0 755.0 231.0 Small_Car 1
943.0 136.0 937.0 139.0 929.0 125.0 935.0 122.0 Small_Car 1
876.0 156.0 870.0 160.0 862.0 146.0 869.0 143.0 Small_Car 1
833.0 173.0 827.0 176.0 819.0 162.0 825.0 158.0 Small_Car 1
822.0 175.0 815.0 178.0 807.0 163.0 814.0 160.0 Small_Car 1
778.0 190.0 772.0 193.0 763.0 177.0 768.0 174.0 Small_Car 1
754.0 195.0 748.0 198.0 741.0 185.0 747.0 182.0 Small_Car 1
743.0 201.0 737.0 204.0 730.0 190.0 736.0 187.0 Small_Car 1
723.0 205.0 717.0 209.0 710.0 196.0 716.0 193.0 Small_Car 1
540.0 81.0 513.0 83.0 513.0 73.0 540.0 72.0 Small_Car 1
311.0 517.0 299.0 529.0 295.0 524.0 307.0 513.0 Small_Car 1
613.0 901.0 605.0 902.0 603.0 883.0 610.0 882.0 Small_Car 1
604.0 843.0 597.0 843.0 595.0 827.0 602.0 826.0 Small_Car 1
601.0 818.0 594.0 819.0 592.0 807.0 600.0 806.0 Small_Car 1
595.0 778.0 588.0 779.0 587.0 764.0 594.0 763.0 Small_Car 1
