254.0 489.0 248.0 493.0 238.0 479.0 244.0 475.0 Small_Car 1
600.0 339.0 589.0 326.0 594.0 321.0 600.0 328.0 Small_Car 1
547.0 266.0 541.0 270.0 535.0 261.0 540.0 257.0 Small_Car 1
506.0 165.0 499.0 169.0 491.0 155.0 497.0 151.0 Small_Car 1
496.0 148.0 489.0 152.0 481.0 139.0 488.0 134.0 Small_Car 1
430.0 38.0 424.0 42.0 416.0 30.0 422.0 26.0 Small_Car 1
419.0 21.0 412.0 24.0 404.0 10.0 411.0 6.0 Small_Car 1
474.0 221.0 463.0 226.0 460.0 221.0 471.0 215.0 Small_Car 1
425.0 243.0 411.0 251.0 408.0 245.0 422.0 237.0 Small_Car 1
404.0 255.0 387.0 263.0 384.0 256.0 401.0 249.0 Small_Car 1
288.0 308.0 271.0 317.0 268.0 311.0 285.0 302.0 Small_Car 1
264.0 319.0 254.0 323.0 252.0 317.0 261.0 313.0 Small_Car 1
75.0 219.0 69.0 223.0 59.0 206.0 65.0 203.0 Small_Car 1
86.0 211.0 80.0 216.0 69.0 200.0 76.0 196.0 Small_Car 1
