531.0 223.0 505.0 223.0 505.0 215.0 531.0 215.0 Small_Car 1
465.0 773.0 458.0 773.0 458.0 759.0 465.0 759.0 Small_Car 1
467.0 696.0 466.0 710.0 456.0 710.0 457.0 696.0 Small_Car 1
205.0 760.0 196.0 760.0 196.0 740.0 205.0 740.0 Small_Car 1
270.0 583.0 245.0 584.0 245.0 577.0 270.0 576.0 Small_Car 1
465.0 486.0 456.0 486.0 456.0 467.0 465.0 467.0 Small_Car 1
465.0 376.0 455.0 376.0 455.0 357.0 465.0 357.0 Small_Car 1
465.0 337.0 464.0 355.0 456.0 355.0 456.0 337.0 Small_Car 1
431.0 384.0 422.0 384.0 421.0 367.0 431.0 366.0 Small_Car 1
432.0 345.0 431.0 360.0 421.0 359.0 422.0 345.0 Small_Car 1
128.0 340.0 105.0 339.0 105.0 330.0 128.0 331.0 Small_Car 1
458.0 93.0 457.0 111.0 448.0 111.0 449.0 92.0 Small_Car 1
428.0 102.0 421.0 103.0 420.0 87.0 427.0 87.0 Small_Car 1
277.0 144.0 276.0 163.0 268.0 162.0 268.0 143.0 Small_Car 1
17.0 484.0 7.0 484.0 8.0 467.0 17.0 467.0 Small_Car 1
18.0 638.0 9.0 638.0 10.0 623.0 18.0 623.0 Small_Car 1
596.0 587.0 578.0 587.0 578.0 580.0 596.0 580.0 Small_Car 1
550.0 700.0 539.0 713.0 533.0 708.0 544.0 696.0 Small_Car 1
