65.0 387.0 62.0 392.0 47.0 383.0 51.0 378.0 Small_Car 1
126.0 397.0 114.0 411.0 109.0 406.0 120.0 392.0 Small_Car 1
138.0 443.0 134.0 448.0 120.0 437.0 124.0 433.0 Small_Car 1
129.0 448.0 128.0 453.0 114.0 447.0 117.0 442.0 Small_Car 1
183.0 217.0 180.0 222.0 168.0 214.0 172.0 209.0 Small_Car 1
202.0 226.0 198.0 233.0 185.0 223.0 189.0 217.0 Small_Car 1
230.0 168.0 226.0 173.0 214.0 165.0 217.0 160.0 Small_Car 1
237.0 161.0 232.0 163.0 226.0 151.0 231.0 149.0 Small_Car 1
498.0 18.0 496.0 24.0 481.0 18.0 483.0 12.0 Small_Car 1
355.0 164.0 352.0 169.0 340.0 162.0 345.0 157.0 Small_Car 1
437.0 346.0 426.0 358.0 421.0 354.0 430.0 341.0 Small_Car 1
462.0 364.0 451.0 377.0 445.0 372.0 456.0 359.0 Small_Car 1
421.0 364.0 410.0 378.0 403.0 373.0 415.0 359.0 Small_Car 1
468.0 388.0 459.0 399.0 453.0 395.0 463.0 383.0 Small_Car 1
474.0 395.0 467.0 405.0 460.0 401.0 468.0 390.0 Small_Car 1
484.0 403.0 474.0 416.0 468.0 412.0 478.0 399.0 Small_Car 1
389.0 399.0 379.0 411.0 372.0 406.0 383.0 393.0 Small_Car 1
425.0 422.0 415.0 436.0 408.0 432.0 419.0 418.0 Small_Car 1
433.0 427.0 424.0 439.0 418.0 436.0 426.0 423.0 Small_Car 1
442.0 433.0 430.0 446.0 426.0 442.0 437.0 428.0 Small_Car 1
483.0 455.0 463.0 456.0 462.0 449.0 482.0 448.0 Small_Car 1
488.0 463.0 468.0 464.0 467.0 458.0 487.0 456.0 Small_Car 1
492.0 469.0 475.0 470.0 474.0 464.0 492.0 463.0 Small_Car 1
504.0 475.0 490.0 483.0 487.0 478.0 500.0 469.0 Small_Car 1
509.0 483.0 494.0 493.0 490.0 487.0 505.0 477.0 Small_Car 1
516.0 490.0 501.0 500.0 498.0 494.0 512.0 485.0 Small_Car 1
533.0 502.0 518.0 513.0 514.0 507.0 528.0 497.0 Small_Car 1
517.0 527.0 499.0 537.0 495.0 530.0 513.0 520.0 Small_Car 1
529.0 542.0 513.0 551.0 509.0 545.0 525.0 535.0 Small_Car 1
594.0 574.0 580.0 582.0 576.0 576.0 590.0 567.0 Small_Car 1
102.0 693.0 99.0 698.0 86.0 690.0 89.0 685.0 Small_Car 1
98.0 700.0 95.0 706.0 82.0 698.0 84.0 693.0 Small_Car 1
414.0 633.0 409.0 637.0 399.0 625.0 403.0 621.0 Small_Car 1
388.0 647.0 382.0 651.0 373.0 639.0 378.0 635.0 Small_Car 1
324.0 685.0 319.0 689.0 310.0 678.0 316.0 674.0 Small_Car 1
318.0 692.0 313.0 697.0 301.0 683.0 306.0 679.0 Small_Car 1
297.0 708.0 291.0 713.0 278.0 698.0 284.0 693.0 Small_Car 1
300.0 729.0 293.0 735.0 288.0 729.0 294.0 723.0 Small_Car 1
306.0 736.0 298.0 742.0 294.0 736.0 302.0 730.0 Small_Car 1
523.0 616.0 519.0 620.0 509.0 609.0 513.0 605.0 Small_Car 1
459.0 686.0 454.0 691.0 442.0 677.0 448.0 672.0 Small_Car 1
445.0 687.0 440.0 691.0 430.0 680.0 437.0 676.0 Small_Car 1
432.0 700.0 427.0 705.0 415.0 692.0 420.0 687.0 Small_Car 1
399.0 718.0 393.0 723.0 381.0 710.0 387.0 705.0 Small_Car 1
376.0 708.0 370.0 713.0 358.0 698.0 364.0 694.0 Small_Car 1
364.0 741.0 359.0 745.0 348.0 731.0 354.0 727.0 Small_Car 1
352.0 725.0 347.0 729.0 336.0 716.0 340.0 712.0 Small_Car 1
367.0 714.0 362.0 717.0 352.0 705.0 357.0 701.0 Small_Car 1
359.0 719.0 353.0 723.0 344.0 711.0 350.0 707.0 Small_Car 1
540.0 688.0 534.0 692.0 525.0 680.0 531.0 675.0 Small_Car 1
520.0 697.0 516.0 701.0 507.0 691.0 512.0 687.0 Small_Car 1
460.0 734.0 455.0 738.0 447.0 726.0 452.0 723.0 Small_Car 1
454.0 741.0 450.0 745.0 438.0 732.0 443.0 728.0 Small_Car 1
444.0 744.0 439.0 748.0 432.0 738.0 436.0 734.0 Small_Car 1
438.0 750.0 432.0 755.0 421.0 741.0 427.0 737.0 Small_Car 1
419.0 757.0 414.0 761.0 407.0 752.0 412.0 748.0 Small_Car 1
327.0 766.0 321.0 771.0 310.0 758.0 317.0 753.0 Small_Car 1
301.0 779.0 294.0 783.0 286.0 772.0 292.0 767.0 Small_Car 1
282.0 789.0 278.0 793.0 268.0 781.0 272.0 777.0 Small_Car 1
149.0 777.0 135.0 788.0 129.0 782.0 144.0 771.0 Small_Car 1
119.0 782.0 114.0 788.0 99.0 779.0 104.0 773.0 Small_Car 1
