51.0 335.0 49.0 354.0 39.0 353.0 41.0 335.0 Small_Car 1
85.0 356.0 83.0 373.0 74.0 372.0 76.0 355.0 Small_Car 1
96.0 380.0 87.0 380.0 87.0 363.0 96.0 363.0 Small_Car 1
110.0 370.0 108.0 387.0 98.0 385.0 101.0 369.0 Small_Car 1
158.0 401.0 157.0 418.0 149.0 417.0 149.0 401.0 Small_Car 1
343.0 528.0 334.0 527.0 335.0 511.0 343.0 511.0 Small_Car 1
357.0 519.0 356.0 536.0 346.0 535.0 347.0 519.0 Small_Car 1
515.0 550.0 505.0 550.0 504.0 532.0 514.0 532.0 Small_Car 1
538.0 531.0 531.0 533.0 527.0 516.0 534.0 514.0 Small_Car 1
548.0 520.0 540.0 521.0 538.0 506.0 546.0 505.0 Small_Car 1
591.0 482.0 583.0 484.0 580.0 467.0 588.0 466.0 Small_Car 1
601.0 473.0 593.0 474.0 591.0 456.0 599.0 455.0 Small_Car 1
673.0 309.0 661.0 321.0 654.0 315.0 666.0 302.0 Small_Car 1
688.0 131.0 674.0 145.0 668.0 139.0 682.0 124.0 Small_Car 1
663.0 114.0 650.0 128.0 644.0 123.0 657.0 109.0 Small_Car 1
