952.0 78.0 944.0 79.0 942.0 61.0 951.0 61.0 Small_Car 1
903.0 40.0 883.0 41.0 883.0 34.0 903.0 33.0 Small_Car 1
547.0 394.0 544.0 405.0 536.0 403.0 539.0 392.0 Small_Car 1
527.0 393.0 524.0 408.0 516.0 407.0 519.0 392.0 Small_Car 1
532.0 374.0 530.0 388.0 522.0 387.0 524.0 373.0 Small_Car 1
688.0 201.0 677.0 208.0 672.0 202.0 683.0 194.0 Small_Car 1
658.0 132.0 639.0 130.0 639.0 124.0 658.0 125.0 Small_Car 1
603.0 120.0 602.0 126.0 583.0 123.0 584.0 117.0 Small_Car 1
519.0 160.0 517.0 174.0 508.0 173.0 510.0 158.0 Small_Car 1
530.0 160.0 528.0 173.0 520.0 171.0 522.0 158.0 Small_Car 1
192.0 216.0 189.0 223.0 172.0 216.0 174.0 209.0 Small_Car 1
338.0 396.0 336.0 402.0 319.0 396.0 321.0 390.0 Small_Car 1
429.0 417.0 427.0 424.0 408.0 420.0 410.0 413.0 Small_Car 1
732.0 525.0 716.0 526.0 715.0 519.0 732.0 518.0 Small_Car 1
628.0 630.0 627.0 636.0 612.0 634.0 613.0 629.0 Small_Car 1
622.0 833.0 619.0 848.0 612.0 847.0 615.0 832.0 Small_Car 1
612.0 871.0 608.0 884.0 602.0 882.0 606.0 869.0 Small_Car 1
373.0 845.0 361.0 851.0 359.0 846.0 371.0 840.0 Small_Car 1
304.0 918.0 288.0 928.0 285.0 922.0 300.0 912.0 Small_Car 1
