168.0 32.0 150.0 38.0 147.0 29.0 165.0 24.0 Small_Car 1
84.0 131.0 77.0 135.0 68.0 119.0 75.0 115.0 Small_Car 1
110.0 125.0 102.0 129.0 93.0 114.0 102.0 110.0 Small_Car 1
144.0 114.0 136.0 118.0 128.0 102.0 136.0 98.0 Small_Car 1
154.0 110.0 145.0 114.0 138.0 97.0 148.0 93.0 Small_Car 1
77.0 180.0 68.0 183.0 61.0 165.0 70.0 162.0 Small_Car 1
86.0 176.0 78.0 178.0 72.0 162.0 80.0 159.0 Small_Car 1
100.0 176.0 92.0 180.0 85.0 163.0 93.0 159.0 Small_Car 1
111.0 172.0 103.0 175.0 96.0 158.0 104.0 155.0 Small_Car 1
134.0 163.0 126.0 167.0 117.0 151.0 126.0 147.0 Small_Car 1
145.0 162.0 138.0 165.0 129.0 148.0 136.0 144.0 Small_Car 1
190.0 146.0 182.0 149.0 175.0 131.0 183.0 128.0 Small_Car 1
203.0 142.0 195.0 144.0 190.0 127.0 197.0 125.0 Small_Car 1
130.0 319.0 112.0 323.0 110.0 317.0 128.0 312.0 Small_Car 1
134.0 327.0 112.0 334.0 110.0 327.0 131.0 320.0 Small_Car 1
34.0 556.0 26.0 559.0 20.0 542.0 28.0 539.0 Small_Car 1
