262.0 613.0 260.0 620.0 244.0 617.0 246.0 609.0 Small_Car 1
271.0 596.0 269.0 603.0 250.0 598.0 252.0 591.0 Small_Car 1
305.0 516.0 304.0 523.0 285.0 518.0 286.0 511.0 Small_Car 1
414.0 530.0 407.0 546.0 400.0 542.0 407.0 526.0 Small_Car 1
362.0 511.0 357.0 528.0 348.0 526.0 353.0 509.0 Small_Car 1
351.0 509.0 347.0 527.0 337.0 525.0 341.0 506.0 Small_Car 1
596.0 550.0 588.0 552.0 583.0 534.0 590.0 532.0 Small_Car 1
561.0 540.0 553.0 543.0 547.0 526.0 555.0 523.0 Small_Car 1
538.0 534.0 529.0 537.0 523.0 520.0 532.0 517.0 Small_Car 1
524.0 531.0 516.0 532.0 512.0 514.0 521.0 512.0 Small_Car 1
478.0 512.0 476.0 519.0 456.0 513.0 458.0 506.0 Small_Car 1
431.0 516.0 429.0 524.0 410.0 520.0 411.0 512.0 Small_Car 1
446.0 508.0 444.0 516.0 423.0 510.0 426.0 502.0 Small_Car 1
374.0 494.0 369.0 510.0 361.0 508.0 366.0 492.0 Small_Car 1
364.0 493.0 356.0 508.0 349.0 504.0 356.0 489.0 Small_Car 1
331.0 479.0 327.0 497.0 318.0 495.0 322.0 477.0 Small_Car 1
297.0 468.0 291.0 484.0 283.0 481.0 289.0 465.0 Small_Car 1
474.0 494.0 458.0 504.0 454.0 497.0 469.0 487.0 Small_Car 1
494.0 471.0 486.0 487.0 479.0 483.0 487.0 467.0 Small_Car 1
336.0 422.0 330.0 426.0 318.0 409.0 324.0 405.0 Small_Car 1
347.0 397.0 340.0 401.0 329.0 386.0 335.0 382.0 Small_Car 1
359.0 387.0 356.0 393.0 339.0 385.0 343.0 378.0 Small_Car 1
378.0 389.0 375.0 396.0 357.0 391.0 359.0 384.0 Small_Car 1
358.0 375.0 355.0 381.0 337.0 373.0 339.0 367.0 Small_Car 1
477.0 419.0 461.0 426.0 458.0 419.0 474.0 412.0 Small_Car 1
563.0 445.0 555.0 460.0 548.0 456.0 555.0 441.0 Small_Car 1
593.0 455.0 588.0 470.0 579.0 466.0 584.0 452.0 Small_Car 1
424.0 300.0 415.0 304.0 408.0 287.0 417.0 283.0 Small_Car 1
438.0 306.0 427.0 309.0 423.0 289.0 433.0 287.0 Small_Car 1
524.0 331.0 515.0 334.0 510.0 316.0 519.0 313.0 Small_Car 1
507.0 279.0 491.0 290.0 486.0 283.0 503.0 272.0 Small_Car 1
438.0 258.0 422.0 267.0 418.0 261.0 434.0 251.0 Small_Car 1
456.0 246.0 440.0 254.0 436.0 247.0 453.0 239.0 Small_Car 1
480.0 252.0 465.0 262.0 461.0 256.0 476.0 246.0 Small_Car 1
504.0 261.0 488.0 270.0 483.0 263.0 499.0 253.0 Small_Car 1
535.0 246.0 525.0 247.0 523.0 228.0 533.0 226.0 Small_Car 1
583.0 215.0 581.0 222.0 562.0 216.0 564.0 210.0 Small_Car 1
592.0 198.0 573.0 200.0 572.0 193.0 591.0 191.0 Small_Car 1
598.0 189.0 578.0 191.0 577.0 184.0 598.0 182.0 Small_Car 1
532.0 174.0 525.0 180.0 513.0 166.0 519.0 160.0 Small_Car 1
493.0 154.0 473.0 155.0 472.0 148.0 492.0 146.0 Small_Car 1
547.0 136.0 542.0 142.0 531.0 131.0 536.0 125.0 Small_Car 1
560.0 108.0 554.0 114.0 542.0 102.0 547.0 96.0 Small_Car 1
587.0 103.0 582.0 108.0 569.0 94.0 575.0 89.0 Small_Car 1
593.0 94.0 588.0 99.0 573.0 87.0 578.0 81.0 Small_Car 1
595.0 83.0 591.0 88.0 577.0 77.0 581.0 72.0 Small_Car 1
544.0 44.0 521.0 46.0 521.0 37.0 543.0 35.0 Small_Car 1
240.0 294.0 231.0 294.0 231.0 277.0 240.0 277.0 Small_Car 1
57.0 677.0 45.0 679.0 41.0 659.0 53.0 656.0 Small_Car 1
166.0 735.0 160.0 751.0 149.0 748.0 155.0 732.0 Small_Car 1
15.0 767.0 0.0 768.0 0.0 761.0 15.0 761.0 Small_Car 1
32.0 168.0 13.0 173.0 11.0 166.0 30.0 160.0 Small_Car 1
84.0 121.0 67.0 126.0 65.0 118.0 82.0 114.0 Small_Car 1
254.0 630.0 252.0 637.0 232.0 632.0 234.0 625.0 Small_Car 1
344.0 568.0 341.0 576.0 322.0 569.0 324.0 561.0 Small_Car 1
365.0 575.0 363.0 583.0 343.0 577.0 345.0 569.0 Small_Car 1
363.0 584.0 362.0 591.0 340.0 585.0 341.0 578.0 Small_Car 1
359.0 592.0 357.0 600.0 336.0 595.0 339.0 586.0 Small_Car 1
321.0 609.0 319.0 617.0 302.0 614.0 304.0 606.0 Small_Car 1
354.0 612.0 351.0 618.0 333.0 611.0 335.0 605.0 Small_Car 1
348.0 619.0 346.0 625.0 332.0 621.0 334.0 615.0 Small_Car 1
426.0 573.0 424.0 580.0 404.0 575.0 406.0 568.0 Small_Car 1
418.0 591.0 416.0 598.0 397.0 592.0 399.0 585.0 Small_Car 1
414.0 599.0 412.0 606.0 393.0 601.0 394.0 595.0 Small_Car 1
409.0 607.0 408.0 614.0 391.0 611.0 392.0 604.0 Small_Car 1
407.0 617.0 405.0 624.0 384.0 618.0 386.0 611.0 Small_Car 1
382.0 676.0 381.0 685.0 363.0 681.0 365.0 673.0 Small_Car 1
379.0 686.0 377.0 693.0 358.0 688.0 360.0 681.0 Small_Car 1
376.0 694.0 373.0 702.0 354.0 698.0 357.0 689.0 Small_Car 1
370.0 703.0 368.0 711.0 347.0 703.0 350.0 696.0 Small_Car 1
364.0 711.0 362.0 718.0 346.0 713.0 347.0 707.0 Small_Car 1
360.0 728.0 358.0 735.0 340.0 730.0 342.0 723.0 Small_Car 1
357.0 737.0 356.0 745.0 334.0 741.0 336.0 733.0 Small_Car 1
355.0 747.0 352.0 754.0 333.0 747.0 336.0 741.0 Small_Car 1
331.0 662.0 329.0 670.0 308.0 664.0 310.0 656.0 Small_Car 1
330.0 674.0 328.0 681.0 307.0 674.0 309.0 667.0 Small_Car 1
302.0 664.0 300.0 671.0 282.0 666.0 284.0 659.0 Small_Car 1
296.0 682.0 294.0 688.0 275.0 684.0 276.0 678.0 Small_Car 1
311.0 704.0 309.0 712.0 291.0 708.0 292.0 700.0 Small_Car 1
306.0 714.0 304.0 721.0 285.0 716.0 287.0 709.0 Small_Car 1
269.0 741.0 267.0 749.0 249.0 743.0 251.0 735.0 Small_Car 1
370.0 786.0 367.0 795.0 344.0 786.0 348.0 778.0 Small_Car 1
379.0 755.0 373.0 761.0 359.0 748.0 364.0 742.0 Small_Car 1
399.0 725.0 393.0 743.0 385.0 741.0 390.0 723.0 Small_Car 1
409.0 704.0 401.0 719.0 392.0 715.0 400.0 700.0 Small_Car 1
440.0 641.0 436.0 657.0 427.0 655.0 431.0 639.0 Small_Car 1
462.0 651.0 455.0 668.0 448.0 665.0 455.0 648.0 Small_Car 1
471.0 653.0 467.0 670.0 459.0 668.0 463.0 651.0 Small_Car 1
483.0 656.0 477.0 671.0 469.0 668.0 474.0 653.0 Small_Car 1
493.0 660.0 488.0 676.0 480.0 674.0 485.0 658.0 Small_Car 1
504.0 662.0 498.0 679.0 490.0 677.0 496.0 659.0 Small_Car 1
514.0 665.0 507.0 683.0 500.0 680.0 506.0 663.0 Small_Car 1
535.0 672.0 529.0 689.0 521.0 686.0 527.0 669.0 Small_Car 1
545.0 673.0 539.0 690.0 532.0 688.0 538.0 671.0 Small_Car 1
555.0 678.0 550.0 693.0 541.0 691.0 547.0 675.0 Small_Car 1
566.0 681.0 559.0 695.0 551.0 691.0 558.0 677.0 Small_Car 1
578.0 683.0 570.0 698.0 563.0 694.0 571.0 680.0 Small_Car 1
589.0 686.0 583.0 703.0 574.0 700.0 579.0 683.0 Small_Car 1
504.0 710.0 498.0 727.0 489.0 724.0 495.0 707.0 Small_Car 1
527.0 716.0 520.0 732.0 511.0 729.0 518.0 712.0 Small_Car 1
537.0 719.0 529.0 735.0 521.0 732.0 529.0 716.0 Small_Car 1
489.0 611.0 484.0 626.0 475.0 623.0 480.0 608.0 Small_Car 1
498.0 598.0 489.0 600.0 487.0 584.0 496.0 582.0 Small_Car 1
524.0 609.0 515.0 611.0 511.0 593.0 521.0 592.0 Small_Car 1
535.0 611.0 527.0 613.0 524.0 598.0 532.0 596.0 Small_Car 1
570.0 571.0 554.0 581.0 549.0 573.0 566.0 564.0 Small_Car 1
582.0 575.0 567.0 586.0 561.0 579.0 577.0 568.0 Small_Car 1
593.0 630.0 584.0 631.0 582.0 615.0 592.0 614.0 Small_Car 1
334.0 592.0 331.0 603.0 311.0 597.0 315.0 586.0 Small_Car 1
