545.0 20.0 543.0 26.0 525.0 18.0 527.0 12.0 Small_Car 1
578.0 238.0 573.0 243.0 561.0 231.0 566.0 225.0 Small_Car 1
557.0 298.0 552.0 305.0 540.0 294.0 545.0 287.0 Small_Car 1
524.0 338.0 519.0 345.0 505.0 334.0 511.0 327.0 Small_Car 1
487.0 386.0 483.0 391.0 467.0 379.0 471.0 374.0 Small_Car 1
427.0 457.0 423.0 462.0 409.0 449.0 413.0 445.0 Small_Car 1
376.0 520.0 371.0 524.0 358.0 512.0 363.0 507.0 Small_Car 1
399.0 488.0 395.0 492.0 382.0 480.0 386.0 476.0 Small_Car 1
392.0 495.0 387.0 500.0 374.0 488.0 380.0 482.0 Small_Car 1
336.0 565.0 330.0 571.0 317.0 560.0 323.0 554.0 Small_Car 1
281.0 623.0 278.0 630.0 256.0 620.0 259.0 613.0 Small_Car 1
