211.0 379.0 199.0 379.0 199.0 373.0 211.0 372.0 Small_Car 1
183.0 380.0 160.0 381.0 160.0 374.0 183.0 373.0 Small_Car 1
154.0 364.0 131.0 364.0 131.0 358.0 154.0 358.0 Small_Car 1
73.0 364.0 51.0 364.0 51.0 357.0 73.0 357.0 Small_Car 1
87.0 383.0 63.0 383.0 63.0 377.0 87.0 376.0 Small_Car 1
47.0 365.0 26.0 366.0 25.0 360.0 47.0 359.0 Small_Car 1
55.0 460.0 33.0 460.0 33.0 454.0 55.0 454.0 Small_Car 1
55.0 440.0 30.0 440.0 30.0 433.0 55.0 433.0 Small_Car 1
329.0 551.0 318.0 566.0 311.0 561.0 322.0 546.0 Small_Car 1
280.0 556.0 273.0 556.0 272.0 539.0 279.0 539.0 Small_Car 1
266.0 558.0 257.0 558.0 257.0 542.0 266.0 542.0 Small_Car 1
227.0 545.0 226.0 562.0 217.0 562.0 217.0 545.0 Small_Car 1
208.0 516.0 204.0 523.0 186.0 514.0 190.0 507.0 Small_Car 1
180.0 550.0 155.0 551.0 155.0 545.0 179.0 544.0 Small_Car 1
175.0 561.0 152.0 559.0 153.0 552.0 175.0 554.0 Small_Car 1
225.0 98.0 215.0 99.0 214.0 82.0 224.0 81.0 Small_Car 1
263.0 108.0 238.0 108.0 238.0 101.0 263.0 101.0 Small_Car 1
260.0 134.0 251.0 135.0 249.0 117.0 259.0 116.0 Small_Car 1
269.0 130.0 262.0 130.0 262.0 114.0 269.0 114.0 Small_Car 1
286.0 130.0 276.0 131.0 275.0 112.0 285.0 111.0 Small_Car 1
299.0 128.0 291.0 128.0 290.0 112.0 299.0 112.0 Small_Car 1
315.0 129.0 306.0 129.0 306.0 112.0 315.0 112.0 Small_Car 1
276.0 171.0 268.0 171.0 267.0 154.0 275.0 154.0 Small_Car 1
290.0 158.0 287.0 173.0 278.0 171.0 281.0 156.0 Small_Car 1
315.0 178.0 307.0 178.0 306.0 162.0 315.0 162.0 Small_Car 1
311.0 213.0 289.0 213.0 289.0 206.0 311.0 207.0 Small_Car 1
667.0 78.0 643.0 78.0 643.0 72.0 667.0 73.0 Small_Car 1
630.0 73.0 629.0 78.0 607.0 78.0 607.0 72.0 Small_Car 1
601.0 80.0 579.0 79.0 579.0 73.0 601.0 74.0 Small_Car 1
506.0 269.0 484.0 270.0 484.0 265.0 506.0 264.0 Small_Car 1
536.0 271.0 514.0 269.0 514.0 264.0 536.0 265.0 Small_Car 1
562.0 271.0 538.0 272.0 538.0 266.0 562.0 266.0 Small_Car 1
587.0 271.0 567.0 272.0 567.0 266.0 587.0 265.0 Small_Car 1
617.0 271.0 595.0 271.0 594.0 266.0 617.0 266.0 Small_Car 1
610.0 243.0 587.0 243.0 587.0 236.0 610.0 236.0 Small_Car 1
643.0 243.0 616.0 242.0 616.0 236.0 643.0 236.0 Small_Car 1
669.0 243.0 644.0 243.0 644.0 237.0 669.0 237.0 Small_Car 1
676.0 271.0 654.0 271.0 654.0 265.0 676.0 266.0 Small_Car 1
737.0 267.0 716.0 271.0 715.0 265.0 735.0 261.0 Small_Car 1
760.0 257.0 740.0 263.0 738.0 258.0 758.0 251.0 Small_Car 1
772.0 170.0 763.0 169.0 763.0 154.0 772.0 154.0 Small_Car 1
814.0 154.0 813.0 168.0 805.0 168.0 806.0 154.0 Small_Car 1
813.0 152.0 804.0 151.0 804.0 134.0 813.0 134.0 Small_Car 1
814.0 131.0 804.0 130.0 804.0 115.0 814.0 115.0 Small_Car 1
775.0 89.0 774.0 104.0 763.0 104.0 764.0 88.0 Small_Car 1
814.0 108.0 805.0 109.0 805.0 92.0 813.0 92.0 Small_Car 1
773.0 60.0 765.0 60.0 764.0 44.0 772.0 44.0 Small_Car 1
772.0 43.0 765.0 44.0 765.0 30.0 772.0 30.0 Small_Car 1
773.0 25.0 765.0 25.0 764.0 9.0 772.0 8.0 Small_Car 1
814.0 67.0 806.0 67.0 806.0 52.0 814.0 52.0 Small_Car 1
812.0 20.0 805.0 21.0 803.0 6.0 811.0 5.0 Small_Car 1
930.0 30.0 922.0 34.0 915.0 20.0 923.0 16.0 Small_Car 1
935.0 57.0 928.0 59.0 924.0 42.0 932.0 40.0 Small_Car 1
955.0 41.0 947.0 44.0 940.0 28.0 948.0 25.0 Small_Car 1
962.0 66.0 955.0 68.0 952.0 53.0 960.0 52.0 Small_Car 1
940.0 84.0 931.0 85.0 930.0 68.0 938.0 67.0 Small_Car 1
940.0 109.0 933.0 110.0 933.0 92.0 940.0 92.0 Small_Car 1
945.0 131.0 936.0 132.0 936.0 114.0 945.0 114.0 Small_Car 1
961.0 146.0 952.0 146.0 952.0 128.0 961.0 128.0 Small_Car 1
945.0 154.0 935.0 154.0 935.0 137.0 944.0 136.0 Small_Car 1
962.0 175.0 952.0 174.0 952.0 158.0 962.0 158.0 Small_Car 1
976.0 171.0 975.0 188.0 966.0 188.0 967.0 170.0 Small_Car 1
943.0 235.0 933.0 235.0 933.0 219.0 943.0 219.0 Small_Car 1
958.0 232.0 948.0 232.0 948.0 215.0 958.0 215.0 Small_Car 1
972.0 223.0 969.0 240.0 961.0 239.0 964.0 222.0 Small_Car 1
943.0 245.0 942.0 261.0 934.0 260.0 934.0 245.0 Small_Car 1
958.0 256.0 950.0 256.0 950.0 240.0 958.0 240.0 Small_Car 1
981.0 298.0 975.0 301.0 968.0 284.0 974.0 282.0 Small_Car 1
564.0 357.0 538.0 358.0 538.0 351.0 564.0 350.0 Small_Car 1
918.0 365.0 896.0 367.0 896.0 360.0 918.0 358.0 Small_Car 1
890.0 368.0 866.0 370.0 865.0 364.0 889.0 362.0 Small_Car 1
862.0 371.0 833.0 373.0 832.0 366.0 861.0 364.0 Small_Car 1
900.0 401.0 876.0 402.0 876.0 395.0 900.0 395.0 Small_Car 1
821.0 374.0 797.0 375.0 796.0 370.0 821.0 368.0 Small_Car 1
760.0 378.0 738.0 378.0 738.0 372.0 760.0 372.0 Small_Car 1
700.0 382.0 676.0 383.0 676.0 377.0 699.0 375.0 Small_Car 1
579.0 397.0 556.0 403.0 555.0 398.0 578.0 392.0 Small_Car 1
464.0 441.0 441.0 442.0 440.0 436.0 464.0 434.0 Small_Car 1
518.0 436.0 497.0 437.0 497.0 431.0 518.0 430.0 Small_Car 1
559.0 476.0 558.0 493.0 548.0 493.0 549.0 475.0 Small_Car 1
544.0 494.0 536.0 496.0 532.0 478.0 540.0 476.0 Small_Car 1
645.0 485.0 638.0 488.0 633.0 474.0 640.0 471.0 Small_Car 1
690.0 480.0 681.0 482.0 678.0 465.0 687.0 463.0 Small_Car 1
703.0 477.0 694.0 477.0 694.0 461.0 703.0 461.0 Small_Car 1
806.0 565.0 784.0 565.0 784.0 558.0 806.0 558.0 Small_Car 1
806.0 584.0 784.0 583.0 784.0 576.0 806.0 577.0 Small_Car 1
795.0 664.0 794.0 670.0 771.0 665.0 772.0 659.0 Small_Car 1
782.0 680.0 780.0 687.0 760.0 681.0 762.0 674.0 Small_Car 1
777.0 690.0 776.0 695.0 756.0 689.0 758.0 684.0 Small_Car 1
778.0 698.0 777.0 705.0 754.0 700.0 755.0 693.0 Small_Car 1
867.0 575.0 846.0 576.0 846.0 569.0 866.0 569.0 Small_Car 1
865.0 610.0 842.0 611.0 842.0 604.0 865.0 603.0 Small_Car 1
858.0 661.0 835.0 660.0 836.0 653.0 858.0 654.0 Small_Car 1
948.0 571.0 938.0 571.0 938.0 554.0 948.0 554.0 Small_Car 1
971.0 775.0 965.0 790.0 955.0 786.0 962.0 771.0 Small_Car 1
229.0 768.0 209.0 776.0 206.0 769.0 226.0 761.0 Small_Car 1
588.0 970.0 565.0 967.0 566.0 961.0 588.0 964.0 Small_Car 1
566.0 898.0 544.0 898.0 544.0 891.0 566.0 891.0 Small_Car 1
925.0 857.0 911.0 870.0 906.0 864.0 920.0 851.0 Small_Car 1
834.0 946.0 819.0 959.0 814.0 954.0 830.0 941.0 Small_Car 1
975.0 960.0 972.0 966.0 955.0 957.0 958.0 951.0 Small_Car 1
735.0 124.0 712.0 124.0 712.0 117.0 735.0 117.0 Small_Car 1
