567.0 388.0 551.0 387.0 551.0 382.0 567.0 382.0 Small_Car 1
439.0 388.0 417.0 388.0 417.0 381.0 439.0 381.0 Small_Car 1
387.0 388.0 365.0 389.0 365.0 382.0 387.0 382.0 Small_Car 1
354.0 388.0 332.0 388.0 332.0 381.0 354.0 381.0 Small_Car 1
330.0 388.0 309.0 388.0 309.0 382.0 330.0 382.0 Small_Car 1
260.0 69.0 251.0 69.0 251.0 51.0 260.0 51.0 Small_Car 1
286.0 108.0 277.0 109.0 276.0 93.0 285.0 92.0 Small_Car 1
221.0 96.0 214.0 96.0 213.0 81.0 221.0 80.0 Small_Car 1
222.0 220.0 214.0 221.0 213.0 204.0 221.0 203.0 Small_Car 1
224.0 262.0 214.0 262.0 213.0 244.0 223.0 243.0 Small_Car 1
27.0 780.0 6.0 777.0 7.0 770.0 27.0 772.0 Small_Car 1
98.0 783.0 78.0 783.0 78.0 777.0 98.0 777.0 Small_Car 1
200.0 777.0 181.0 784.0 178.0 777.0 197.0 770.0 Small_Car 1
220.0 642.0 212.0 643.0 212.0 629.0 219.0 629.0 Small_Car 1
354.0 783.0 331.0 783.0 331.0 776.0 354.0 776.0 Small_Car 1
475.0 610.0 465.0 610.0 464.0 593.0 474.0 593.0 Small_Car 1
569.0 612.0 559.0 612.0 558.0 591.0 568.0 591.0 Small_Car 1
