998.0 735.0 989.0 740.0 979.0 720.0 988.0 715.0 Small_Car 1
987.0 712.0 978.0 716.0 971.0 699.0 980.0 695.0 Small_Car 1
895.0 821.0 880.0 825.0 878.0 818.0 893.0 814.0 Small_Car 1
888.0 813.0 876.0 816.0 874.0 808.0 887.0 805.0 Small_Car 1
879.0 777.0 859.0 782.0 857.0 774.0 877.0 769.0 Small_Car 1
872.0 769.0 857.0 774.0 855.0 766.0 870.0 762.0 Small_Car 1
866.0 751.0 849.0 756.0 847.0 748.0 863.0 744.0 Small_Car 1
860.0 744.0 843.0 749.0 841.0 741.0 858.0 735.0 Small_Car 1
860.0 734.0 841.0 740.0 838.0 732.0 858.0 725.0 Small_Car 1
846.0 699.0 826.0 705.0 824.0 696.0 843.0 690.0 Small_Car 1
840.0 691.0 823.0 698.0 820.0 689.0 837.0 683.0 Small_Car 1
837.0 682.0 818.0 687.0 816.0 680.0 835.0 674.0 Small_Car 1
825.0 657.0 805.0 663.0 802.0 655.0 822.0 648.0 Small_Car 1
815.0 638.0 797.0 645.0 795.0 637.0 813.0 631.0 Small_Car 1
812.0 629.0 794.0 636.0 791.0 628.0 810.0 621.0 Small_Car 1
807.0 622.0 789.0 628.0 786.0 620.0 805.0 614.0 Small_Car 1
805.0 613.0 787.0 619.0 785.0 611.0 802.0 606.0 Small_Car 1
802.0 605.0 782.0 612.0 779.0 603.0 800.0 596.0 Small_Car 1
798.0 596.0 778.0 602.0 776.0 594.0 796.0 588.0 Small_Car 1
790.0 579.0 771.0 584.0 769.0 577.0 788.0 572.0 Small_Car 1
785.0 571.0 768.0 576.0 766.0 567.0 783.0 562.0 Small_Car 1
771.0 536.0 753.0 543.0 750.0 534.0 768.0 528.0 Small_Car 1
755.0 502.0 737.0 507.0 735.0 499.0 753.0 495.0 Small_Car 1
747.0 484.0 726.0 491.0 723.0 483.0 745.0 476.0 Small_Car 1
743.0 475.0 725.0 481.0 722.0 473.0 740.0 467.0 Small_Car 1
739.0 466.0 720.0 471.0 717.0 464.0 737.0 458.0 Small_Car 1
730.0 449.0 712.0 455.0 710.0 446.0 727.0 441.0 Small_Car 1
722.0 432.0 702.0 437.0 700.0 429.0 720.0 424.0 Small_Car 1
716.0 414.0 696.0 419.0 694.0 412.0 714.0 406.0 Small_Car 1
711.0 406.0 694.0 411.0 692.0 403.0 709.0 398.0 Small_Car 1
956.0 648.0 947.0 651.0 941.0 634.0 949.0 630.0 Small_Car 1
930.0 591.0 921.0 595.0 915.0 577.0 923.0 574.0 Small_Car 1
803.0 830.0 786.0 835.0 784.0 826.0 801.0 821.0 Small_Car 1
831.0 812.0 812.0 817.0 809.0 809.0 828.0 804.0 Small_Car 1
800.0 821.0 782.0 826.0 780.0 818.0 798.0 813.0 Small_Car 1
797.0 813.0 779.0 819.0 776.0 810.0 794.0 804.0 Small_Car 1
796.0 803.0 776.0 808.0 774.0 800.0 793.0 795.0 Small_Car 1
820.0 785.0 799.0 793.0 796.0 784.0 817.0 777.0 Small_Car 1
790.0 796.0 773.0 800.0 771.0 791.0 788.0 787.0 Small_Car 1
816.0 777.0 797.0 785.0 794.0 777.0 813.0 770.0 Small_Car 1
786.0 786.0 769.0 791.0 766.0 783.0 784.0 778.0 Small_Car 1
776.0 779.0 763.0 783.0 761.0 775.0 773.0 772.0 Small_Car 1
776.0 769.0 761.0 774.0 759.0 766.0 774.0 761.0 Small_Car 1
800.0 744.0 779.0 749.0 777.0 740.0 798.0 735.0 Small_Car 1
759.0 726.0 741.0 732.0 739.0 724.0 756.0 718.0 Small_Car 1
753.0 709.0 734.0 714.0 732.0 706.0 751.0 700.0 Small_Car 1
777.0 690.0 759.0 697.0 756.0 689.0 775.0 682.0 Small_Car 1
744.0 690.0 726.0 696.0 723.0 688.0 741.0 682.0 Small_Car 1
774.0 682.0 754.0 688.0 752.0 680.0 771.0 674.0 Small_Car 1
742.0 682.0 721.0 687.0 719.0 678.0 740.0 673.0 Small_Car 1
736.0 674.0 717.0 680.0 714.0 671.0 733.0 665.0 Small_Car 1
766.0 665.0 746.0 671.0 744.0 663.0 764.0 657.0 Small_Car 1
719.0 631.0 699.0 638.0 696.0 629.0 716.0 622.0 Small_Car 1
704.0 604.0 687.0 610.0 684.0 603.0 702.0 596.0 Small_Car 1
733.0 596.0 713.0 603.0 710.0 594.0 729.0 588.0 Small_Car 1
691.0 569.0 673.0 574.0 670.0 567.0 688.0 561.0 Small_Car 1
685.0 580.0 676.0 583.0 673.0 577.0 683.0 574.0 Small_Car 1
715.0 553.0 695.0 560.0 692.0 552.0 712.0 545.0 Small_Car 1
686.0 561.0 667.0 566.0 665.0 558.0 684.0 553.0 Small_Car 1
709.0 544.0 690.0 552.0 687.0 543.0 705.0 536.0 Small_Car 1
680.0 554.0 662.0 560.0 659.0 551.0 678.0 546.0 Small_Car 1
705.0 536.0 686.0 542.0 684.0 534.0 702.0 528.0 Small_Car 1
699.0 528.0 683.0 534.0 680.0 526.0 696.0 520.0 Small_Car 1
697.0 519.0 687.0 523.0 684.0 515.0 694.0 511.0 Small_Car 1
664.0 518.0 648.0 523.0 646.0 516.0 661.0 511.0 Small_Car 1
660.0 511.0 643.0 516.0 640.0 508.0 658.0 503.0 Small_Car 1
656.0 502.0 638.0 506.0 636.0 499.0 654.0 495.0 Small_Car 1
689.0 493.0 669.0 500.0 666.0 491.0 686.0 485.0 Small_Car 1
651.0 493.0 634.0 499.0 632.0 491.0 649.0 486.0 Small_Car 1
684.0 484.0 665.0 490.0 662.0 482.0 682.0 476.0 Small_Car 1
678.0 475.0 661.0 480.0 659.0 474.0 675.0 468.0 Small_Car 1
646.0 476.0 628.0 481.0 626.0 472.0 644.0 467.0 Small_Car 1
632.0 462.0 620.0 466.0 617.0 458.0 629.0 454.0 Small_Car 1
970.0 321.0 961.0 326.0 952.0 310.0 961.0 306.0 Small_Car 1
921.0 385.0 912.0 389.0 904.0 372.0 913.0 368.0 Small_Car 1
917.0 338.0 909.0 342.0 900.0 326.0 908.0 322.0 Small_Car 1
895.0 346.0 887.0 350.0 880.0 334.0 889.0 330.0 Small_Car 1
876.0 351.0 866.0 354.0 861.0 341.0 870.0 337.0 Small_Car 1
738.0 863.0 719.0 870.0 716.0 862.0 735.0 855.0 Small_Car 1
731.0 843.0 712.0 849.0 710.0 841.0 729.0 836.0 Small_Car 1
750.0 828.0 731.0 834.0 729.0 826.0 748.0 820.0 Small_Car 1
700.0 804.0 691.0 807.0 688.0 800.0 698.0 797.0 Small_Car 1
720.0 758.0 699.0 766.0 696.0 758.0 717.0 750.0 Small_Car 1
693.0 766.0 675.0 773.0 672.0 765.0 690.0 758.0 Small_Car 1
719.0 749.0 698.0 756.0 695.0 748.0 716.0 741.0 Small_Car 1
690.0 757.0 670.0 764.0 667.0 756.0 687.0 750.0 Small_Car 1
685.0 750.0 667.0 756.0 664.0 748.0 682.0 742.0 Small_Car 1
707.0 734.0 688.0 740.0 685.0 731.0 704.0 725.0 Small_Car 1
684.0 740.0 664.0 747.0 661.0 739.0 681.0 732.0 Small_Car 1
704.0 724.0 685.0 731.0 682.0 723.0 701.0 716.0 Small_Car 1
677.0 731.0 659.0 737.0 657.0 729.0 674.0 723.0 Small_Car 1
695.0 705.0 684.0 710.0 682.0 703.0 693.0 699.0 Small_Car 1
694.0 698.0 675.0 704.0 672.0 696.0 692.0 690.0 Small_Car 1
664.0 696.0 646.0 702.0 644.0 695.0 661.0 689.0 Small_Car 1
687.0 690.0 670.0 695.0 667.0 687.0 685.0 682.0 Small_Car 1
660.0 688.0 643.0 693.0 641.0 686.0 657.0 680.0 Small_Car 1
685.0 682.0 666.0 687.0 664.0 679.0 683.0 673.0 Small_Car 1
656.0 680.0 638.0 686.0 635.0 678.0 653.0 671.0 Small_Car 1
653.0 670.0 633.0 677.0 630.0 669.0 650.0 662.0 Small_Car 1
647.0 662.0 630.0 667.0 627.0 660.0 645.0 654.0 Small_Car 1
660.0 630.0 644.0 634.0 642.0 626.0 657.0 621.0 Small_Car 1
626.0 609.0 607.0 616.0 604.0 609.0 623.0 602.0 Small_Car 1
650.0 603.0 631.0 609.0 628.0 601.0 648.0 595.0 Small_Car 1
617.0 594.0 599.0 600.0 596.0 592.0 614.0 586.0 Small_Car 1
641.0 586.0 623.0 592.0 620.0 584.0 639.0 579.0 Small_Car 1
638.0 576.0 620.0 584.0 617.0 576.0 634.0 569.0 Small_Car 1
610.0 586.0 593.0 591.0 590.0 582.0 608.0 577.0 Small_Car 1
609.0 577.0 590.0 581.0 588.0 573.0 607.0 568.0 Small_Car 1
634.0 568.0 615.0 575.0 613.0 566.0 632.0 560.0 Small_Car 1
630.0 559.0 612.0 566.0 609.0 558.0 627.0 551.0 Small_Car 1
587.0 523.0 568.0 529.0 566.0 522.0 584.0 516.0 Small_Car 1
591.0 474.0 573.0 481.0 570.0 473.0 588.0 467.0 Small_Car 1
598.0 482.0 578.0 489.0 575.0 481.0 595.0 474.0 Small_Car 1
590.0 465.0 570.0 472.0 567.0 463.0 586.0 456.0 Small_Car 1
615.0 526.0 604.0 530.0 602.0 522.0 613.0 518.0 Small_Car 1
690.0 876.0 671.0 883.0 668.0 875.0 687.0 868.0 Small_Car 1
686.0 868.0 668.0 874.0 665.0 866.0 684.0 860.0 Small_Car 1
679.0 860.0 661.0 866.0 659.0 858.0 677.0 852.0 Small_Car 1
655.0 867.0 636.0 874.0 633.0 866.0 652.0 859.0 Small_Car 1
648.0 850.0 630.0 855.0 628.0 847.0 646.0 842.0 Small_Car 1
667.0 834.0 648.0 840.0 646.0 831.0 665.0 826.0 Small_Car 1
662.0 825.0 649.0 829.0 648.0 822.0 660.0 819.0 Small_Car 1
632.0 834.0 619.0 838.0 616.0 830.0 629.0 826.0 Small_Car 1
650.0 791.0 631.0 797.0 629.0 789.0 648.0 783.0 Small_Car 1
624.0 799.0 606.0 805.0 604.0 797.0 621.0 791.0 Small_Car 1
620.0 790.0 601.0 797.0 598.0 788.0 617.0 781.0 Small_Car 1
644.0 780.0 627.0 787.0 624.0 780.0 641.0 773.0 Small_Car 1
614.0 780.0 598.0 786.0 596.0 779.0 612.0 774.0 Small_Car 1
641.0 771.0 624.0 778.0 621.0 771.0 638.0 765.0 Small_Car 1
638.0 766.0 618.0 772.0 615.0 763.0 635.0 757.0 Small_Car 1
632.0 758.0 614.0 762.0 612.0 755.0 630.0 750.0 Small_Car 1
582.0 773.0 574.0 777.0 568.0 760.0 576.0 757.0 Small_Car 1
623.0 740.0 611.0 744.0 608.0 736.0 621.0 732.0 Small_Car 1
614.0 714.0 598.0 719.0 595.0 711.0 611.0 706.0 Small_Car 1
589.0 720.0 569.0 727.0 566.0 719.0 586.0 712.0 Small_Car 1
608.0 705.0 591.0 711.0 588.0 703.0 606.0 697.0 Small_Car 1
585.0 711.0 566.0 718.0 563.0 710.0 583.0 704.0 Small_Car 1
581.0 703.0 562.0 709.0 560.0 701.0 579.0 695.0 Small_Car 1
575.0 694.0 561.0 698.0 558.0 691.0 573.0 687.0 Small_Car 1
599.0 679.0 580.0 685.0 578.0 677.0 597.0 672.0 Small_Car 1
597.0 671.0 576.0 676.0 574.0 668.0 595.0 663.0 Small_Car 1
588.0 662.0 574.0 666.0 572.0 659.0 586.0 654.0 Small_Car 1
557.0 662.0 543.0 666.0 541.0 659.0 555.0 655.0 Small_Car 1
553.0 644.0 533.0 650.0 531.0 641.0 551.0 635.0 Small_Car 1
574.0 628.0 555.0 634.0 552.0 625.0 571.0 619.0 Small_Car 1
546.0 626.0 525.0 632.0 522.0 624.0 544.0 617.0 Small_Car 1
538.0 609.0 517.0 615.0 514.0 606.0 535.0 600.0 Small_Car 1
560.0 592.0 542.0 598.0 539.0 591.0 557.0 584.0 Small_Car 1
534.0 599.0 514.0 605.0 512.0 597.0 532.0 591.0 Small_Car 1
509.0 547.0 490.0 552.0 488.0 544.0 507.0 540.0 Small_Car 1
532.0 532.0 512.0 538.0 510.0 530.0 529.0 524.0 Small_Car 1
524.0 515.0 505.0 521.0 502.0 512.0 521.0 507.0 Small_Car 1
496.0 514.0 475.0 519.0 473.0 510.0 494.0 505.0 Small_Car 1
489.0 505.0 472.0 511.0 470.0 503.0 486.0 497.0 Small_Car 1
576.0 893.0 560.0 898.0 557.0 889.0 574.0 884.0 Small_Car 1
573.0 884.0 555.0 889.0 552.0 881.0 571.0 875.0 Small_Car 1
597.0 866.0 577.0 872.0 575.0 865.0 594.0 858.0 Small_Car 1
565.0 866.0 548.0 872.0 546.0 864.0 562.0 859.0 Small_Car 1
562.0 859.0 544.0 865.0 541.0 857.0 559.0 850.0 Small_Car 1
584.0 840.0 573.0 842.0 572.0 835.0 583.0 833.0 Small_Car 1
550.0 831.0 530.0 839.0 528.0 831.0 548.0 824.0 Small_Car 1
546.0 824.0 529.0 831.0 526.0 822.0 543.0 816.0 Small_Car 1
572.0 816.0 553.0 822.0 550.0 813.0 569.0 807.0 Small_Car 1
568.0 807.0 549.0 813.0 546.0 806.0 566.0 799.0 Small_Car 1
540.0 806.0 522.0 812.0 519.0 803.0 537.0 798.0 Small_Car 1
535.0 796.0 517.0 802.0 514.0 794.0 532.0 788.0 Small_Car 1
561.0 790.0 541.0 796.0 539.0 787.0 558.0 781.0 Small_Car 1
555.0 780.0 538.0 786.0 535.0 778.0 553.0 773.0 Small_Car 1
532.0 787.0 513.0 793.0 511.0 786.0 530.0 780.0 Small_Car 1
528.0 781.0 507.0 786.0 505.0 778.0 526.0 772.0 Small_Car 1
518.0 773.0 504.0 777.0 502.0 770.0 516.0 766.0 Small_Car 1
506.0 727.0 487.0 732.0 484.0 724.0 504.0 718.0 Small_Car 1
532.0 721.0 513.0 726.0 510.0 717.0 529.0 712.0 Small_Car 1
527.0 712.0 508.0 718.0 506.0 710.0 524.0 703.0 Small_Car 1
522.0 703.0 504.0 710.0 501.0 701.0 519.0 695.0 Small_Car 1
519.0 695.0 498.0 700.0 496.0 692.0 516.0 687.0 Small_Car 1
485.0 684.0 468.0 689.0 465.0 682.0 483.0 677.0 Small_Car 1
511.0 677.0 493.0 682.0 491.0 674.0 509.0 669.0 Small_Car 1
482.0 675.0 466.0 682.0 463.0 674.0 479.0 668.0 Small_Car 1
508.0 669.0 488.0 675.0 486.0 667.0 505.0 660.0 Small_Car 1
502.0 658.0 485.0 666.0 481.0 658.0 499.0 651.0 Small_Car 1
470.0 651.0 451.0 658.0 448.0 649.0 466.0 642.0 Small_Car 1
466.0 642.0 449.0 647.0 446.0 640.0 463.0 634.0 Small_Car 1
491.0 634.0 472.0 638.0 470.0 630.0 489.0 626.0 Small_Car 1
462.0 632.0 443.0 636.0 441.0 629.0 460.0 624.0 Small_Car 1
489.0 626.0 469.0 630.0 467.0 622.0 487.0 618.0 Small_Car 1
455.0 625.0 439.0 629.0 437.0 620.0 453.0 617.0 Small_Car 1
485.0 616.0 467.0 622.0 464.0 613.0 482.0 607.0 Small_Car 1
451.0 607.0 432.0 611.0 430.0 602.0 449.0 598.0 Small_Car 1
446.0 598.0 428.0 604.0 426.0 596.0 444.0 590.0 Small_Car 1
464.0 574.0 444.0 579.0 442.0 571.0 462.0 566.0 Small_Car 1
439.0 582.0 421.0 585.0 419.0 578.0 437.0 574.0 Small_Car 1
435.0 572.0 417.0 577.0 415.0 570.0 433.0 564.0 Small_Car 1
431.0 564.0 413.0 570.0 411.0 562.0 429.0 556.0 Small_Car 1
457.0 556.0 437.0 562.0 435.0 553.0 455.0 548.0 Small_Car 1
455.0 548.0 435.0 553.0 433.0 545.0 453.0 540.0 Small_Car 1
442.0 523.0 423.0 529.0 420.0 520.0 439.0 514.0 Small_Car 1
538.0 928.0 528.0 932.0 525.0 925.0 535.0 921.0 Small_Car 1
532.0 918.0 513.0 924.0 511.0 916.0 530.0 910.0 Small_Car 1
530.0 908.0 510.0 915.0 507.0 906.0 527.0 900.0 Small_Car 1
512.0 935.0 491.0 942.0 488.0 934.0 509.0 927.0 Small_Car 1
505.0 926.0 485.0 932.0 483.0 923.0 502.0 917.0 Small_Car 1
501.0 917.0 483.0 922.0 480.0 915.0 499.0 909.0 Small_Car 1
495.0 898.0 477.0 904.0 475.0 896.0 493.0 891.0 Small_Car 1
516.0 883.0 497.0 890.0 495.0 881.0 513.0 875.0 Small_Car 1
488.0 881.0 468.0 887.0 466.0 879.0 486.0 873.0 Small_Car 1
466.0 857.0 456.0 861.0 454.0 854.0 464.0 850.0 Small_Car 1
467.0 840.0 450.0 846.0 448.0 838.0 465.0 832.0 Small_Car 1
490.0 821.0 470.0 828.0 468.0 820.0 488.0 814.0 Small_Car 1
459.0 821.0 442.0 828.0 439.0 820.0 457.0 814.0 Small_Car 1
485.0 814.0 465.0 820.0 462.0 811.0 483.0 805.0 Small_Car 1
479.0 806.0 462.0 810.0 460.0 802.0 477.0 798.0 Small_Car 1
452.0 804.0 434.0 810.0 431.0 802.0 449.0 796.0 Small_Car 1
476.0 788.0 458.0 793.0 455.0 784.0 473.0 779.0 Small_Car 1
458.0 753.0 441.0 758.0 439.0 750.0 455.0 744.0 Small_Car 1
455.0 743.0 436.0 750.0 434.0 742.0 452.0 736.0 Small_Car 1
423.0 734.0 406.0 739.0 403.0 732.0 420.0 726.0 Small_Car 1
418.0 725.0 400.0 731.0 398.0 723.0 415.0 717.0 Small_Car 1
394.0 675.0 378.0 681.0 375.0 673.0 392.0 667.0 Small_Car 1
393.0 665.0 373.0 670.0 371.0 663.0 391.0 658.0 Small_Car 1
389.0 656.0 369.0 663.0 367.0 655.0 387.0 648.0 Small_Car 1
413.0 648.0 394.0 654.0 392.0 646.0 410.0 641.0 Small_Car 1
384.0 648.0 368.0 652.0 366.0 645.0 382.0 640.0 Small_Car 1
410.0 639.0 391.0 646.0 387.0 638.0 407.0 630.0 Small_Car 1
362.0 605.0 345.0 610.0 343.0 603.0 360.0 597.0 Small_Car 1
384.0 590.0 363.0 595.0 361.0 586.0 382.0 581.0 Small_Car 1
361.0 596.0 341.0 602.0 339.0 594.0 358.0 588.0 Small_Car 1
375.0 574.0 355.0 578.0 353.0 569.0 373.0 564.0 Small_Car 1
372.0 563.0 353.0 569.0 350.0 561.0 369.0 555.0 Small_Car 1
459.0 951.0 444.0 956.0 442.0 948.0 456.0 943.0 Small_Car 1
456.0 942.0 438.0 948.0 436.0 940.0 454.0 934.0 Small_Car 1
432.0 949.0 414.0 954.0 412.0 947.0 430.0 941.0 Small_Car 1
453.0 933.0 434.0 940.0 431.0 932.0 450.0 925.0 Small_Car 1
427.0 941.0 409.0 947.0 406.0 939.0 424.0 933.0 Small_Car 1
425.0 931.0 406.0 938.0 403.0 931.0 423.0 924.0 Small_Car 1
447.0 915.0 427.0 921.0 424.0 913.0 445.0 907.0 Small_Car 1
441.0 907.0 422.0 913.0 420.0 906.0 438.0 899.0 Small_Car 1
422.0 924.0 402.0 930.0 399.0 922.0 419.0 916.0 Small_Car 1
417.0 916.0 397.0 922.0 395.0 913.0 414.0 907.0 Small_Car 1
412.0 907.0 394.0 913.0 391.0 905.0 409.0 898.0 Small_Car 1
408.0 898.0 388.0 905.0 386.0 896.0 406.0 890.0 Small_Car 1
438.0 898.0 420.0 904.0 418.0 895.0 435.0 890.0 Small_Car 1
434.0 890.0 416.0 895.0 414.0 886.0 432.0 881.0 Small_Car 1
419.0 856.0 396.0 862.0 393.0 853.0 416.0 847.0 Small_Car 1
415.0 847.0 395.0 853.0 392.0 845.0 413.0 838.0 Small_Car 1
383.0 846.0 366.0 852.0 363.0 844.0 380.0 839.0 Small_Car 1
375.0 829.0 357.0 834.0 354.0 826.0 372.0 821.0 Small_Car 1
404.0 820.0 382.0 828.0 379.0 819.0 401.0 811.0 Small_Car 1
398.0 811.0 381.0 817.0 378.0 810.0 396.0 804.0 Small_Car 1
366.0 822.0 353.0 826.0 350.0 818.0 364.0 814.0 Small_Car 1
394.0 803.0 384.0 806.0 382.0 799.0 392.0 796.0 Small_Car 1
389.0 795.0 379.0 798.0 377.0 791.0 386.0 787.0 Small_Car 1
363.0 793.0 344.0 799.0 342.0 791.0 361.0 785.0 Small_Car 1
356.0 785.0 339.0 790.0 337.0 782.0 354.0 777.0 Small_Car 1
378.0 769.0 361.0 775.0 358.0 767.0 375.0 761.0 Small_Car 1
376.0 761.0 355.0 767.0 353.0 758.0 373.0 752.0 Small_Car 1
371.0 752.0 351.0 757.0 349.0 749.0 369.0 743.0 Small_Car 1
345.0 760.0 327.0 765.0 325.0 756.0 342.0 751.0 Small_Car 1
367.0 743.0 348.0 748.0 346.0 739.0 365.0 735.0 Small_Car 1
365.0 736.0 346.0 740.0 344.0 732.0 363.0 728.0 Small_Car 1
349.0 700.0 330.0 706.0 327.0 698.0 346.0 692.0 Small_Car 1
344.0 691.0 326.0 696.0 324.0 689.0 342.0 684.0 Small_Car 1
316.0 690.0 297.0 695.0 295.0 687.0 313.0 682.0 Small_Car 1
312.0 680.0 293.0 687.0 291.0 679.0 310.0 673.0 Small_Car 1
341.0 682.0 321.0 690.0 318.0 682.0 338.0 674.0 Small_Car 1
338.0 675.0 318.0 680.0 316.0 672.0 336.0 667.0 Small_Car 1
330.0 655.0 312.0 662.0 309.0 655.0 327.0 648.0 Small_Car 1
310.0 613.0 292.0 619.0 290.0 611.0 308.0 605.0 Small_Car 1
305.0 604.0 287.0 610.0 284.0 602.0 302.0 596.0 Small_Car 1
272.0 596.0 253.0 602.0 250.0 593.0 270.0 587.0 Small_Car 1
263.0 588.0 249.0 593.0 247.0 585.0 261.0 581.0 Small_Car 1
380.0 1000.0 377.0 991.0 398.0 985.0 401.0 995.0 Small_Car 1
373.0 947.0 358.0 952.0 355.0 944.0 371.0 939.0 Small_Car 1
369.0 939.0 356.0 943.0 354.0 935.0 367.0 931.0 Small_Car 1
361.0 922.0 349.0 926.0 347.0 918.0 359.0 914.0 Small_Car 1
365.0 930.0 354.0 934.0 351.0 927.0 362.0 923.0 Small_Car 1
360.0 913.0 346.0 918.0 343.0 910.0 357.0 906.0 Small_Car 1
352.0 906.0 340.0 909.0 337.0 901.0 350.0 897.0 Small_Car 1
350.0 895.0 334.0 901.0 331.0 894.0 348.0 888.0 Small_Car 1
331.0 853.0 318.0 858.0 315.0 850.0 328.0 845.0 Small_Car 1
327.0 845.0 311.0 851.0 308.0 843.0 324.0 838.0 Small_Car 1
325.0 836.0 307.0 842.0 304.0 835.0 322.0 829.0 Small_Car 1
321.0 830.0 305.0 835.0 302.0 826.0 318.0 821.0 Small_Car 1
312.0 811.0 301.0 814.0 298.0 806.0 309.0 803.0 Small_Car 1
308.0 801.0 296.0 805.0 294.0 797.0 306.0 793.0 Small_Car 1
301.0 785.0 283.0 790.0 280.0 781.0 298.0 776.0 Small_Car 1
297.0 775.0 279.0 781.0 276.0 773.0 295.0 767.0 Small_Car 1
289.0 758.0 277.0 762.0 274.0 754.0 287.0 750.0 Small_Car 1
295.0 766.0 277.0 772.0 274.0 764.0 293.0 758.0 Small_Car 1
277.0 732.0 262.0 736.0 259.0 728.0 274.0 724.0 Small_Car 1
260.0 700.0 247.0 703.0 245.0 695.0 258.0 692.0 Small_Car 1
234.0 636.0 224.0 640.0 221.0 633.0 232.0 630.0 Small_Car 1
231.0 629.0 219.0 632.0 217.0 625.0 229.0 621.0 Small_Car 1
215.0 604.0 200.0 610.0 196.0 601.0 212.0 595.0 Small_Car 1
207.0 578.0 188.0 584.0 185.0 576.0 205.0 570.0 Small_Car 1
106.0 988.0 88.0 996.0 85.0 987.0 103.0 980.0 Small_Car 1
103.0 980.0 84.0 987.0 81.0 980.0 100.0 972.0 Small_Car 1
71.0 982.0 53.0 989.0 50.0 981.0 68.0 974.0 Small_Car 1
67.0 972.0 49.0 979.0 46.0 971.0 64.0 964.0 Small_Car 1
96.0 963.0 77.0 970.0 74.0 962.0 93.0 955.0 Small_Car 1
64.0 964.0 45.0 970.0 43.0 962.0 61.0 956.0 Small_Car 1
57.0 947.0 37.0 953.0 34.0 944.0 54.0 938.0 Small_Car 1
83.0 937.0 63.0 944.0 61.0 937.0 80.0 930.0 Small_Car 1
47.0 930.0 29.0 936.0 26.0 929.0 44.0 922.0 Small_Car 1
22.0 991.0 2.0 995.0 0.0 986.0 20.0 981.0 Small_Car 1
4.0 1003.0 2.0 995.0 23.0 990.0 24.0 999.0 Small_Car 1
12.0 971.0 0.0 975.0 0.0 965.0 9.0 963.0 Small_Car 1
102.0 680.0 82.0 685.0 80.0 677.0 100.0 673.0 Small_Car 1
38.0 685.0 32.0 701.0 23.0 698.0 29.0 682.0 Small_Car 1
15.0 686.0 11.0 700.0 2.0 697.0 6.0 683.0 Small_Car 1
737.0 281.0 715.0 288.0 713.0 281.0 735.0 275.0 Small_Car 1
696.0 201.0 677.0 208.0 674.0 200.0 693.0 193.0 Small_Car 1
690.0 184.0 670.0 190.0 667.0 182.0 687.0 176.0 Small_Car 1
664.0 131.0 646.0 137.0 643.0 129.0 662.0 123.0 Small_Car 1
654.0 107.0 635.0 113.0 632.0 105.0 651.0 99.0 Small_Car 1
640.0 82.0 622.0 87.0 620.0 80.0 638.0 74.0 Small_Car 1
633.0 64.0 616.0 71.0 613.0 63.0 631.0 57.0 Small_Car 1
631.0 55.0 613.0 62.0 609.0 53.0 628.0 47.0 Small_Car 1
626.0 48.0 606.0 54.0 604.0 46.0 623.0 40.0 Small_Car 1
617.0 30.0 600.0 36.0 597.0 29.0 615.0 22.0 Small_Car 1
138.0 418.0 128.0 423.0 120.0 406.0 130.0 401.0 Small_Car 1
