799.0 986.0 796.0 992.0 778.0 984.0 781.0 978.0 Small_Car 1
801.0 977.0 799.0 984.0 778.0 975.0 781.0 969.0 Small_Car 1
801.0 968.0 798.0 974.0 779.0 966.0 782.0 960.0 Small_Car 1
799.0 959.0 796.0 965.0 777.0 956.0 779.0 950.0 Small_Car 1
825.0 987.0 821.0 995.0 801.0 985.0 804.0 978.0 Small_Car 1
800.0 941.0 798.0 946.0 778.0 937.0 780.0 931.0 Small_Car 1
823.0 913.0 821.0 919.0 801.0 911.0 804.0 905.0 Small_Car 1
799.0 885.0 796.0 892.0 776.0 883.0 779.0 876.0 Small_Car 1
801.0 877.0 798.0 883.0 777.0 873.0 781.0 867.0 Small_Car 1
801.0 867.0 797.0 875.0 778.0 865.0 782.0 858.0 Small_Car 1
822.0 857.0 819.0 864.0 800.0 856.0 803.0 849.0 Small_Car 1
823.0 848.0 820.0 855.0 801.0 845.0 804.0 839.0 Small_Car 1
799.0 829.0 796.0 835.0 778.0 827.0 781.0 820.0 Small_Car 1
801.0 821.0 798.0 827.0 779.0 818.0 783.0 812.0 Small_Car 1
825.0 811.0 821.0 819.0 801.0 808.0 805.0 800.0 Small_Car 1
756.0 802.0 738.0 811.0 734.0 803.0 752.0 795.0 Small_Car 1
754.0 813.0 737.0 821.0 734.0 814.0 750.0 806.0 Small_Car 1
754.0 864.0 736.0 872.0 732.0 865.0 750.0 857.0 Small_Car 1
753.0 874.0 737.0 882.0 733.0 875.0 749.0 867.0 Small_Car 1
753.0 883.0 737.0 893.0 732.0 886.0 749.0 876.0 Small_Car 1
753.0 893.0 738.0 903.0 734.0 896.0 749.0 887.0 Small_Car 1
754.0 904.0 737.0 913.0 733.0 906.0 751.0 898.0 Small_Car 1
756.0 924.0 738.0 934.0 734.0 927.0 752.0 917.0 Small_Car 1
754.0 945.0 736.0 954.0 733.0 946.0 751.0 937.0 Small_Car 1
853.0 904.0 844.0 905.0 844.0 891.0 852.0 890.0 Small_Car 1
853.0 871.0 852.0 888.0 843.0 888.0 843.0 871.0 Small_Car 1
852.0 866.0 843.0 865.0 843.0 848.0 852.0 848.0 Small_Car 1
855.0 794.0 836.0 795.0 836.0 787.0 855.0 787.0 Small_Car 1
855.0 781.0 834.0 781.0 834.0 773.0 855.0 773.0 Small_Car 1
950.0 818.0 941.0 836.0 932.0 831.0 941.0 813.0 Small_Car 1
915.0 907.0 906.0 907.0 905.0 890.0 914.0 890.0 Small_Car 1
979.0 950.0 978.0 969.0 969.0 969.0 969.0 950.0 Small_Car 1
637.0 839.0 629.0 839.0 629.0 824.0 637.0 824.0 Small_Car 1
638.0 820.0 629.0 820.0 629.0 803.0 638.0 803.0 Small_Car 1
641.0 778.0 640.0 794.0 630.0 794.0 630.0 778.0 Small_Car 1
673.0 906.0 663.0 906.0 663.0 888.0 673.0 888.0 Small_Car 1
640.0 889.0 631.0 889.0 631.0 873.0 639.0 873.0 Small_Car 1
108.0 756.0 88.0 756.0 88.0 749.0 108.0 749.0 Small_Car 1
106.0 739.0 85.0 739.0 85.0 730.0 106.0 730.0 Small_Car 1
16.0 740.0 0.0 740.0 0.0 731.0 16.0 731.0 Small_Car 1
17.0 54.0 8.0 54.0 8.0 38.0 17.0 38.0 Small_Car 1
29.0 54.0 21.0 54.0 20.0 37.0 29.0 37.0 Small_Car 1
37.0 94.0 28.0 94.0 27.0 78.0 36.0 78.0 Small_Car 1
50.0 94.0 40.0 94.0 40.0 79.0 49.0 78.0 Small_Car 1
73.0 95.0 65.0 95.0 65.0 81.0 73.0 81.0 Small_Car 1
60.0 20.0 39.0 20.0 39.0 13.0 60.0 13.0 Small_Car 1
57.0 11.0 36.0 11.0 36.0 4.0 57.0 3.0 Small_Car 1
105.0 26.0 95.0 27.0 94.0 11.0 104.0 10.0 Small_Car 1
154.0 80.0 153.0 97.0 143.0 97.0 144.0 80.0 Small_Car 1
139.0 95.0 129.0 95.0 128.0 79.0 138.0 78.0 Small_Car 1
193.0 248.0 192.0 256.0 168.0 255.0 168.0 247.0 Small_Car 1
319.0 212.0 296.0 213.0 296.0 204.0 319.0 203.0 Small_Car 1
590.0 3.0 589.0 20.0 579.0 20.0 579.0 3.0 Small_Car 1
571.0 28.0 570.0 46.0 561.0 46.0 561.0 28.0 Small_Car 1
567.0 70.0 558.0 70.0 559.0 52.0 567.0 52.0 Small_Car 1
600.0 158.0 591.0 158.0 591.0 141.0 600.0 141.0 Small_Car 1
649.0 107.0 648.0 124.0 638.0 124.0 639.0 106.0 Small_Car 1
664.0 112.0 663.0 131.0 654.0 131.0 655.0 112.0 Small_Car 1
763.0 25.0 743.0 25.0 743.0 18.0 763.0 19.0 Small_Car 1
765.0 44.0 745.0 44.0 745.0 37.0 765.0 38.0 Small_Car 1
819.0 19.0 798.0 19.0 798.0 12.0 819.0 12.0 Small_Car 1
852.0 29.0 842.0 29.0 842.0 11.0 852.0 11.0 Small_Car 1
912.0 72.0 902.0 72.0 902.0 56.0 912.0 56.0 Small_Car 1
1000.0 68.0 992.0 68.0 993.0 50.0 1000.0 50.0 Small_Car 1
661.0 169.0 660.0 195.0 649.0 195.0 649.0 169.0 Small_Car 1
679.0 206.0 669.0 206.0 669.0 190.0 679.0 190.0 Small_Car 1
660.0 294.0 651.0 294.0 651.0 278.0 660.0 278.0 Small_Car 1
662.0 362.0 653.0 362.0 653.0 344.0 662.0 344.0 Small_Car 1
623.0 395.0 613.0 395.0 612.0 377.0 622.0 377.0 Small_Car 1
658.0 465.0 650.0 465.0 649.0 448.0 658.0 447.0 Small_Car 1
623.0 492.0 615.0 492.0 615.0 474.0 623.0 474.0 Small_Car 1
623.0 550.0 614.0 550.0 614.0 535.0 623.0 535.0 Small_Car 1
282.0 295.0 273.0 295.0 273.0 278.0 282.0 278.0 Small_Car 1
782.0 292.0 772.0 293.0 770.0 274.0 781.0 273.0 Small_Car 1
803.0 293.0 793.0 293.0 793.0 275.0 802.0 275.0 Small_Car 1
855.0 280.0 833.0 280.0 833.0 274.0 855.0 273.0 Small_Car 1
859.0 306.0 836.0 306.0 836.0 299.0 859.0 299.0 Small_Car 1
876.0 300.0 867.0 300.0 867.0 283.0 876.0 283.0 Small_Car 1
54.0 581.0 49.0 588.0 30.0 576.0 35.0 569.0 Small_Car 1
310.0 454.0 301.0 454.0 300.0 437.0 310.0 437.0 Small_Car 1
259.0 496.0 250.0 496.0 250.0 482.0 259.0 482.0 Small_Car 1
272.0 494.0 263.0 494.0 263.0 481.0 271.0 481.0 Small_Car 1
400.0 416.0 388.0 429.0 381.0 423.0 394.0 410.0 Small_Car 1
437.0 441.0 425.0 452.0 419.0 446.0 431.0 434.0 Small_Car 1
388.0 488.0 369.0 488.0 369.0 480.0 388.0 480.0 Small_Car 1
391.0 498.0 371.0 499.0 371.0 491.0 390.0 491.0 Small_Car 1
391.0 507.0 371.0 508.0 370.0 500.0 391.0 499.0 Small_Car 1
392.0 525.0 373.0 525.0 373.0 519.0 392.0 519.0 Small_Car 1
460.0 488.0 439.0 488.0 439.0 479.0 460.0 479.0 Small_Car 1
427.0 677.0 409.0 677.0 409.0 668.0 427.0 668.0 Small_Car 1
809.0 382.0 799.0 382.0 799.0 364.0 809.0 364.0 Small_Car 1
822.0 383.0 812.0 383.0 812.0 366.0 822.0 366.0 Small_Car 1
834.0 382.0 825.0 382.0 826.0 364.0 834.0 364.0 Small_Car 1
880.0 401.0 871.0 401.0 871.0 379.0 880.0 379.0 Small_Car 1
865.0 467.0 842.0 467.0 842.0 457.0 865.0 457.0 Small_Car 1
361.0 567.0 354.0 567.0 354.0 555.0 361.0 555.0 Small_Car 1
998.0 530.0 979.0 530.0 979.0 522.0 998.0 522.0 Small_Car 1
1000.0 537.0 981.0 537.0 981.0 530.0 1000.0 530.0 Small_Car 1
1000.0 567.0 981.0 567.0 981.0 558.0 1000.0 558.0 Small_Car 1
1000.0 575.0 981.0 575.0 981.0 568.0 1000.0 568.0 Small_Car 1
1000.0 586.0 981.0 586.0 981.0 578.0 1000.0 578.0 Small_Car 1
1000.0 594.0 979.0 594.0 979.0 587.0 1000.0 587.0 Small_Car 1
1001.0 604.0 978.0 604.0 978.0 597.0 1001.0 596.0 Small_Car 1
1000.0 614.0 979.0 614.0 979.0 606.0 1000.0 606.0 Small_Car 1
943.0 575.0 923.0 576.0 922.0 569.0 943.0 568.0 Small_Car 1
937.0 603.0 919.0 603.0 919.0 597.0 937.0 597.0 Small_Car 1
940.0 612.0 918.0 613.0 918.0 606.0 940.0 605.0 Small_Car 1
920.0 579.0 903.0 589.0 899.0 582.0 916.0 572.0 Small_Car 1
918.0 569.0 901.0 578.0 898.0 572.0 915.0 563.0 Small_Car 1
920.0 560.0 901.0 566.0 899.0 559.0 918.0 553.0 Small_Car 1
921.0 517.0 902.0 525.0 899.0 518.0 917.0 509.0 Small_Car 1
3.0 972.0 0.0 965.0 16.0 956.0 20.0 963.0 Small_Car 1
21.0 976.0 4.0 983.0 1.0 974.0 17.0 967.0 Small_Car 1
127.0 830.0 126.0 848.0 117.0 848.0 117.0 830.0 Small_Car 1
124.0 869.0 115.0 868.0 115.0 850.0 124.0 851.0 Small_Car 1
84.0 875.0 75.0 874.0 75.0 859.0 84.0 859.0 Small_Car 1
71.0 873.0 62.0 873.0 62.0 855.0 71.0 855.0 Small_Car 1
58.0 874.0 49.0 875.0 46.0 859.0 55.0 857.0 Small_Car 1
66.0 907.0 43.0 909.0 43.0 901.0 65.0 899.0 Small_Car 1
65.0 917.0 46.0 919.0 45.0 910.0 64.0 907.0 Small_Car 1
70.0 934.0 51.0 936.0 50.0 927.0 69.0 925.0 Small_Car 1
129.0 941.0 106.0 941.0 106.0 933.0 129.0 932.0 Small_Car 1
316.0 768.0 293.0 768.0 293.0 761.0 315.0 761.0 Small_Car 1
316.0 785.0 295.0 786.0 295.0 778.0 316.0 778.0 Small_Car 1
316.0 795.0 294.0 795.0 294.0 787.0 316.0 788.0 Small_Car 1
315.0 824.0 295.0 823.0 295.0 815.0 315.0 815.0 Small_Car 1
313.0 843.0 294.0 843.0 294.0 834.0 313.0 835.0 Small_Car 1
258.0 822.0 234.0 821.0 234.0 814.0 258.0 814.0 Small_Car 1
257.0 830.0 233.0 830.0 233.0 822.0 257.0 822.0 Small_Car 1
259.0 838.0 238.0 837.0 238.0 831.0 259.0 831.0 Small_Car 1
261.0 859.0 240.0 859.0 240.0 851.0 261.0 851.0 Small_Car 1
258.0 869.0 257.0 876.0 236.0 876.0 236.0 868.0 Small_Car 1
259.0 904.0 237.0 904.0 237.0 897.0 259.0 897.0 Small_Car 1
256.0 894.0 236.0 894.0 236.0 888.0 256.0 887.0 Small_Car 1
260.0 931.0 238.0 932.0 238.0 924.0 260.0 923.0 Small_Car 1
259.0 950.0 237.0 949.0 237.0 941.0 259.0 942.0 Small_Car 1
254.0 986.0 235.0 986.0 235.0 977.0 254.0 977.0 Small_Car 1
314.0 929.0 291.0 930.0 291.0 922.0 314.0 922.0 Small_Car 1
314.0 959.0 290.0 958.0 290.0 951.0 314.0 952.0 Small_Car 1
315.0 967.0 291.0 967.0 291.0 959.0 315.0 960.0 Small_Car 1
354.0 985.0 333.0 985.0 333.0 978.0 354.0 978.0 Small_Car 1
408.0 965.0 388.0 965.0 388.0 957.0 408.0 957.0 Small_Car 1
410.0 991.0 386.0 992.0 386.0 984.0 409.0 984.0 Small_Car 1
459.0 965.0 435.0 964.0 435.0 957.0 459.0 957.0 Small_Car 1
461.0 993.0 437.0 993.0 437.0 986.0 461.0 986.0 Small_Car 1
