961.0 472.0 953.0 473.0 950.0 456.0 958.0 454.0 Small_Car 1
938.0 387.0 931.0 388.0 928.0 373.0 935.0 372.0 Small_Car 1
934.0 369.0 928.0 371.0 924.0 355.0 930.0 353.0 Small_Car 1
816.0 683.0 815.0 699.0 807.0 699.0 808.0 682.0 Small_Car 1
868.0 692.0 867.0 700.0 846.0 699.0 846.0 691.0 Small_Car 1
887.0 687.0 868.0 688.0 868.0 682.0 887.0 682.0 Small_Car 1
845.0 721.0 828.0 722.0 828.0 713.0 845.0 713.0 Small_Car 1
855.0 756.0 835.0 755.0 835.0 748.0 855.0 748.0 Small_Car 1
879.0 787.0 872.0 788.0 871.0 772.0 878.0 771.0 Small_Car 1
6.0 892.0 5.0 913.0 0.0 913.0 0.0 892.0 Small_Car 1
6.0 884.0 1.0 884.0 0.0 865.0 5.0 865.0 Small_Car 1
849.0 90.0 843.0 92.0 839.0 75.0 845.0 74.0 Small_Car 1
819.0 93.0 813.0 95.0 809.0 80.0 815.0 79.0 Small_Car 1
