985.0 324.0 965.0 323.0 966.0 316.0 985.0 317.0 Small_Car 1
923.0 309.0 906.0 310.0 905.0 302.0 923.0 301.0 Small_Car 1
982.0 291.0 974.0 291.0 974.0 275.0 982.0 275.0 Small_Car 1
928.0 294.0 920.0 294.0 919.0 278.0 928.0 278.0 Small_Car 1
825.0 244.0 816.0 244.0 816.0 228.0 824.0 227.0 Small_Car 1
958.0 157.0 950.0 158.0 949.0 141.0 958.0 140.0 Small_Car 1
866.0 107.0 855.0 107.0 855.0 89.0 865.0 89.0 Small_Car 1
813.0 623.0 812.0 637.0 805.0 637.0 806.0 623.0 Small_Car 1
847.0 741.0 840.0 741.0 838.0 725.0 845.0 724.0 Small_Car 1
832.0 771.0 825.0 771.0 825.0 752.0 832.0 752.0 Small_Car 1
845.0 773.0 836.0 773.0 836.0 757.0 845.0 757.0 Small_Car 1
922.0 797.0 921.0 803.0 900.0 798.0 902.0 791.0 Small_Car 1
851.0 870.0 841.0 884.0 833.0 879.0 844.0 865.0 Small_Car 1
870.0 917.0 862.0 918.0 860.0 899.0 868.0 898.0 Small_Car 1
833.0 928.0 832.0 946.0 823.0 946.0 823.0 928.0 Small_Car 1
870.0 952.0 861.0 952.0 860.0 932.0 869.0 932.0 Small_Car 1
884.0 997.0 874.0 998.0 873.0 981.0 884.0 981.0 Small_Car 1
503.0 946.0 496.0 947.0 496.0 931.0 503.0 931.0 Small_Car 1
492.0 947.0 483.0 947.0 483.0 932.0 491.0 932.0 Small_Car 1
480.0 949.0 472.0 949.0 472.0 932.0 480.0 932.0 Small_Car 1
430.0 948.0 422.0 948.0 422.0 932.0 430.0 931.0 Small_Car 1
469.0 907.0 462.0 908.0 461.0 892.0 468.0 892.0 Small_Car 1
458.0 892.0 457.0 910.0 449.0 909.0 449.0 892.0 Small_Car 1
421.0 910.0 412.0 910.0 412.0 892.0 420.0 892.0 Small_Car 1
409.0 908.0 401.0 908.0 400.0 891.0 408.0 891.0 Small_Car 1
357.0 945.0 347.0 946.0 346.0 929.0 357.0 929.0 Small_Car 1
251.0 908.0 242.0 908.0 242.0 891.0 251.0 891.0 Small_Car 1
230.0 909.0 223.0 909.0 221.0 892.0 228.0 891.0 Small_Car 1
174.0 892.0 172.0 909.0 164.0 908.0 165.0 892.0 Small_Car 1
132.0 909.0 124.0 909.0 124.0 893.0 132.0 893.0 Small_Car 1
102.0 910.0 101.0 918.0 81.0 917.0 82.0 909.0 Small_Car 1
101.0 927.0 80.0 927.0 80.0 919.0 101.0 920.0 Small_Car 1
201.0 948.0 194.0 949.0 192.0 931.0 199.0 931.0 Small_Car 1
180.0 950.0 172.0 950.0 171.0 932.0 179.0 931.0 Small_Car 1
169.0 949.0 160.0 949.0 159.0 931.0 168.0 930.0 Small_Car 1
157.0 930.0 156.0 948.0 148.0 948.0 149.0 930.0 Small_Car 1
52.0 997.0 44.0 997.0 44.0 981.0 52.0 981.0 Small_Car 1
11.0 1000.0 4.0 1001.0 3.0 983.0 11.0 983.0 Small_Car 1
16.0 917.0 15.0 934.0 7.0 934.0 7.0 917.0 Small_Car 1
56.0 925.0 55.0 943.0 47.0 942.0 49.0 924.0 Small_Car 1
653.0 872.0 631.0 872.0 631.0 864.0 653.0 865.0 Small_Car 1
622.0 872.0 605.0 873.0 604.0 866.0 621.0 865.0 Small_Car 1
520.0 828.0 500.0 828.0 500.0 820.0 520.0 819.0 Small_Car 1
177.0 872.0 157.0 872.0 157.0 864.0 177.0 864.0 Small_Car 1
322.0 828.0 303.0 828.0 302.0 820.0 322.0 819.0 Small_Car 1
208.0 827.0 189.0 827.0 187.0 820.0 208.0 820.0 Small_Car 1
123.0 826.0 107.0 826.0 106.0 819.0 123.0 819.0 Small_Car 1
698.0 515.0 678.0 516.0 678.0 510.0 697.0 510.0 Small_Car 1
745.0 514.0 727.0 516.0 726.0 511.0 743.0 509.0 Small_Car 1
683.0 488.0 662.0 489.0 662.0 481.0 683.0 481.0 Small_Car 1
63.0 665.0 55.0 665.0 55.0 648.0 63.0 648.0 Small_Car 1
52.0 627.0 51.0 643.0 42.0 642.0 43.0 626.0 Small_Car 1
64.0 602.0 63.0 622.0 54.0 621.0 55.0 602.0 Small_Car 1
65.0 565.0 63.0 582.0 55.0 581.0 56.0 565.0 Small_Car 1
22.0 560.0 22.0 577.0 14.0 577.0 14.0 560.0 Small_Car 1
22.0 372.0 17.0 372.0 17.0 358.0 22.0 358.0 Small_Car 1
63.0 545.0 56.0 545.0 56.0 528.0 63.0 528.0 Small_Car 1
64.0 564.0 56.0 564.0 55.0 549.0 63.0 549.0 Small_Car 1
24.0 527.0 16.0 527.0 15.0 510.0 22.0 510.0 Small_Car 1
65.0 487.0 56.0 487.0 56.0 470.0 65.0 470.0 Small_Car 1
64.0 469.0 57.0 470.0 56.0 453.0 63.0 452.0 Small_Car 1
65.0 410.0 57.0 411.0 55.0 394.0 63.0 393.0 Small_Car 1
66.0 412.0 65.0 430.0 55.0 429.0 56.0 411.0 Small_Car 1
65.0 433.0 64.0 449.0 57.0 448.0 57.0 432.0 Small_Car 1
24.0 495.0 15.0 496.0 15.0 478.0 22.0 478.0 Small_Car 1
24.0 477.0 15.0 478.0 14.0 460.0 22.0 460.0 Small_Car 1
25.0 442.0 17.0 442.0 16.0 425.0 24.0 425.0 Small_Car 1
25.0 424.0 17.0 425.0 16.0 408.0 22.0 407.0 Small_Car 1
25.0 358.0 17.0 359.0 16.0 341.0 22.0 340.0 Small_Car 1
111.0 308.0 90.0 308.0 90.0 301.0 111.0 301.0 Small_Car 1
135.0 309.0 116.0 309.0 116.0 302.0 135.0 302.0 Small_Car 1
123.0 337.0 105.0 337.0 106.0 329.0 123.0 330.0 Small_Car 1
157.0 337.0 137.0 336.0 137.0 329.0 157.0 330.0 Small_Car 1
156.0 309.0 137.0 310.0 136.0 302.0 155.0 301.0 Small_Car 1
183.0 330.0 182.0 336.0 161.0 336.0 161.0 329.0 Small_Car 1
259.0 269.0 252.0 270.0 251.0 256.0 258.0 256.0 Small_Car 1
226.0 308.0 206.0 309.0 206.0 300.0 226.0 299.0 Small_Car 1
249.0 309.0 229.0 309.0 229.0 302.0 249.0 301.0 Small_Car 1
262.0 337.0 240.0 338.0 239.0 330.0 261.0 329.0 Small_Car 1
286.0 309.0 266.0 309.0 266.0 302.0 286.0 301.0 Small_Car 1
347.0 308.0 328.0 309.0 328.0 302.0 347.0 301.0 Small_Car 1
415.0 303.0 413.0 310.0 395.0 310.0 395.0 302.0 Small_Car 1
413.0 336.0 392.0 337.0 392.0 329.0 413.0 329.0 Small_Car 1
438.0 338.0 417.0 337.0 417.0 330.0 438.0 331.0 Small_Car 1
445.0 207.0 437.0 209.0 433.0 192.0 441.0 191.0 Small_Car 1
438.0 236.0 430.0 236.0 430.0 221.0 438.0 220.0 Small_Car 1
440.0 257.0 431.0 258.0 428.0 239.0 439.0 238.0 Small_Car 1
531.0 285.0 511.0 285.0 511.0 280.0 531.0 279.0 Small_Car 1
503.0 336.0 483.0 337.0 482.0 330.0 503.0 329.0 Small_Car 1
532.0 335.0 511.0 336.0 511.0 331.0 532.0 330.0 Small_Car 1
567.0 336.0 548.0 337.0 547.0 329.0 567.0 329.0 Small_Car 1
685.0 335.0 663.0 337.0 663.0 330.0 685.0 329.0 Small_Car 1
706.0 336.0 686.0 336.0 686.0 329.0 706.0 329.0 Small_Car 1
749.0 335.0 732.0 336.0 731.0 330.0 749.0 328.0 Small_Car 1
471.0 309.0 450.0 309.0 450.0 299.0 471.0 300.0 Small_Car 1
492.0 309.0 471.0 309.0 471.0 301.0 492.0 302.0 Small_Car 1
532.0 309.0 513.0 308.0 513.0 300.0 532.0 300.0 Small_Car 1
600.0 310.0 578.0 309.0 580.0 299.0 600.0 300.0 Small_Car 1
768.0 308.0 748.0 308.0 748.0 302.0 768.0 302.0 Small_Car 1
743.0 279.0 722.0 282.0 721.0 275.0 743.0 273.0 Small_Car 1
630.0 213.0 628.0 221.0 612.0 216.0 615.0 208.0 Small_Car 1
640.0 190.0 633.0 190.0 632.0 174.0 638.0 174.0 Small_Car 1
649.0 175.0 641.0 175.0 641.0 159.0 649.0 158.0 Small_Car 1
662.0 176.0 653.0 176.0 653.0 157.0 662.0 156.0 Small_Car 1
542.0 151.0 535.0 152.0 533.0 136.0 541.0 135.0 Small_Car 1
520.0 153.0 511.0 153.0 510.0 137.0 518.0 137.0 Small_Car 1
507.0 138.0 506.0 155.0 497.0 154.0 498.0 138.0 Small_Car 1
495.0 155.0 487.0 155.0 487.0 138.0 495.0 138.0 Small_Car 1
503.0 111.0 488.0 122.0 484.0 116.0 498.0 105.0 Small_Car 1
382.0 47.0 375.0 48.0 374.0 32.0 381.0 31.0 Small_Car 1
436.0 78.0 427.0 79.0 427.0 61.0 436.0 61.0 Small_Car 1
402.0 139.0 392.0 139.0 392.0 121.0 402.0 121.0 Small_Car 1
197.0 176.0 196.0 191.0 187.0 191.0 187.0 176.0 Small_Car 1
67.0 213.0 65.0 230.0 57.0 229.0 58.0 212.0 Small_Car 1
103.0 169.0 102.0 176.0 84.0 175.0 84.0 168.0 Small_Car 1
103.0 126.0 81.0 124.0 81.0 115.0 103.0 116.0 Small_Car 1
101.0 114.0 81.0 115.0 80.0 107.0 100.0 106.0 Small_Car 1
66.0 143.0 57.0 144.0 55.0 126.0 64.0 125.0 Small_Car 1
66.0 99.0 57.0 99.0 57.0 83.0 65.0 83.0 Small_Car 1
66.0 81.0 58.0 82.0 58.0 66.0 65.0 66.0 Small_Car 1
26.0 97.0 17.0 97.0 16.0 81.0 25.0 80.0 Small_Car 1
26.0 62.0 25.0 79.0 17.0 79.0 18.0 61.0 Small_Car 1
730.0 6.0 708.0 6.0 708.0 0.0 730.0 0.0 Small_Car 1
555.0 7.0 532.0 7.0 532.0 0.0 555.0 0.0 Small_Car 1
256.0 5.0 236.0 6.0 236.0 0.0 255.0 0.0 Small_Car 1
185.0 7.0 166.0 7.0 166.0 1.0 184.0 0.0 Small_Car 1
26.0 60.0 16.0 60.0 16.0 41.0 26.0 41.0 Small_Car 1
65.0 63.0 57.0 63.0 58.0 47.0 65.0 47.0 Small_Car 1
64.0 37.0 56.0 37.0 56.0 21.0 64.0 21.0 Small_Car 1
439.0 137.0 428.0 141.0 424.0 126.0 433.0 122.0 Small_Car 1
903.0 97.0 899.0 105.0 878.0 95.0 882.0 87.0 Small_Car 1
687.0 311.0 665.0 309.0 666.0 298.0 687.0 300.0 Small_Car 1
369.0 310.0 350.0 309.0 350.0 300.0 369.0 301.0 Small_Car 1
262.0 890.0 261.0 907.0 253.0 907.0 254.0 889.0 Small_Car 1
663.0 517.0 649.0 517.0 649.0 509.0 663.0 509.0 Small_Car 1
