393.0 826.0 392.0 835.0 371.0 832.0 372.0 823.0 Small_Car 1
563.0 835.0 544.0 835.0 544.0 827.0 563.0 827.0 Small_Car 1
22.0 713.0 13.0 714.0 11.0 695.0 20.0 695.0 Small_Car 1
19.0 627.0 9.0 628.0 7.0 611.0 17.0 611.0 Small_Car 1
13.0 566.0 5.0 566.0 6.0 550.0 13.0 550.0 Small_Car 1
11.0 501.0 5.0 501.0 4.0 487.0 11.0 487.0 Small_Car 1
11.0 483.0 4.0 484.0 3.0 469.0 10.0 469.0 Small_Car 1
9.0 463.0 2.0 463.0 2.0 449.0 9.0 449.0 Small_Car 1
9.0 424.0 0.0 425.0 0.0 401.0 8.0 401.0 Small_Car 1
101.0 539.0 95.0 540.0 94.0 526.0 101.0 525.0 Small_Car 1
101.0 518.0 94.0 518.0 94.0 503.0 101.0 503.0 Small_Car 1
100.0 499.0 93.0 499.0 92.0 483.0 100.0 483.0 Small_Car 1
99.0 481.0 91.0 481.0 92.0 466.0 99.0 466.0 Small_Car 1
99.0 444.0 98.0 457.0 92.0 457.0 92.0 444.0 Small_Car 1
98.0 436.0 92.0 436.0 92.0 421.0 98.0 421.0 Small_Car 1
97.0 418.0 90.0 418.0 90.0 402.0 97.0 402.0 Small_Car 1
94.0 360.0 86.0 360.0 86.0 343.0 94.0 343.0 Small_Car 1
89.0 277.0 82.0 277.0 82.0 262.0 89.0 262.0 Small_Car 1
88.0 259.0 79.0 259.0 79.0 242.0 86.0 242.0 Small_Car 1
86.0 237.0 79.0 237.0 79.0 221.0 86.0 221.0 Small_Car 1
86.0 214.0 77.0 214.0 77.0 197.0 86.0 197.0 Small_Car 1
85.0 193.0 77.0 194.0 76.0 177.0 85.0 177.0 Small_Car 1
82.0 134.0 74.0 134.0 74.0 114.0 82.0 114.0 Small_Car 1
