594.0 760.0 592.0 768.0 574.0 763.0 576.0 756.0 Small_Car 1
473.0 697.0 469.0 712.0 463.0 711.0 466.0 695.0 Small_Car 1
545.0 506.0 538.0 528.0 529.0 525.0 536.0 503.0 Small_Car 1
551.0 488.0 544.0 504.0 537.0 501.0 544.0 485.0 Small_Car 1
513.0 320.0 508.0 337.0 500.0 335.0 506.0 317.0 Small_Car 1
413.0 339.0 408.0 355.0 401.0 353.0 407.0 337.0 Small_Car 1
386.0 329.0 381.0 345.0 374.0 343.0 379.0 327.0 Small_Car 1
374.0 328.0 371.0 342.0 363.0 340.0 366.0 326.0 Small_Car 1
344.0 225.0 327.0 225.0 327.0 216.0 344.0 216.0 Small_Car 1
351.0 206.0 332.0 205.0 332.0 195.0 351.0 196.0 Small_Car 1
403.0 220.0 401.0 234.0 393.0 233.0 396.0 219.0 Small_Car 1
327.0 159.0 315.0 170.0 310.0 165.0 322.0 153.0 Small_Car 1
377.0 163.0 369.0 186.0 361.0 184.0 369.0 161.0 Small_Car 1
308.0 54.0 304.0 71.0 297.0 69.0 302.0 53.0 Small_Car 1
295.0 94.0 287.0 112.0 280.0 109.0 287.0 91.0 Small_Car 1
243.0 127.0 236.0 144.0 229.0 141.0 235.0 124.0 Small_Car 1
212.0 248.0 207.0 267.0 199.0 265.0 204.0 246.0 Small_Car 1
190.0 262.0 188.0 276.0 180.0 274.0 183.0 261.0 Small_Car 1
113.0 154.0 111.0 161.0 98.0 158.0 99.0 151.0 Small_Car 1
108.0 174.0 105.0 182.0 89.0 176.0 91.0 169.0 Small_Car 1
60.0 178.0 58.0 185.0 44.0 180.0 47.0 174.0 Small_Car 1
282.0 770.0 281.0 777.0 265.0 774.0 266.0 767.0 Small_Car 1
98.0 206.0 97.0 214.0 80.0 212.0 81.0 204.0 Small_Car 1
337.0 377.0 335.0 385.0 319.0 380.0 320.0 374.0 Small_Car 1
100.0 756.0 99.0 763.0 82.0 760.0 82.0 754.0 Small_Car 1
99.0 767.0 97.0 774.0 80.0 769.0 82.0 762.0 Small_Car 1
