786.0 370.0 783.0 375.0 767.0 365.0 771.0 359.0 Small_Car 1
29.0 847.0 7.0 848.0 7.0 840.0 29.0 840.0 Small_Car 1
95.0 783.0 77.0 783.0 77.0 777.0 95.0 776.0 Small_Car 1
155.0 729.0 137.0 728.0 137.0 722.0 155.0 723.0 Small_Car 1
350.0 298.0 326.0 308.0 323.0 302.0 347.0 291.0 Small_Car 1
745.0 168.0 726.0 176.0 723.0 168.0 742.0 161.0 Small_Car 1
951.0 15.0 934.0 25.0 930.0 19.0 947.0 9.0 Small_Car 1
841.0 69.0 834.0 86.0 827.0 83.0 834.0 66.0 Small_Car 1
826.0 74.0 820.0 90.0 813.0 87.0 819.0 71.0 Small_Car 1
811.0 79.0 805.0 95.0 798.0 92.0 804.0 77.0 Small_Car 1
798.0 84.0 791.0 99.0 784.0 95.0 791.0 80.0 Small_Car 1
785.0 85.0 777.0 102.0 770.0 99.0 778.0 82.0 Small_Car 1
756.0 95.0 749.0 111.0 742.0 108.0 748.0 92.0 Small_Car 1
741.0 99.0 737.0 115.0 729.0 113.0 733.0 97.0 Small_Car 1
725.0 104.0 718.0 121.0 711.0 118.0 718.0 101.0 Small_Car 1
318.0 262.0 312.0 265.0 304.0 252.0 311.0 248.0 Small_Car 1
343.0 255.0 337.0 260.0 325.0 245.0 331.0 240.0 Small_Car 1
314.0 213.0 308.0 217.0 301.0 204.0 307.0 201.0 Small_Car 1
461.0 31.0 460.0 47.0 454.0 47.0 454.0 31.0 Small_Car 1
755.0 352.0 752.0 356.0 742.0 349.0 745.0 345.0 Small_Car 1
