31.0 342.0 25.0 347.0 15.0 332.0 21.0 328.0 Small_Car 1
240.0 284.0 234.0 288.0 223.0 275.0 230.0 270.0 Small_Car 1
193.0 259.0 186.0 265.0 174.0 249.0 180.0 244.0 Small_Car 1
268.0 230.0 262.0 234.0 252.0 221.0 258.0 216.0 Small_Car 1
303.0 215.0 298.0 219.0 290.0 206.0 295.0 203.0 Small_Car 1
610.0 175.0 593.0 183.0 590.0 176.0 607.0 168.0 Small_Car 1
343.0 146.0 335.0 151.0 327.0 136.0 335.0 132.0 Small_Car 1
519.0 23.0 517.0 29.0 497.0 22.0 500.0 16.0 Small_Car 1
509.0 0.0 504.0 15.0 496.0 13.0 501.0 0.0 Small_Car 1
496.0 5.0 493.0 21.0 484.0 19.0 487.0 4.0 Small_Car 1
179.0 109.0 163.0 117.0 160.0 110.0 176.0 103.0 Small_Car 1
348.0 15.0 330.0 25.0 326.0 18.0 345.0 9.0 Small_Car 1
250.0 412.0 235.0 420.0 232.0 414.0 247.0 406.0 Small_Car 1
212.0 464.0 195.0 471.0 193.0 466.0 209.0 458.0 Small_Car 1
263.0 438.0 251.0 446.0 247.0 440.0 259.0 432.0 Small_Car 1
274.0 444.0 254.0 453.0 251.0 446.0 271.0 437.0 Small_Car 1
276.0 454.0 261.0 461.0 257.0 453.0 272.0 446.0 Small_Car 1
286.0 467.0 273.0 477.0 269.0 471.0 282.0 461.0 Small_Car 1
49.0 443.0 31.0 453.0 27.0 446.0 45.0 437.0 Small_Car 1
55.0 451.0 37.0 459.0 34.0 452.0 52.0 444.0 Small_Car 1
65.0 468.0 47.0 475.0 45.0 469.0 62.0 462.0 Small_Car 1
69.0 478.0 51.0 484.0 49.0 477.0 66.0 471.0 Small_Car 1
92.0 507.0 76.0 515.0 74.0 509.0 89.0 502.0 Small_Car 1
150.0 564.0 134.0 572.0 131.0 566.0 148.0 558.0 Small_Car 1
297.0 561.0 293.0 568.0 275.0 558.0 279.0 551.0 Small_Car 1
426.0 583.0 419.0 586.0 411.0 571.0 417.0 567.0 Small_Car 1
737.0 574.0 721.0 581.0 719.0 574.0 735.0 568.0 Small_Car 1
740.0 547.0 721.0 554.0 718.0 546.0 738.0 539.0 Small_Car 1
660.0 525.0 652.0 527.0 647.0 513.0 654.0 510.0 Small_Car 1
84.0 70.0 83.0 90.0 76.0 90.0 76.0 70.0 Small_Car 1
