761.0 461.0 760.0 468.0 743.0 467.0 744.0 460.0 Small_Car 1
782.0 449.0 773.0 449.0 773.0 431.0 782.0 431.0 Small_Car 1
769.0 446.0 760.0 446.0 760.0 431.0 768.0 431.0 Small_Car 1
690.0 73.0 670.0 72.0 670.0 66.0 690.0 67.0 Small_Car 1
688.0 53.0 687.0 60.0 673.0 60.0 673.0 53.0 Small_Car 1
759.0 119.0 751.0 119.0 751.0 103.0 759.0 103.0 Small_Car 1
749.0 16.0 743.0 31.0 735.0 27.0 742.0 13.0 Small_Car 1
786.0 50.0 782.0 56.0 767.0 44.0 771.0 39.0 Small_Car 1
791.0 20.0 785.0 28.0 769.0 14.0 775.0 8.0 Small_Car 1
709.0 168.0 708.0 175.0 690.0 175.0 690.0 168.0 Small_Car 1
435.0 426.0 426.0 427.0 422.0 415.0 430.0 412.0 Small_Car 1
421.0 422.0 418.0 431.0 396.0 427.0 399.0 416.0 Small_Car 1
413.0 445.0 397.0 444.0 397.0 435.0 413.0 436.0 Small_Car 1
492.0 544.0 473.0 543.0 473.0 536.0 492.0 536.0 Small_Car 1
370.0 530.0 363.0 532.0 359.0 516.0 367.0 514.0 Small_Car 1
374.0 496.0 373.0 511.0 366.0 511.0 367.0 496.0 Small_Car 1
363.0 510.0 356.0 512.0 351.0 499.0 357.0 496.0 Small_Car 1
547.0 275.0 537.0 275.0 537.0 256.0 546.0 256.0 Small_Car 1
432.0 128.0 423.0 128.0 423.0 112.0 432.0 112.0 Small_Car 1
430.0 105.0 423.0 105.0 423.0 89.0 430.0 89.0 Small_Car 1
424.0 197.0 405.0 197.0 405.0 189.0 424.0 189.0 Small_Car 1
214.0 196.0 193.0 196.0 193.0 187.0 214.0 186.0 Small_Car 1
302.0 268.0 290.0 268.0 290.0 245.0 302.0 244.0 Small_Car 1
237.0 282.0 231.0 282.0 230.0 267.0 237.0 267.0 Small_Car 1
229.0 264.0 221.0 264.0 220.0 246.0 229.0 246.0 Small_Car 1
108.0 264.0 99.0 264.0 99.0 245.0 108.0 244.0 Small_Car 1
76.0 197.0 59.0 197.0 59.0 190.0 76.0 190.0 Small_Car 1
63.0 138.0 55.0 140.0 54.0 125.0 62.0 125.0 Small_Car 1
42.0 161.0 33.0 161.0 32.0 146.0 41.0 146.0 Small_Car 1
135.0 140.0 127.0 141.0 126.0 122.0 135.0 122.0 Small_Car 1
