433.0 719.0 424.0 719.0 423.0 700.0 432.0 699.0 Small_Car 1
312.0 643.0 311.0 651.0 284.0 648.0 285.0 641.0 Small_Car 1
373.0 602.0 369.0 619.0 361.0 617.0 364.0 600.0 Small_Car 1
349.0 583.0 346.0 599.0 338.0 598.0 340.0 582.0 Small_Car 1
323.0 611.0 316.0 615.0 306.0 597.0 314.0 594.0 Small_Car 1
248.0 568.0 247.0 588.0 237.0 587.0 239.0 568.0 Small_Car 1
238.0 566.0 235.0 584.0 227.0 583.0 229.0 565.0 Small_Car 1
448.0 478.0 446.0 497.0 436.0 496.0 437.0 477.0 Small_Car 1
459.0 343.0 450.0 343.0 449.0 325.0 459.0 324.0 Small_Car 1
417.0 98.0 392.0 98.0 392.0 90.0 417.0 91.0 Small_Car 1
500.0 23.0 499.0 41.0 488.0 40.0 489.0 22.0 Small_Car 1
256.0 172.0 248.0 177.0 238.0 161.0 246.0 155.0 Small_Car 1
143.0 101.0 124.0 100.0 124.0 94.0 143.0 95.0 Small_Car 1
81.0 183.0 80.0 201.0 69.0 200.0 69.0 183.0 Small_Car 1
47.0 207.0 30.0 216.0 26.0 208.0 43.0 199.0 Small_Car 1
37.0 201.0 19.0 210.0 16.0 203.0 33.0 194.0 Small_Car 1
37.0 183.0 19.0 193.0 15.0 186.0 33.0 176.0 Small_Car 1
33.0 153.0 14.0 162.0 10.0 155.0 29.0 146.0 Small_Car 1
32.0 173.0 17.0 184.0 13.0 178.0 28.0 167.0 Small_Car 1
31.0 143.0 12.0 153.0 8.0 146.0 27.0 135.0 Small_Car 1
28.0 114.0 21.0 132.0 12.0 129.0 19.0 111.0 Small_Car 1
