17.0 26.0 7.0 26.0 7.0 9.0 17.0 9.0 Small_Car 1
18.0 54.0 7.0 54.0 7.0 35.0 17.0 35.0 Small_Car 1
10.0 201.0 1.0 201.0 2.0 185.0 10.0 185.0 Small_Car 1
57.0 178.0 48.0 178.0 48.0 160.0 57.0 161.0 Small_Car 1
110.0 153.0 103.0 158.0 92.0 142.0 100.0 137.0 Small_Car 1
121.0 151.0 115.0 155.0 106.0 140.0 113.0 136.0 Small_Car 1
135.0 153.0 128.0 158.0 118.0 143.0 125.0 139.0 Small_Car 1
188.0 153.0 181.0 158.0 171.0 144.0 178.0 139.0 Small_Car 1
215.0 155.0 209.0 160.0 198.0 145.0 205.0 141.0 Small_Car 1
153.0 187.0 147.0 197.0 142.0 194.0 149.0 183.0 Small_Car 1
133.0 182.0 122.0 198.0 116.0 193.0 127.0 177.0 Small_Car 1
132.0 202.0 123.0 217.0 116.0 213.0 125.0 198.0 Small_Car 1
145.0 201.0 135.0 216.0 129.0 213.0 138.0 198.0 Small_Car 1
157.0 201.0 147.0 215.0 142.0 211.0 151.0 197.0 Small_Car 1
171.0 203.0 161.0 218.0 153.0 213.0 164.0 198.0 Small_Car 1
210.0 182.0 200.0 197.0 194.0 193.0 203.0 178.0 Small_Car 1
208.0 274.0 188.0 273.0 188.0 267.0 208.0 267.0 Small_Car 1
200.0 305.0 179.0 305.0 179.0 298.0 200.0 298.0 Small_Car 1
299.0 274.0 281.0 273.0 281.0 267.0 299.0 267.0 Small_Car 1
352.0 276.0 331.0 275.0 332.0 267.0 352.0 268.0 Small_Car 1
293.0 316.0 276.0 316.0 276.0 310.0 293.0 310.0 Small_Car 1
318.0 318.0 299.0 318.0 299.0 310.0 318.0 310.0 Small_Car 1
524.0 160.0 514.0 173.0 508.0 169.0 519.0 156.0 Small_Car 1
553.0 277.0 532.0 277.0 532.0 268.0 553.0 268.0 Small_Car 1
495.0 319.0 475.0 318.0 475.0 311.0 495.0 312.0 Small_Car 1
533.0 319.0 514.0 319.0 514.0 312.0 533.0 313.0 Small_Car 1
328.0 444.0 308.0 444.0 308.0 437.0 328.0 437.0 Small_Car 1
326.0 435.0 306.0 436.0 306.0 430.0 326.0 430.0 Small_Car 1
326.0 419.0 306.0 419.0 306.0 412.0 326.0 411.0 Small_Car 1
593.0 613.0 578.0 621.0 574.0 615.0 589.0 607.0 Small_Car 1
361.0 477.0 355.0 492.0 347.0 489.0 354.0 474.0 Small_Car 1
374.0 493.0 364.0 508.0 359.0 503.0 368.0 489.0 Small_Car 1
328.0 549.0 307.0 550.0 306.0 543.0 327.0 542.0 Small_Car 1
