33.0 368.0 22.0 368.0 21.0 349.0 33.0 349.0 Small_Car 1
30.0 459.0 22.0 459.0 21.0 442.0 28.0 442.0 Small_Car 1
30.0 478.0 21.0 478.0 21.0 463.0 30.0 463.0 Small_Car 1
34.0 271.0 22.0 271.0 22.0 253.0 33.0 252.0 Small_Car 1
85.0 85.0 64.0 86.0 64.0 79.0 85.0 78.0 Small_Car 1
413.0 113.0 403.0 113.0 402.0 95.0 413.0 95.0 Small_Car 1
413.0 227.0 400.0 227.0 400.0 208.0 412.0 208.0 Small_Car 1
384.0 270.0 372.0 271.0 371.0 250.0 383.0 249.0 Small_Car 1
343.0 244.0 319.0 245.0 318.0 236.0 342.0 235.0 Small_Car 1
313.0 359.0 291.0 360.0 291.0 352.0 313.0 351.0 Small_Car 1
410.0 454.0 399.0 455.0 398.0 438.0 409.0 437.0 Small_Car 1
377.0 483.0 365.0 482.0 366.0 463.0 377.0 463.0 Small_Car 1
476.0 393.0 475.0 401.0 449.0 401.0 449.0 393.0 Small_Car 1
579.0 419.0 578.0 431.0 568.0 431.0 569.0 419.0 Small_Car 1
28.0 670.0 18.0 670.0 18.0 651.0 28.0 651.0 Small_Car 1
374.0 727.0 373.0 745.0 364.0 745.0 365.0 726.0 Small_Car 1
374.0 728.0 365.0 728.0 364.0 711.0 374.0 710.0 Small_Car 1
411.0 733.0 409.0 751.0 394.0 749.0 396.0 731.0 Small_Car 1
