959.0 286.0 953.0 288.0 950.0 279.0 956.0 277.0 Small_Car 1
847.0 778.0 839.0 781.0 835.0 769.0 842.0 766.0 Small_Car 1
547.0 238.0 541.0 239.0 538.0 225.0 543.0 223.0 Small_Car 1
516.0 187.0 494.0 190.0 493.0 184.0 515.0 181.0 Small_Car 1
526.0 218.0 508.0 222.0 506.0 216.0 525.0 213.0 Small_Car 1
423.0 238.0 402.0 242.0 401.0 235.0 422.0 232.0 Small_Car 1
590.0 323.0 567.0 326.0 566.0 320.0 589.0 316.0 Small_Car 1
92.0 573.0 88.0 587.0 80.0 585.0 84.0 571.0 Small_Car 1
153.0 475.0 135.0 480.0 133.0 474.0 151.0 468.0 Small_Car 1
18.0 71.0 13.0 74.0 8.0 63.0 14.0 61.0 Small_Car 1
406.0 644.0 405.0 651.0 384.0 648.0 385.0 641.0 Small_Car 1
444.0 781.0 438.0 784.0 429.0 770.0 435.0 766.0 Small_Car 1
525.0 665.0 517.0 667.0 514.0 652.0 522.0 650.0 Small_Car 1
574.0 629.0 553.0 632.0 552.0 627.0 573.0 623.0 Small_Car 1
703.0 788.0 696.0 790.0 691.0 775.0 698.0 773.0 Small_Car 1
914.0 769.0 906.0 772.0 901.0 755.0 909.0 753.0 Small_Car 1
888.0 662.0 869.0 663.0 868.0 656.0 888.0 654.0 Small_Car 1
913.0 611.0 907.0 613.0 901.0 600.0 908.0 597.0 Small_Car 1
797.0 587.0 778.0 591.0 776.0 586.0 795.0 581.0 Small_Car 1
723.0 406.0 717.0 408.0 713.0 395.0 719.0 393.0 Small_Car 1
679.0 352.0 673.0 354.0 668.0 338.0 674.0 336.0 Small_Car 1
795.0 336.0 777.0 340.0 776.0 334.0 794.0 330.0 Small_Car 1
906.0 510.0 899.0 513.0 894.0 502.0 901.0 499.0 Small_Car 1
918.0 510.0 911.0 512.0 906.0 497.0 913.0 495.0 Small_Car 1
969.0 499.0 966.0 504.0 950.0 495.0 954.0 490.0 Small_Car 1
991.0 470.0 990.0 475.0 971.0 473.0 971.0 468.0 Small_Car 1
970.0 361.0 949.0 363.0 948.0 357.0 969.0 354.0 Small_Car 1
637.0 965.0 618.0 966.0 618.0 960.0 636.0 959.0 Small_Car 1
812.0 966.0 805.0 969.0 796.0 952.0 803.0 949.0 Small_Car 1
