377.0 24.0 376.0 40.0 367.0 39.0 368.0 23.0 Small_Car 1
409.0 294.0 393.0 301.0 390.0 293.0 406.0 287.0 Small_Car 1
853.0 771.0 845.0 771.0 846.0 752.0 853.0 753.0 Small_Car 1
856.0 810.0 848.0 810.0 847.0 795.0 855.0 795.0 Small_Car 1
879.0 832.0 859.0 831.0 859.0 824.0 879.0 825.0 Small_Car 1
880.0 848.0 860.0 848.0 860.0 843.0 880.0 842.0 Small_Car 1
878.0 863.0 859.0 863.0 859.0 857.0 878.0 856.0 Small_Car 1
878.0 873.0 858.0 873.0 858.0 867.0 878.0 867.0 Small_Car 1
877.0 882.0 859.0 882.0 859.0 875.0 877.0 876.0 Small_Car 1
876.0 892.0 857.0 892.0 857.0 886.0 875.0 885.0 Small_Car 1
874.0 901.0 855.0 900.0 855.0 893.0 874.0 894.0 Small_Car 1
