455.0 36.0 454.0 43.0 429.0 40.0 430.0 32.0 Small_Car 1
3.0 483.0 -3.0 480.0 2.0 464.0 9.0 467.0 Small_Car 1
42.0 373.0 36.0 389.0 28.0 386.0 34.0 370.0 Small_Car 1
82.0 260.0 76.0 276.0 68.0 273.0 73.0 257.0 Small_Car 1
121.0 150.0 115.0 167.0 108.0 164.0 113.0 148.0 Small_Car 1
166.0 143.0 161.0 158.0 153.0 155.0 158.0 141.0 Small_Car 1
365.0 47.0 364.0 53.0 345.0 50.0 345.0 44.0 Small_Car 1
568.0 60.0 567.0 66.0 544.0 62.0 545.0 56.0 Small_Car 1
603.0 65.0 602.0 71.0 582.0 68.0 583.0 61.0 Small_Car 1
631.0 67.0 630.0 74.0 610.0 71.0 611.0 65.0 Small_Car 1
709.0 948.0 689.0 949.0 689.0 943.0 709.0 942.0 Small_Car 1
710.0 938.0 696.0 938.0 696.0 931.0 710.0 931.0 Small_Car 1
863.0 852.0 857.0 865.0 848.0 860.0 855.0 848.0 Small_Car 1
914.0 867.0 909.0 883.0 902.0 880.0 907.0 864.0 Small_Car 1
448.0 939.0 428.0 940.0 428.0 935.0 448.0 934.0 Small_Car 1
543.0 759.0 542.0 773.0 536.0 773.0 536.0 759.0 Small_Car 1
507.0 774.0 497.0 774.0 497.0 762.0 506.0 762.0 Small_Car 1
465.0 770.0 458.0 770.0 458.0 754.0 465.0 754.0 Small_Car 1
563.0 583.0 544.0 583.0 543.0 577.0 563.0 577.0 Small_Car 1
621.0 501.0 613.0 501.0 612.0 485.0 621.0 485.0 Small_Car 1
612.0 406.0 592.0 406.0 592.0 400.0 612.0 400.0 Small_Car 1
515.0 434.0 508.0 447.0 500.0 443.0 507.0 430.0 Small_Car 1
499.0 432.0 491.0 446.0 485.0 442.0 493.0 428.0 Small_Car 1
478.0 426.0 471.0 441.0 463.0 438.0 471.0 422.0 Small_Car 1
453.0 421.0 446.0 436.0 439.0 432.0 447.0 418.0 Small_Car 1
433.0 417.0 421.0 432.0 415.0 427.0 427.0 412.0 Small_Car 1
421.0 415.0 411.0 430.0 404.0 426.0 414.0 410.0 Small_Car 1
444.0 372.0 440.0 389.0 431.0 388.0 435.0 371.0 Small_Car 1
456.0 374.0 451.0 390.0 443.0 388.0 448.0 371.0 Small_Car 1
468.0 378.0 465.0 393.0 455.0 391.0 459.0 376.0 Small_Car 1
480.0 377.0 476.0 390.0 469.0 388.0 473.0 374.0 Small_Car 1
499.0 382.0 497.0 398.0 489.0 397.0 492.0 381.0 Small_Car 1
513.0 388.0 509.0 400.0 502.0 398.0 506.0 386.0 Small_Car 1
254.0 401.0 246.0 404.0 241.0 390.0 249.0 387.0 Small_Car 1
191.0 393.0 188.0 408.0 179.0 406.0 182.0 391.0 Small_Car 1
245.0 359.0 232.0 365.0 229.0 357.0 242.0 352.0 Small_Car 1
547.0 331.0 546.0 338.0 525.0 336.0 526.0 329.0 Small_Car 1
717.0 370.0 698.0 370.0 698.0 364.0 717.0 364.0 Small_Car 1
805.0 378.0 788.0 377.0 788.0 372.0 805.0 372.0 Small_Car 1
856.0 384.0 836.0 384.0 836.0 378.0 856.0 379.0 Small_Car 1
682.0 406.0 677.0 418.0 669.0 416.0 673.0 403.0 Small_Car 1
753.0 406.0 751.0 420.0 743.0 419.0 745.0 405.0 Small_Car 1
783.0 427.0 774.0 427.0 774.0 411.0 783.0 411.0 Small_Car 1
871.0 736.0 847.0 735.0 847.0 729.0 871.0 730.0 Small_Car 1
918.0 391.0 897.0 390.0 897.0 383.0 918.0 385.0 Small_Car 1
990.0 475.0 985.0 491.0 978.0 489.0 982.0 472.0 Small_Car 1
997.0 492.0 989.0 489.0 994.0 473.0 1002.0 475.0 Small_Car 1
985.0 795.0 983.0 806.0 947.0 798.0 949.0 787.0 Small_Car 1
