769.0 6.0 764.0 22.0 756.0 20.0 761.0 4.0 Small_Car 1
992.0 111.0 986.0 116.0 974.0 103.0 981.0 98.0 Small_Car 1
1000.0 132.923126 988.0 120.000031 993.715088 114.693176 1000.0 121.461555 Small_Car 1
632.0 84.0 629.0 98.0 620.0 96.0 624.0 82.0 Small_Car 1
623.0 76.0 617.0 92.0 610.0 89.0 616.0 73.0 Small_Car 1
607.0 72.0 603.0 89.0 594.0 86.0 599.0 69.0 Small_Car 1
594.0 70.0 591.0 81.0 585.0 79.0 588.0 68.0 Small_Car 1
531.0 55.0 528.0 69.0 521.0 68.0 524.0 53.0 Small_Car 1
566.0 110.0 561.0 125.0 553.0 123.0 558.0 107.0 Small_Car 1
553.0 109.0 549.0 124.0 542.0 122.0 546.0 107.0 Small_Car 1
522.0 99.0 515.0 116.0 508.0 113.0 514.0 96.0 Small_Car 1
477.0 90.0 472.0 105.0 465.0 102.0 470.0 87.0 Small_Car 1
465.0 86.0 461.0 101.0 455.0 99.0 459.0 85.0 Small_Car 1
429.0 35.0 427.0 51.0 419.0 49.0 421.0 34.0 Small_Car 1
402.0 27.0 399.0 40.0 393.0 39.0 396.0 26.0 Small_Car 1
321.0 62.0 316.0 79.0 307.0 76.0 313.0 59.0 Small_Car 1
230.0 17.0 229.0 22.0 210.0 18.0 211.0 12.0 Small_Car 1
260.0 816.0 259.0 822.0 240.0 820.0 241.0 813.0 Small_Car 1
263.0 806.0 262.0 812.0 244.0 810.0 245.0 804.0 Small_Car 1
264.0 792.0 244.0 791.0 245.0 783.0 264.0 785.0 Small_Car 1
265.0 740.0 246.0 742.0 245.0 733.0 264.0 731.0 Small_Car 1
261.0 700.0 242.0 703.0 240.0 695.0 259.0 692.0 Small_Car 1
302.0 638.0 283.0 644.0 280.0 636.0 299.0 629.0 Small_Car 1
397.0 730.0 378.0 732.0 377.0 726.0 397.0 725.0 Small_Car 1
396.0 741.0 377.0 741.0 377.0 734.0 396.0 734.0 Small_Car 1
327.0 692.0 308.0 696.0 307.0 688.0 325.0 684.0 Small_Car 1
329.0 700.0 311.0 703.0 309.0 696.0 328.0 693.0 Small_Car 1
334.0 721.0 314.0 723.0 313.0 715.0 333.0 714.0 Small_Car 1
332.0 738.0 314.0 738.0 314.0 732.0 332.0 731.0 Small_Car 1
294.0 897.0 292.0 903.0 273.0 894.0 276.0 889.0 Small_Car 1
316.0 852.0 314.0 858.0 296.0 852.0 299.0 846.0 Small_Car 1
317.0 842.0 316.0 847.0 299.0 844.0 300.0 838.0 Small_Car 1
326.0 823.0 325.0 828.0 308.0 825.0 309.0 820.0 Small_Car 1
392.0 813.0 391.0 821.0 373.0 820.0 373.0 812.0 Small_Car 1
385.0 843.0 384.0 849.0 366.0 845.0 367.0 840.0 Small_Car 1
383.0 852.0 382.0 858.0 362.0 854.0 364.0 848.0 Small_Car 1
375.0 872.0 373.0 878.0 351.0 872.0 353.0 865.0 Small_Car 1
371.0 882.0 368.0 887.0 353.0 879.0 355.0 874.0 Small_Car 1
366.0 888.0 363.0 895.0 348.0 887.0 351.0 880.0 Small_Car 1
361.0 895.0 358.0 902.0 342.0 895.0 345.0 888.0 Small_Car 1
344.0 924.0 341.0 931.0 324.0 923.0 327.0 916.0 Small_Car 1
340.0 932.0 337.0 939.0 320.0 930.0 323.0 924.0 Small_Car 1
332.0 940.0 329.0 947.0 312.0 939.0 315.0 932.0 Small_Car 1
546.0 545.0 527.0 546.0 527.0 540.0 545.0 539.0 Small_Car 1
548.0 556.0 528.0 556.0 528.0 550.0 548.0 550.0 Small_Car 1
547.0 576.0 528.0 576.0 528.0 569.0 547.0 569.0 Small_Car 1
547.0 593.0 529.0 594.0 529.0 587.0 547.0 587.0 Small_Car 1
544.0 611.0 527.0 612.0 527.0 606.0 544.0 605.0 Small_Car 1
549.0 647.0 534.0 647.0 534.0 641.0 549.0 641.0 Small_Car 1
548.0 655.0 530.0 655.0 530.0 649.0 548.0 649.0 Small_Car 1
554.0 694.0 532.0 694.0 532.0 687.0 554.0 687.0 Small_Car 1
612.0 724.0 592.0 724.0 592.0 716.0 612.0 716.0 Small_Car 1
611.0 684.0 593.0 684.0 593.0 677.0 611.0 677.0 Small_Car 1
612.0 638.0 593.0 638.0 593.0 630.0 612.0 630.0 Small_Car 1
612.0 619.0 592.0 619.0 592.0 612.0 612.0 612.0 Small_Car 1
610.0 592.0 591.0 592.0 591.0 584.0 610.0 584.0 Small_Car 1
611.0 584.0 591.0 583.0 591.0 576.0 611.0 576.0 Small_Car 1
611.0 556.0 591.0 556.0 591.0 548.0 611.0 548.0 Small_Car 1
610.0 546.0 588.0 546.0 588.0 539.0 610.0 539.0 Small_Car 1
610.0 537.0 589.0 538.0 589.0 530.0 610.0 530.0 Small_Car 1
611.0 527.0 591.0 526.0 591.0 518.0 611.0 519.0 Small_Car 1
611.0 519.0 594.0 518.0 594.0 510.0 611.0 511.0 Small_Car 1
869.0 598.0 862.0 599.0 862.0 584.0 869.0 583.0 Small_Car 1
923.0 620.0 917.0 623.0 909.0 608.0 915.0 605.0 Small_Car 1
949.0 566.0 933.0 566.0 933.0 560.0 949.0 560.0 Small_Car 1
951.0 557.0 933.0 557.0 933.0 549.0 951.0 550.0 Small_Car 1
957.0 548.0 938.0 548.0 938.0 541.0 957.0 541.0 Small_Car 1
959.0 539.0 939.0 539.0 939.0 532.0 959.0 532.0 Small_Car 1
957.0 531.0 937.0 530.0 937.0 523.0 957.0 523.0 Small_Car 1
883.0 387.0 881.0 394.0 865.0 388.0 867.0 382.0 Small_Car 1
121.0 206.0 119.0 214.0 98.0 208.0 100.0 200.0 Small_Car 1
143.0 39.0 140.0 55.0 132.0 54.0 135.0 38.0 Small_Car 1
155.0 46.0 150.0 60.0 143.0 57.0 148.0 43.0 Small_Car 1
198.0 55.0 194.0 71.0 186.0 69.0 189.0 53.0 Small_Car 1
