194.0 42.0 193.0 51.0 171.0 49.0 171.0 41.0 Small_Car 1
197.0 24.0 196.0 31.0 175.0 30.0 176.0 22.0 Small_Car 1
256.0 75.0 255.0 83.0 230.0 81.0 230.0 73.0 Small_Car 1
255.0 72.0 234.0 71.0 234.0 64.0 255.0 65.0 Small_Car 1
258.0 64.0 235.0 63.0 236.0 55.0 258.0 56.0 Small_Car 1
258.0 54.0 238.0 53.0 239.0 46.0 258.0 47.0 Small_Car 1
265.0 8.0 246.0 8.0 246.0 0.0 265.0 1.0 Small_Car 1
312.0 254.0 303.0 254.0 302.0 236.0 312.0 236.0 Small_Car 1
337.0 254.0 325.0 254.0 325.0 235.0 336.0 235.0 Small_Car 1
372.0 248.0 363.0 248.0 361.0 232.0 371.0 231.0 Small_Car 1
389.0 247.0 379.0 248.0 376.0 230.0 386.0 229.0 Small_Car 1
495.0 234.0 493.0 251.0 483.0 249.0 485.0 232.0 Small_Car 1
553.0 240.0 550.0 256.0 541.0 254.0 544.0 238.0 Small_Car 1
649.0 245.0 647.0 261.0 638.0 261.0 639.0 244.0 Small_Car 1
697.0 250.0 695.0 267.0 685.0 266.0 687.0 248.0 Small_Car 1
708.0 251.0 706.0 268.0 696.0 267.0 698.0 249.0 Small_Car 1
734.0 252.0 733.0 270.0 722.0 269.0 724.0 251.0 Small_Car 1
758.0 254.0 756.0 272.0 745.0 271.0 747.0 253.0 Small_Car 1
641.0 195.0 640.0 213.0 629.0 212.0 630.0 195.0 Small_Car 1
698.0 202.0 697.0 219.0 688.0 219.0 688.0 201.0 Small_Car 1
501.0 399.0 499.0 416.0 491.0 415.0 492.0 399.0 Small_Car 1
701.0 424.0 699.0 442.0 690.0 442.0 691.0 423.0 Small_Car 1
737.0 445.0 727.0 445.0 728.0 431.0 737.0 431.0 Small_Car 1
752.0 428.0 750.0 447.0 739.0 446.0 741.0 427.0 Small_Car 1
183.0 132.0 162.0 132.0 162.0 122.0 183.0 122.0 Small_Car 1
178.0 206.0 156.0 206.0 156.0 199.0 178.0 198.0 Small_Car 1
176.0 214.0 155.0 213.0 156.0 206.0 176.0 207.0 Small_Car 1
175.0 215.0 174.0 223.0 153.0 223.0 153.0 215.0 Small_Car 1
199.0 321.0 179.0 324.0 179.0 317.0 198.0 314.0 Small_Car 1
208.0 348.0 188.0 352.0 186.0 344.0 207.0 340.0 Small_Car 1
228.0 402.0 205.0 408.0 204.0 400.0 226.0 395.0 Small_Car 1
289.0 390.0 269.0 394.0 267.0 387.0 288.0 384.0 Small_Car 1
299.0 436.0 278.0 436.0 277.0 428.0 299.0 428.0 Small_Car 1
233.0 431.0 213.0 432.0 212.0 425.0 233.0 424.0 Small_Car 1
233.0 442.0 213.0 442.0 213.0 433.0 233.0 433.0 Small_Car 1
289.0 514.0 287.0 522.0 267.0 518.0 268.0 510.0 Small_Car 1
219.0 520.0 217.0 528.0 198.0 522.0 201.0 514.0 Small_Car 1
276.0 551.0 274.0 559.0 254.0 553.0 256.0 546.0 Small_Car 1
203.0 567.0 202.0 575.0 179.0 571.0 180.0 563.0 Small_Car 1
264.0 585.0 263.0 593.0 244.0 590.0 245.0 582.0 Small_Car 1
195.0 582.0 194.0 589.0 175.0 586.0 176.0 578.0 Small_Car 1
577.0 6.0 576.0 13.0 555.0 11.0 556.0 4.0 Small_Car 1
573.0 41.0 552.0 40.0 552.0 34.0 573.0 34.0 Small_Car 1
567.0 77.0 546.0 77.0 547.0 70.0 567.0 70.0 Small_Car 1
567.0 80.0 566.0 87.0 545.0 86.0 545.0 78.0 Small_Car 1
510.0 2.0 509.0 9.0 489.0 8.0 490.0 0.0 Small_Car 1
503.0 62.0 483.0 61.0 483.0 54.0 503.0 55.0 Small_Car 1
503.0 64.0 502.0 72.0 481.0 71.0 481.0 63.0 Small_Car 1
