861.0 468.0 857.0 485.0 850.0 483.0 854.0 466.0 Small_Car 1
436.0 477.0 436.0 484.0 420.0 484.0 420.0 477.0 Small_Car 1
998.0 914.0 984.0 924.0 980.0 919.0 994.0 909.0 Small_Car 1
686.0 634.0 679.0 635.0 677.0 619.0 685.0 618.0 Small_Car 1
797.0 853.0 794.0 857.0 782.0 846.0 786.0 842.0 Small_Car 1
834.0 879.0 830.0 885.0 815.0 872.0 819.0 867.0 Small_Car 1
962.0 985.0 956.0 990.0 944.0 976.0 949.0 971.0 Small_Car 1
971.0 994.0 965.0 999.0 959.0 992.0 965.0 987.0 Small_Car 1
459.0 831.0 454.0 837.0 441.0 827.0 445.0 821.0 Small_Car 1
598.0 627.0 579.0 629.0 578.0 622.0 597.0 620.0 Small_Car 1
59.0 579.0 54.0 584.0 43.0 571.0 48.0 567.0 Small_Car 1
178.0 881.0 173.0 882.0 171.0 869.0 176.0 868.0 Small_Car 1
185.0 905.0 179.0 906.0 176.0 889.0 181.0 888.0 Small_Car 1
902.0 439.0 884.0 438.0 885.0 431.0 902.0 432.0 Small_Car 1
956.0 420.0 955.0 427.0 937.0 423.0 939.0 417.0 Small_Car 1
962.0 408.0 946.0 413.0 944.0 407.0 960.0 401.0 Small_Car 1
969.0 79.0 966.0 95.0 959.0 93.0 962.0 78.0 Small_Car 1
955.0 127.0 951.0 142.0 945.0 141.0 949.0 125.0 Small_Car 1
900.0 331.0 896.0 346.0 889.0 345.0 892.0 329.0 Small_Car 1
881.0 397.0 877.0 408.0 871.0 406.0 875.0 395.0 Small_Car 1
867.0 448.0 863.0 464.0 856.0 463.0 860.0 447.0 Small_Car 1
836.0 450.0 832.0 467.0 826.0 466.0 830.0 449.0 Small_Car 1
867.0 345.0 862.0 360.0 856.0 358.0 860.0 343.0 Small_Car 1
882.0 291.0 878.0 308.0 870.0 306.0 874.0 290.0 Small_Car 1
891.0 257.0 887.0 272.0 880.0 271.0 884.0 255.0 Small_Car 1
895.0 239.0 892.0 255.0 886.0 253.0 889.0 238.0 Small_Car 1
919.0 152.0 917.0 166.0 910.0 165.0 913.0 151.0 Small_Car 1
925.0 136.0 920.0 152.0 913.0 150.0 917.0 134.0 Small_Car 1
936.0 93.0 932.0 109.0 926.0 108.0 929.0 92.0 Small_Car 1
942.0 75.0 938.0 91.0 930.0 89.0 934.0 73.0 Small_Car 1
946.0 57.0 942.0 73.0 935.0 72.0 939.0 55.0 Small_Car 1
814.0 434.0 812.0 441.0 794.0 437.0 796.0 430.0 Small_Car 1
650.0 335.0 647.0 351.0 640.0 350.0 643.0 333.0 Small_Car 1
617.0 326.0 612.0 343.0 605.0 341.0 610.0 324.0 Small_Car 1
670.0 308.0 669.0 315.0 649.0 311.0 651.0 304.0 Small_Car 1
621.0 253.0 615.0 267.0 609.0 264.0 615.0 251.0 Small_Car 1
695.0 136.0 690.0 142.0 677.0 131.0 683.0 126.0 Small_Car 1
932.0 11.0 932.0 17.0 915.0 13.0 916.0 8.0 Small_Car 1
394.0 385.0 391.0 400.0 384.0 399.0 387.0 383.0 Small_Car 1
407.0 280.0 404.0 296.0 398.0 294.0 401.0 279.0 Small_Car 1
439.0 278.0 435.0 291.0 428.0 289.0 433.0 276.0 Small_Car 1
451.0 233.0 447.0 248.0 441.0 246.0 445.0 231.0 Small_Car 1
451.0 119.0 449.0 135.0 442.0 134.0 445.0 117.0 Small_Car 1
456.0 102.0 452.0 116.0 447.0 115.0 450.0 101.0 Small_Car 1
475.0 39.0 474.0 49.0 466.0 49.0 467.0 39.0 Small_Car 1
480.0 21.0 476.0 38.0 469.0 36.0 473.0 19.0 Small_Car 1
15.0 953.0 9.0 956.0 1.0 940.0 7.0 937.0 Small_Car 1
917.0 561.0 916.0 568.0 898.0 562.0 900.0 555.0 Small_Car 1
899.0 530.0 897.0 537.0 878.0 534.0 880.0 526.0 Small_Car 1
861.0 545.0 859.0 552.0 841.0 547.0 842.0 541.0 Small_Car 1
839.0 540.0 838.0 546.0 822.0 543.0 824.0 536.0 Small_Car 1
807.0 532.0 805.0 539.0 784.0 534.0 786.0 526.0 Small_Car 1
764.0 522.0 762.0 529.0 743.0 523.0 745.0 516.0 Small_Car 1
716.0 486.0 714.0 492.0 698.0 489.0 699.0 483.0 Small_Car 1
677.0 478.0 677.0 485.0 658.0 482.0 660.0 475.0 Small_Car 1
610.0 469.0 609.0 475.0 591.0 472.0 592.0 465.0 Small_Car 1
583.0 489.0 582.0 497.0 566.0 495.0 566.0 488.0 Small_Car 1
477.0 463.0 458.0 463.0 458.0 455.0 477.0 456.0 Small_Car 1
298.0 458.0 278.0 459.0 278.0 453.0 297.0 452.0 Small_Car 1
