169.0 246.0 162.0 250.0 153.0 236.0 160.0 231.0 Small_Car 1
426.0 138.0 419.0 139.0 417.0 123.0 424.0 122.0 Small_Car 1
399.0 163.0 390.0 163.0 390.0 146.0 398.0 146.0 Small_Car 1
236.0 96.0 217.0 102.0 215.0 96.0 235.0 90.0 Small_Car 1
293.0 177.0 275.0 175.0 276.0 168.0 293.0 169.0 Small_Car 1
559.0 208.0 539.0 213.0 537.0 206.0 557.0 201.0 Small_Car 1
411.0 363.0 402.0 363.0 402.0 346.0 411.0 346.0 Small_Car 1
412.0 381.0 403.0 382.0 403.0 367.0 412.0 366.0 Small_Car 1
435.0 474.0 425.0 474.0 425.0 456.0 435.0 456.0 Small_Car 1
17.0 634.0 10.0 638.0 4.0 628.0 12.0 624.0 Small_Car 1
79.0 783.0 70.0 788.0 61.0 770.0 70.0 765.0 Small_Car 1
165.0 632.0 149.0 637.0 146.0 630.0 162.0 624.0 Small_Car 1
254.0 399.0 245.0 404.0 236.0 388.0 244.0 383.0 Small_Car 1
593.0 328.0 584.0 331.0 577.0 315.0 586.0 311.0 Small_Car 1
