517.0 761.0 509.0 762.0 508.0 746.0 516.0 746.0 Small_Car 1
266.0 769.0 256.0 769.0 257.0 752.0 266.0 752.0 Small_Car 1
131.0 771.0 123.0 771.0 123.0 754.0 131.0 754.0 Small_Car 1
128.0 807.0 121.0 807.0 122.0 793.0 128.0 793.0 Small_Car 1
140.0 811.0 132.0 811.0 132.0 794.0 140.0 794.0 Small_Car 1
190.0 811.0 182.0 811.0 182.0 793.0 190.0 793.0 Small_Car 1
149.0 795.0 148.0 813.0 140.0 813.0 142.0 794.0 Small_Car 1
138.0 605.0 115.0 606.0 115.0 597.0 138.0 597.0 Small_Car 1
206.0 605.0 185.0 604.0 185.0 598.0 206.0 599.0 Small_Car 1
256.0 604.0 238.0 604.0 238.0 598.0 256.0 598.0 Small_Car 1
304.0 553.0 295.0 553.0 294.0 534.0 303.0 534.0 Small_Car 1
499.0 617.0 475.0 617.0 475.0 609.0 499.0 609.0 Small_Car 1
701.0 666.0 699.0 680.0 690.0 679.0 692.0 664.0 Small_Car 1
732.0 681.0 724.0 681.0 725.0 664.0 732.0 665.0 Small_Car 1
744.0 665.0 743.0 681.0 734.0 680.0 734.0 664.0 Small_Car 1
831.0 694.0 811.0 694.0 811.0 687.0 831.0 687.0 Small_Car 1
895.0 703.0 894.0 709.0 873.0 706.0 874.0 700.0 Small_Car 1
203.0 887.0 183.0 887.0 183.0 881.0 203.0 880.0 Small_Car 1
66.0 934.0 65.0 955.0 57.0 955.0 58.0 933.0 Small_Car 1
