149.0 812.0 127.0 814.0 126.0 806.0 148.0 804.0 Small_Car 1
853.0 980.0 852.0 996.0 843.0 996.0 843.0 980.0 Small_Car 1
444.0 745.0 436.0 745.0 436.0 731.0 444.0 731.0 Small_Car 1
270.0 569.0 264.0 569.0 264.0 554.0 270.0 554.0 Small_Car 1
274.0 301.0 259.0 313.0 254.0 307.0 269.0 295.0 Small_Car 1
256.0 317.0 238.0 331.0 232.0 324.0 250.0 310.0 Small_Car 1
204.0 349.0 191.0 360.0 186.0 354.0 199.0 343.0 Small_Car 1
132.0 367.0 129.0 373.0 112.0 365.0 115.0 359.0 Small_Car 1
240.0 171.0 236.0 176.0 221.0 163.0 226.0 158.0 Small_Car 1
224.0 159.0 220.0 163.0 205.0 151.0 209.0 147.0 Small_Car 1
194.0 212.0 180.0 223.0 176.0 217.0 190.0 206.0 Small_Car 1
775.0 638.0 756.0 646.0 753.0 639.0 772.0 631.0 Small_Car 1
988.811707 386.152954 982.999939 379.0 999.188171 365.847046 1004.999939 373.0 Small_Car 1
916.0 239.0 913.0 244.0 897.0 233.0 901.0 228.0 Small_Car 1
999.000061 279.0 983.000061 266.0 988.414124 259.336487 1004.414124 272.336487 Small_Car 1
937.0 224.0 932.0 230.0 916.0 218.0 921.0 212.0 Small_Car 1
