369.0 261.0 354.0 271.0 351.0 266.0 366.0 256.0 Small_Car 1
359.0 256.0 346.0 266.0 342.0 261.0 355.0 251.0 Small_Car 1
331.0 268.0 314.0 277.0 310.0 271.0 327.0 262.0 Small_Car 1
344.0 243.0 327.0 255.0 323.0 248.0 339.0 237.0 Small_Car 1
321.0 257.0 307.0 268.0 303.0 263.0 316.0 252.0 Small_Car 1
300.0 232.0 284.0 243.0 280.0 238.0 296.0 226.0 Small_Car 1
293.0 225.0 276.0 237.0 272.0 231.0 289.0 219.0 Small_Car 1
302.0 202.0 286.0 212.0 282.0 205.0 298.0 196.0 Small_Car 1
339.0 155.0 323.0 164.0 319.0 158.0 335.0 148.0 Small_Car 1
409.0 91.0 402.0 96.0 391.0 81.0 398.0 76.0 Small_Car 1
344.0 42.0 340.0 46.0 329.0 35.0 334.0 31.0 Small_Car 1
315.0 88.0 299.0 98.0 296.0 92.0 311.0 82.0 Small_Car 1
34.0 274.0 28.0 279.0 19.0 269.0 26.0 264.0 Small_Car 1
47.0 269.0 42.0 274.0 31.0 264.0 36.0 259.0 Small_Car 1
51.0 195.0 37.0 205.0 32.0 198.0 47.0 189.0 Small_Car 1
43.0 187.0 26.0 197.0 22.0 190.0 39.0 181.0 Small_Car 1
36.0 179.0 19.0 189.0 16.0 183.0 33.0 173.0 Small_Car 1
28.0 173.0 13.0 180.0 10.0 175.0 25.0 167.0 Small_Car 1
25.0 164.0 10.0 171.0 6.0 164.0 21.0 157.0 Small_Car 1
2.0 164.0 0.0 158.0 15.0 148.0 18.0 154.0 Small_Car 1
69.0 145.0 55.0 152.0 52.0 147.0 66.0 139.0 Small_Car 1
18.0 418.0 15.0 425.0 0.0 420.0 0.0 413.0 Small_Car 1
47.0 454.0 37.0 457.0 32.0 440.0 42.0 437.0 Small_Car 1
102.0 488.0 99.0 494.0 82.0 486.0 85.0 480.0 Small_Car 1
114.0 482.0 111.0 488.0 94.0 482.0 96.0 476.0 Small_Car 1
122.0 475.0 120.0 481.0 103.0 474.0 105.0 469.0 Small_Car 1
132.0 488.0 130.0 494.0 114.0 488.0 116.0 483.0 Small_Car 1
118.0 504.0 115.0 511.0 96.0 503.0 99.0 497.0 Small_Car 1
103.0 508.0 100.0 515.0 83.0 508.0 86.0 501.0 Small_Car 1
97.0 515.0 94.0 522.0 74.0 515.0 77.0 508.0 Small_Car 1
75.0 530.0 72.0 536.0 54.0 526.0 57.0 520.0 Small_Car 1
66.0 535.0 64.0 541.0 46.0 534.0 48.0 528.0 Small_Car 1
51.0 518.0 49.0 525.0 32.0 521.0 34.0 513.0 Small_Car 1
255.0 622.0 249.0 624.0 244.0 608.0 250.0 606.0 Small_Car 1
248.0 633.0 240.0 636.0 235.0 617.0 243.0 614.0 Small_Car 1
241.0 613.0 234.0 614.0 230.0 600.0 237.0 598.0 Small_Car 1
222.0 627.0 216.0 629.0 211.0 613.0 218.0 611.0 Small_Car 1
212.0 630.0 206.0 633.0 201.0 619.0 206.0 616.0 Small_Car 1
203.0 637.0 196.0 639.0 192.0 624.0 199.0 622.0 Small_Car 1
198.0 665.0 192.0 666.0 191.0 655.0 197.0 654.0 Small_Car 1
166.0 616.0 163.0 624.0 146.0 616.0 150.0 608.0 Small_Car 1
171.0 608.0 168.0 614.0 152.0 607.0 154.0 602.0 Small_Car 1
180.0 601.0 177.0 608.0 159.0 600.0 162.0 593.0 Small_Car 1
155.0 590.0 153.0 597.0 133.0 590.0 136.0 583.0 Small_Car 1
161.0 547.0 154.0 548.0 151.0 532.0 158.0 531.0 Small_Car 1
146.0 530.0 139.0 532.0 135.0 518.0 142.0 516.0 Small_Car 1
150.0 552.0 144.0 553.0 141.0 538.0 148.0 537.0 Small_Car 1
127.0 543.0 120.0 545.0 116.0 529.0 123.0 527.0 Small_Car 1
117.0 550.0 108.0 552.0 104.0 535.0 113.0 533.0 Small_Car 1
123.0 571.0 115.0 572.0 111.0 554.0 119.0 553.0 Small_Car 1
108.0 560.0 101.0 561.0 98.0 544.0 105.0 543.0 Small_Car 1
114.0 579.0 108.0 581.0 104.0 567.0 110.0 566.0 Small_Car 1
98.0 565.0 90.0 566.0 87.0 550.0 95.0 548.0 Small_Car 1
89.0 571.0 80.0 572.0 78.0 555.0 86.0 554.0 Small_Car 1
4.0 574.0 -1.0 572.0 3.0 557.0 9.0 559.0 Small_Car 1
53.0 595.0 52.0 610.0 44.0 609.0 45.0 595.0 Small_Car 1
64.0 608.0 60.0 621.0 54.0 619.0 57.0 606.0 Small_Car 1
86.0 621.0 84.0 635.0 76.0 634.0 79.0 620.0 Small_Car 1
109.0 637.0 106.0 653.0 99.0 652.0 102.0 635.0 Small_Car 1
165.0 683.0 163.0 700.0 156.0 699.0 158.0 682.0 Small_Car 1
251.0 672.0 247.0 679.0 231.0 669.0 235.0 662.0 Small_Car 1
284.0 653.0 282.0 659.0 263.0 653.0 265.0 647.0 Small_Car 1
457.0 595.0 448.0 608.0 442.0 604.0 451.0 591.0 Small_Car 1
474.0 608.0 466.0 622.0 460.0 618.0 468.0 604.0 Small_Car 1
490.0 625.0 485.0 637.0 477.0 634.0 483.0 622.0 Small_Car 1
516.0 651.0 511.0 663.0 504.0 660.0 510.0 648.0 Small_Car 1
343.0 679.0 334.0 696.0 327.0 693.0 336.0 675.0 Small_Car 1
413.0 677.0 397.0 680.0 396.0 673.0 412.0 670.0 Small_Car 1
401.0 661.0 380.0 664.0 379.0 657.0 400.0 654.0 Small_Car 1
384.0 645.0 364.0 648.0 363.0 641.0 383.0 638.0 Small_Car 1
415.0 612.0 409.0 627.0 402.0 625.0 408.0 609.0 Small_Car 1
448.0 645.0 441.0 658.0 434.0 654.0 441.0 641.0 Small_Car 1
456.0 652.0 448.0 666.0 441.0 663.0 450.0 649.0 Small_Car 1
463.0 660.0 455.0 676.0 448.0 673.0 457.0 657.0 Small_Car 1
471.0 670.0 463.0 684.0 457.0 681.0 464.0 667.0 Small_Car 1
480.0 676.0 471.0 692.0 464.0 688.0 473.0 672.0 Small_Car 1
421.0 714.0 402.0 718.0 401.0 711.0 419.0 707.0 Small_Car 1
368.0 742.0 363.0 753.0 358.0 751.0 362.0 739.0 Small_Car 1
321.0 757.0 299.0 761.0 297.0 753.0 320.0 749.0 Small_Car 1
301.0 791.0 297.0 806.0 290.0 803.0 294.0 789.0 Small_Car 1
364.0 803.0 361.0 810.0 342.0 803.0 344.0 796.0 Small_Car 1
375.0 798.0 372.0 805.0 354.0 797.0 356.0 790.0 Small_Car 1
387.0 793.0 385.0 800.0 365.0 791.0 367.0 785.0 Small_Car 1
406.0 780.0 403.0 787.0 385.0 778.0 388.0 771.0 Small_Car 1
493.0 730.0 491.0 736.0 471.0 730.0 473.0 724.0 Small_Car 1
670.0 807.0 664.0 812.0 653.0 799.0 659.0 794.0 Small_Car 1
717.0 822.0 701.0 828.0 699.0 823.0 715.0 817.0 Small_Car 1
689.0 762.0 683.0 767.0 671.0 752.0 677.0 747.0 Small_Car 1
676.0 711.0 671.0 716.0 659.0 702.0 665.0 698.0 Small_Car 1
776.0 710.0 769.0 715.0 758.0 700.0 764.0 695.0 Small_Car 1
784.0 703.0 779.0 708.0 767.0 694.0 773.0 689.0 Small_Car 1
431.0 248.0 419.0 256.0 415.0 251.0 428.0 243.0 Small_Car 1
414.0 309.0 398.0 318.0 394.0 313.0 411.0 303.0 Small_Car 1
423.0 317.0 408.0 328.0 404.0 322.0 418.0 312.0 Small_Car 1
413.0 348.0 401.0 357.0 398.0 353.0 410.0 344.0 Small_Car 1
453.0 394.0 437.0 407.0 432.0 401.0 448.0 388.0 Small_Car 1
483.0 382.0 467.0 393.0 463.0 387.0 479.0 376.0 Small_Car 1
559.0 377.0 541.0 389.0 538.0 383.0 555.0 372.0 Small_Car 1
527.0 423.0 512.0 433.0 508.0 427.0 523.0 417.0 Small_Car 1
535.0 431.0 519.0 440.0 515.0 434.0 531.0 425.0 Small_Car 1
541.0 438.0 527.0 447.0 523.0 441.0 537.0 432.0 Small_Car 1
515.0 456.0 502.0 464.0 498.0 458.0 511.0 450.0 Small_Car 1
606.0 502.0 594.0 511.0 590.0 507.0 602.0 497.0 Small_Car 1
613.0 510.0 597.0 521.0 593.0 515.0 608.0 504.0 Small_Car 1
631.0 522.0 614.0 534.0 609.0 527.0 627.0 515.0 Small_Car 1
656.0 468.0 641.0 479.0 637.0 473.0 652.0 462.0 Small_Car 1
678.0 492.0 660.0 503.0 656.0 496.0 673.0 485.0 Small_Car 1
699.0 513.0 683.0 524.0 679.0 518.0 695.0 507.0 Small_Car 1
714.0 528.0 697.0 537.0 693.0 530.0 710.0 521.0 Small_Car 1
718.0 642.0 716.0 658.0 708.0 657.0 710.0 641.0 Small_Car 1
659.0 660.0 643.0 669.0 639.0 662.0 656.0 653.0 Small_Car 1
790.0 599.0 776.0 607.0 773.0 601.0 787.0 593.0 Small_Car 1
921.0 652.0 914.0 654.0 910.0 639.0 917.0 637.0 Small_Car 1
868.0 556.0 863.0 561.0 851.0 547.0 857.0 542.0 Small_Car 1
842.0 546.0 836.0 551.0 827.0 539.0 833.0 535.0 Small_Car 1
768.0 403.0 756.0 412.0 751.0 406.0 764.0 396.0 Small_Car 1
666.0 406.0 662.0 410.0 652.0 399.0 656.0 395.0 Small_Car 1
714.0 73.0 709.0 77.0 699.0 64.0 704.0 60.0 Small_Car 1
706.0 84.0 700.0 89.0 688.0 75.0 694.0 70.0 Small_Car 1
