41.0 693.0 20.0 693.0 20.0 683.0 41.0 684.0 Small_Car 1
93.0 694.0 69.0 694.0 69.0 685.0 93.0 684.0 Small_Car 1
117.0 694.0 94.0 694.0 94.0 685.0 117.0 686.0 Small_Car 1
387.0 17.0 365.0 22.0 363.0 13.0 385.0 8.0 Small_Car 1
380.0 44.0 357.0 45.0 357.0 36.0 379.0 35.0 Small_Car 1
586.0 92.0 577.0 92.0 576.0 75.0 584.0 74.0 Small_Car 1
463.0 31.0 454.0 35.0 445.0 18.0 454.0 14.0 Small_Car 1
552.0 21.0 531.0 21.0 531.0 13.0 552.0 13.0 Small_Car 1
507.0 168.0 498.0 173.0 489.0 155.0 498.0 150.0 Small_Car 1
517.0 191.0 508.0 195.0 501.0 176.0 510.0 172.0 Small_Car 1
527.0 207.0 517.0 211.0 509.0 194.0 518.0 189.0 Small_Car 1
555.0 281.0 546.0 282.0 544.0 268.0 554.0 267.0 Small_Car 1
567.0 356.0 558.0 357.0 556.0 344.0 565.0 343.0 Small_Car 1
569.0 377.0 560.0 378.0 559.0 360.0 567.0 359.0 Small_Car 1
593.0 379.0 582.0 380.0 581.0 361.0 591.0 360.0 Small_Car 1
588.0 502.0 579.0 503.0 577.0 486.0 587.0 486.0 Small_Car 1
16.0 770.0 7.0 771.0 7.0 753.0 16.0 753.0 Small_Car 1
27.0 774.0 19.0 774.0 18.0 756.0 26.0 756.0 Small_Car 1
100.0 755.0 99.0 773.0 90.0 773.0 91.0 755.0 Small_Car 1
124.0 794.0 102.0 795.0 102.0 785.0 123.0 784.0 Small_Car 1
291.0 697.0 269.0 697.0 269.0 689.0 291.0 689.0 Small_Car 1
366.0 699.0 345.0 699.0 344.0 691.0 366.0 691.0 Small_Car 1
396.0 700.0 375.0 701.0 374.0 692.0 396.0 691.0 Small_Car 1
432.0 699.0 431.0 709.0 408.0 708.0 409.0 699.0 Small_Car 1
480.0 702.0 457.0 702.0 457.0 693.0 480.0 693.0 Small_Car 1
451.0 701.0 429.0 700.0 429.0 692.0 451.0 692.0 Small_Car 1
391.0 743.0 368.0 744.0 368.0 735.0 390.0 734.0 Small_Car 1
419.0 744.0 397.0 745.0 397.0 737.0 419.0 736.0 Small_Car 1
446.0 745.0 423.0 746.0 422.0 737.0 446.0 735.0 Small_Car 1
509.0 700.0 487.0 701.0 487.0 693.0 509.0 693.0 Small_Car 1
492.0 744.0 467.0 745.0 467.0 737.0 492.0 737.0 Small_Car 1
534.0 702.0 513.0 702.0 513.0 694.0 534.0 694.0 Small_Car 1
576.0 702.0 555.0 702.0 555.0 694.0 576.0 695.0 Small_Car 1
211.0 771.0 204.0 770.0 204.0 757.0 211.0 758.0 Small_Car 1
