770.0 10.0 748.0 10.0 748.0 2.0 770.0 3.0 Small_Car 1
768.0 37.0 744.0 37.0 744.0 27.0 768.0 27.0 Small_Car 1
770.0 65.0 747.0 64.0 747.0 56.0 770.0 56.0 Small_Car 1
746.0 74.0 722.0 73.0 722.0 65.0 746.0 66.0 Small_Car 1
746.0 84.0 724.0 84.0 724.0 75.0 746.0 75.0 Small_Car 1
744.0 120.0 721.0 120.0 721.0 112.0 744.0 113.0 Small_Car 1
744.0 147.0 721.0 148.0 720.0 140.0 744.0 139.0 Small_Car 1
735.0 165.0 721.0 165.0 720.0 158.0 735.0 158.0 Small_Car 1
772.0 131.0 749.0 130.0 750.0 121.0 772.0 122.0 Small_Car 1
770.0 279.0 768.0 297.0 758.0 297.0 759.0 279.0 Small_Car 1
