659.0 590.0 655.0 598.0 638.0 590.0 642.0 582.0 Small_Car 1
678.0 585.0 674.0 594.0 651.0 583.0 655.0 574.0 Small_Car 1
648.0 572.0 645.0 579.0 627.0 571.0 630.0 563.0 Small_Car 1
96.0 9.0 93.0 15.0 75.0 6.0 78.0 0.0 Small_Car 1
114.0 18.0 112.0 23.0 96.0 15.0 98.0 10.0 Small_Car 1
137.0 28.0 134.0 34.0 114.0 25.0 117.0 18.0 Small_Car 1
33.0 14.0 30.0 20.0 10.0 11.0 13.0 5.0 Small_Car 1
81.0 33.0 78.0 40.0 60.0 32.0 63.0 25.0 Small_Car 1
101.0 43.0 99.0 49.0 89.0 45.0 91.0 38.0 Small_Car 1
121.0 51.0 118.0 58.0 100.0 49.0 103.0 43.0 Small_Car 1
142.0 60.0 139.0 67.0 122.0 59.0 125.0 52.0 Small_Car 1
184.0 47.0 181.0 52.0 170.0 46.0 173.0 41.0 Small_Car 1
209.0 57.0 206.0 63.0 190.0 55.0 193.0 49.0 Small_Car 1
201.0 85.0 198.0 92.0 184.0 85.0 187.0 78.0 Small_Car 1
242.0 102.0 240.0 108.0 225.0 102.0 228.0 96.0 Small_Car 1
293.0 93.0 290.0 98.0 273.0 89.0 276.0 83.0 Small_Car 1
426.0 147.0 423.0 154.0 414.0 149.0 417.0 143.0 Small_Car 1
447.0 157.0 444.0 163.0 426.0 154.0 429.0 148.0 Small_Car 1
463.0 164.0 460.0 169.0 447.0 163.0 450.0 157.0 Small_Car 1
543.0 198.0 541.0 203.0 523.0 196.0 525.0 190.0 Small_Car 1
197.0 399.0 195.0 404.0 184.0 399.0 187.0 393.0 Small_Car 1
296.0 471.0 294.0 477.0 282.0 472.0 285.0 466.0 Small_Car 1
429.0 513.0 426.0 520.0 406.0 512.0 409.0 505.0 Small_Car 1
552.0 566.0 533.0 570.0 532.0 562.0 551.0 559.0 Small_Car 1
596.0 502.0 589.0 515.0 582.0 511.0 589.0 498.0 Small_Car 1
593.0 487.0 582.0 503.0 574.0 498.0 585.0 482.0 Small_Car 1
662.0 354.0 645.0 376.0 636.0 369.0 652.0 347.0 Small_Car 1
782.0 208.0 772.0 224.0 764.0 219.0 774.0 203.0 Small_Car 1
797.0 189.0 786.0 203.0 779.0 198.0 791.0 184.0 Small_Car 1
759.0 215.0 751.0 226.0 745.0 221.0 753.0 210.0 Small_Car 1
