406.0 49.0 388.0 49.0 388.0 43.0 406.0 44.0 Small_Car 1
455.0 74.0 437.0 73.0 437.0 67.0 455.0 67.0 Small_Car 1
137.0 273.0 119.0 272.0 119.0 266.0 137.0 266.0 Small_Car 1
161.0 358.0 154.0 359.0 151.0 342.0 158.0 340.0 Small_Car 1
180.0 361.0 173.0 363.0 170.0 344.0 177.0 343.0 Small_Car 1
584.0 159.0 575.0 159.0 575.0 144.0 584.0 144.0 Small_Car 1
666.0 58.0 648.0 59.0 648.0 53.0 666.0 52.0 Small_Car 1
735.0 11.0 734.0 18.0 715.0 16.0 715.0 9.0 Small_Car 1
667.0 40.0 647.0 39.0 647.0 33.0 667.0 34.0 Small_Car 1
919.0 957.0 903.0 959.0 902.0 952.0 918.0 950.0 Small_Car 1
980.0 895.0 977.0 902.0 959.0 894.0 962.0 887.0 Small_Car 1
922.0 865.0 905.0 870.0 903.0 864.0 920.0 859.0 Small_Car 1
920.0 841.0 902.0 849.0 898.0 841.0 917.0 833.0 Small_Car 1
889.0 719.0 888.0 736.0 879.0 735.0 881.0 718.0 Small_Car 1
889.0 692.0 880.0 693.0 879.0 676.0 888.0 676.0 Small_Car 1
891.0 607.0 889.0 623.0 881.0 622.0 883.0 606.0 Small_Car 1
891.0 581.0 889.0 600.0 880.0 599.0 882.0 580.0 Small_Car 1
948.0 511.0 941.0 511.0 940.0 495.0 948.0 495.0 Small_Car 1
971.0 514.0 965.0 514.0 965.0 496.0 971.0 496.0 Small_Car 1
1000.0 512.0 995.0 512.0 996.0 496.0 1000.0 496.0 Small_Car 1
982.0 511.0 974.0 511.0 975.0 497.0 982.0 497.0 Small_Car 1
630.0 440.0 629.0 446.0 611.0 445.0 611.0 439.0 Small_Car 1
528.0 433.0 508.0 433.0 508.0 428.0 528.0 427.0 Small_Car 1
545.0 353.0 536.0 353.0 536.0 336.0 545.0 336.0 Small_Car 1
