441.0 574.0 431.0 577.0 426.0 560.0 436.0 557.0 Small_Car 1
662.0 474.0 652.0 474.0 651.0 457.0 661.0 457.0 Small_Car 1
696.0 432.0 668.0 435.0 667.0 426.0 695.0 423.0 Small_Car 1
369.0 473.0 344.0 478.0 342.0 472.0 368.0 467.0 Small_Car 1
157.0 522.0 137.0 527.0 135.0 521.0 156.0 516.0 Small_Car 1
408.0 344.0 401.0 346.0 397.0 331.0 404.0 329.0 Small_Car 1
350.0 355.0 341.0 357.0 337.0 339.0 345.0 337.0 Small_Car 1
274.0 365.0 265.0 366.0 263.0 349.0 272.0 348.0 Small_Car 1
550.0 114.0 541.0 116.0 537.0 99.0 546.0 97.0 Small_Car 1
596.0 58.0 588.0 61.0 584.0 47.0 591.0 45.0 Small_Car 1
569.0 47.0 560.0 48.0 558.0 31.0 566.0 30.0 Small_Car 1
557.0 47.0 549.0 48.0 548.0 33.0 557.0 32.0 Small_Car 1
520.0 49.0 511.0 50.0 508.0 33.0 517.0 32.0 Small_Car 1
713.0 16.0 696.0 24.0 692.0 17.0 710.0 9.0 Small_Car 1
643.0 38.0 625.0 45.0 623.0 38.0 640.0 31.0 Small_Car 1
280.0 17.0 270.0 19.0 266.0 0.0 276.0 0.0 Small_Car 1
238.0 15.0 229.0 17.0 227.0 0.0 236.0 0.0 Small_Car 1
