16.0 775.0 15.0 791.0 4.0 790.0 5.0 774.0 Small_Car 1
68.0 680.0 55.0 679.0 55.0 659.0 68.0 660.0 Small_Car 1
173.0 671.0 170.0 686.0 162.0 684.0 165.0 670.0 Small_Car 1
161.0 667.0 159.0 683.0 150.0 682.0 152.0 666.0 Small_Car 1
204.0 671.0 201.0 692.0 190.0 690.0 193.0 669.0 Small_Car 1
216.0 672.0 213.0 690.0 203.0 688.0 206.0 671.0 Small_Car 1
237.0 643.0 234.0 665.0 226.0 664.0 228.0 642.0 Small_Car 1
259.0 496.0 258.0 512.0 250.0 511.0 251.0 495.0 Small_Car 1
268.0 474.0 267.0 493.0 256.0 492.0 257.0 473.0 Small_Car 1
16.0 509.0 14.0 528.0 4.0 527.0 6.0 508.0 Small_Car 1
89.0 275.0 87.0 292.0 74.0 290.0 75.0 274.0 Small_Car 1
361.0 3.0 359.0 21.0 347.0 20.0 349.0 2.0 Small_Car 1
