522.0 107.0 518.0 123.0 512.0 122.0 516.0 105.0 Small_Car 1
472.0 155.0 469.0 162.0 453.0 156.0 456.0 149.0 Small_Car 1
538.0 171.0 524.0 180.0 520.0 175.0 535.0 165.0 Small_Car 1
566.0 253.0 553.0 262.0 549.0 257.0 563.0 247.0 Small_Car 1
511.0 251.0 509.0 255.0 493.0 249.0 496.0 244.0 Small_Car 1
438.0 347.0 424.0 358.0 419.0 351.0 434.0 341.0 Small_Car 1
588.0 394.0 574.0 404.0 570.0 398.0 584.0 389.0 Small_Car 1
622.0 576.0 606.0 577.0 606.0 571.0 622.0 569.0 Small_Car 1
577.0 567.0 570.0 568.0 569.0 556.0 576.0 555.0 Small_Car 1
494.0 645.0 486.0 645.0 485.0 631.0 493.0 630.0 Small_Car 1
451.0 647.0 443.0 647.0 443.0 634.0 451.0 633.0 Small_Car 1
408.0 668.0 400.0 668.0 400.0 653.0 408.0 655.0 Small_Car 1
531.0 706.0 524.0 707.0 523.0 691.0 530.0 691.0 Small_Car 1
501.0 709.0 495.0 710.0 494.0 694.0 501.0 694.0 Small_Car 1
491.0 707.0 485.0 708.0 484.0 692.0 491.0 692.0 Small_Car 1
483.0 711.0 475.0 711.0 475.0 704.0 483.0 704.0 Small_Car 1
473.0 714.0 466.0 714.0 466.0 706.0 473.0 707.0 Small_Car 1
462.0 713.0 456.0 714.0 455.0 697.0 462.0 697.0 Small_Car 1
445.0 693.0 439.0 693.0 438.0 679.0 444.0 679.0 Small_Car 1
468.0 685.0 462.0 685.0 462.0 678.0 468.0 678.0 Small_Car 1
511.0 676.0 493.0 679.0 492.0 672.0 509.0 668.0 Small_Car 1
577.0 747.0 569.0 747.0 569.0 732.0 576.0 732.0 Small_Car 1
633.0 807.0 626.0 809.0 623.0 789.0 630.0 788.0 Small_Car 1
612.0 809.0 603.0 809.0 602.0 792.0 611.0 792.0 Small_Car 1
958.0 961.0 952.0 979.0 945.0 976.0 951.0 960.0 Small_Car 1
755.0 657.0 746.0 661.0 742.0 645.0 750.0 642.0 Small_Car 1
789.0 698.0 782.0 700.0 777.0 685.0 784.0 682.0 Small_Car 1
