896.0 425.0 887.0 430.0 876.0 414.0 884.0 409.0 Small_Car 1
741.0 375.0 733.0 387.0 727.0 383.0 734.0 371.0 Small_Car 1
719.0 369.0 711.0 382.0 704.0 378.0 712.0 365.0 Small_Car 1
707.0 345.0 705.0 351.0 689.0 345.0 692.0 339.0 Small_Car 1
644.0 328.0 633.0 342.0 627.0 338.0 637.0 324.0 Small_Car 1
951.0 627.0 950.0 642.0 943.0 641.0 945.0 626.0 Small_Car 1
868.0 666.0 849.0 666.0 849.0 658.0 868.0 658.0 Small_Car 1
758.0 617.0 753.0 630.0 747.0 627.0 751.0 615.0 Small_Car 1
582.0 551.0 581.0 560.0 559.0 558.0 560.0 548.0 Small_Car 1
630.0 569.0 629.0 576.0 609.0 574.0 610.0 566.0 Small_Car 1
626.0 588.0 605.0 589.0 604.0 580.0 626.0 580.0 Small_Car 1
614.0 668.0 604.0 668.0 604.0 651.0 614.0 651.0 Small_Car 1
809.0 654.0 808.0 661.0 789.0 657.0 791.0 650.0 Small_Car 1
764.0 693.0 761.0 708.0 754.0 707.0 757.0 691.0 Small_Car 1
858.0 717.0 850.0 720.0 845.0 705.0 853.0 702.0 Small_Car 1
908.0 707.0 900.0 720.0 895.0 717.0 902.0 704.0 Small_Car 1
995.0 962.0 992.0 979.0 982.0 977.0 985.0 960.0 Small_Car 1
757.0 932.0 753.0 947.0 745.0 945.0 749.0 930.0 Small_Car 1
761.0 914.0 759.0 931.0 750.0 930.0 752.0 913.0 Small_Car 1
690.0 899.0 685.0 914.0 677.0 911.0 683.0 896.0 Small_Car 1
116.0 200.0 111.0 215.0 103.0 212.0 108.0 197.0 Small_Car 1
33.0 124.0 26.0 140.0 19.0 136.0 27.0 121.0 Small_Car 1
119.0 152.0 111.0 168.0 103.0 164.0 112.0 148.0 Small_Car 1
207.0 9.0 204.0 17.0 183.0 9.0 186.0 2.0 Small_Car 1
389.0 745.0 386.0 762.0 379.0 761.0 382.0 744.0 Small_Car 1
155.0 698.0 150.0 718.0 140.0 716.0 145.0 696.0 Small_Car 1
46.0 689.0 43.0 704.0 36.0 703.0 38.0 688.0 Small_Car 1
90.0 699.0 87.0 718.0 79.0 716.0 81.0 698.0 Small_Car 1
90.0 647.0 87.0 664.0 78.0 663.0 81.0 646.0 Small_Car 1
129.0 656.0 127.0 672.0 119.0 670.0 122.0 655.0 Small_Car 1
158.0 658.0 155.0 673.0 146.0 672.0 149.0 656.0 Small_Car 1
199.0 665.0 195.0 680.0 187.0 678.0 191.0 663.0 Small_Car 1
171.0 659.0 169.0 673.0 164.0 672.0 165.0 658.0 Small_Car 1
273.0 677.0 269.0 691.0 263.0 689.0 266.0 675.0 Small_Car 1
285.0 678.0 282.0 693.0 275.0 691.0 277.0 677.0 Small_Car 1
431.0 583.0 429.0 597.0 421.0 596.0 423.0 582.0 Small_Car 1
369.0 514.0 366.0 529.0 358.0 527.0 362.0 512.0 Small_Car 1
274.0 450.0 271.0 464.0 263.0 462.0 267.0 448.0 Small_Car 1
358.0 464.0 355.0 480.0 346.0 478.0 350.0 462.0 Small_Car 1
370.0 465.0 366.0 482.0 357.0 479.0 361.0 463.0 Small_Car 1
397.0 470.0 392.0 485.0 383.0 482.0 388.0 467.0 Small_Car 1
469.0 436.0 464.0 451.0 458.0 449.0 463.0 434.0 Small_Car 1
487.0 400.0 480.0 414.0 472.0 410.0 479.0 396.0 Small_Car 1
406.0 901.0 405.0 909.0 378.0 903.0 380.0 895.0 Small_Car 1
541.0 864.0 537.0 877.0 531.0 875.0 535.0 862.0 Small_Car 1
331.0 194.0 321.0 207.0 315.0 202.0 325.0 189.0 Small_Car 1
310.0 186.0 301.0 197.0 295.0 192.0 304.0 181.0 Small_Car 1
341.0 141.0 331.0 155.0 323.0 150.0 333.0 136.0 Small_Car 1
382.0 162.0 372.0 175.0 366.0 170.0 376.0 157.0 Small_Car 1
664.0 156.0 653.0 168.0 647.0 163.0 658.0 150.0 Small_Car 1
702.0 119.0 690.0 131.0 685.0 126.0 697.0 115.0 Small_Car 1
741.0 132.0 724.0 143.0 720.0 136.0 736.0 125.0 Small_Car 1
559.0 9.0 549.0 22.0 544.0 18.0 554.0 5.0 Small_Car 1
549.0 6.0 539.0 19.0 532.0 14.0 542.0 1.0 Small_Car 1
755.0 55.0 742.0 70.0 735.0 64.0 748.0 49.0 Small_Car 1
890.0 50.0 870.0 55.0 868.0 47.0 888.0 42.0 Small_Car 1
859.0 41.0 850.0 41.0 850.0 26.0 858.0 26.0 Small_Car 1
961.0 49.0 960.0 56.0 941.0 54.0 942.0 47.0 Small_Car 1
980.0 13.0 976.0 30.0 969.0 28.0 973.0 12.0 Small_Car 1
959.0 104.0 951.0 104.0 952.0 86.0 959.0 87.0 Small_Car 1
897.0 976.0 895.0 985.0 877.0 981.0 879.0 972.0 Small_Car 1
