461.0 425.0 458.0 448.0 445.0 446.0 448.0 424.0 Small_Car 1
340.0 556.0 331.0 556.0 331.0 539.0 340.0 539.0 Small_Car 1
296.0 715.0 275.0 714.0 275.0 706.0 296.0 707.0 Small_Car 1
488.0 717.0 466.0 716.0 467.0 709.0 488.0 710.0 Small_Car 1
398.0 776.0 397.0 790.0 390.0 790.0 390.0 776.0 Small_Car 1
377.0 361.0 358.0 361.0 358.0 354.0 377.0 354.0 Small_Car 1
584.0 250.0 583.0 259.0 563.0 258.0 564.0 250.0 Small_Car 1
428.0 172.0 415.0 187.0 410.0 182.0 422.0 168.0 Small_Car 1
88.0 175.0 78.0 175.0 78.0 155.0 88.0 155.0 Small_Car 1
100.0 165.0 92.0 165.0 92.0 147.0 100.0 147.0 Small_Car 1
213.0 240.0 211.0 255.0 203.0 254.0 204.0 239.0 Small_Car 1
143.0 445.0 122.0 444.0 122.0 437.0 143.0 437.0 Small_Car 1
51.0 440.0 31.0 439.0 31.0 432.0 51.0 433.0 Small_Car 1
244.0 533.0 236.0 533.0 235.0 516.0 244.0 516.0 Small_Car 1
140.0 622.0 120.0 622.0 120.0 614.0 140.0 614.0 Small_Car 1
138.0 630.0 120.0 630.0 120.0 623.0 138.0 623.0 Small_Car 1
134.0 665.0 114.0 665.0 114.0 657.0 134.0 658.0 Small_Car 1
220.0 745.0 217.0 761.0 208.0 759.0 211.0 743.0 Small_Car 1
