664.0 49.0 663.0 57.0 644.0 55.0 645.0 48.0 Small_Car 1
603.0 190.0 602.0 202.0 594.0 201.0 596.0 189.0 Small_Car 1
597.0 294.0 594.0 308.0 587.0 307.0 590.0 293.0 Small_Car 1
304.0 566.0 287.0 566.0 287.0 560.0 304.0 560.0 Small_Car 1
203.0 313.0 202.0 321.0 180.0 320.0 180.0 313.0 Small_Car 1
736.0 122.0 735.0 127.0 720.0 123.0 721.0 118.0 Small_Car 1
744.0 114.0 743.0 120.0 722.0 118.0 723.0 111.0 Small_Car 1
711.0 419.0 706.0 427.0 690.0 417.0 695.0 410.0 Small_Car 1
447.0 557.0 427.0 562.0 425.0 555.0 445.0 550.0 Small_Car 1
135.0 230.0 127.0 230.0 127.0 218.0 135.0 218.0 Small_Car 1
223.0 154.0 202.0 154.0 202.0 147.0 223.0 147.0 Small_Car 1
196.0 11.0 195.0 21.0 175.0 21.0 175.0 11.0 Small_Car 1
