278.0 153.0 276.0 158.0 257.0 151.0 259.0 145.0 Small_Car 1
337.0 173.0 335.0 179.0 318.0 173.0 319.0 168.0 Small_Car 1
306.0 193.0 304.0 200.0 281.0 192.0 283.0 186.0 Small_Car 1
381.0 219.0 379.0 226.0 357.0 218.0 359.0 212.0 Small_Car 1
379.0 235.0 378.0 240.0 357.0 234.0 359.0 228.0 Small_Car 1
469.0 248.0 465.0 256.0 445.0 248.0 448.0 239.0 Small_Car 1
513.0 53.0 511.0 59.0 493.0 54.0 495.0 48.0 Small_Car 1
513.0 69.0 512.0 74.0 497.0 72.0 497.0 67.0 Small_Car 1
512.0 79.0 511.0 85.0 495.0 81.0 497.0 75.0 Small_Car 1
657.0 123.0 656.0 143.0 647.0 143.0 648.0 123.0 Small_Car 1
683.0 221.0 682.0 232.0 674.0 232.0 675.0 220.0 Small_Car 1
749.0 321.0 747.0 327.0 728.0 319.0 730.0 313.0 Small_Car 1
746.0 333.0 744.0 338.0 727.0 331.0 729.0 326.0 Small_Car 1
759.0 41.0 738.0 40.0 738.0 33.0 759.0 33.0 Small_Car 1
817.0 22.0 816.0 29.0 792.0 28.0 792.0 22.0 Small_Car 1
896.0 39.0 873.0 39.0 873.0 32.0 896.0 33.0 Small_Car 1
914.0 14.0 894.0 14.0 894.0 9.0 914.0 8.0 Small_Car 1
879.0 378.0 877.0 384.0 858.0 378.0 860.0 372.0 Small_Car 1
55.0 320.0 53.0 325.0 33.0 318.0 35.0 312.0 Small_Car 1
334.0 422.0 332.0 436.0 323.0 435.0 324.0 421.0 Small_Car 1
56.0 555.0 34.0 554.0 34.0 548.0 56.0 549.0 Small_Car 1
82.0 555.0 60.0 555.0 60.0 548.0 82.0 548.0 Small_Car 1
107.0 555.0 86.0 555.0 86.0 549.0 107.0 549.0 Small_Car 1
135.0 555.0 113.0 555.0 113.0 548.0 135.0 548.0 Small_Car 1
14.0 580.0 0.0 580.0 0.0 574.0 14.0 574.0 Small_Car 1
41.0 580.0 17.0 580.0 17.0 574.0 41.0 574.0 Small_Car 1
97.0 580.0 76.0 580.0 76.0 574.0 97.0 574.0 Small_Car 1
121.0 580.0 100.0 581.0 99.0 574.0 120.0 573.0 Small_Car 1
229.0 580.0 204.0 580.0 204.0 574.0 229.0 574.0 Small_Car 1
431.0 581.0 408.0 580.0 408.0 574.0 431.0 574.0 Small_Car 1
465.0 581.0 443.0 581.0 443.0 575.0 465.0 575.0 Small_Car 1
981.0 566.0 970.0 567.0 969.0 552.0 980.0 551.0 Small_Car 1
640.0 747.0 639.0 762.0 630.0 762.0 631.0 746.0 Small_Car 1
626.0 772.0 617.0 772.0 617.0 756.0 626.0 756.0 Small_Car 1
775.0 758.0 754.0 765.0 752.0 757.0 773.0 750.0 Small_Car 1
939.0 656.0 918.0 657.0 918.0 650.0 938.0 648.0 Small_Car 1
315.0 919.0 297.0 925.0 295.0 919.0 312.0 912.0 Small_Car 1
343.0 908.0 325.0 916.0 322.0 908.0 339.0 900.0 Small_Car 1
445.0 872.0 425.0 880.0 422.0 872.0 442.0 865.0 Small_Car 1
264.0 676.0 251.0 686.0 247.0 682.0 260.0 671.0 Small_Car 1
689.0 961.0 681.0 961.0 681.0 945.0 688.0 945.0 Small_Car 1
233.0 718.0 207.0 718.0 207.0 711.0 233.0 711.0 Small_Car 1
329.0 704.0 319.0 706.0 317.0 689.0 326.0 687.0 Small_Car 1
264.0 686.0 251.0 700.0 246.0 696.0 259.0 681.0 Small_Car 1
264.0 378.0 255.0 392.0 248.0 387.0 256.0 374.0 Small_Car 1
113.0 332.0 89.0 329.0 90.0 324.0 113.0 327.0 Small_Car 1
547.0 195.0 543.0 202.0 527.0 193.0 531.0 186.0 Small_Car 1
807.0 40.0 790.0 41.0 789.0 34.0 807.0 32.0 Small_Car 1
