282.0 128.0 274.0 128.0 274.0 111.0 282.0 111.0 Small_Car 1
546.0 131.0 526.0 131.0 526.0 124.0 546.0 124.0 Small_Car 1
592.0 146.0 586.0 149.0 580.0 134.0 587.0 131.0 Small_Car 1
567.0 177.0 557.0 177.0 558.0 159.0 567.0 159.0 Small_Car 1
203.0 241.0 199.0 245.0 187.0 234.0 191.0 230.0 Small_Car 1
218.0 269.0 209.0 270.0 208.0 252.0 218.0 252.0 Small_Car 1
559.0 373.0 551.0 377.0 541.0 360.0 549.0 355.0 Small_Car 1
429.0 268.0 420.0 269.0 419.0 251.0 428.0 250.0 Small_Car 1
466.0 292.0 465.0 308.0 457.0 308.0 458.0 292.0 Small_Car 1
493.0 329.0 488.0 335.0 473.0 322.0 478.0 315.0 Small_Car 1
236.0 380.0 229.0 380.0 229.0 368.0 236.0 367.0 Small_Car 1
236.0 420.0 234.0 437.0 225.0 436.0 227.0 419.0 Small_Car 1
265.0 432.0 261.0 437.0 247.0 424.0 251.0 419.0 Small_Car 1
87.0 449.0 77.0 449.0 76.0 429.0 87.0 429.0 Small_Car 1
92.0 405.0 79.0 405.0 79.0 387.0 92.0 386.0 Small_Car 1
80.0 735.0 76.0 753.0 66.0 751.0 69.0 733.0 Small_Car 1
132.0 767.0 110.0 767.0 110.0 759.0 132.0 759.0 Small_Car 1
212.0 750.0 202.0 750.0 202.0 732.0 212.0 732.0 Small_Car 1
495.0 574.0 493.0 585.0 465.0 580.0 467.0 569.0 Small_Car 1
