524.0 271.0 507.0 282.0 503.0 275.0 521.0 263.0 Small_Car 1
523.0 235.0 508.0 244.0 505.0 239.0 520.0 229.0 Small_Car 1
518.0 227.0 502.0 237.0 498.0 231.0 514.0 221.0 Small_Car 1
496.0 206.0 476.0 207.0 475.0 200.0 494.0 199.0 Small_Car 1
491.0 199.0 470.0 200.0 470.0 193.0 490.0 191.0 Small_Car 1
492.0 146.0 480.0 160.0 475.0 156.0 486.0 142.0 Small_Car 1
470.0 108.0 458.0 122.0 452.0 117.0 463.0 103.0 Small_Car 1
451.0 177.0 440.0 191.0 433.0 186.0 444.0 171.0 Small_Car 1
433.0 166.0 422.0 181.0 416.0 176.0 427.0 162.0 Small_Car 1
429.0 107.0 418.0 122.0 412.0 117.0 423.0 102.0 Small_Car 1
446.0 90.0 433.0 104.0 428.0 99.0 441.0 85.0 Small_Car 1
133.0 141.0 123.0 155.0 117.0 150.0 128.0 136.0 Small_Car 1
146.0 187.0 142.0 193.0 127.0 181.0 131.0 176.0 Small_Car 1
126.0 777.0 109.0 788.0 103.0 781.0 121.0 770.0 Small_Car 1
147.0 763.0 132.0 774.0 128.0 768.0 143.0 757.0 Small_Car 1
286.0 610.0 282.0 617.0 263.0 607.0 267.0 600.0 Small_Car 1
88.0 693.0 69.0 692.0 70.0 686.0 88.0 686.0 Small_Car 1
369.0 737.0 367.0 744.0 349.0 739.0 351.0 733.0 Small_Car 1
426.0 746.0 425.0 753.0 405.0 749.0 406.0 742.0 Small_Car 1
493.0 757.0 491.0 764.0 472.0 760.0 473.0 754.0 Small_Car 1
499.0 687.0 494.0 691.0 483.0 680.0 487.0 676.0 Small_Car 1
519.0 676.0 513.0 682.0 499.0 668.0 505.0 662.0 Small_Car 1
599.0 720.0 598.0 728.0 576.0 726.0 576.0 718.0 Small_Car 1
586.0 629.0 572.0 638.0 568.0 632.0 582.0 622.0 Small_Car 1
468.0 430.0 463.0 435.0 448.0 422.0 454.0 417.0 Small_Car 1
439.0 444.0 433.0 448.0 424.0 437.0 429.0 432.0 Small_Car 1
397.0 467.0 392.0 472.0 380.0 459.0 385.0 454.0 Small_Car 1
392.0 476.0 387.0 481.0 372.0 467.0 378.0 461.0 Small_Car 1
373.0 485.0 367.0 490.0 355.0 476.0 362.0 471.0 Small_Car 1
360.0 470.0 355.0 474.0 343.0 461.0 350.0 457.0 Small_Car 1
375.0 457.0 369.0 461.0 360.0 449.0 366.0 445.0 Small_Car 1
384.0 452.0 378.0 457.0 366.0 442.0 372.0 437.0 Small_Car 1
327.0 436.0 321.0 441.0 308.0 428.0 313.0 422.0 Small_Car 1
305.0 452.0 300.0 457.0 285.0 443.0 291.0 437.0 Small_Car 1
313.0 479.0 305.0 486.0 301.0 480.0 310.0 474.0 Small_Car 1
283.0 561.0 268.0 571.0 263.0 565.0 278.0 554.0 Small_Car 1
447.0 494.0 441.0 500.0 428.0 486.0 433.0 480.0 Small_Car 1
431.0 505.0 425.0 511.0 414.0 498.0 420.0 492.0 Small_Car 1
221.0 638.0 213.0 642.0 204.0 627.0 211.0 623.0 Small_Car 1
198.0 619.0 189.0 620.0 188.0 602.0 197.0 602.0 Small_Car 1
162.0 628.0 161.0 644.0 153.0 643.0 155.0 628.0 Small_Car 1
155.0 626.0 152.0 644.0 144.0 642.0 146.0 625.0 Small_Car 1
146.0 623.0 143.0 641.0 133.0 639.0 137.0 621.0 Small_Car 1
136.0 623.0 129.0 640.0 121.0 636.0 128.0 619.0 Small_Car 1
111.0 618.0 108.0 635.0 101.0 634.0 103.0 617.0 Small_Car 1
161.0 592.0 148.0 604.0 143.0 598.0 156.0 586.0 Small_Car 1
153.0 588.0 140.0 599.0 135.0 594.0 147.0 582.0 Small_Car 1
145.0 566.0 133.0 580.0 129.0 575.0 139.0 562.0 Small_Car 1
173.0 536.0 160.0 548.0 154.0 542.0 168.0 530.0 Small_Car 1
157.0 520.0 143.0 533.0 138.0 526.0 152.0 514.0 Small_Car 1
116.0 539.0 112.0 546.0 96.0 536.0 100.0 530.0 Small_Car 1
68.0 590.0 65.0 596.0 50.0 588.0 53.0 582.0 Small_Car 1
58.0 607.0 56.0 613.0 38.0 606.0 41.0 599.0 Small_Car 1
109.0 436.0 105.0 441.0 93.0 434.0 97.0 428.0 Small_Car 1
