38.0 207.0 34.0 213.0 22.0 204.0 26.0 199.0 Small_Car 1
60.0 222.0 57.0 228.0 42.0 218.0 46.0 212.0 Small_Car 1
383.0 96.0 378.0 103.0 366.0 93.0 371.0 87.0 Small_Car 1
998.0 710.0 982.0 698.0 986.0 691.0 1002.0 703.0 Small_Car 1
948.0 657.0 944.0 664.0 929.0 653.0 933.0 646.0 Small_Car 1
954.0 560.0 950.0 567.0 933.0 556.0 937.0 549.0 Small_Car 1
860.0 557.0 855.0 564.0 839.0 552.0 844.0 546.0 Small_Car 1
737.0 646.0 733.0 653.0 717.0 643.0 722.0 636.0 Small_Car 1
960.0 90.0 947.0 103.0 942.0 98.0 954.0 85.0 Small_Car 1
893.0 50.0 883.0 61.0 877.0 56.0 887.0 45.0 Small_Car 1
865.0 37.0 854.0 50.0 848.0 45.0 859.0 32.0 Small_Car 1
968.0 153.0 959.0 164.0 953.0 158.0 962.0 147.0 Small_Car 1
996.0 168.0 984.0 179.0 979.0 175.0 991.0 163.0 Small_Car 1
989.0 187.0 976.0 200.0 970.0 195.0 983.0 182.0 Small_Car 1
856.0 106.0 846.0 117.0 841.0 112.0 851.0 102.0 Small_Car 1
840.0 97.0 828.0 108.0 823.0 103.0 835.0 91.0 Small_Car 1
831.0 93.0 821.0 103.0 816.0 98.0 826.0 87.0 Small_Car 1
822.0 87.0 811.0 98.0 806.0 93.0 817.0 82.0 Small_Car 1
788.0 119.0 777.0 131.0 771.0 126.0 782.0 114.0 Small_Car 1
804.0 127.0 796.0 138.0 791.0 133.0 799.0 123.0 Small_Car 1
815.0 133.0 804.0 143.0 799.0 138.0 810.0 128.0 Small_Car 1
839.0 149.0 827.0 161.0 822.0 156.0 834.0 144.0 Small_Car 1
862.0 166.0 850.0 178.0 845.0 173.0 857.0 160.0 Small_Car 1
921.0 199.0 909.0 214.0 902.0 208.0 914.0 194.0 Small_Car 1
945.0 215.0 933.0 229.0 926.0 223.0 939.0 209.0 Small_Car 1
990.0 264.0 984.0 258.0 996.0 246.0 1002.0 252.0 Small_Car 1
913.0 220.0 902.0 232.0 897.0 227.0 908.0 215.0 Small_Car 1
887.0 205.0 876.0 218.0 870.0 213.0 882.0 200.0 Small_Car 1
881.0 201.0 867.0 215.0 861.0 209.0 875.0 195.0 Small_Car 1
856.0 184.0 844.0 197.0 838.0 191.0 849.0 178.0 Small_Car 1
825.0 162.0 813.0 175.0 807.0 169.0 819.0 156.0 Small_Car 1
816.0 158.0 805.0 169.0 799.0 164.0 811.0 153.0 Small_Car 1
800.0 148.0 788.0 160.0 782.0 155.0 794.0 143.0 Small_Car 1
781.0 190.0 769.0 201.0 764.0 196.0 776.0 185.0 Small_Car 1
792.0 194.0 779.0 206.0 774.0 200.0 787.0 189.0 Small_Car 1
812.0 205.0 802.0 215.0 797.0 210.0 808.0 200.0 Small_Car 1
747.0 195.0 735.0 208.0 729.0 202.0 742.0 190.0 Small_Car 1
738.0 189.0 725.0 201.0 720.0 196.0 734.0 184.0 Small_Car 1
923.0 497.0 919.0 502.0 905.0 493.0 909.0 487.0 Small_Car 1
163.0 290.0 159.0 296.0 143.0 287.0 147.0 281.0 Small_Car 1
