423.0 586.0 421.0 592.0 409.0 588.0 412.0 582.0 Small_Car 1
638.0 490.0 630.0 493.0 622.0 476.0 630.0 473.0 Small_Car 1
609.0 127.0 604.0 134.0 585.0 121.0 590.0 114.0 Small_Car 1
582.0 120.0 560.0 122.0 559.0 114.0 581.0 112.0 Small_Car 1
585.0 178.0 576.0 180.0 571.0 164.0 580.0 161.0 Small_Car 1
632.0 237.0 622.0 253.0 615.0 249.0 625.0 233.0 Small_Car 1
637.0 248.0 628.0 262.0 621.0 258.0 631.0 243.0 Small_Car 1
650.0 277.0 642.0 292.0 634.0 288.0 642.0 273.0 Small_Car 1
659.0 285.0 646.0 299.0 640.0 294.0 652.0 280.0 Small_Car 1
660.0 297.0 650.0 310.0 642.0 305.0 652.0 291.0 Small_Car 1
728.0 361.0 718.0 365.0 712.0 350.0 722.0 346.0 Small_Car 1
739.0 386.0 729.0 390.0 721.0 371.0 731.0 366.0 Small_Car 1
733.0 399.0 712.0 405.0 710.0 396.0 730.0 390.0 Small_Car 1
735.0 418.0 716.0 424.0 714.0 417.0 733.0 411.0 Small_Car 1
745.0 444.0 728.0 450.0 725.0 443.0 742.0 437.0 Small_Car 1
759.0 469.0 738.0 475.0 736.0 467.0 757.0 461.0 Small_Car 1
763.0 479.0 741.0 484.0 739.0 475.0 761.0 470.0 Small_Car 1
793.0 530.0 775.0 536.0 772.0 529.0 790.0 522.0 Small_Car 1
796.0 540.0 773.0 547.0 771.0 539.0 794.0 532.0 Small_Car 1
797.0 548.0 780.0 555.0 777.0 548.0 794.0 541.0 Small_Car 1
