440.0 33.0 418.0 37.0 416.0 27.0 438.0 24.0 Small_Car 1
509.0 37.0 485.0 43.0 483.0 33.0 507.0 27.0 Small_Car 1
597.0 9.0 583.0 16.0 579.0 8.0 594.0 1.0 Small_Car 1
269.0 659.0 250.0 665.0 248.0 657.0 267.0 651.0 Small_Car 1
306.0 735.0 289.0 740.0 287.0 734.0 304.0 729.0 Small_Car 1
322.0 650.0 305.0 657.0 303.0 651.0 320.0 645.0 Small_Car 1
326.0 658.0 311.0 664.0 309.0 658.0 324.0 653.0 Small_Car 1
330.0 669.0 313.0 674.0 312.0 667.0 328.0 663.0 Small_Car 1
335.0 687.0 318.0 692.0 316.0 684.0 333.0 680.0 Small_Car 1
340.0 695.0 324.0 700.0 321.0 693.0 338.0 688.0 Small_Car 1
345.0 702.0 327.0 707.0 325.0 702.0 343.0 696.0 Small_Car 1
347.0 713.0 332.0 717.0 330.0 710.0 345.0 706.0 Small_Car 1
353.0 721.0 336.0 728.0 333.0 719.0 350.0 713.0 Small_Car 1
406.0 775.0 398.0 778.0 392.0 763.0 400.0 759.0 Small_Car 1
351.0 655.0 334.0 660.0 331.0 651.0 349.0 646.0 Small_Car 1
362.0 680.0 345.0 685.0 343.0 677.0 360.0 672.0 Small_Car 1
368.0 700.0 348.0 705.0 345.0 698.0 366.0 692.0 Small_Car 1
378.0 723.0 361.0 728.0 359.0 721.0 376.0 716.0 Small_Car 1
976.0 802.0 969.0 804.0 963.0 787.0 970.0 785.0 Small_Car 1
950.0 859.0 943.0 862.0 937.0 848.0 944.0 845.0 Small_Car 1
418.0 771.0 409.0 774.0 402.0 757.0 411.0 754.0 Small_Car 1
651.0 885.0 649.0 892.0 635.0 890.0 636.0 882.0 Small_Car 1
364.0 690.0 347.0 694.0 345.0 687.0 362.0 682.0 Small_Car 1
368.0 709.0 353.0 713.0 351.0 706.0 366.0 702.0 Small_Car 1
