685.0 802.0 665.0 803.0 665.0 796.0 685.0 795.0 Small_Car 1
687.0 792.0 665.0 791.0 665.0 785.0 687.0 785.0 Small_Car 1
605.0 786.0 597.0 787.0 596.0 768.0 604.0 767.0 Small_Car 1
592.0 783.0 583.0 783.0 583.0 768.0 591.0 768.0 Small_Car 1
539.0 800.0 518.0 800.0 518.0 794.0 539.0 793.0 Small_Car 1
57.0 909.0 47.0 922.0 40.0 916.0 49.0 903.0 Small_Car 1
74.0 920.0 61.0 932.0 57.0 927.0 69.0 915.0 Small_Car 1
433.0 950.0 422.0 964.0 416.0 959.0 428.0 945.0 Small_Car 1
359.0 967.0 356.0 972.0 342.0 964.0 345.0 959.0 Small_Car 1
381.0 979.0 378.0 984.0 359.0 972.0 363.0 967.0 Small_Car 1
549.0 982.0 548.0 990.0 533.0 989.0 534.0 981.0 Small_Car 1
117.0 801.0 110.0 815.0 101.0 811.0 108.0 797.0 Small_Car 1
220.0 684.0 215.0 691.0 208.0 686.0 213.0 679.0 Small_Car 1
230.0 664.0 222.0 682.0 214.0 678.0 222.0 661.0 Small_Car 1
229.0 635.0 222.0 637.0 216.0 621.0 222.0 619.0 Small_Car 1
220.0 613.0 214.0 617.0 203.0 603.0 209.0 598.0 Small_Car 1
187.0 577.0 182.0 585.0 165.0 574.0 170.0 567.0 Small_Car 1
