237.0 44.0 217.0 44.0 218.0 38.0 237.0 38.0 Small_Car 1
252.0 10.0 231.0 10.0 231.0 4.0 252.0 4.0 Small_Car 1
285.0 42.0 268.0 43.0 267.0 36.0 284.0 36.0 Small_Car 1
321.0 41.0 302.0 43.0 301.0 36.0 320.0 35.0 Small_Car 1
375.0 40.0 349.0 40.0 349.0 34.0 375.0 34.0 Small_Car 1
568.0 93.0 549.0 94.0 549.0 88.0 568.0 87.0 Small_Car 1
486.0 317.0 479.0 317.0 478.0 306.0 485.0 306.0 Small_Car 1
533.0 321.0 525.0 321.0 524.0 306.0 532.0 305.0 Small_Car 1
384.0 321.0 376.0 321.0 376.0 311.0 383.0 311.0 Small_Car 1
372.0 323.0 363.0 324.0 363.0 310.0 371.0 310.0 Small_Car 1
440.0 565.0 432.0 565.0 432.0 550.0 440.0 550.0 Small_Car 1
559.0 561.0 550.0 562.0 549.0 546.0 558.0 545.0 Small_Car 1
571.0 561.0 562.0 561.0 561.0 544.0 571.0 544.0 Small_Car 1
