34.0 504.0 30.0 522.0 19.0 519.0 23.0 502.0 Small_Car 1
44.0 505.0 43.0 518.0 33.0 517.0 33.0 505.0 Small_Car 1
82.0 511.0 80.0 530.0 69.0 529.0 71.0 510.0 Small_Car 1
170.0 526.0 165.0 543.0 157.0 541.0 161.0 523.0 Small_Car 1
183.0 529.0 177.0 548.0 170.0 545.0 176.0 527.0 Small_Car 1
196.0 532.0 191.0 549.0 183.0 546.0 188.0 529.0 Small_Car 1
232.0 687.0 231.0 695.0 209.0 694.0 209.0 687.0 Small_Car 1
306.0 672.0 282.0 672.0 282.0 664.0 306.0 665.0 Small_Car 1
309.0 656.0 308.0 664.0 285.0 663.0 286.0 655.0 Small_Car 1
309.0 655.0 287.0 653.0 287.0 646.0 309.0 648.0 Small_Car 1
303.0 552.0 282.0 558.0 280.0 551.0 301.0 545.0 Small_Car 1
385.0 733.0 381.0 750.0 373.0 748.0 376.0 732.0 Small_Car 1
426.0 751.0 415.0 751.0 416.0 737.0 426.0 737.0 Small_Car 1
517.0 744.0 515.0 762.0 503.0 761.0 505.0 743.0 Small_Car 1
593.0 745.0 592.0 763.0 582.0 763.0 582.0 745.0 Small_Car 1
