382.0 150.0 378.0 155.0 364.0 145.0 368.0 140.0 Small_Car 1
449.0 185.0 443.0 191.0 428.0 177.0 433.0 171.0 Small_Car 1
405.0 191.0 399.0 199.0 383.0 187.0 389.0 179.0 Small_Car 1
945.0 400.0 938.0 405.0 927.0 389.0 934.0 384.0 Small_Car 1
906.0 349.0 900.0 355.0 885.0 341.0 892.0 335.0 Small_Car 1
661.0 351.0 656.0 357.0 641.0 344.0 647.0 338.0 Small_Car 1
652.0 357.0 646.0 363.0 633.0 350.0 639.0 344.0 Small_Car 1
493.0 336.0 481.0 347.0 475.0 341.0 488.0 330.0 Small_Car 1
533.0 278.0 526.0 284.0 513.0 269.0 519.0 263.0 Small_Car 1
525.0 284.0 518.0 290.0 505.0 276.0 511.0 270.0 Small_Car 1
494.0 251.0 488.0 258.0 473.0 244.0 479.0 237.0 Small_Car 1
449.0 281.0 443.0 287.0 429.0 275.0 436.0 268.0 Small_Car 1
200.0 275.0 194.0 282.0 181.0 272.0 186.0 265.0 Small_Car 1
242.0 307.0 237.0 313.0 220.0 301.0 224.0 294.0 Small_Car 1
228.0 323.0 222.0 330.0 207.0 317.0 212.0 310.0 Small_Car 1
309.0 315.0 304.0 322.0 288.0 310.0 293.0 303.0 Small_Car 1
267.0 349.0 262.0 356.0 247.0 346.0 253.0 339.0 Small_Car 1
333.0 527.0 319.0 536.0 315.0 529.0 329.0 520.0 Small_Car 1
113.0 667.0 102.0 679.0 95.0 673.0 106.0 661.0 Small_Car 1
131.0 677.0 123.0 688.0 117.0 684.0 125.0 672.0 Small_Car 1
141.0 680.0 133.0 693.0 127.0 690.0 135.0 676.0 Small_Car 1
886.0 867.0 876.0 880.0 869.0 875.0 879.0 861.0 Small_Car 1
402.0 866.0 385.0 875.0 381.0 867.0 398.0 858.0 Small_Car 1
283.0 920.0 266.0 927.0 264.0 919.0 280.0 913.0 Small_Car 1
113.0 892.0 90.0 893.0 90.0 880.0 113.0 880.0 Small_Car 1
62.0 936.0 48.0 942.0 45.0 937.0 59.0 930.0 Small_Car 1
274.0 249.0 256.0 254.0 254.0 247.0 272.0 242.0 Small_Car 1
