662.0 813.0 660.0 820.0 644.0 817.0 646.0 809.0 Small_Car 1
671.0 796.0 669.0 803.0 650.0 798.0 652.0 791.0 Small_Car 1
705.0 716.0 704.0 723.0 685.0 718.0 686.0 711.0 Small_Car 1
814.0 730.0 807.0 746.0 800.0 742.0 807.0 726.0 Small_Car 1
762.0 711.0 757.0 728.0 748.0 726.0 753.0 709.0 Small_Car 1
751.0 709.0 747.0 727.0 737.0 725.0 741.0 706.0 Small_Car 1
996.0 750.0 988.0 752.0 983.0 734.0 990.0 732.0 Small_Car 1
961.0 740.0 953.0 743.0 947.0 726.0 955.0 723.0 Small_Car 1
938.0 734.0 929.0 737.0 923.0 720.0 932.0 717.0 Small_Car 1
924.0 731.0 916.0 732.0 912.0 714.0 921.0 712.0 Small_Car 1
878.0 712.0 876.0 719.0 856.0 713.0 858.0 706.0 Small_Car 1
831.0 716.0 829.0 724.0 810.0 720.0 811.0 712.0 Small_Car 1
846.0 708.0 844.0 716.0 823.0 710.0 826.0 702.0 Small_Car 1
774.0 694.0 769.0 710.0 761.0 708.0 766.0 692.0 Small_Car 1
764.0 693.0 756.0 708.0 749.0 704.0 756.0 689.0 Small_Car 1
731.0 679.0 727.0 697.0 718.0 695.0 722.0 677.0 Small_Car 1
697.0 668.0 691.0 684.0 683.0 681.0 689.0 665.0 Small_Car 1
874.0 694.0 858.0 704.0 854.0 697.0 869.0 687.0 Small_Car 1
894.0 671.0 886.0 687.0 879.0 683.0 887.0 667.0 Small_Car 1
736.0 622.0 730.0 626.0 718.0 609.0 724.0 605.0 Small_Car 1
747.0 597.0 740.0 601.0 729.0 586.0 735.0 582.0 Small_Car 1
759.0 587.0 756.0 593.0 739.0 585.0 743.0 578.0 Small_Car 1
778.0 589.0 775.0 596.0 757.0 591.0 759.0 584.0 Small_Car 1
758.0 575.0 755.0 581.0 737.0 573.0 739.0 567.0 Small_Car 1
877.0 619.0 861.0 626.0 858.0 619.0 874.0 612.0 Small_Car 1
963.0 645.0 955.0 660.0 948.0 656.0 955.0 641.0 Small_Car 1
993.0 655.0 988.0 670.0 979.0 666.0 984.0 652.0 Small_Car 1
824.0 500.0 815.0 504.0 808.0 487.0 817.0 483.0 Small_Car 1
838.0 506.0 827.0 509.0 823.0 489.0 833.0 487.0 Small_Car 1
924.0 531.0 915.0 534.0 910.0 516.0 919.0 513.0 Small_Car 1
907.0 479.0 891.0 490.0 886.0 483.0 903.0 472.0 Small_Car 1
838.0 458.0 822.0 467.0 818.0 461.0 834.0 451.0 Small_Car 1
856.0 446.0 840.0 454.0 836.0 447.0 853.0 439.0 Small_Car 1
880.0 452.0 865.0 462.0 861.0 456.0 876.0 446.0 Small_Car 1
904.0 461.0 888.0 470.0 883.0 463.0 899.0 453.0 Small_Car 1
935.0 446.0 925.0 447.0 923.0 428.0 933.0 426.0 Small_Car 1
983.0 415.0 981.0 422.0 962.0 416.0 964.0 410.0 Small_Car 1
992.0 398.0 973.0 400.0 972.0 393.0 991.0 391.0 Small_Car 1
998.0 389.0 978.0 391.0 977.0 384.0 998.0 382.0 Small_Car 1
932.0 374.0 925.0 380.0 913.0 366.0 919.0 360.0 Small_Car 1
893.0 354.0 873.0 355.0 872.0 348.0 892.0 346.0 Small_Car 1
947.0 336.0 942.0 342.0 931.0 331.0 936.0 325.0 Small_Car 1
960.0 308.0 954.0 314.0 942.0 302.0 947.0 296.0 Small_Car 1
987.0 303.0 982.0 308.0 969.0 294.0 975.0 289.0 Small_Car 1
993.0 294.0 988.0 299.0 973.0 287.0 978.0 281.0 Small_Car 1
995.0 283.0 991.0 288.0 977.0 277.0 981.0 272.0 Small_Car 1
1000.0 275.0 995.0 282.0 980.0 269.0 985.0 263.0 Small_Car 1
944.0 244.0 921.0 246.0 921.0 237.0 943.0 235.0 Small_Car 1
990.0 131.0 982.0 126.0 992.0 108.0 1001.0 114.0 Small_Car 1
976.0 112.0 967.0 128.0 960.0 124.0 969.0 108.0 Small_Car 1
988.0 91.0 979.0 107.0 971.0 103.0 980.0 86.0 Small_Car 1
996.0 70.0 986.0 66.0 994.0 48.0 1004.0 52.0 Small_Car 1
916.0 14.0 910.0 33.0 902.0 31.0 908.0 12.0 Small_Car 1
803.0 17.0 784.0 20.0 783.0 14.0 802.0 11.0 Small_Car 1
640.0 494.0 631.0 494.0 631.0 477.0 640.0 477.0 Small_Car 1
457.0 877.0 445.0 879.0 441.0 859.0 453.0 856.0 Small_Car 1
566.0 935.0 560.0 951.0 549.0 948.0 555.0 932.0 Small_Car 1
415.0 967.0 400.0 968.0 400.0 961.0 415.0 961.0 Small_Car 1
119.0 991.0 115.0 997.0 99.0 986.0 103.0 979.0 Small_Car 1
164.0 973.0 152.0 986.0 146.0 980.0 157.0 967.0 Small_Car 1
245.0 829.0 222.0 828.0 223.0 821.0 245.0 822.0 Small_Car 1
301.0 859.0 281.0 859.0 281.0 852.0 301.0 852.0 Small_Car 1
302.0 821.0 283.0 822.0 283.0 816.0 302.0 815.0 Small_Car 1
252.0 680.0 243.0 683.0 238.0 666.0 247.0 663.0 Small_Car 1
235.0 686.0 228.0 690.0 220.0 674.0 228.0 670.0 Small_Car 1
215.0 693.0 207.0 697.0 198.0 677.0 207.0 673.0 Small_Car 1
236.0 734.0 228.0 738.0 221.0 721.0 229.0 717.0 Small_Car 1
209.0 743.0 202.0 746.0 195.0 731.0 202.0 728.0 Small_Car 1
200.0 750.0 192.0 753.0 186.0 735.0 194.0 732.0 Small_Car 1
189.0 750.0 180.0 753.0 175.0 736.0 184.0 734.0 Small_Car 1
178.0 755.0 170.0 757.0 165.0 739.0 173.0 737.0 Small_Car 1
167.0 755.0 158.0 757.0 154.0 740.0 163.0 738.0 Small_Car 1
156.0 758.0 149.0 761.0 143.0 747.0 150.0 744.0 Small_Car 1
119.0 769.0 110.0 773.0 103.0 757.0 112.0 754.0 Small_Car 1
106.0 771.0 99.0 773.0 95.0 758.0 102.0 756.0 Small_Car 1
96.0 773.0 89.0 776.0 84.0 763.0 91.0 760.0 Small_Car 1
87.0 778.0 80.0 781.0 72.0 766.0 79.0 762.0 Small_Car 1
56.0 790.0 46.0 792.0 43.0 775.0 52.0 773.0 Small_Car 1
183.0 701.0 174.0 704.0 168.0 687.0 177.0 684.0 Small_Car 1
172.0 707.0 163.0 710.0 158.0 692.0 167.0 690.0 Small_Car 1
161.0 711.0 151.0 714.0 146.0 694.0 155.0 691.0 Small_Car 1
151.0 712.0 142.0 715.0 135.0 698.0 144.0 695.0 Small_Car 1
129.0 717.0 122.0 720.0 115.0 704.0 121.0 701.0 Small_Car 1
114.0 725.0 105.0 728.0 98.0 710.0 107.0 706.0 Small_Car 1
90.0 731.0 81.0 733.0 79.0 723.0 87.0 721.0 Small_Car 1
80.0 733.0 72.0 734.0 70.0 722.0 77.0 720.0 Small_Car 1
69.0 735.0 62.0 737.0 56.0 721.0 64.0 718.0 Small_Car 1
32.0 751.0 23.0 755.0 15.0 738.0 24.0 734.0 Small_Car 1
18.0 750.0 10.0 753.0 5.0 738.0 13.0 735.0 Small_Car 1
43.0 455.0 23.0 462.0 21.0 455.0 41.0 449.0 Small_Car 1
119.0 462.0 100.0 466.0 98.0 459.0 117.0 455.0 Small_Car 1
201.0 439.0 180.0 443.0 178.0 437.0 200.0 433.0 Small_Car 1
230.0 428.0 212.0 434.0 210.0 428.0 228.0 421.0 Small_Car 1
432.0 368.0 413.0 373.0 411.0 366.0 430.0 360.0 Small_Car 1
484.0 321.0 467.0 326.0 465.0 318.0 482.0 314.0 Small_Car 1
268.0 184.0 249.0 190.0 246.0 183.0 266.0 177.0 Small_Car 1
322.0 32.0 300.0 38.0 298.0 31.0 320.0 24.0 Small_Car 1
654.0 830.0 652.0 837.0 632.0 832.0 634.0 825.0 Small_Car 1
744.0 768.0 741.0 776.0 722.0 769.0 724.0 761.0 Small_Car 1
765.0 775.0 763.0 783.0 743.0 777.0 745.0 769.0 Small_Car 1
763.0 784.0 762.0 791.0 740.0 785.0 741.0 778.0 Small_Car 1
759.0 792.0 757.0 800.0 736.0 795.0 739.0 786.0 Small_Car 1
721.0 809.0 719.0 817.0 702.0 814.0 704.0 806.0 Small_Car 1
754.0 812.0 751.0 818.0 733.0 811.0 735.0 805.0 Small_Car 1
748.0 819.0 746.0 825.0 732.0 821.0 734.0 815.0 Small_Car 1
826.0 773.0 824.0 780.0 804.0 775.0 806.0 768.0 Small_Car 1
818.0 791.0 816.0 798.0 797.0 792.0 799.0 785.0 Small_Car 1
814.0 799.0 812.0 806.0 793.0 801.0 794.0 795.0 Small_Car 1
809.0 807.0 808.0 814.0 791.0 811.0 792.0 804.0 Small_Car 1
807.0 817.0 805.0 824.0 784.0 818.0 786.0 811.0 Small_Car 1
782.0 876.0 781.0 885.0 763.0 881.0 765.0 873.0 Small_Car 1
779.0 886.0 777.0 893.0 758.0 888.0 760.0 881.0 Small_Car 1
776.0 894.0 773.0 902.0 754.0 898.0 757.0 889.0 Small_Car 1
770.0 903.0 768.0 911.0 747.0 903.0 750.0 896.0 Small_Car 1
764.0 911.0 762.0 918.0 746.0 913.0 747.0 907.0 Small_Car 1
760.0 928.0 758.0 935.0 740.0 930.0 742.0 923.0 Small_Car 1
757.0 937.0 756.0 945.0 734.0 941.0 736.0 933.0 Small_Car 1
755.0 947.0 752.0 954.0 733.0 947.0 736.0 941.0 Small_Car 1
731.0 862.0 729.0 870.0 708.0 864.0 710.0 856.0 Small_Car 1
730.0 874.0 728.0 881.0 707.0 874.0 709.0 867.0 Small_Car 1
702.0 864.0 700.0 871.0 682.0 866.0 684.0 859.0 Small_Car 1
696.0 882.0 694.0 888.0 675.0 884.0 676.0 878.0 Small_Car 1
711.0 904.0 709.0 912.0 691.0 908.0 692.0 900.0 Small_Car 1
706.0 914.0 704.0 921.0 685.0 916.0 687.0 909.0 Small_Car 1
669.0 941.0 667.0 949.0 649.0 943.0 651.0 935.0 Small_Car 1
770.0 986.0 767.0 995.0 744.0 986.0 748.0 978.0 Small_Car 1
779.0 955.0 773.0 961.0 759.0 948.0 764.0 942.0 Small_Car 1
799.0 925.0 793.0 943.0 785.0 941.0 790.0 923.0 Small_Car 1
809.0 904.0 801.0 919.0 792.0 915.0 800.0 900.0 Small_Car 1
840.0 841.0 836.0 857.0 827.0 855.0 831.0 839.0 Small_Car 1
862.0 851.0 855.0 868.0 848.0 865.0 855.0 848.0 Small_Car 1
871.0 853.0 867.0 870.0 859.0 868.0 863.0 851.0 Small_Car 1
883.0 856.0 877.0 871.0 869.0 868.0 874.0 853.0 Small_Car 1
893.0 860.0 888.0 876.0 880.0 874.0 885.0 858.0 Small_Car 1
904.0 862.0 898.0 879.0 890.0 877.0 896.0 859.0 Small_Car 1
914.0 865.0 907.0 883.0 900.0 880.0 906.0 863.0 Small_Car 1
935.0 872.0 929.0 889.0 921.0 886.0 927.0 869.0 Small_Car 1
945.0 873.0 939.0 890.0 932.0 888.0 938.0 871.0 Small_Car 1
955.0 878.0 950.0 893.0 941.0 891.0 947.0 875.0 Small_Car 1
966.0 881.0 959.0 895.0 951.0 891.0 958.0 877.0 Small_Car 1
978.0 883.0 970.0 898.0 963.0 894.0 971.0 880.0 Small_Car 1
989.0 886.0 983.0 903.0 974.0 900.0 979.0 883.0 Small_Car 1
904.0 910.0 898.0 927.0 889.0 924.0 895.0 907.0 Small_Car 1
927.0 916.0 920.0 932.0 911.0 929.0 918.0 912.0 Small_Car 1
937.0 919.0 929.0 935.0 921.0 932.0 929.0 916.0 Small_Car 1
889.0 811.0 884.0 826.0 875.0 823.0 880.0 808.0 Small_Car 1
898.0 798.0 889.0 800.0 887.0 784.0 896.0 782.0 Small_Car 1
924.0 809.0 915.0 811.0 911.0 793.0 921.0 792.0 Small_Car 1
935.0 811.0 927.0 813.0 924.0 798.0 932.0 796.0 Small_Car 1
970.0 771.0 954.0 781.0 949.0 773.0 966.0 764.0 Small_Car 1
982.0 775.0 967.0 786.0 961.0 779.0 977.0 768.0 Small_Car 1
993.0 830.0 984.0 831.0 982.0 815.0 992.0 814.0 Small_Car 1
734.0 792.0 731.0 803.0 711.0 797.0 715.0 786.0 Small_Car 1
