472.0 125.0 452.0 124.0 452.0 117.0 472.0 118.0 Small_Car 1
473.0 136.0 450.0 136.0 450.0 128.0 473.0 128.0 Small_Car 1
468.0 170.0 449.0 168.0 450.0 161.0 468.0 163.0 Small_Car 1
467.0 173.0 466.0 181.0 445.0 180.0 446.0 172.0 Small_Car 1
464.0 193.0 443.0 192.0 444.0 185.0 464.0 187.0 Small_Car 1
527.0 180.0 504.0 180.0 504.0 172.0 527.0 173.0 Small_Car 1
525.0 200.0 504.0 199.0 504.0 191.0 525.0 193.0 Small_Car 1
469.0 255.0 451.0 255.0 451.0 246.0 469.0 246.0 Small_Car 1
474.0 312.0 456.0 311.0 456.0 303.0 474.0 304.0 Small_Car 1
475.0 319.0 455.0 319.0 455.0 312.0 475.0 312.0 Small_Car 1
503.0 601.0 482.0 601.0 482.0 593.0 503.0 594.0 Small_Car 1
44.0 363.0 42.0 370.0 33.0 368.0 35.0 361.0 Small_Car 1
