110.0 109.0 103.0 110.0 102.0 93.0 109.0 93.0 Small_Car 1
98.0 89.0 97.0 108.0 89.0 108.0 90.0 89.0 Small_Car 1
77.0 107.0 69.0 107.0 69.0 92.0 77.0 93.0 Small_Car 1
111.0 152.0 91.0 152.0 91.0 145.0 111.0 145.0 Small_Car 1
111.0 161.0 91.0 161.0 91.0 154.0 111.0 154.0 Small_Car 1
117.0 179.0 97.0 180.0 97.0 172.0 117.0 171.0 Small_Car 1
121.0 182.0 120.0 190.0 99.0 189.0 100.0 181.0 Small_Car 1
123.0 225.0 100.0 225.0 100.0 218.0 123.0 218.0 Small_Car 1
123.0 234.0 100.0 234.0 100.0 227.0 123.0 227.0 Small_Car 1
122.0 242.0 101.0 243.0 101.0 237.0 122.0 236.0 Small_Car 1
60.0 221.0 38.0 221.0 37.0 214.0 59.0 213.0 Small_Car 1
60.0 230.0 40.0 230.0 40.0 224.0 60.0 223.0 Small_Car 1
6.0 339.0 0.0 339.0 0.0 321.0 6.0 321.0 Small_Car 1
20.0 341.0 10.0 341.0 10.0 322.0 19.0 322.0 Small_Car 1
162.0 411.0 141.0 411.0 141.0 404.0 162.0 403.0 Small_Car 1
95.0 596.0 76.0 596.0 76.0 588.0 95.0 588.0 Small_Car 1
240.0 97.0 239.0 115.0 231.0 115.0 232.0 97.0 Small_Car 1
240.0 261.0 230.0 262.0 230.0 244.0 239.0 243.0 Small_Car 1
239.0 280.0 230.0 280.0 230.0 263.0 239.0 263.0 Small_Car 1
238.0 315.0 230.0 315.0 231.0 295.0 238.0 296.0 Small_Car 1
239.0 553.0 230.0 553.0 230.0 535.0 239.0 535.0 Small_Car 1
296.0 598.0 287.0 599.0 286.0 582.0 295.0 581.0 Small_Car 1
292.0 206.0 283.0 206.0 283.0 189.0 292.0 189.0 Small_Car 1
291.0 188.0 283.0 188.0 282.0 172.0 290.0 171.0 Small_Car 1
291.0 169.0 282.0 169.0 283.0 152.0 291.0 152.0 Small_Car 1
290.0 148.0 282.0 148.0 282.0 132.0 290.0 132.0 Small_Car 1
291.0 108.0 282.0 108.0 282.0 91.0 291.0 91.0 Small_Car 1
289.0 90.0 280.0 90.0 280.0 73.0 289.0 73.0 Small_Car 1
291.0 71.0 282.0 71.0 282.0 52.0 291.0 52.0 Small_Car 1
494.0 494.0 485.0 495.0 482.0 478.0 492.0 477.0 Small_Car 1
505.0 494.0 497.0 495.0 495.0 478.0 503.0 477.0 Small_Car 1
393.0 550.0 392.0 559.0 372.0 559.0 372.0 550.0 Small_Car 1
395.0 568.0 374.0 567.0 374.0 559.0 395.0 560.0 Small_Car 1
394.0 586.0 372.0 586.0 372.0 579.0 394.0 579.0 Small_Car 1
561.0 585.0 540.0 585.0 540.0 577.0 561.0 577.0 Small_Car 1
560.0 575.0 538.0 576.0 538.0 568.0 560.0 567.0 Small_Car 1
557.0 527.0 535.0 528.0 534.0 520.0 557.0 519.0 Small_Car 1
473.0 557.0 450.0 557.0 450.0 551.0 473.0 551.0 Small_Car 1
473.0 567.0 450.0 566.0 450.0 560.0 473.0 560.0 Small_Car 1
474.0 584.0 451.0 585.0 451.0 578.0 474.0 577.0 Small_Car 1
476.0 593.0 455.0 593.0 455.0 586.0 475.0 586.0 Small_Car 1
500.0 583.0 479.0 584.0 478.0 577.0 500.0 576.0 Small_Car 1
496.0 566.0 477.0 566.0 477.0 559.0 496.0 559.0 Small_Car 1
42.0 481.0 41.0 497.0 35.0 496.0 36.0 480.0 Small_Car 1
