955.0 17.0 948.0 24.0 934.0 12.0 940.0 4.0 Small_Car 1
946.0 23.0 942.0 29.0 928.0 19.0 933.0 13.0 Small_Car 1
696.0 788.0 686.0 793.0 677.0 776.0 687.0 770.0 Small_Car 1
684.0 770.0 674.0 774.0 668.0 753.0 678.0 750.0 Small_Car 1
938.0 40.0 934.0 48.0 914.0 37.0 918.0 29.0 Small_Car 1
986.0 856.0 981.0 862.0 969.0 852.0 974.0 846.0 Small_Car 1
887.0 105.0 882.0 111.0 869.0 99.0 874.0 94.0 Small_Car 1
732.0 829.0 730.0 839.0 708.0 836.0 710.0 826.0 Small_Car 1
55.0 30.0 37.0 39.0 33.0 31.0 51.0 22.0 Small_Car 1
35.0 20.0 19.0 29.0 14.0 20.0 30.0 11.0 Small_Car 1
341.0 114.0 338.0 138.0 328.0 136.0 330.0 112.0 Small_Car 1
834.0 230.0 826.0 238.0 809.0 222.0 817.0 214.0 Small_Car 1
978.0 262.0 969.0 267.0 960.0 253.0 968.0 248.0 Small_Car 1
997.0 330.0 983.0 339.0 978.0 332.0 992.0 322.0 Small_Car 1
