32.0 700.0 18.0 705.0 16.0 699.0 29.0 694.0 Small_Car 1
95.0 656.0 78.0 662.0 76.0 655.0 92.0 649.0 Small_Car 1
103.0 677.0 84.0 684.0 81.0 677.0 100.0 670.0 Small_Car 1
142.0 745.0 124.0 749.0 123.0 741.0 140.0 737.0 Small_Car 1
204.0 631.0 183.0 638.0 181.0 630.0 202.0 623.0 Small_Car 1
217.0 560.0 198.0 567.0 196.0 561.0 215.0 554.0 Small_Car 1
406.0 678.0 388.0 686.0 385.0 679.0 403.0 671.0 Small_Car 1
358.0 592.0 338.0 599.0 335.0 592.0 355.0 584.0 Small_Car 1
432.0 555.0 412.0 563.0 409.0 554.0 428.0 546.0 Small_Car 1
446.0 538.0 427.0 544.0 425.0 537.0 443.0 532.0 Small_Car 1
480.0 527.0 462.0 534.0 459.0 527.0 478.0 520.0 Small_Car 1
367.0 567.0 348.0 573.0 346.0 564.0 365.0 559.0 Small_Car 1
193.0 524.0 174.0 531.0 172.0 524.0 191.0 518.0 Small_Car 1
171.0 487.0 153.0 492.0 151.0 486.0 170.0 481.0 Small_Car 1
162.0 472.0 140.0 478.0 139.0 471.0 160.0 465.0 Small_Car 1
119.0 534.0 103.0 541.0 101.0 536.0 117.0 529.0 Small_Car 1
107.0 518.0 90.0 523.0 87.0 515.0 104.0 510.0 Small_Car 1
540.0 631.0 529.0 637.0 526.0 632.0 538.0 627.0 Small_Car 1
746.0 566.0 729.0 572.0 726.0 565.0 743.0 559.0 Small_Car 1
897.0 515.0 879.0 523.0 877.0 516.0 895.0 509.0 Small_Car 1
933.0 515.0 912.0 522.0 909.0 515.0 931.0 508.0 Small_Car 1
991.0 486.0 969.0 494.0 967.0 486.0 989.0 479.0 Small_Car 1
627.0 477.0 608.0 485.0 605.0 478.0 625.0 471.0 Small_Car 1
704.0 450.0 687.0 458.0 684.0 452.0 701.0 444.0 Small_Car 1
827.0 411.0 808.0 417.0 806.0 410.0 825.0 404.0 Small_Car 1
863.0 399.0 845.0 407.0 842.0 400.0 860.0 392.0 Small_Car 1
887.0 392.0 871.0 400.0 866.0 391.0 883.0 384.0 Small_Car 1
943.0 372.0 923.0 379.0 921.0 372.0 940.0 365.0 Small_Car 1
967.0 366.0 945.0 373.0 943.0 365.0 964.0 357.0 Small_Car 1
888.0 256.0 871.0 264.0 867.0 256.0 884.0 249.0 Small_Car 1
838.0 270.0 821.0 278.0 818.0 271.0 835.0 264.0 Small_Car 1
844.0 278.0 825.0 287.0 822.0 280.0 841.0 271.0 Small_Car 1
355.0 320.0 336.0 328.0 332.0 321.0 352.0 313.0 Small_Car 1
