595.0 308.0 588.0 312.0 579.0 296.0 586.0 292.0 Small_Car 1
542.0 301.0 522.0 309.0 519.0 302.0 539.0 294.0 Small_Car 1
106.0 944.0 101.0 949.0 91.0 937.0 97.0 933.0 Small_Car 1
305.0 905.0 300.0 910.0 287.0 899.0 292.0 893.0 Small_Car 1
724.0 826.0 718.0 831.0 707.0 819.0 713.0 814.0 Small_Car 1
703.0 778.0 696.0 782.0 686.0 769.0 692.0 764.0 Small_Car 1
916.0 667.0 914.0 674.0 897.0 668.0 899.0 662.0 Small_Car 1
898.0 565.0 895.0 572.0 876.0 563.0 879.0 557.0 Small_Car 1
875.0 512.0 866.0 511.0 867.0 494.0 875.0 494.0 Small_Car 1
725.0 461.0 725.0 479.0 716.0 478.0 716.0 461.0 Small_Car 1
812.0 416.0 793.0 415.0 793.0 408.0 812.0 408.0 Small_Car 1
813.0 407.0 793.0 406.0 793.0 398.0 813.0 399.0 Small_Car 1
820.0 308.0 819.0 322.0 810.0 322.0 811.0 307.0 Small_Car 1
867.0 290.0 857.0 291.0 857.0 276.0 866.0 275.0 Small_Car 1
823.0 279.0 815.0 278.0 815.0 262.0 823.0 262.0 Small_Car 1
813.0 277.0 804.0 277.0 804.0 261.0 813.0 261.0 Small_Car 1
790.0 277.0 781.0 277.0 782.0 260.0 790.0 260.0 Small_Car 1
780.0 276.0 771.0 275.0 771.0 259.0 780.0 259.0 Small_Car 1
911.0 263.0 900.0 277.0 891.0 271.0 903.0 256.0 Small_Car 1
882.0 210.0 873.0 224.0 866.0 219.0 874.0 206.0 Small_Car 1
876.0 202.0 866.0 215.0 860.0 210.0 870.0 198.0 Small_Car 1
816.0 205.0 799.0 214.0 795.0 208.0 814.0 198.0 Small_Car 1
755.0 215.0 754.0 228.0 747.0 227.0 747.0 214.0 Small_Car 1
666.0 254.0 660.0 258.0 652.0 244.0 660.0 240.0 Small_Car 1
670.0 204.0 663.0 209.0 654.0 196.0 661.0 191.0 Small_Car 1
658.0 210.0 652.0 214.0 644.0 201.0 649.0 198.0 Small_Car 1
600.0 336.0 594.0 340.0 584.0 325.0 590.0 321.0 Small_Car 1
