531.0 582.0 515.0 586.0 513.0 580.0 529.0 576.0 Small_Car 1
547.0 616.0 529.0 622.0 526.0 615.0 544.0 609.0 Small_Car 1
561.0 650.0 545.0 654.0 543.0 647.0 559.0 643.0 Small_Car 1
377.0 786.0 371.0 791.0 357.0 777.0 363.0 772.0 Small_Car 1
391.0 770.0 386.0 775.0 373.0 764.0 378.0 759.0 Small_Car 1
505.0 765.0 497.0 766.0 496.0 751.0 504.0 750.0 Small_Car 1
474.0 770.0 467.0 774.0 459.0 758.0 465.0 754.0 Small_Car 1
453.0 780.0 447.0 785.0 436.0 772.0 442.0 767.0 Small_Car 1
428.0 800.0 415.0 800.0 407.0 794.0 412.0 788.0 Small_Car 1
128.0 722.0 119.0 724.0 116.0 707.0 125.0 705.0 Small_Car 1
584.0 403.0 565.0 409.0 563.0 402.0 581.0 396.0 Small_Car 1
501.0 438.0 482.0 444.0 480.0 436.0 498.0 431.0 Small_Car 1
415.0 438.0 399.0 442.0 397.0 436.0 413.0 431.0 Small_Car 1
368.0 449.0 347.0 455.0 345.0 446.0 366.0 441.0 Small_Car 1
372.0 461.0 353.0 466.0 351.0 458.0 370.0 454.0 Small_Car 1
230.0 482.0 212.0 487.0 210.0 480.0 228.0 475.0 Small_Car 1
240.0 493.0 219.0 498.0 218.0 491.0 238.0 486.0 Small_Car 1
83.0 608.0 80.0 614.0 62.0 607.0 64.0 600.0 Small_Car 1
37.0 543.0 19.0 547.0 18.0 540.0 36.0 537.0 Small_Car 1
