824.0 524.0 823.0 541.0 815.0 541.0 815.0 524.0 Small_Car 1
815.0 560.0 807.0 560.0 805.0 543.0 813.0 542.0 Small_Car 1
828.0 560.0 820.0 560.0 820.0 544.0 828.0 543.0 Small_Car 1
762.0 635.0 741.0 634.0 741.0 626.0 762.0 627.0 Small_Car 1
976.0 630.0 975.0 647.0 967.0 647.0 967.0 630.0 Small_Car 1
872.0 606.0 851.0 605.0 852.0 597.0 872.0 598.0 Small_Car 1
969.0 893.0 968.0 909.0 960.0 909.0 961.0 893.0 Small_Car 1
993.0 945.0 971.0 945.0 971.0 936.0 993.0 937.0 Small_Car 1
557.0 674.0 537.0 678.0 536.0 671.0 556.0 667.0 Small_Car 1
560.0 683.0 539.0 688.0 537.0 681.0 558.0 676.0 Small_Car 1
297.0 455.0 274.0 455.0 274.0 447.0 297.0 447.0 Small_Car 1
641.0 575.0 635.0 581.0 622.0 566.0 628.0 560.0 Small_Car 1
565.0 378.0 557.0 381.0 550.0 364.0 558.0 361.0 Small_Car 1
549.0 384.0 543.0 386.0 536.0 370.0 542.0 367.0 Small_Car 1
549.0 341.0 542.0 344.0 536.0 327.0 543.0 325.0 Small_Car 1
442.0 233.0 435.0 235.0 429.0 217.0 436.0 215.0 Small_Car 1
435.0 210.0 428.0 212.0 422.0 194.0 429.0 191.0 Small_Car 1
443.0 181.0 436.0 183.0 431.0 166.0 439.0 164.0 Small_Car 1
399.0 82.0 392.0 84.0 387.0 67.0 395.0 65.0 Small_Car 1
365.0 227.0 358.0 229.0 353.0 211.0 360.0 209.0 Small_Car 1
328.0 231.0 319.0 235.0 312.0 217.0 320.0 214.0 Small_Car 1
145.0 343.0 139.0 349.0 126.0 337.0 132.0 330.0 Small_Car 1
204.0 308.0 179.0 309.0 179.0 300.0 204.0 300.0 Small_Car 1
153.0 196.0 147.0 198.0 142.0 182.0 149.0 180.0 Small_Car 1
244.0 177.0 222.0 178.0 221.0 170.0 243.0 169.0 Small_Car 1
219.0 84.0 199.0 87.0 197.0 77.0 218.0 75.0 Small_Car 1
221.0 73.0 199.0 76.0 198.0 67.0 220.0 65.0 Small_Car 1
247.0 59.0 242.0 63.0 230.0 49.0 235.0 45.0 Small_Car 1
12.0 223.0 2.0 223.0 1.0 207.0 12.0 207.0 Small_Car 1
745.0 975.0 737.0 978.0 731.0 962.0 739.0 959.0 Small_Car 1
437.0 965.0 416.0 964.0 416.0 958.0 437.0 959.0 Small_Car 1
388.0 964.0 366.0 964.0 366.0 957.0 388.0 957.0 Small_Car 1
365.0 964.0 343.0 964.0 343.0 957.0 365.0 957.0 Small_Car 1
63.0 960.0 43.0 960.0 43.0 954.0 63.0 953.0 Small_Car 1
93.0 938.0 84.0 938.0 84.0 920.0 92.0 920.0 Small_Car 1
565.0 920.0 554.0 920.0 554.0 903.0 564.0 903.0 Small_Car 1
511.0 751.0 487.0 756.0 485.0 748.0 509.0 743.0 Small_Car 1
474.0 672.0 454.0 677.0 452.0 669.0 472.0 664.0 Small_Car 1
359.0 652.0 351.0 655.0 345.0 636.0 354.0 633.0 Small_Car 1
405.0 643.0 397.0 645.0 393.0 625.0 401.0 624.0 Small_Car 1
418.0 637.0 408.0 639.0 402.0 618.0 412.0 616.0 Small_Car 1
438.0 505.0 415.0 505.0 415.0 495.0 438.0 496.0 Small_Car 1
462.0 461.0 455.0 464.0 446.0 447.0 453.0 443.0 Small_Car 1
375.0 505.0 357.0 505.0 357.0 497.0 375.0 496.0 Small_Car 1
353.0 505.0 331.0 504.0 332.0 497.0 353.0 498.0 Small_Car 1
351.0 496.0 332.0 495.0 332.0 488.0 351.0 488.0 Small_Car 1
654.0 214.0 639.0 227.0 633.0 220.0 648.0 207.0 Small_Car 1
617.0 190.0 603.0 203.0 597.0 196.0 611.0 184.0 Small_Car 1
677.0 169.0 663.0 180.0 658.0 174.0 671.0 162.0 Small_Car 1
