543.0 659.0 523.0 666.0 521.0 659.0 541.0 653.0 Small_Car 1
468.0 662.0 461.0 667.0 452.0 652.0 458.0 648.0 Small_Car 1
360.0 583.0 353.0 587.0 346.0 572.0 353.0 568.0 Small_Car 1
354.0 568.0 345.0 571.0 339.0 554.0 348.0 551.0 Small_Car 1
508.0 333.0 487.0 338.0 486.0 331.0 507.0 326.0 Small_Car 1
474.0 208.0 466.0 210.0 461.0 190.0 469.0 188.0 Small_Car 1
123.0 607.0 108.0 611.0 106.0 605.0 122.0 600.0 Small_Car 1
265.0 557.0 261.0 563.0 244.0 552.0 248.0 546.0 Small_Car 1
103.0 444.0 84.0 449.0 82.0 439.0 100.0 435.0 Small_Car 1
24.0 467.0 3.0 472.0 1.0 465.0 22.0 461.0 Small_Car 1
