956.0 760.0 940.0 767.0 938.0 761.0 953.0 754.0 Small_Car 1
804.0 589.0 790.0 596.0 788.0 590.0 800.0 583.0 Small_Car 1
747.0 616.0 742.0 621.0 731.0 606.0 736.0 602.0 Small_Car 1
769.0 645.0 764.0 649.0 754.0 636.0 760.0 632.0 Small_Car 1
881.0 813.0 866.0 822.0 862.0 816.0 877.0 806.0 Small_Car 1
570.0 762.0 563.0 766.0 555.0 752.0 562.0 748.0 Small_Car 1
720.0 895.0 705.0 904.0 701.0 898.0 716.0 889.0 Small_Car 1
733.0 965.0 727.0 969.0 716.0 955.0 723.0 950.0 Small_Car 1
240.0 845.0 226.0 856.0 222.0 851.0 236.0 840.0 Small_Car 1
247.0 966.0 240.0 970.0 232.0 956.0 239.0 952.0 Small_Car 1
461.0 37.0 454.0 51.0 447.0 48.0 454.0 33.0 Small_Car 1
325.0 19.0 312.0 25.0 308.0 18.0 321.0 12.0 Small_Car 1
