219.0 32.0 200.0 30.0 201.0 24.0 219.0 26.0 Small_Car 1
213.0 46.0 212.0 53.0 193.0 51.0 193.0 45.0 Small_Car 1
120.0 84.0 101.0 82.0 101.0 75.0 120.0 77.0 Small_Car 1
121.0 87.0 120.0 93.0 99.0 91.0 99.0 85.0 Small_Car 1
117.0 96.0 116.0 104.0 96.0 100.0 98.0 93.0 Small_Car 1
62.0 87.0 61.0 94.0 40.0 92.0 41.0 84.0 Small_Car 1
66.0 79.0 65.0 85.0 44.0 83.0 45.0 77.0 Small_Car 1
283.0 65.0 272.0 77.0 267.0 73.0 278.0 60.0 Small_Car 1
306.0 81.0 290.0 92.0 286.0 87.0 302.0 76.0 Small_Car 1
272.0 455.0 271.0 462.0 253.0 460.0 253.0 454.0 Small_Car 1
267.0 475.0 266.0 481.0 247.0 480.0 248.0 473.0 Small_Car 1
261.0 490.0 244.0 491.0 244.0 485.0 261.0 484.0 Small_Car 1
308.0 522.0 307.0 528.0 293.0 526.0 294.0 520.0 Small_Car 1
209.0 920.0 208.0 927.0 188.0 924.0 188.0 917.0 Small_Car 1
204.0 899.0 203.0 907.0 184.0 904.0 185.0 896.0 Small_Car 1
263.0 711.0 262.0 718.0 241.0 715.0 242.0 708.0 Small_Car 1
441.0 749.0 425.0 748.0 425.0 741.0 441.0 742.0 Small_Car 1
966.0 746.0 965.0 752.0 948.0 749.0 949.0 743.0 Small_Car 1
849.0 699.0 847.0 706.0 830.0 703.0 831.0 696.0 Small_Car 1
