1000.0 26.0 993.0 23.0 997.0 10.0 1000.0 11.0 Small_Car 1
610.0 988.0 600.0 996.0 595.0 991.0 605.0 982.0 Small_Car 1
655.0 1004.0 642.0 992.0 646.0 986.0 659.0 998.0 Small_Car 1
707.0 910.0 697.0 918.0 692.0 913.0 702.0 904.0 Small_Car 1
748.0 862.0 732.0 875.0 727.0 868.0 743.0 856.0 Small_Car 1
816.0 786.0 805.0 802.0 799.0 797.0 809.0 782.0 Small_Car 1
739.0 9.0 738.0 15.0 722.0 11.0 723.0 5.0 Small_Car 1
766.0 45.0 764.0 51.0 748.0 48.0 750.0 41.0 Small_Car 1
879.0 71.0 878.0 78.0 859.0 73.0 860.0 67.0 Small_Car 1
989.0 94.0 988.0 101.0 971.0 97.0 973.0 91.0 Small_Car 1
919.0 548.0 913.0 560.0 907.0 557.0 912.0 545.0 Small_Car 1
30.0 434.0 22.0 436.0 19.0 425.0 28.0 423.0 Small_Car 1
19.0 743.0 13.0 747.0 3.0 735.0 9.0 730.0 Small_Car 1
22.0 778.0 16.0 784.0 3.0 771.0 8.0 766.0 Small_Car 1
71.0 639.0 66.0 653.0 59.0 650.0 63.0 636.0 Small_Car 1
119.0 729.0 107.0 739.0 103.0 734.0 115.0 724.0 Small_Car 1
59.0 800.0 54.0 805.0 45.0 796.0 50.0 790.0 Small_Car 1
25.0 825.0 19.0 832.0 6.0 820.0 12.0 813.0 Small_Car 1
390.0 599.0 388.0 606.0 365.0 600.0 367.0 593.0 Small_Car 1
484.0 721.0 482.0 727.0 464.0 720.0 467.0 714.0 Small_Car 1
504.0 730.0 501.0 736.0 484.0 729.0 487.0 723.0 Small_Car 1
545.0 748.0 542.0 754.0 523.0 745.0 526.0 739.0 Small_Car 1
551.0 774.0 548.0 780.0 540.0 776.0 543.0 770.0 Small_Car 1
660.0 797.0 657.0 804.0 642.0 797.0 645.0 790.0 Small_Car 1
655.0 818.0 652.0 825.0 635.0 817.0 638.0 809.0 Small_Car 1
138.0 862.0 124.0 869.0 121.0 862.0 134.0 855.0 Small_Car 1
180.0 835.0 165.0 844.0 161.0 839.0 176.0 829.0 Small_Car 1
399.0 907.0 392.0 909.0 389.0 897.0 396.0 895.0 Small_Car 1
471.0 970.0 468.0 976.0 450.0 965.0 454.0 959.0 Small_Car 1
490.0 978.0 486.0 985.0 473.0 977.0 478.0 971.0 Small_Car 1
526.0 971.0 521.0 979.0 501.0 967.0 505.0 960.0 Small_Car 1
532.0 925.0 521.0 940.0 515.0 936.0 525.0 921.0 Small_Car 1
589.0 904.0 584.0 911.0 569.0 901.0 574.0 893.0 Small_Car 1
712.0 989.0 707.0 994.0 696.0 985.0 700.0 979.0 Small_Car 1
726.0 1000.0 715.0 1000.0 710.0 995.0 714.0 989.0 Small_Car 1
952.0 884.0 950.0 890.0 935.0 884.0 937.0 878.0 Small_Car 1
975.0 893.0 972.0 899.0 958.0 893.0 960.0 887.0 Small_Car 1
927.0 918.0 923.0 923.0 910.0 913.0 914.0 908.0 Small_Car 1
992.0 604.0 986.0 606.0 983.0 594.0 989.0 592.0 Small_Car 1
897.0 221.0 892.0 234.0 884.0 231.0 889.0 218.0 Small_Car 1
882.0 217.0 876.0 232.0 869.0 228.0 875.0 214.0 Small_Car 1
976.0 198.0 970.0 213.0 963.0 210.0 969.0 195.0 Small_Car 1
985.0 180.0 978.0 195.0 971.0 191.0 978.0 177.0 Small_Car 1
965.0 173.0 957.0 189.0 949.0 185.0 956.0 169.0 Small_Car 1
953.0 169.0 947.0 184.0 940.0 181.0 946.0 166.0 Small_Car 1
985.0 142.0 981.0 152.0 973.0 149.0 978.0 138.0 Small_Car 1
973.0 138.0 970.0 147.0 961.0 144.0 965.0 135.0 Small_Car 1
977.0 107.0 975.0 114.0 958.0 110.0 960.0 103.0 Small_Car 1
805.0 480.0 801.0 486.0 785.0 475.0 789.0 469.0 Small_Car 1
799.0 489.0 794.0 494.0 781.0 483.0 786.0 478.0 Small_Car 1
748.0 616.0 730.0 625.0 727.0 618.0 745.0 609.0 Small_Car 1
755.0 570.0 748.0 585.0 740.0 582.0 747.0 566.0 Small_Car 1
728.0 689.0 725.0 697.0 707.0 689.0 710.0 682.0 Small_Car 1
153.0 329.0 147.0 344.0 140.0 342.0 145.0 327.0 Small_Car 1
81.0 210.0 78.0 216.0 63.0 210.0 66.0 204.0 Small_Car 1
107.0 166.0 105.0 173.0 88.0 168.0 90.0 161.0 Small_Car 1
20.0 142.0 18.0 148.0 4.0 143.0 6.0 137.0 Small_Car 1
51.0 91.0 49.0 97.0 31.0 92.0 33.0 86.0 Small_Car 1
127.0 40.0 125.0 48.0 108.0 43.0 110.0 35.0 Small_Car 1
141.0 15.0 139.0 22.0 120.0 17.0 122.0 10.0 Small_Car 1
