27.0 565.0 18.0 565.0 17.0 544.0 27.0 544.0 Small_Car 1
28.0 587.0 17.0 587.0 17.0 566.0 28.0 566.0 Small_Car 1
29.0 527.0 20.0 527.0 20.0 505.0 29.0 505.0 Small_Car 1
123.0 737.0 114.0 737.0 114.0 720.0 123.0 720.0 Small_Car 1
28.0 443.0 19.0 443.0 18.0 424.0 27.0 423.0 Small_Car 1
27.0 378.0 18.0 378.0 18.0 363.0 27.0 363.0 Small_Car 1
33.0 280.0 32.0 298.0 20.0 297.0 22.0 279.0 Small_Car 1
590.0 333.0 588.0 351.0 577.0 349.0 579.0 332.0 Small_Car 1
512.0 348.0 503.0 349.0 501.0 332.0 511.0 331.0 Small_Car 1
488.0 385.0 487.0 396.0 466.0 393.0 467.0 383.0 Small_Car 1
590.0 516.0 589.0 524.0 565.0 523.0 565.0 515.0 Small_Car 1
590.0 504.0 567.0 505.0 567.0 496.0 590.0 496.0 Small_Car 1
588.0 481.0 587.0 489.0 565.0 487.0 566.0 480.0 Small_Car 1
593.0 461.0 592.0 470.0 566.0 468.0 567.0 459.0 Small_Car 1
588.0 459.0 567.0 458.0 567.0 449.0 588.0 451.0 Small_Car 1
585.0 423.0 584.0 432.0 565.0 431.0 566.0 422.0 Small_Car 1
590.0 406.0 567.0 405.0 567.0 396.0 590.0 397.0 Small_Car 1
550.0 542.0 530.0 542.0 530.0 532.0 550.0 533.0 Small_Car 1
549.0 524.0 529.0 523.0 529.0 515.0 549.0 516.0 Small_Car 1
552.0 498.0 528.0 497.0 528.0 488.0 552.0 489.0 Small_Car 1
465.0 551.0 442.0 550.0 442.0 543.0 465.0 544.0 Small_Car 1
465.0 534.0 441.0 534.0 441.0 527.0 465.0 527.0 Small_Car 1
380.0 607.0 371.0 608.0 368.0 589.0 378.0 587.0 Small_Car 1
447.0 605.0 436.0 606.0 435.0 584.0 446.0 584.0 Small_Car 1
484.0 606.0 474.0 607.0 472.0 589.0 482.0 588.0 Small_Car 1
398.0 610.0 388.0 610.0 387.0 593.0 397.0 592.0 Small_Car 1
150.0 738.0 139.0 738.0 139.0 720.0 150.0 720.0 Small_Car 1
570.0 799.0 560.0 799.0 559.0 779.0 569.0 778.0 Small_Car 1
559.0 778.0 546.0 780.0 544.0 760.0 557.0 759.0 Small_Car 1
534.0 779.0 520.0 780.0 519.0 754.0 533.0 753.0 Small_Car 1
483.0 780.0 470.0 780.0 470.0 758.0 483.0 758.0 Small_Car 1
457.0 757.0 456.0 778.0 445.0 778.0 446.0 756.0 Small_Car 1
