786.0 698.0 776.0 698.0 776.0 684.0 786.0 683.0 Small_Car 1
916.0 656.0 907.0 656.0 907.0 639.0 916.0 639.0 Small_Car 1
904.0 640.0 903.0 656.0 894.0 656.0 895.0 640.0 Small_Car 1
879.0 657.0 869.0 657.0 869.0 640.0 879.0 640.0 Small_Car 1
828.0 637.0 827.0 657.0 817.0 657.0 819.0 637.0 Small_Car 1
815.0 641.0 814.0 654.0 804.0 654.0 805.0 640.0 Small_Car 1
749.0 653.0 739.0 653.0 739.0 637.0 749.0 637.0 Small_Car 1
722.0 642.0 721.0 655.0 712.0 655.0 713.0 641.0 Small_Car 1
852.0 638.0 843.0 638.0 843.0 621.0 852.0 621.0 Small_Car 1
826.0 637.0 818.0 637.0 817.0 620.0 825.0 620.0 Small_Car 1
812.0 636.0 803.0 636.0 803.0 621.0 812.0 622.0 Small_Car 1
788.0 635.0 778.0 635.0 778.0 619.0 788.0 619.0 Small_Car 1
774.0 634.0 765.0 634.0 765.0 619.0 774.0 619.0 Small_Car 1
760.0 633.0 751.0 633.0 751.0 619.0 760.0 619.0 Small_Car 1
749.0 634.0 739.0 634.0 739.0 619.0 749.0 619.0 Small_Car 1
721.0 636.0 712.0 636.0 712.0 623.0 721.0 623.0 Small_Car 1
217.0 733.0 208.0 734.0 208.0 716.0 217.0 716.0 Small_Car 1
31.0 622.0 8.0 621.0 8.0 613.0 31.0 613.0 Small_Car 1
31.0 595.0 10.0 596.0 10.0 589.0 31.0 589.0 Small_Car 1
30.0 587.0 10.0 587.0 10.0 581.0 30.0 581.0 Small_Car 1
28.0 564.0 5.0 565.0 5.0 557.0 28.0 557.0 Small_Car 1
31.0 547.0 7.0 548.0 7.0 539.0 31.0 539.0 Small_Car 1
29.0 539.0 7.0 539.0 7.0 532.0 29.0 532.0 Small_Car 1
30.0 522.0 9.0 522.0 8.0 516.0 29.0 516.0 Small_Car 1
31.0 514.0 9.0 514.0 8.0 507.0 31.0 507.0 Small_Car 1
