129.0 461.0 112.0 461.0 112.0 455.0 129.0 455.0 Small_Car 1
114.0 450.0 93.0 451.0 92.0 444.0 114.0 443.0 Small_Car 1
30.0 520.0 10.0 520.0 10.0 513.0 30.0 513.0 Small_Car 1
161.0 790.0 154.0 790.0 154.0 772.0 161.0 772.0 Small_Car 1
159.0 764.0 150.0 764.0 151.0 747.0 159.0 747.0 Small_Car 1
148.0 764.0 140.0 765.0 139.0 748.0 147.0 747.0 Small_Car 1
134.0 748.0 133.0 764.0 125.0 764.0 126.0 748.0 Small_Car 1
104.0 771.0 101.0 790.0 93.0 789.0 96.0 770.0 Small_Car 1
131.0 773.0 126.0 790.0 118.0 788.0 122.0 770.0 Small_Car 1
428.0 422.0 409.0 422.0 409.0 414.0 428.0 414.0 Small_Car 1
492.0 410.0 474.0 410.0 474.0 403.0 492.0 403.0 Small_Car 1
523.0 411.0 502.0 411.0 502.0 405.0 523.0 405.0 Small_Car 1
564.0 420.0 545.0 421.0 544.0 414.0 564.0 414.0 Small_Car 1
