995.0 99.0 983.0 117.0 975.0 111.0 986.0 94.0 Small_Car 1
979.0 97.0 970.0 111.0 963.0 106.0 972.0 93.0 Small_Car 1
970.0 92.0 957.0 110.0 949.0 105.0 962.0 87.0 Small_Car 1
956.0 89.0 948.0 101.0 941.0 96.0 949.0 84.0 Small_Car 1
926.0 75.0 912.0 90.0 905.0 84.0 918.0 69.0 Small_Car 1
428.0 157.0 426.0 164.0 405.0 161.0 406.0 153.0 Small_Car 1
831.0 207.0 809.0 212.0 807.0 204.0 830.0 199.0 Small_Car 1
957.0 497.0 941.0 504.0 938.0 498.0 953.0 491.0 Small_Car 1
971.0 515.0 954.0 524.0 950.0 518.0 967.0 508.0 Small_Car 1
810.0 581.0 803.0 587.0 794.0 575.0 800.0 570.0 Small_Car 1
923.0 589.0 915.0 595.0 905.0 579.0 913.0 573.0 Small_Car 1
908.0 595.0 899.0 600.0 890.0 585.0 899.0 580.0 Small_Car 1
770.0 660.0 753.0 668.0 750.0 662.0 767.0 653.0 Small_Car 1
807.0 710.0 788.0 717.0 786.0 710.0 804.0 703.0 Small_Car 1
842.0 747.0 824.0 757.0 820.0 750.0 837.0 740.0 Small_Car 1
856.0 762.0 839.0 772.0 835.0 765.0 851.0 755.0 Small_Car 1
863.0 770.0 845.0 778.0 843.0 771.0 860.0 764.0 Small_Car 1
871.0 777.0 852.0 787.0 848.0 780.0 867.0 770.0 Small_Car 1
897.0 812.0 880.0 821.0 876.0 813.0 894.0 804.0 Small_Car 1
949.0 799.0 928.0 808.0 925.0 801.0 945.0 792.0 Small_Car 1
961.0 814.0 942.0 823.0 939.0 816.0 958.0 808.0 Small_Car 1
939.0 854.0 926.0 875.0 917.0 869.0 930.0 848.0 Small_Car 1
899.0 923.0 892.0 928.0 880.0 912.0 887.0 907.0 Small_Car 1
841.0 983.0 821.0 990.0 818.0 983.0 838.0 976.0 Small_Car 1
803.0 805.0 796.0 810.0 785.0 797.0 792.0 791.0 Small_Car 1
729.0 714.0 722.0 719.0 712.0 706.0 718.0 701.0 Small_Car 1
596.0 561.0 591.0 566.0 579.0 555.0 583.0 550.0 Small_Car 1
452.0 475.0 450.0 483.0 428.0 476.0 431.0 469.0 Small_Car 1
468.0 684.0 447.0 689.0 446.0 682.0 466.0 677.0 Small_Car 1
337.0 617.0 316.0 620.0 315.0 614.0 336.0 611.0 Small_Car 1
39.0 483.0 36.0 491.0 19.0 482.0 22.0 475.0 Small_Car 1
166.0 604.0 159.0 609.0 150.0 593.0 157.0 589.0 Small_Car 1
232.0 603.0 223.0 606.0 218.0 590.0 227.0 587.0 Small_Car 1
265.0 720.0 256.0 722.0 251.0 705.0 260.0 702.0 Small_Car 1
329.0 850.0 318.0 853.0 313.0 837.0 324.0 833.0 Small_Car 1
346.0 969.0 338.0 972.0 333.0 959.0 341.0 956.0 Small_Car 1
372.0 987.0 363.0 990.0 358.0 974.0 367.0 971.0 Small_Car 1
363.0 960.0 353.0 963.0 348.0 947.0 358.0 944.0 Small_Car 1
355.0 937.0 346.0 941.0 340.0 924.0 349.0 921.0 Small_Car 1
123.0 64.0 109.0 78.0 104.0 72.0 118.0 59.0 Small_Car 1
46.0 281.0 39.0 285.0 31.0 272.0 37.0 268.0 Small_Car 1
32.0 160.0 22.0 175.0 15.0 170.0 25.0 155.0 Small_Car 1
129.0 826.0 123.0 831.0 112.0 818.0 118.0 812.0 Small_Car 1
