1000.0 814.0 988.0 815.0 986.0 797.0 1000.0 797.0 Small_Car 1
563.0 871.0 541.0 873.0 541.0 865.0 563.0 864.0 Small_Car 1
623.0 950.0 601.0 950.0 601.0 943.0 623.0 943.0 Small_Car 1
623.0 912.0 603.0 913.0 603.0 906.0 623.0 905.0 Small_Car 1
603.0 913.0 582.0 914.0 582.0 907.0 602.0 906.0 Small_Car 1
521.0 923.0 500.0 923.0 500.0 917.0 521.0 917.0 Small_Car 1
469.0 906.0 448.0 907.0 448.0 901.0 469.0 900.0 Small_Car 1
357.0 927.0 336.0 927.0 336.0 921.0 357.0 920.0 Small_Car 1
381.0 927.0 361.0 927.0 361.0 920.0 381.0 920.0 Small_Car 1
437.0 954.0 415.0 955.0 414.0 948.0 436.0 948.0 Small_Car 1
438.0 972.0 419.0 973.0 418.0 967.0 437.0 966.0 Small_Car 1
384.0 982.0 362.0 983.0 362.0 976.0 384.0 976.0 Small_Car 1
360.0 974.0 340.0 975.0 340.0 969.0 359.0 968.0 Small_Car 1
306.0 957.0 284.0 957.0 284.0 951.0 306.0 951.0 Small_Car 1
272.0 957.0 254.0 958.0 254.0 951.0 272.0 950.0 Small_Car 1
220.0 987.0 198.0 988.0 198.0 980.0 219.0 980.0 Small_Car 1
218.0 977.0 195.0 979.0 195.0 971.0 217.0 970.0 Small_Car 1
214.0 940.0 194.0 941.0 194.0 935.0 214.0 934.0 Small_Car 1
106.0 963.0 87.0 964.0 86.0 958.0 106.0 957.0 Small_Car 1
104.0 934.0 84.0 934.0 84.0 927.0 104.0 927.0 Small_Car 1
24.0 946.0 2.0 946.0 2.0 939.0 24.0 939.0 Small_Car 1
23.0 915.0 2.0 918.0 1.0 911.0 22.0 908.0 Small_Car 1
891.0 135.0 880.0 135.0 880.0 120.0 891.0 120.0 Small_Car 1
850.0 135.0 839.0 135.0 838.0 120.0 849.0 119.0 Small_Car 1
858.0 211.0 838.0 211.0 838.0 205.0 858.0 205.0 Small_Car 1
863.0 220.0 842.0 220.0 842.0 212.0 863.0 212.0 Small_Car 1
864.0 228.0 842.0 228.0 842.0 221.0 864.0 221.0 Small_Car 1
862.0 288.0 840.0 288.0 840.0 279.0 862.0 279.0 Small_Car 1
791.0 401.0 772.0 401.0 772.0 394.0 791.0 394.0 Small_Car 1
950.0 432.0 949.0 448.0 938.0 448.0 938.0 432.0 Small_Car 1
603.0 679.0 600.0 686.0 582.0 680.0 585.0 672.0 Small_Car 1
