379.0 47.0 372.0 52.0 360.0 37.0 366.0 31.0 Small_Car 1
443.0 623.0 425.0 632.0 421.0 626.0 439.0 616.0 Small_Car 1
394.0 640.0 385.0 645.0 376.0 630.0 384.0 625.0 Small_Car 1
353.0 707.0 346.0 712.0 337.0 702.0 343.0 696.0 Small_Car 1
414.0 777.0 407.0 784.0 395.0 770.0 402.0 764.0 Small_Car 1
165.0 732.0 158.0 737.0 146.0 721.0 152.0 716.0 Small_Car 1
360.0 788.0 341.0 795.0 339.0 789.0 357.0 782.0 Small_Car 1
359.0 798.0 356.0 800.0 342.0 800.0 357.0 793.0 Small_Car 1
39.0 742.0 21.0 751.0 18.0 743.0 36.0 735.0 Small_Car 1
320.0 592.0 301.0 601.0 297.0 594.0 316.0 585.0 Small_Car 1
360.0 567.0 342.0 578.0 338.0 570.0 356.0 560.0 Small_Car 1
160.0 691.0 142.0 701.0 139.0 694.0 156.0 684.0 Small_Car 1
161.0 601.0 154.0 607.0 142.0 592.0 149.0 587.0 Small_Car 1
394.0 197.0 387.0 202.0 377.0 189.0 384.0 184.0 Small_Car 1
593.0 126.0 587.0 130.0 577.0 116.0 584.0 111.0 Small_Car 1
600.0 123.0 587.0 109.0 593.0 105.0 600.0 113.0 Small_Car 1
