35.0 83.0 29.0 95.0 22.0 92.0 29.0 80.0 Small_Car 1
49.0 85.0 44.0 100.0 36.0 98.0 41.0 83.0 Small_Car 1
75.0 92.0 68.0 108.0 59.0 105.0 65.0 88.0 Small_Car 1
28.0 347.0 27.0 354.0 6.0 351.0 7.0 344.0 Small_Car 1
18.0 407.0 17.0 415.0 0.0 412.0 0.0 404.0 Small_Car 1
503.0 176.0 502.0 182.0 485.0 179.0 486.0 173.0 Small_Car 1
499.0 193.0 498.0 200.0 480.0 197.0 481.0 191.0 Small_Car 1
862.0 759.0 846.0 757.0 847.0 752.0 862.0 754.0 Small_Car 1
926.0 762.0 925.0 768.0 905.0 765.0 906.0 759.0 Small_Car 1
748.0 27.0 741.0 30.0 734.0 17.0 741.0 13.0 Small_Car 1
779.0 99.0 773.0 103.0 764.0 88.0 771.0 84.0 Small_Car 1
766.0 178.0 763.0 195.0 755.0 193.0 758.0 177.0 Small_Car 1
773.0 197.0 769.0 212.0 761.0 210.0 765.0 195.0 Small_Car 1
810.0 202.0 808.0 217.0 799.0 216.0 802.0 201.0 Small_Car 1
709.0 228.0 707.0 239.0 701.0 238.0 703.0 227.0 Small_Car 1
724.0 230.0 721.0 244.0 713.0 242.0 716.0 228.0 Small_Car 1
738.0 231.0 734.0 245.0 726.0 243.0 729.0 229.0 Small_Car 1
752.0 229.0 749.0 245.0 740.0 243.0 743.0 227.0 Small_Car 1
707.0 245.0 704.0 259.0 695.0 257.0 698.0 243.0 Small_Car 1
719.0 246.0 716.0 260.0 707.0 259.0 710.0 244.0 Small_Car 1
759.0 251.0 755.0 266.0 746.0 264.0 750.0 248.0 Small_Car 1
782.0 259.0 780.0 272.0 772.0 271.0 775.0 257.0 Small_Car 1
786.0 238.0 785.0 253.0 776.0 252.0 777.0 237.0 Small_Car 1
834.0 262.0 831.0 279.0 820.0 277.0 823.0 260.0 Small_Car 1
847.0 264.0 844.0 279.0 835.0 277.0 838.0 262.0 Small_Car 1
860.0 266.0 856.0 281.0 847.0 279.0 851.0 264.0 Small_Car 1
630.0 291.0 627.0 304.0 619.0 302.0 622.0 289.0 Small_Car 1
672.0 279.0 669.0 292.0 660.0 290.0 663.0 277.0 Small_Car 1
698.0 284.0 693.0 299.0 684.0 297.0 689.0 281.0 Small_Car 1
723.0 288.0 719.0 302.0 711.0 300.0 714.0 286.0 Small_Car 1
717.0 304.0 713.0 319.0 705.0 317.0 708.0 302.0 Small_Car 1
728.0 306.0 725.0 320.0 717.0 318.0 720.0 305.0 Small_Car 1
770.0 309.0 767.0 324.0 759.0 322.0 762.0 307.0 Small_Car 1
818.0 318.0 816.0 333.0 808.0 332.0 810.0 317.0 Small_Car 1
830.0 318.0 829.0 333.0 820.0 332.0 821.0 317.0 Small_Car 1
843.0 321.0 841.0 337.0 833.0 336.0 835.0 320.0 Small_Car 1
881.0 325.0 879.0 341.0 870.0 340.0 872.0 324.0 Small_Car 1
999.0 380.0 995.0 396.0 986.0 394.0 990.0 378.0 Small_Car 1
972.0 375.0 969.0 389.0 960.0 387.0 963.0 373.0 Small_Car 1
961.0 375.0 957.0 390.0 948.0 388.0 953.0 372.0 Small_Car 1
953.0 392.0 951.0 407.0 943.0 406.0 945.0 391.0 Small_Car 1
942.0 390.0 939.0 407.0 930.0 405.0 933.0 388.0 Small_Car 1
893.0 384.0 890.0 398.0 880.0 396.0 884.0 382.0 Small_Car 1
877.0 382.0 875.0 396.0 867.0 394.0 869.0 381.0 Small_Car 1
867.0 380.0 865.0 395.0 856.0 394.0 857.0 379.0 Small_Car 1
859.0 362.0 857.0 377.0 849.0 375.0 851.0 360.0 Small_Car 1
855.0 379.0 853.0 394.0 843.0 393.0 845.0 378.0 Small_Car 1
790.0 371.0 787.0 385.0 778.0 382.0 782.0 369.0 Small_Car 1
765.0 367.0 762.0 381.0 754.0 379.0 757.0 365.0 Small_Car 1
759.0 347.0 755.0 362.0 747.0 360.0 750.0 345.0 Small_Car 1
755.0 364.0 751.0 379.0 743.0 376.0 747.0 362.0 Small_Car 1
741.0 362.0 738.0 376.0 730.0 374.0 733.0 360.0 Small_Car 1
746.0 345.0 742.0 359.0 734.0 357.0 738.0 342.0 Small_Car 1
718.0 356.0 710.0 355.0 710.0 342.0 718.0 343.0 Small_Car 1
716.0 361.0 713.0 375.0 704.0 374.0 706.0 360.0 Small_Car 1
694.0 339.0 692.0 355.0 683.0 353.0 685.0 337.0 Small_Car 1
690.0 357.0 686.0 370.0 678.0 367.0 682.0 354.0 Small_Car 1
684.0 338.0 680.0 353.0 671.0 351.0 675.0 336.0 Small_Car 1
677.0 355.0 673.0 368.0 665.0 365.0 669.0 352.0 Small_Car 1
631.0 328.0 629.0 342.0 621.0 340.0 623.0 326.0 Small_Car 1
613.0 344.0 610.0 359.0 601.0 358.0 604.0 342.0 Small_Car 1
620.0 326.0 617.0 342.0 608.0 340.0 611.0 324.0 Small_Car 1
