200.0 58.0 175.0 59.0 175.0 51.0 200.0 51.0 Small_Car 1
196.0 68.0 174.0 67.0 174.0 62.0 196.0 62.0 Small_Car 1
200.0 77.0 176.0 77.0 176.0 71.0 200.0 71.0 Small_Car 1
285.0 272.0 261.0 272.0 261.0 265.0 285.0 265.0 Small_Car 1
287.0 234.0 266.0 234.0 265.0 227.0 287.0 227.0 Small_Car 1
324.0 255.0 302.0 255.0 302.0 249.0 324.0 249.0 Small_Car 1
434.0 233.0 413.0 234.0 412.0 227.0 433.0 226.0 Small_Car 1
391.0 355.0 381.0 355.0 381.0 340.0 391.0 340.0 Small_Car 1
592.0 428.0 583.0 429.0 582.0 411.0 591.0 411.0 Small_Car 1
559.0 413.0 557.0 431.0 548.0 430.0 550.0 413.0 Small_Car 1
538.0 430.0 529.0 430.0 529.0 415.0 538.0 415.0 Small_Car 1
537.0 455.0 517.0 455.0 517.0 449.0 537.0 449.0 Small_Car 1
501.0 470.0 494.0 470.0 494.0 457.0 501.0 457.0 Small_Car 1
511.0 430.0 502.0 430.0 502.0 415.0 511.0 415.0 Small_Car 1
451.0 416.0 450.0 431.0 442.0 430.0 442.0 416.0 Small_Car 1
407.0 514.0 397.0 514.0 396.0 498.0 406.0 498.0 Small_Car 1
392.0 563.0 383.0 563.0 383.0 547.0 392.0 547.0 Small_Car 1
324.0 109.0 307.0 119.0 303.0 112.0 319.0 102.0 Small_Car 1
352.0 25.0 337.0 37.0 332.0 31.0 347.0 19.0 Small_Car 1
361.0 163.0 351.0 163.0 351.0 147.0 361.0 147.0 Small_Car 1
378.0 180.0 368.0 181.0 368.0 163.0 378.0 163.0 Small_Car 1
362.0 196.0 351.0 197.0 351.0 181.0 361.0 181.0 Small_Car 1
