67.0 402.0 59.0 402.0 59.0 386.0 67.0 386.0 Small_Car 1
261.0 379.0 240.0 378.0 240.0 369.0 261.0 369.0 Small_Car 1
134.0 331.0 126.0 330.0 127.0 314.0 134.0 314.0 Small_Car 1
543.0 155.0 542.0 164.0 522.0 163.0 522.0 154.0 Small_Car 1
401.0 411.0 394.0 411.0 394.0 393.0 401.0 393.0 Small_Car 1
391.0 390.0 390.0 404.0 383.0 404.0 383.0 390.0 Small_Car 1
578.0 665.0 570.0 665.0 570.0 648.0 578.0 648.0 Small_Car 1
600.0 726.0 579.0 726.0 579.0 718.0 600.0 717.0 Small_Car 1
473.0 724.0 451.0 725.0 451.0 717.0 473.0 716.0 Small_Car 1
189.0 709.0 169.0 709.0 169.0 701.0 189.0 701.0 Small_Car 1
78.0 685.0 71.0 685.0 71.0 668.0 77.0 668.0 Small_Car 1
47.0 377.0 29.0 377.0 29.0 370.0 47.0 370.0 Small_Car 1
223.0 310.0 214.0 310.0 215.0 293.0 223.0 293.0 Small_Car 1
256.0 259.0 248.0 259.0 247.0 241.0 256.0 241.0 Small_Car 1
207.0 221.0 188.0 221.0 188.0 213.0 207.0 213.0 Small_Car 1
524.0 604.0 523.0 622.0 514.0 622.0 516.0 604.0 Small_Car 1
