522.0 60.0 521.0 68.0 500.0 67.0 500.0 60.0 Small_Car 1
442.0 170.0 432.0 170.0 433.0 151.0 442.0 151.0 Small_Car 1
164.0 316.0 155.0 316.0 155.0 300.0 163.0 300.0 Small_Car 1
101.0 294.0 80.0 294.0 80.0 286.0 101.0 286.0 Small_Car 1
695.0 250.0 694.0 257.0 673.0 257.0 673.0 250.0 Small_Car 1
775.0 157.0 767.0 159.0 763.0 142.0 771.0 140.0 Small_Car 1
552.0 426.0 543.0 426.0 544.0 408.0 552.0 408.0 Small_Car 1
588.0 390.0 580.0 391.0 579.0 375.0 588.0 375.0 Small_Car 1
973.0 658.0 955.0 657.0 955.0 651.0 973.0 651.0 Small_Car 1
308.0 959.0 307.0 975.0 298.0 974.0 299.0 958.0 Small_Car 1
180.0 988.0 159.0 988.0 159.0 980.0 180.0 980.0 Small_Car 1
172.0 894.0 158.0 907.0 151.0 901.0 165.0 887.0 Small_Car 1
605.0 662.0 585.0 661.0 585.0 654.0 605.0 655.0 Small_Car 1
777.0 664.0 754.0 665.0 754.0 657.0 777.0 657.0 Small_Car 1
