246.0 650.0 234.0 654.0 228.0 635.0 240.0 631.0 Small_Car 1
355.0 577.0 354.0 587.0 330.0 584.0 331.0 575.0 Small_Car 1
379.0 589.0 357.0 588.0 357.0 579.0 379.0 580.0 Small_Car 1
365.0 143.0 353.0 147.0 351.0 141.0 362.0 137.0 Small_Car 1
375.0 151.0 355.0 157.0 353.0 147.0 372.0 142.0 Small_Car 1
383.0 169.0 360.0 174.0 357.0 163.0 381.0 158.0 Small_Car 1
385.0 189.0 367.0 192.0 365.0 182.0 383.0 179.0 Small_Car 1
387.0 198.0 366.0 203.0 364.0 195.0 385.0 190.0 Small_Car 1
396.0 214.0 373.0 220.0 371.0 212.0 394.0 206.0 Small_Car 1
399.0 223.0 377.0 228.0 375.0 220.0 397.0 215.0 Small_Car 1
401.0 234.0 378.0 237.0 377.0 228.0 400.0 224.0 Small_Car 1
404.0 245.0 382.0 249.0 380.0 239.0 403.0 235.0 Small_Car 1
410.0 255.0 386.0 257.0 385.0 248.0 409.0 246.0 Small_Car 1
305.0 83.0 285.0 90.0 282.0 81.0 302.0 75.0 Small_Car 1
309.0 102.0 286.0 108.0 283.0 99.0 306.0 93.0 Small_Car 1
316.0 122.0 290.0 125.0 289.0 117.0 315.0 114.0 Small_Car 1
317.0 132.0 288.0 135.0 287.0 126.0 316.0 123.0 Small_Car 1
321.0 142.0 290.0 145.0 289.0 136.0 320.0 133.0 Small_Car 1
320.0 152.0 295.0 156.0 293.0 147.0 319.0 144.0 Small_Car 1
142.0 269.0 133.0 271.0 129.0 254.0 138.0 252.0 Small_Car 1
184.0 427.0 171.0 428.0 170.0 417.0 183.0 415.0 Small_Car 1
278.0 763.0 265.0 765.0 261.0 746.0 274.0 744.0 Small_Car 1
286.0 788.0 274.0 792.0 266.0 770.0 278.0 766.0 Small_Car 1
123.0 194.0 113.0 196.0 110.0 179.0 120.0 177.0 Small_Car 1
96.0 793.0 85.0 793.0 84.0 774.0 95.0 774.0 Small_Car 1
109.0 793.0 100.0 794.0 99.0 774.0 108.0 774.0 Small_Car 1
156.0 782.0 145.0 783.0 144.0 766.0 155.0 765.0 Small_Car 1
134.0 787.0 123.0 788.0 121.0 768.0 132.0 767.0 Small_Car 1
