376.0 196.0 366.0 196.0 367.0 191.0 376.0 191.0 Small_Car 1
274.0 141.0 272.0 148.0 254.0 145.0 255.0 138.0 Small_Car 1
176.0 120.0 174.0 129.0 148.0 123.0 150.0 114.0 Small_Car 1
108.0 111.0 87.0 109.0 88.0 102.0 108.0 105.0 Small_Car 1
917.0 409.0 912.0 427.0 902.0 424.0 907.0 406.0 Small_Car 1
487.0 550.0 485.0 558.0 470.0 554.0 471.0 546.0 Small_Car 1
250.0 500.0 248.0 507.0 236.0 504.0 238.0 496.0 Small_Car 1
182.0 488.0 180.0 494.0 159.0 489.0 161.0 483.0 Small_Car 1
166.0 457.0 164.0 464.0 144.0 460.0 146.0 453.0 Small_Car 1
114.0 473.0 113.0 480.0 90.0 476.0 91.0 468.0 Small_Car 1
70.0 463.0 68.0 470.0 46.0 466.0 48.0 459.0 Small_Car 1
905.0 637.0 903.0 646.0 883.0 642.0 884.0 634.0 Small_Car 1
923.0 613.0 921.0 620.0 901.0 615.0 902.0 608.0 Small_Car 1
767.0 581.0 765.0 588.0 744.0 584.0 745.0 576.0 Small_Car 1
587.0 751.0 583.0 768.0 575.0 766.0 578.0 749.0 Small_Car 1
152.0 668.0 151.0 676.0 129.0 671.0 130.0 664.0 Small_Car 1
