894.0 996.0 870.0 995.0 870.0 988.0 894.0 988.0 Small_Car 1
801.0 936.0 793.0 936.0 792.0 922.0 800.0 921.0 Small_Car 1
793.0 896.0 788.0 900.0 776.0 888.0 781.0 883.0 Small_Car 1
948.0 400.0 927.0 400.0 926.0 394.0 948.0 393.0 Small_Car 1
410.0 565.0 388.0 565.0 388.0 558.0 410.0 558.0 Small_Car 1
315.0 537.0 293.0 538.0 293.0 532.0 314.0 531.0 Small_Car 1
177.0 373.0 164.0 374.0 164.0 369.0 177.0 368.0 Small_Car 1
104.0 900.0 94.0 900.0 94.0 884.0 104.0 884.0 Small_Car 1
102.0 855.0 93.0 855.0 93.0 839.0 102.0 838.0 Small_Car 1
6.0 937.0 0.0 937.0 0.0 920.0 5.0 920.0 Small_Car 1
126.0 586.0 115.0 587.0 114.0 567.0 125.0 567.0 Small_Car 1
58.0 467.0 37.0 468.0 37.0 462.0 57.0 461.0 Small_Car 1
710.0 866.0 704.0 867.0 703.0 851.0 709.0 851.0 Small_Car 1
677.0 754.0 654.0 756.0 653.0 748.0 676.0 746.0 Small_Car 1
664.0 620.0 663.0 636.0 651.0 636.0 652.0 619.0 Small_Car 1
