548.0 155.0 539.0 155.0 539.0 138.0 548.0 138.0 Small_Car 1
707.0 550.0 684.0 548.0 685.0 540.0 707.0 542.0 Small_Car 1
650.0 560.0 628.0 567.0 626.0 559.0 647.0 552.0 Small_Car 1
648.0 582.0 628.0 591.0 623.0 580.0 644.0 571.0 Small_Car 1
651.0 549.0 629.0 557.0 625.0 547.0 647.0 539.0 Small_Car 1
418.0 114.0 408.0 114.0 408.0 96.0 418.0 96.0 Small_Car 1
427.0 0.0 425.0 16.0 416.0 15.0 417.0 -1.0 Small_Car 1
667.0 46.0 666.0 53.0 638.0 49.0 639.0 41.0 Small_Car 1
329.0 347.0 318.0 347.0 318.0 329.0 329.0 329.0 Small_Car 1
315.0 349.0 304.0 348.0 305.0 331.0 315.0 331.0 Small_Car 1
212.0 322.0 211.0 341.0 200.0 340.0 201.0 321.0 Small_Car 1
265.0 274.0 263.0 291.0 253.0 290.0 254.0 273.0 Small_Car 1
236.0 272.0 233.0 290.0 222.0 288.0 225.0 270.0 Small_Car 1
209.0 288.0 199.0 288.0 199.0 269.0 209.0 269.0 Small_Car 1
264.0 241.0 251.0 241.0 251.0 222.0 263.0 222.0 Small_Car 1
279.0 225.0 277.0 244.0 265.0 243.0 267.0 224.0 Small_Car 1
306.0 227.0 305.0 244.0 293.0 243.0 295.0 226.0 Small_Car 1
327.0 227.0 326.0 246.0 314.0 245.0 315.0 226.0 Small_Car 1
215.0 193.0 214.0 200.0 194.0 199.0 194.0 192.0 Small_Car 1
47.0 196.0 46.0 214.0 36.0 214.0 36.0 196.0 Small_Car 1
13.0 372.0 0.0 371.0 0.0 364.0 13.0 364.0 Small_Car 1
65.0 478.0 62.0 494.0 53.0 492.0 56.0 476.0 Small_Car 1
