66.0 60.0 50.0 62.0 49.0 54.0 64.0 51.0 Small_Car 1
289.0 18.0 266.0 21.0 265.0 11.0 288.0 7.0 Small_Car 1
921.0 52.0 903.0 55.0 902.0 48.0 921.0 45.0 Small_Car 1
599.0 164.0 592.0 165.0 589.0 149.0 596.0 148.0 Small_Car 1
982.0 355.0 963.0 357.0 963.0 349.0 981.0 348.0 Small_Car 1
696.0 479.0 686.0 481.0 683.0 464.0 693.0 462.0 Small_Car 1
965.0 977.0 947.0 980.0 945.0 968.0 963.0 965.0 Small_Car 1
960.0 649.0 948.0 651.0 947.0 644.0 959.0 642.0 Small_Car 1
853.0 353.0 846.0 353.0 844.0 338.0 852.0 338.0 Small_Car 1
735.0 132.0 713.0 135.0 712.0 128.0 734.0 124.0 Small_Car 1
