337.0 467.0 316.0 471.0 316.0 465.0 336.0 461.0 Small_Car 1
315.0 436.0 296.0 440.0 295.0 433.0 313.0 429.0 Small_Car 1
766.0 796.0 759.0 796.0 758.0 780.0 765.0 780.0 Small_Car 1
748.0 775.0 738.0 775.0 736.0 768.0 748.0 768.0 Small_Car 1
753.0 756.0 736.0 758.0 735.0 752.0 751.0 750.0 Small_Car 1
747.0 742.0 734.0 741.0 734.0 735.0 747.0 736.0 Small_Car 1
819.0 887.0 813.0 891.0 808.0 881.0 813.0 878.0 Small_Car 1
754.0 879.0 749.0 884.0 741.0 874.0 745.0 870.0 Small_Car 1
745.0 883.0 740.0 888.0 730.0 879.0 734.0 874.0 Small_Car 1
769.0 918.0 764.0 923.0 751.0 914.0 757.0 908.0 Small_Car 1
637.0 948.0 621.0 948.0 621.0 943.0 637.0 943.0 Small_Car 1
636.0 939.0 619.0 940.0 619.0 934.0 636.0 934.0 Small_Car 1
590.0 931.0 584.0 931.0 582.0 912.0 589.0 911.0 Small_Car 1
578.0 929.0 570.0 929.0 570.0 912.0 578.0 912.0 Small_Car 1
532.0 929.0 525.0 930.0 523.0 913.0 530.0 912.0 Small_Car 1
521.0 929.0 514.0 932.0 508.0 917.0 515.0 914.0 Small_Car 1
