724.0 1005.0 705.0 996.0 708.0 987.0 728.0 997.0 Small_Car 1
665.0 0.0 661.0 11.0 651.0 7.0 654.0 0.0 Small_Car 1
677.0 0.0 672.0 13.0 665.0 11.0 668.0 0.0 Small_Car 1
683.0 18.0 674.0 14.0 681.0 -1.0 690.0 2.0 Small_Car 1
701.0 5.0 694.0 21.0 686.0 18.0 692.0 2.0 Small_Car 1
712.0 9.0 704.0 24.0 696.0 20.0 703.0 5.0 Small_Car 1
724.0 13.0 715.0 28.0 708.0 24.0 716.0 9.0 Small_Car 1
799.0 0.0 790.0 13.0 782.0 7.0 787.0 0.0 Small_Car 1
756.0 28.0 745.0 42.0 738.0 36.0 748.0 22.0 Small_Car 1
764.0 34.0 754.0 47.0 747.0 42.0 757.0 29.0 Small_Car 1
774.0 41.0 761.0 53.0 755.0 47.0 767.0 35.0 Small_Car 1
812.0 6.0 800.0 19.0 793.0 14.0 806.0 0.0 Small_Car 1
821.0 12.0 809.0 25.0 803.0 19.0 815.0 6.0 Small_Car 1
839.0 26.0 827.0 38.0 822.0 32.0 834.0 20.0 Small_Car 1
849.0 32.0 836.0 44.0 830.0 38.0 843.0 26.0 Small_Car 1
863.0 47.0 850.0 58.0 844.0 51.0 857.0 40.0 Small_Car 1
786.0 45.0 772.0 60.0 765.0 54.0 779.0 39.0 Small_Car 1
794.0 51.0 781.0 66.0 774.0 60.0 787.0 45.0 Small_Car 1
810.0 67.0 797.0 80.0 792.0 74.0 805.0 62.0 Small_Car 1
874.0 55.0 860.0 65.0 855.0 59.0 870.0 48.0 Small_Car 1
882.0 62.0 866.0 73.0 862.0 67.0 877.0 55.0 Small_Car 1
905.0 97.0 889.0 105.0 885.0 98.0 901.0 89.0 Small_Car 1
836.0 90.0 820.0 100.0 816.0 93.0 831.0 83.0 Small_Car 1
843.0 97.0 827.0 107.0 823.0 101.0 839.0 91.0 Small_Car 1
883.0 160.0 863.0 168.0 860.0 159.0 880.0 151.0 Small_Car 1
892.0 198.0 875.0 203.0 873.0 196.0 890.0 191.0 Small_Car 1
914.0 433.0 913.0 441.0 891.0 437.0 893.0 429.0 Small_Car 1
882.0 542.0 873.0 559.0 865.0 555.0 874.0 538.0 Small_Car 1
871.0 536.0 863.0 553.0 853.0 549.0 860.0 531.0 Small_Car 1
858.0 534.0 851.0 548.0 844.0 544.0 850.0 530.0 Small_Car 1
848.0 530.0 842.0 544.0 835.0 540.0 841.0 527.0 Small_Car 1
839.0 529.0 832.0 543.0 824.0 539.0 831.0 525.0 Small_Car 1
997.0 552.0 989.0 549.0 994.0 533.0 1002.0 536.0 Small_Car 1
996.0 581.0 989.0 596.0 980.0 592.0 987.0 577.0 Small_Car 1
144.0 636.0 140.0 643.0 123.0 634.0 127.0 627.0 Small_Car 1
590.0 955.0 585.0 962.0 568.0 951.0 573.0 944.0 Small_Car 1
71.0 108.0 53.0 117.0 49.0 110.0 67.0 100.0 Small_Car 1
81.0 218.0 68.0 231.0 62.0 225.0 75.0 212.0 Small_Car 1
169.0 260.0 165.0 275.0 157.0 273.0 161.0 258.0 Small_Car 1
251.0 227.0 248.0 243.0 238.0 241.0 241.0 225.0 Small_Car 1
612.0 932.0 608.0 939.0 592.0 930.0 596.0 923.0 Small_Car 1
616.0 925.0 613.0 931.0 597.0 921.0 600.0 915.0 Small_Car 1
632.0 910.0 628.0 916.0 613.0 907.0 617.0 901.0 Small_Car 1
642.0 986.0 638.0 1000.0 630.0 1000.0 635.0 984.0 Small_Car 1
708.0 941.0 704.0 948.0 686.0 939.0 689.0 932.0 Small_Car 1
710.0 933.0 707.0 940.0 690.0 931.0 694.0 925.0 Small_Car 1
719.0 926.0 716.0 933.0 700.0 924.0 703.0 917.0 Small_Car 1
723.0 916.0 720.0 923.0 703.0 915.0 706.0 908.0 Small_Car 1
727.0 908.0 723.0 915.0 705.0 906.0 708.0 899.0 Small_Car 1
697.0 916.0 694.0 923.0 677.0 916.0 681.0 909.0 Small_Car 1
692.0 924.0 688.0 932.0 670.0 923.0 673.0 915.0 Small_Car 1
727.0 866.0 724.0 874.0 706.0 866.0 709.0 859.0 Small_Car 1
733.0 860.0 731.0 866.0 713.0 859.0 716.0 853.0 Small_Car 1
679.0 842.0 676.0 849.0 658.0 841.0 662.0 834.0 Small_Car 1
688.0 824.0 684.0 831.0 667.0 822.0 670.0 816.0 Small_Car 1
794.0 804.0 787.0 818.0 779.0 813.0 786.0 800.0 Small_Car 1
803.0 809.0 796.0 824.0 789.0 821.0 796.0 806.0 Small_Car 1
996.0 919.0 977.0 909.0 981.0 901.0 1000.0 911.0 Small_Car 1
983.0 936.0 980.0 945.0 961.0 937.0 965.0 929.0 Small_Car 1
977.0 947.0 974.0 955.0 955.0 947.0 958.0 939.0 Small_Car 1
