527.0 977.0 517.0 977.0 516.0 959.0 526.0 959.0 Small_Car 1
286.0 67.0 284.0 82.0 276.0 80.0 279.0 66.0 Small_Car 1
276.0 61.0 274.0 79.0 265.0 78.0 267.0 60.0 Small_Car 1
264.0 64.0 262.0 79.0 253.0 78.0 255.0 62.0 Small_Car 1
252.0 59.0 251.0 75.0 243.0 75.0 245.0 58.0 Small_Car 1
996.0 235.0 989.0 239.0 981.0 223.0 988.0 219.0 Small_Car 1
788.0 195.0 787.0 202.0 764.0 201.0 765.0 194.0 Small_Car 1
701.0 190.0 680.0 189.0 680.0 182.0 701.0 182.0 Small_Car 1
583.0 264.0 576.0 264.0 576.0 250.0 583.0 250.0 Small_Car 1
595.0 265.0 587.0 265.0 587.0 250.0 595.0 249.0 Small_Car 1
484.0 492.0 480.0 508.0 471.0 506.0 474.0 490.0 Small_Car 1
339.0 597.0 338.0 614.0 329.0 613.0 331.0 596.0 Small_Car 1
262.0 886.0 253.0 886.0 253.0 869.0 261.0 868.0 Small_Car 1
689.0 970.0 683.0 986.0 674.0 983.0 680.0 967.0 Small_Car 1
1000.0 843.0 992.0 843.0 992.0 827.0 1000.0 827.0 Small_Car 1
