23.0 712.0 12.0 725.0 6.0 719.0 18.0 706.0 Small_Car 1
36.0 689.0 28.0 689.0 26.0 673.0 34.0 670.0 Small_Car 1
24.0 684.0 17.0 685.0 15.0 667.0 22.0 666.0 Small_Car 1
14.0 683.0 6.0 684.0 3.0 666.0 11.0 665.0 Small_Car 1
137.0 679.0 133.0 685.0 117.0 673.0 121.0 667.0 Small_Car 1
25.0 550.0 14.0 568.0 7.0 563.0 18.0 546.0 Small_Car 1
37.0 555.0 25.0 570.0 19.0 565.0 31.0 550.0 Small_Car 1
37.0 436.0 29.0 439.0 19.0 417.0 27.0 414.0 Small_Car 1
187.0 778.0 167.0 782.0 166.0 775.0 185.0 771.0 Small_Car 1
187.0 770.0 170.0 770.0 169.0 762.0 187.0 762.0 Small_Car 1
195.0 751.0 175.0 751.0 175.0 742.0 194.0 741.0 Small_Car 1
211.0 707.0 193.0 712.0 191.0 703.0 209.0 699.0 Small_Car 1
162.0 670.0 159.0 686.0 151.0 684.0 155.0 669.0 Small_Car 1
172.0 653.0 166.0 668.0 158.0 665.0 164.0 650.0 Small_Car 1
224.0 520.0 220.0 541.0 211.0 539.0 215.0 519.0 Small_Car 1
346.0 547.0 327.0 556.0 323.0 549.0 342.0 539.0 Small_Car 1
489.0 753.0 486.0 770.0 479.0 768.0 483.0 752.0 Small_Car 1
538.0 632.0 536.0 639.0 520.0 635.0 522.0 628.0 Small_Car 1
397.0 624.0 396.0 633.0 374.0 629.0 376.0 620.0 Small_Car 1
473.0 592.0 471.0 600.0 454.0 595.0 456.0 588.0 Small_Car 1
484.0 576.0 482.0 584.0 460.0 578.0 462.0 571.0 Small_Car 1
491.0 555.0 489.0 564.0 468.0 560.0 470.0 550.0 Small_Car 1
497.0 535.0 494.0 541.0 475.0 534.0 477.0 528.0 Small_Car 1
545.0 565.0 543.0 573.0 525.0 567.0 528.0 560.0 Small_Car 1
211.0 115.0 210.0 121.0 191.0 116.0 193.0 110.0 Small_Car 1
224.0 161.0 222.0 167.0 208.0 162.0 210.0 155.0 Small_Car 1
385.0 134.0 373.0 145.0 368.0 140.0 380.0 129.0 Small_Car 1
356.0 207.0 352.0 212.0 339.0 202.0 343.0 197.0 Small_Car 1
480.0 188.0 478.0 195.0 462.0 190.0 463.0 184.0 Small_Car 1
446.0 202.0 444.0 208.0 427.0 204.0 428.0 197.0 Small_Car 1
580.0 216.0 577.0 222.0 561.0 216.0 563.0 210.0 Small_Car 1
