560.0 529.0 547.0 541.0 542.0 536.0 556.0 524.0 Small_Car 1
575.0 327.0 569.0 332.0 557.0 316.0 563.0 311.0 Small_Car 1
465.0 372.0 457.0 374.0 452.0 357.0 460.0 355.0 Small_Car 1
263.0 354.0 259.0 359.0 246.0 348.0 251.0 343.0 Small_Car 1
280.0 365.0 275.0 371.0 262.0 360.0 267.0 355.0 Small_Car 1
267.0 442.0 251.0 451.0 248.0 445.0 264.0 435.0 Small_Car 1
276.0 447.0 263.0 461.0 257.0 455.0 270.0 441.0 Small_Car 1
446.0 575.0 427.0 585.0 423.0 578.0 441.0 567.0 Small_Car 1
494.0 569.0 477.0 585.0 471.0 579.0 488.0 563.0 Small_Car 1
436.0 407.0 413.0 406.0 413.0 400.0 436.0 401.0 Small_Car 1
