753.0 482.0 733.0 484.0 733.0 478.0 753.0 476.0 Small_Car 1
731.0 485.0 711.0 487.0 711.0 481.0 731.0 479.0 Small_Car 1
799.0 31.0 791.0 32.0 789.0 15.0 797.0 14.0 Small_Car 1
11.0 346.0 3.0 348.0 0.0 332.0 8.0 331.0 Small_Car 1
28.0 282.0 7.0 286.0 6.0 279.0 27.0 275.0 Small_Car 1
65.0 299.0 56.0 300.0 53.0 286.0 62.0 285.0 Small_Car 1
75.0 298.0 68.0 299.0 65.0 287.0 73.0 285.0 Small_Car 1
27.0 347.0 19.0 347.0 18.0 331.0 26.0 331.0 Small_Car 1
142.0 335.0 125.0 335.0 125.0 330.0 142.0 329.0 Small_Car 1
143.0 344.0 129.0 346.0 128.0 341.0 142.0 339.0 Small_Car 1
171.0 378.0 165.0 379.0 163.0 367.0 169.0 365.0 Small_Car 1
240.0 380.0 232.0 381.0 229.0 366.0 236.0 365.0 Small_Car 1
283.0 346.0 268.0 347.0 268.0 342.0 283.0 341.0 Small_Car 1
149.0 152.0 126.0 154.0 126.0 146.0 148.0 145.0 Small_Car 1
105.0 101.0 97.0 104.0 92.0 91.0 100.0 88.0 Small_Car 1
44.0 129.0 37.0 129.0 35.0 111.0 42.0 111.0 Small_Car 1
256.0 10.0 255.0 25.0 246.0 25.0 246.0 10.0 Small_Car 1
273.0 24.0 257.0 24.0 257.0 17.0 273.0 17.0 Small_Car 1
339.0 55.0 319.0 56.0 319.0 50.0 339.0 49.0 Small_Car 1
342.0 71.0 321.0 73.0 320.0 66.0 342.0 64.0 Small_Car 1
267.0 76.0 247.0 77.0 246.0 70.0 266.0 70.0 Small_Car 1
410.0 116.0 401.0 117.0 401.0 102.0 409.0 101.0 Small_Car 1
613.0 99.0 607.0 100.0 604.0 84.0 611.0 83.0 Small_Car 1
653.0 39.0 644.0 39.0 644.0 23.0 653.0 23.0 Small_Car 1
653.0 138.0 632.0 140.0 631.0 134.0 653.0 132.0 Small_Car 1
511.0 260.0 501.0 261.0 498.0 241.0 508.0 240.0 Small_Car 1
447.0 268.0 437.0 268.0 437.0 252.0 447.0 252.0 Small_Car 1
373.0 348.0 365.0 349.0 363.0 336.0 371.0 335.0 Small_Car 1
385.0 347.0 377.0 349.0 374.0 335.0 382.0 333.0 Small_Car 1
416.0 417.0 395.0 418.0 394.0 411.0 416.0 410.0 Small_Car 1
495.0 410.0 475.0 412.0 475.0 405.0 495.0 403.0 Small_Car 1
531.0 431.0 511.0 432.0 511.0 425.0 531.0 424.0 Small_Car 1
530.0 371.0 527.0 387.0 519.0 385.0 523.0 370.0 Small_Car 1
488.0 335.0 467.0 336.0 467.0 329.0 487.0 328.0 Small_Car 1
524.0 323.0 519.0 337.0 511.0 334.0 515.0 321.0 Small_Car 1
576.0 359.0 568.0 360.0 567.0 345.0 575.0 345.0 Small_Car 1
604.0 281.0 603.0 294.0 597.0 294.0 597.0 281.0 Small_Car 1
698.0 321.0 690.0 322.0 687.0 304.0 695.0 303.0 Small_Car 1
429.0 438.0 408.0 439.0 407.0 433.0 428.0 432.0 Small_Car 1
376.0 502.0 361.0 513.0 357.0 508.0 372.0 497.0 Small_Car 1
523.0 508.0 500.0 510.0 500.0 504.0 522.0 502.0 Small_Car 1
473.0 567.0 464.0 569.0 461.0 559.0 470.0 556.0 Small_Car 1
409.0 577.0 401.0 578.0 399.0 559.0 408.0 558.0 Small_Car 1
524.0 591.0 507.0 593.0 507.0 587.0 523.0 585.0 Small_Car 1
625.0 587.0 603.0 589.0 603.0 583.0 624.0 581.0 Small_Car 1
653.0 554.0 646.0 554.0 644.0 540.0 652.0 539.0 Small_Car 1
680.0 517.0 674.0 521.0 666.0 506.0 672.0 502.0 Small_Car 1
650.0 515.0 630.0 515.0 630.0 510.0 650.0 509.0 Small_Car 1
648.0 420.0 625.0 421.0 624.0 415.0 648.0 414.0 Small_Car 1
635.0 453.0 617.0 453.0 617.0 447.0 635.0 447.0 Small_Car 1
639.0 460.0 617.0 461.0 616.0 456.0 639.0 454.0 Small_Car 1
640.0 469.0 618.0 471.0 617.0 464.0 639.0 463.0 Small_Car 1
692.0 472.0 684.0 472.0 683.0 456.0 691.0 456.0 Small_Car 1
779.0 438.0 771.0 439.0 769.0 422.0 777.0 422.0 Small_Car 1
