47.0 899.0 36.0 900.0 34.0 881.0 45.0 880.0 Small_Car 1
847.0 370.0 833.0 383.0 826.0 376.0 840.0 363.0 Small_Car 1
904.0 351.0 893.0 364.0 887.0 358.0 898.0 346.0 Small_Car 1
237.0 665.0 236.0 674.0 215.0 673.0 216.0 664.0 Small_Car 1
628.0 687.0 618.0 687.0 618.0 670.0 628.0 670.0 Small_Car 1
594.0 670.0 593.0 688.0 583.0 688.0 583.0 670.0 Small_Car 1
557.0 684.0 549.0 684.0 548.0 667.0 556.0 667.0 Small_Car 1
629.0 624.0 620.0 625.0 620.0 608.0 629.0 608.0 Small_Car 1
617.0 625.0 608.0 625.0 608.0 608.0 616.0 608.0 Small_Car 1
606.0 646.0 596.0 646.0 596.0 628.0 606.0 628.0 Small_Car 1
571.0 623.0 561.0 623.0 560.0 608.0 571.0 608.0 Small_Car 1
358.0 473.0 357.0 480.0 334.0 476.0 335.0 468.0 Small_Car 1
325.0 467.0 324.0 474.0 301.0 470.0 302.0 463.0 Small_Car 1
