398.0 331.0 391.0 335.0 381.0 322.0 388.0 317.0 Small_Car 1
327.0 235.0 309.0 235.0 309.0 228.0 327.0 228.0 Small_Car 1
180.0 216.0 179.0 223.0 159.0 222.0 159.0 216.0 Small_Car 1
177.0 233.0 155.0 233.0 155.0 226.0 177.0 226.0 Small_Car 1
250.0 321.0 230.0 321.0 230.0 316.0 250.0 315.0 Small_Car 1
165.0 305.0 146.0 305.0 146.0 300.0 165.0 300.0 Small_Car 1
167.0 288.0 147.0 289.0 147.0 283.0 166.0 282.0 Small_Car 1
105.0 148.0 86.0 148.0 86.0 143.0 105.0 143.0 Small_Car 1
47.0 150.0 25.0 150.0 25.0 143.0 47.0 143.0 Small_Car 1
96.0 792.0 73.0 792.0 73.0 785.0 96.0 785.0 Small_Car 1
100.0 746.0 81.0 746.0 81.0 740.0 100.0 740.0 Small_Car 1
97.0 731.0 79.0 731.0 79.0 723.0 97.0 724.0 Small_Car 1
160.0 801.0 153.0 801.0 152.0 786.0 160.0 785.0 Small_Car 1
146.0 739.0 132.0 739.0 132.0 734.0 146.0 734.0 Small_Car 1
151.0 694.0 130.0 694.0 130.0 686.0 151.0 686.0 Small_Car 1
28.0 671.0 15.0 685.0 9.0 680.0 22.0 665.0 Small_Car 1
51.0 656.0 35.0 656.0 35.0 650.0 51.0 650.0 Small_Car 1
