931.0 943.0 912.0 947.0 910.0 940.0 929.0 935.0 Small_Car 1
926.0 926.0 907.0 931.0 905.0 922.0 923.0 917.0 Small_Car 1
867.0 928.0 852.0 932.0 850.0 924.0 865.0 920.0 Small_Car 1
864.0 919.0 848.0 924.0 846.0 916.0 862.0 911.0 Small_Car 1
860.0 909.0 843.0 914.0 841.0 907.0 858.0 901.0 Small_Car 1
853.0 893.0 839.0 897.0 837.0 889.0 851.0 885.0 Small_Car 1
918.0 821.0 916.0 830.0 897.0 825.0 899.0 816.0 Small_Car 1
930.0 785.0 929.0 793.0 910.0 791.0 911.0 783.0 Small_Car 1
955.0 739.0 947.0 741.0 942.0 726.0 950.0 724.0 Small_Car 1
968.0 737.0 959.0 740.0 953.0 723.0 961.0 720.0 Small_Car 1
702.0 866.0 682.0 871.0 680.0 863.0 700.0 859.0 Small_Car 1
915.0 607.0 906.0 610.0 900.0 591.0 909.0 589.0 Small_Car 1
846.0 622.0 836.0 626.0 828.0 607.0 838.0 603.0 Small_Car 1
833.0 623.0 824.0 626.0 818.0 609.0 827.0 606.0 Small_Car 1
514.0 673.0 506.0 676.0 500.0 660.0 509.0 656.0 Small_Car 1
304.0 834.0 291.0 847.0 285.0 840.0 298.0 828.0 Small_Car 1
287.0 851.0 286.0 869.0 276.0 868.0 278.0 850.0 Small_Car 1
385.0 696.0 377.0 699.0 369.0 683.0 377.0 679.0 Small_Car 1
183.948456 1001.014343 181.742157 993.071594 200.000031 987.999939 202.206329 995.942688 Small_Car 1
194.0 979.0 175.0 985.0 172.0 978.0 192.0 972.0 Small_Car 1
57.0 898.0 39.0 907.0 36.0 900.0 54.0 891.0 Small_Car 1
76.0 828.0 68.0 832.0 60.0 818.0 68.0 814.0 Small_Car 1
182.0 725.0 175.0 730.0 164.0 714.0 172.0 709.0 Small_Car 1
161.0 729.0 154.0 734.0 143.0 717.0 150.0 712.0 Small_Car 1
635.0 464.0 626.0 466.0 622.0 449.0 631.0 447.0 Small_Car 1
548.0 469.0 530.0 477.0 527.0 469.0 544.0 461.0 Small_Car 1
690.0 453.0 682.0 455.0 679.0 443.0 687.0 441.0 Small_Car 1
312.0 510.0 292.0 513.0 291.0 504.0 311.0 501.0 Small_Car 1
216.0 23.0 193.0 27.0 191.0 18.0 215.0 14.0 Small_Car 1
