35.0 1003.0 29.0 988.0 39.0 985.0 45.0 999.0 Small_Car 1
1.0 923.0 -4.0 907.0 3.0 903.0 10.0 920.0 Small_Car 1
20.0 943.0 11.0 946.0 5.0 928.0 14.0 925.0 Small_Car 1
28.0 963.0 20.0 966.0 14.0 949.0 22.0 946.0 Small_Car 1
35.0 980.0 26.0 984.0 20.0 968.0 29.0 965.0 Small_Car 1
191.0 788.0 190.0 802.0 181.0 801.0 182.0 787.0 Small_Car 1
181.0 787.0 179.0 805.0 169.0 804.0 171.0 786.0 Small_Car 1
167.0 788.0 165.0 806.0 156.0 805.0 158.0 787.0 Small_Car 1
44.0 773.0 38.0 779.0 26.0 767.0 32.0 761.0 Small_Car 1
62.0 788.0 56.0 795.0 42.0 782.0 48.0 775.0 Small_Car 1
83.0 806.0 75.0 814.0 60.0 798.0 67.0 791.0 Small_Car 1
97.0 819.0 92.0 824.0 78.0 813.0 82.0 807.0 Small_Car 1
116.0 819.0 102.0 831.0 96.0 825.0 111.0 813.0 Small_Car 1
124.0 828.0 111.0 840.0 104.0 832.0 118.0 821.0 Small_Car 1
131.0 836.0 118.0 847.0 112.0 840.0 126.0 829.0 Small_Car 1
137.0 846.0 123.0 856.0 118.0 848.0 131.0 838.0 Small_Car 1
155.0 859.0 141.0 869.0 135.0 862.0 149.0 851.0 Small_Car 1
164.0 864.0 150.0 877.0 143.0 869.0 157.0 856.0 Small_Car 1
174.0 873.0 158.0 882.0 153.0 873.0 169.0 864.0 Small_Car 1
191.0 887.0 178.0 898.0 172.0 890.0 186.0 880.0 Small_Car 1
222.0 852.0 221.0 858.0 203.0 857.0 203.0 851.0 Small_Car 1
221.0 868.0 201.0 866.0 202.0 858.0 221.0 859.0 Small_Car 1
376.0 745.0 353.0 749.0 351.0 740.0 375.0 736.0 Small_Car 1
365.0 728.0 341.0 734.0 338.0 724.0 362.0 717.0 Small_Car 1
362.0 699.0 333.0 704.0 332.0 697.0 361.0 692.0 Small_Car 1
354.0 691.0 330.0 694.0 329.0 686.0 353.0 683.0 Small_Car 1
309.0 716.0 307.0 736.0 295.0 734.0 298.0 715.0 Small_Car 1
306.0 738.0 302.0 756.0 291.0 753.0 296.0 736.0 Small_Car 1
274.0 864.0 252.0 864.0 253.0 855.0 274.0 856.0 Small_Car 1
273.0 855.0 253.0 855.0 253.0 846.0 273.0 847.0 Small_Car 1
280.0 828.0 279.0 838.0 256.0 836.0 257.0 827.0 Small_Car 1
280.0 791.0 279.0 800.0 257.0 799.0 257.0 790.0 Small_Car 1
336.0 761.0 331.0 777.0 322.0 775.0 327.0 758.0 Small_Car 1
328.0 778.0 323.0 797.0 314.0 795.0 320.0 776.0 Small_Car 1
346.0 867.0 338.0 870.0 331.0 852.0 339.0 849.0 Small_Car 1
355.0 886.0 347.0 889.0 341.0 872.0 349.0 869.0 Small_Car 1
367.0 915.0 359.0 917.0 354.0 901.0 363.0 898.0 Small_Car 1
594.0 763.0 586.0 765.0 583.0 755.0 591.0 753.0 Small_Car 1
570.0 749.0 554.0 753.0 552.0 747.0 568.0 743.0 Small_Car 1
569.0 741.0 549.0 747.0 546.0 740.0 566.0 733.0 Small_Car 1
637.0 742.0 616.0 749.0 613.0 741.0 634.0 734.0 Small_Car 1
664.0 639.0 660.0 648.0 637.0 640.0 641.0 631.0 Small_Car 1
666.0 629.0 663.0 637.0 644.0 631.0 647.0 623.0 Small_Car 1
670.0 620.0 667.0 628.0 648.0 621.0 651.0 613.0 Small_Car 1
631.0 640.0 628.0 647.0 612.0 641.0 615.0 634.0 Small_Car 1
638.0 631.0 635.0 639.0 615.0 633.0 617.0 625.0 Small_Car 1
644.0 622.0 642.0 631.0 621.0 624.0 624.0 615.0 Small_Car 1
643.0 614.0 641.0 620.0 621.0 613.0 623.0 607.0 Small_Car 1
423.0 586.0 421.0 592.0 409.0 588.0 412.0 582.0 Small_Car 1
638.0 490.0 630.0 493.0 622.0 476.0 630.0 473.0 Small_Car 1
609.0 127.0 604.0 134.0 585.0 121.0 590.0 114.0 Small_Car 1
582.0 120.0 560.0 122.0 559.0 114.0 581.0 112.0 Small_Car 1
585.0 178.0 576.0 180.0 571.0 164.0 580.0 161.0 Small_Car 1
632.0 237.0 622.0 253.0 615.0 249.0 625.0 233.0 Small_Car 1
637.0 248.0 628.0 262.0 621.0 258.0 631.0 243.0 Small_Car 1
650.0 277.0 642.0 292.0 634.0 288.0 642.0 273.0 Small_Car 1
659.0 285.0 646.0 299.0 640.0 294.0 652.0 280.0 Small_Car 1
660.0 297.0 650.0 310.0 642.0 305.0 652.0 291.0 Small_Car 1
803.0 363.0 802.0 371.0 779.0 367.0 780.0 359.0 Small_Car 1
728.0 361.0 718.0 365.0 712.0 350.0 722.0 346.0 Small_Car 1
739.0 386.0 729.0 390.0 721.0 371.0 731.0 366.0 Small_Car 1
733.0 399.0 712.0 405.0 710.0 396.0 730.0 390.0 Small_Car 1
735.0 418.0 716.0 424.0 714.0 417.0 733.0 411.0 Small_Car 1
745.0 444.0 728.0 450.0 725.0 443.0 742.0 437.0 Small_Car 1
759.0 469.0 738.0 475.0 736.0 467.0 757.0 461.0 Small_Car 1
763.0 479.0 741.0 484.0 739.0 475.0 761.0 470.0 Small_Car 1
793.0 530.0 775.0 536.0 772.0 529.0 790.0 522.0 Small_Car 1
796.0 540.0 773.0 547.0 771.0 539.0 794.0 532.0 Small_Car 1
797.0 548.0 780.0 555.0 777.0 548.0 794.0 541.0 Small_Car 1
941.0 498.0 940.0 511.0 931.0 510.0 933.0 497.0 Small_Car 1
851.0 575.0 834.0 584.0 830.0 577.0 848.0 567.0 Small_Car 1
857.0 582.0 837.0 592.0 834.0 586.0 853.0 576.0 Small_Car 1
