193.0 975.0 170.0 975.0 170.0 968.0 193.0 968.0 Small_Car 1
93.0 330.0 69.0 329.0 70.0 321.0 93.0 321.0 Small_Car 1
31.0 259.0 20.0 259.0 20.0 239.0 31.0 239.0 Small_Car 1
27.0 169.0 26.0 185.0 18.0 185.0 18.0 169.0 Small_Car 1
361.0 23.0 360.0 41.0 351.0 41.0 352.0 23.0 Small_Car 1
746.0 70.0 727.0 70.0 726.0 63.0 746.0 63.0 Small_Car 1
967.0 705.0 942.0 704.0 942.0 697.0 967.0 697.0 Small_Car 1
890.0 704.0 869.0 703.0 869.0 697.0 890.0 697.0 Small_Car 1
798.0 704.0 772.0 703.0 772.0 696.0 798.0 696.0 Small_Car 1
759.0 510.0 737.0 510.0 738.0 504.0 759.0 504.0 Small_Car 1
663.0 549.0 642.0 550.0 642.0 543.0 663.0 542.0 Small_Car 1
