518.0 390.0 502.0 390.0 502.0 383.0 518.0 383.0 Small_Car 1
503.0 381.0 474.0 380.0 474.0 371.0 503.0 372.0 Small_Car 1
328.0 308.0 308.0 307.0 309.0 301.0 328.0 301.0 Small_Car 1
13.0 408.0 5.0 408.0 5.0 391.0 12.0 391.0 Small_Car 1
625.0 31.0 619.0 39.0 600.0 24.0 606.0 17.0 Small_Car 1
800.0 742.0 793.0 747.0 785.0 733.0 792.0 729.0 Small_Car 1
770.0 756.0 762.0 761.0 754.0 747.0 762.0 743.0 Small_Car 1
761.0 761.0 754.0 765.0 745.0 752.0 752.0 748.0 Small_Car 1
751.0 767.0 744.0 772.0 735.0 757.0 742.0 753.0 Small_Car 1
740.0 772.0 733.0 776.0 725.0 762.0 732.0 758.0 Small_Car 1
578.0 778.0 571.0 783.0 561.0 769.0 568.0 764.0 Small_Car 1
569.0 783.0 562.0 788.0 552.0 773.0 559.0 768.0 Small_Car 1
639.0 821.0 631.0 826.0 620.0 811.0 627.0 805.0 Small_Car 1
657.0 812.0 650.0 816.0 639.0 800.0 646.0 795.0 Small_Car 1
646.0 794.0 638.0 799.0 629.0 784.0 637.0 779.0 Small_Car 1
633.0 800.0 627.0 804.0 617.0 789.0 624.0 784.0 Small_Car 1
595.0 818.0 588.0 822.0 578.0 808.0 585.0 804.0 Small_Car 1
584.0 822.0 577.0 827.0 568.0 812.0 575.0 808.0 Small_Car 1
575.0 827.0 568.0 832.0 558.0 817.0 565.0 812.0 Small_Car 1
586.0 843.0 579.0 848.0 569.0 833.0 576.0 828.0 Small_Car 1
576.0 846.0 569.0 851.0 559.0 837.0 566.0 832.0 Small_Car 1
567.0 853.0 560.0 858.0 551.0 842.0 558.0 838.0 Small_Car 1
557.0 859.0 551.0 863.0 540.0 848.0 547.0 843.0 Small_Car 1
536.0 846.0 529.0 851.0 520.0 836.0 527.0 832.0 Small_Car 1
526.0 851.0 520.0 856.0 509.0 842.0 515.0 837.0 Small_Car 1
670.0 855.0 662.0 860.0 653.0 846.0 661.0 841.0 Small_Car 1
659.0 859.0 652.0 864.0 641.0 850.0 648.0 845.0 Small_Car 1
648.0 864.0 641.0 868.0 631.0 854.0 638.0 850.0 Small_Car 1
637.0 869.0 631.0 874.0 621.0 860.0 628.0 855.0 Small_Car 1
619.0 878.0 612.0 883.0 602.0 870.0 609.0 864.0 Small_Car 1
608.0 885.0 601.0 889.0 592.0 874.0 598.0 870.0 Small_Car 1
589.0 892.0 582.0 897.0 572.0 883.0 579.0 878.0 Small_Car 1
579.0 898.0 572.0 903.0 562.0 888.0 569.0 883.0 Small_Car 1
548.0 912.0 541.0 917.0 531.0 902.0 538.0 897.0 Small_Car 1
509.0 932.0 502.0 937.0 492.0 922.0 500.0 917.0 Small_Car 1
468.0 952.0 461.0 956.0 452.0 940.0 459.0 936.0 Small_Car 1
459.0 955.0 453.0 959.0 444.0 943.0 450.0 940.0 Small_Car 1
438.0 962.0 431.0 967.0 423.0 953.0 430.0 949.0 Small_Car 1
428.0 970.0 421.0 974.0 412.0 959.0 419.0 955.0 Small_Car 1
390.0 989.0 383.0 994.0 374.0 980.0 381.0 975.0 Small_Car 1
379.0 992.0 372.0 997.0 363.0 983.0 370.0 978.0 Small_Car 1
361.695496 1002.429077 353.695496 987.429077 362.0 983.0 370.0 998.0 Small_Car 1
358.615356 1000.0 348.153809 1000.0 343.927979 993.896057 351.0 989.000061 Small_Car 1
257.999969 1001.000061 247.999969 985.000061 256.719086 979.550598 266.719086 995.550598 Small_Car 1
298.0 981.0 291.0 986.0 282.0 973.0 288.0 968.0 Small_Car 1
305.0 974.0 298.0 979.0 289.0 966.0 297.0 961.0 Small_Car 1
327.0 967.0 319.0 972.0 309.0 957.0 317.0 952.0 Small_Car 1
336.0 962.0 328.0 967.0 319.0 952.0 327.0 946.0 Small_Car 1
347.0 957.0 339.0 963.0 330.0 947.0 337.0 942.0 Small_Car 1
356.0 952.0 349.0 956.0 338.0 942.0 345.0 937.0 Small_Car 1
367.0 948.0 358.0 953.0 349.0 937.0 357.0 932.0 Small_Car 1
375.0 941.0 368.0 946.0 358.0 932.0 365.0 927.0 Small_Car 1
387.0 939.0 379.0 944.0 370.0 929.0 377.0 925.0 Small_Car 1
396.0 934.0 389.0 939.0 379.0 926.0 385.0 921.0 Small_Car 1
417.0 927.0 410.0 932.0 400.0 916.0 408.0 912.0 Small_Car 1
426.0 922.0 420.0 926.0 409.0 910.0 415.0 905.0 Small_Car 1
438.0 914.0 431.0 920.0 418.0 905.0 425.0 899.0 Small_Car 1
489.0 891.0 481.0 896.0 471.0 881.0 479.0 876.0 Small_Car 1
478.0 897.0 470.0 902.0 460.0 886.0 468.0 881.0 Small_Car 1
500.0 888.0 493.0 892.0 484.0 876.0 491.0 872.0 Small_Car 1
496.0 866.0 488.0 871.0 478.0 856.0 486.0 850.0 Small_Car 1
394.0 913.0 387.0 918.0 377.0 902.0 383.0 898.0 Small_Car 1
384.0 918.0 377.0 922.0 367.0 907.0 374.0 903.0 Small_Car 1
374.0 923.0 368.0 927.0 358.0 912.0 364.0 908.0 Small_Car 1
363.0 927.0 357.0 931.0 347.0 916.0 353.0 912.0 Small_Car 1
325.0 946.0 318.0 951.0 309.0 936.0 316.0 932.0 Small_Car 1
315.0 951.0 308.0 956.0 299.0 940.0 306.0 936.0 Small_Car 1
296.0 961.0 289.0 965.0 279.0 950.0 285.0 946.0 Small_Car 1
286.0 966.0 279.0 971.0 268.0 955.0 275.0 950.0 Small_Car 1
265.0 976.0 258.0 980.0 248.0 964.0 256.0 960.0 Small_Car 1
255.0 979.0 247.0 984.0 237.0 969.0 245.0 964.0 Small_Car 1
245.0 985.0 237.0 989.0 227.0 973.0 236.0 968.0 Small_Car 1
238.0 938.0 230.0 942.0 220.0 927.0 228.0 922.0 Small_Car 1
256.0 928.0 250.0 932.0 240.0 919.0 247.0 914.0 Small_Car 1
281.0 920.0 274.0 925.0 262.0 910.0 269.0 905.0 Small_Car 1
285.0 912.0 279.0 917.0 270.0 904.0 276.0 899.0 Small_Car 1
388.0 868.0 381.0 873.0 369.0 857.0 377.0 852.0 Small_Car 1
405.0 837.0 399.0 842.0 387.0 828.0 394.0 823.0 Small_Car 1
355.0 860.0 349.0 865.0 337.0 850.0 344.0 845.0 Small_Car 1
286.0 894.0 279.0 898.0 270.0 884.0 277.0 879.0 Small_Car 1
265.0 903.0 258.0 908.0 248.0 893.0 256.0 888.0 Small_Car 1
255.0 908.0 247.0 913.0 238.0 897.0 246.0 892.0 Small_Car 1
235.0 918.0 227.0 923.0 217.0 907.0 225.0 902.0 Small_Car 1
225.0 923.0 218.0 927.0 209.0 912.0 215.0 907.0 Small_Car 1
215.0 925.0 208.0 930.0 198.0 915.0 204.0 910.0 Small_Car 1
285.0 843.0 279.0 848.0 268.0 834.0 274.0 829.0 Small_Car 1
254.0 857.0 248.0 862.0 239.0 849.0 246.0 845.0 Small_Car 1
573.0 444.0 555.0 443.0 555.0 436.0 573.0 437.0 Small_Car 1
550.0 409.0 549.0 428.0 540.0 427.0 541.0 409.0 Small_Car 1
771.0 811.0 764.0 816.0 754.0 801.0 761.0 796.0 Small_Car 1
778.0 805.0 771.0 810.0 762.0 794.0 769.0 790.0 Small_Car 1
789.0 802.0 781.0 806.0 771.0 789.0 778.0 785.0 Small_Car 1
808.0 792.0 800.0 797.0 790.0 779.0 799.0 774.0 Small_Car 1
819.0 787.0 811.0 791.0 801.0 773.0 809.0 769.0 Small_Car 1
830.0 782.0 822.0 787.0 811.0 769.0 819.0 765.0 Small_Car 1
838.0 777.0 831.0 782.0 821.0 765.0 828.0 761.0 Small_Car 1
591.0 773.0 582.0 780.0 569.0 760.0 577.0 754.0 Small_Car 1
446.0 888.0 439.0 893.0 431.0 881.0 439.0 876.0 Small_Car 1
