495.0 652.0 476.0 653.0 475.0 647.0 494.0 645.0 Small_Car 1
441.0 555.0 422.0 554.0 422.0 548.0 441.0 548.0 Small_Car 1
401.0 443.0 400.0 458.0 393.0 457.0 393.0 442.0 Small_Car 1
439.0 426.0 420.0 426.0 420.0 421.0 439.0 421.0 Small_Car 1
367.0 472.0 357.0 472.0 357.0 458.0 367.0 458.0 Small_Car 1
266.0 490.0 259.0 490.0 258.0 474.0 265.0 474.0 Small_Car 1
445.0 334.0 428.0 334.0 428.0 328.0 444.0 327.0 Small_Car 1
443.0 325.0 424.0 325.0 423.0 319.0 443.0 319.0 Small_Car 1
403.0 266.0 395.0 265.0 396.0 249.0 403.0 250.0 Small_Car 1
337.0 282.0 319.0 281.0 319.0 276.0 337.0 277.0 Small_Car 1
339.0 271.0 319.0 271.0 320.0 265.0 339.0 266.0 Small_Car 1
443.0 226.0 424.0 225.0 424.0 218.0 443.0 219.0 Small_Car 1
444.0 212.0 425.0 211.0 425.0 206.0 444.0 206.0 Small_Car 1
403.0 216.0 394.0 216.0 394.0 201.0 403.0 201.0 Small_Car 1
369.0 193.0 360.0 194.0 359.0 176.0 368.0 175.0 Small_Car 1
131.0 419.0 125.0 423.0 117.0 411.0 123.0 407.0 Small_Car 1
147.0 405.0 142.0 410.0 131.0 400.0 136.0 395.0 Small_Car 1
25.0 412.0 14.0 426.0 9.0 422.0 19.0 408.0 Small_Car 1
28.0 395.0 14.0 407.0 10.0 402.0 23.0 390.0 Small_Car 1
54.0 305.0 52.0 324.0 42.0 323.0 44.0 303.0 Small_Car 1
14.0 280.0 3.0 280.0 3.0 274.0 14.0 274.0 Small_Car 1
216.0 43.0 214.0 59.0 207.0 59.0 209.0 42.0 Small_Car 1
215.0 61.0 214.0 78.0 206.0 78.0 207.0 61.0 Small_Car 1
262.0 109.0 238.0 110.0 238.0 102.0 262.0 101.0 Small_Car 1
283.0 85.0 276.0 85.0 276.0 72.0 283.0 72.0 Small_Car 1
592.0 52.0 591.0 68.0 583.0 68.0 585.0 51.0 Small_Car 1
97.0 670.0 76.0 669.0 76.0 661.0 97.0 662.0 Small_Car 1
