428.0 632.0 420.0 646.0 414.0 642.0 421.0 629.0 Small_Car 1
497.0 555.0 492.0 570.0 485.0 568.0 490.0 553.0 Small_Car 1
503.0 537.0 498.0 551.0 491.0 549.0 496.0 534.0 Small_Car 1
431.0 508.0 430.0 516.0 409.0 513.0 410.0 505.0 Small_Car 1
251.0 458.0 250.0 464.0 232.0 462.0 233.0 456.0 Small_Car 1
144.0 521.0 137.0 534.0 131.0 531.0 138.0 518.0 Small_Car 1
596.0 111.0 580.0 112.0 580.0 106.0 596.0 105.0 Small_Car 1
502.0 41.0 493.0 41.0 493.0 24.0 502.0 24.0 Small_Car 1
398.0 95.0 377.0 96.0 377.0 89.0 398.0 88.0 Small_Car 1
272.0 97.0 252.0 97.0 252.0 91.0 272.0 91.0 Small_Car 1
250.0 99.0 229.0 99.0 229.0 91.0 250.0 91.0 Small_Car 1
194.0 194.0 186.0 194.0 186.0 175.0 194.0 175.0 Small_Car 1
104.0 399.0 82.0 400.0 82.0 390.0 104.0 390.0 Small_Car 1
558.0 359.0 556.0 365.0 541.0 360.0 543.0 354.0 Small_Car 1
564.0 339.0 544.0 339.0 544.0 332.0 564.0 332.0 Small_Car 1
555.0 179.0 537.0 179.0 537.0 172.0 555.0 172.0 Small_Car 1
