467.0 198.0 459.0 198.0 459.0 182.0 467.0 182.0 Small_Car 1
661.0 175.0 640.0 174.0 640.0 165.0 661.0 165.0 Small_Car 1
369.0 428.0 361.0 429.0 361.0 413.0 368.0 412.0 Small_Car 1
534.0 127.0 526.0 126.0 527.0 110.0 534.0 110.0 Small_Car 1
791.0 186.0 790.0 200.0 783.0 200.0 783.0 186.0 Small_Car 1
589.0 505.0 569.0 505.0 569.0 497.0 589.0 497.0 Small_Car 1
478.0 481.0 471.0 481.0 471.0 464.0 477.0 464.0 Small_Car 1
192.0 336.0 172.0 336.0 172.0 329.0 192.0 328.0 Small_Car 1
376.0 174.0 356.0 174.0 355.0 166.0 376.0 165.0 Small_Car 1
447.0 173.0 429.0 173.0 429.0 166.0 447.0 166.0 Small_Car 1
623.0 106.0 614.0 106.0 615.0 89.0 623.0 89.0 Small_Car 1
656.0 55.0 648.0 55.0 647.0 37.0 656.0 37.0 Small_Car 1
607.0 17.0 588.0 17.0 588.0 9.0 607.0 9.0 Small_Car 1
314.0 504.0 293.0 504.0 293.0 495.0 314.0 495.0 Small_Car 1
220.0 174.0 197.0 174.0 198.0 166.0 220.0 166.0 Small_Car 1
101.0 450.0 84.0 451.0 84.0 443.0 101.0 443.0 Small_Car 1
