443.0 771.0 427.0 771.0 427.0 765.0 443.0 765.0 Small_Car 1
444.0 797.0 430.0 798.0 430.0 792.0 444.0 791.0 Small_Car 1
390.0 790.0 372.0 791.0 372.0 784.0 390.0 784.0 Small_Car 1
388.0 772.0 371.0 773.0 371.0 766.0 388.0 766.0 Small_Car 1
390.0 762.0 372.0 763.0 372.0 757.0 388.0 756.0 Small_Car 1
530.0 508.0 523.0 520.0 517.0 517.0 523.0 504.0 Small_Car 1
231.0 656.0 220.0 657.0 220.0 651.0 231.0 650.0 Small_Car 1
241.0 500.0 240.0 507.0 222.0 506.0 222.0 499.0 Small_Car 1
248.0 142.0 230.0 144.0 229.0 137.0 247.0 135.0 Small_Car 1
303.0 437.0 295.0 437.0 294.0 423.0 302.0 422.0 Small_Car 1
304.0 475.0 297.0 475.0 296.0 460.0 304.0 460.0 Small_Car 1
320.0 483.0 312.0 483.0 311.0 466.0 319.0 466.0 Small_Car 1
324.0 563.0 318.0 564.0 318.0 551.0 324.0 551.0 Small_Car 1
322.0 649.0 313.0 649.0 313.0 634.0 321.0 634.0 Small_Car 1
297.0 690.0 289.0 690.0 288.0 673.0 297.0 673.0 Small_Car 1
111.0 410.0 93.0 423.0 87.0 417.0 105.0 403.0 Small_Car 1
169.0 399.0 155.0 410.0 151.0 404.0 164.0 394.0 Small_Car 1
190.0 380.0 176.0 392.0 171.0 387.0 186.0 374.0 Small_Car 1
182.0 359.0 169.0 365.0 166.0 359.0 179.0 353.0 Small_Car 1
372.0 204.0 364.0 212.0 358.0 206.0 368.0 198.0 Small_Car 1
454.0 166.0 439.0 179.0 433.0 173.0 448.0 160.0 Small_Car 1
517.0 130.0 508.0 138.0 504.0 133.0 513.0 125.0 Small_Car 1
501.0 127.0 490.0 138.0 486.0 133.0 497.0 122.0 Small_Car 1
568.0 89.0 553.0 102.0 548.0 96.0 562.0 83.0 Small_Car 1
547.0 53.0 534.0 58.0 532.0 53.0 545.0 47.0 Small_Car 1
