773.0 51.0 764.0 53.0 760.0 36.0 769.0 34.0 Small_Car 1
859.0 132.0 834.0 136.0 833.0 127.0 858.0 123.0 Small_Car 1
843.0 204.0 839.0 212.0 820.0 204.0 823.0 195.0 Small_Car 1
780.0 409.0 771.0 414.0 762.0 398.0 770.0 393.0 Small_Car 1
751.0 368.0 744.0 374.0 733.0 358.0 740.0 352.0 Small_Car 1
735.0 344.0 727.0 349.0 718.0 335.0 726.0 330.0 Small_Car 1
390.0 240.0 366.0 247.0 364.0 238.0 387.0 231.0 Small_Car 1
510.0 265.0 501.0 269.0 494.0 253.0 503.0 249.0 Small_Car 1
497.0 266.0 489.0 270.0 482.0 258.0 490.0 253.0 Small_Car 1
589.0 291.0 581.0 297.0 568.0 280.0 576.0 274.0 Small_Car 1
532.0 257.0 523.0 262.0 515.0 246.0 524.0 241.0 Small_Car 1
604.0 222.0 596.0 226.0 588.0 212.0 595.0 207.0 Small_Car 1
486.0 49.0 478.0 55.0 469.0 43.0 477.0 37.0 Small_Car 1
518.0 35.0 511.0 41.0 498.0 24.0 505.0 18.0 Small_Car 1
632.0 53.0 623.0 56.0 617.0 38.0 627.0 35.0 Small_Car 1
635.0 70.0 627.0 73.0 622.0 57.0 631.0 55.0 Small_Car 1
787.0 52.0 779.0 54.0 774.0 37.0 783.0 35.0 Small_Car 1
871.0 8.0 847.0 9.0 847.0 1.0 871.0 1.0 Small_Car 1
983.0 958.0 960.0 962.0 959.0 954.0 981.0 950.0 Small_Car 1
907.0 811.0 889.0 813.0 889.0 806.0 907.0 805.0 Small_Car 1
904.0 780.0 883.0 783.0 882.0 775.0 903.0 773.0 Small_Car 1
936.0 690.0 928.0 692.0 924.0 679.0 932.0 676.0 Small_Car 1
905.0 679.0 884.0 681.0 883.0 673.0 904.0 671.0 Small_Car 1
809.0 633.0 801.0 636.0 795.0 622.0 803.0 619.0 Small_Car 1
770.0 668.0 761.0 670.0 757.0 655.0 766.0 653.0 Small_Car 1
670.0 630.0 649.0 632.0 648.0 624.0 669.0 622.0 Small_Car 1
702.0 679.0 692.0 680.0 689.0 661.0 698.0 659.0 Small_Car 1
646.0 703.0 636.0 705.0 632.0 689.0 642.0 687.0 Small_Car 1
347.0 944.0 339.0 947.0 333.0 930.0 341.0 927.0 Small_Car 1
326.0 882.0 316.0 887.0 308.0 870.0 317.0 865.0 Small_Car 1
159.0 764.0 158.0 773.0 137.0 771.0 138.0 762.0 Small_Car 1
538.0 627.0 537.0 634.0 517.0 630.0 518.0 624.0 Small_Car 1
494.0 615.0 493.0 621.0 471.0 618.0 472.0 612.0 Small_Car 1
520.0 594.0 519.0 603.0 499.0 599.0 501.0 590.0 Small_Car 1
522.0 548.0 502.0 557.0 499.0 549.0 519.0 540.0 Small_Car 1
511.0 533.0 488.0 541.0 486.0 534.0 509.0 525.0 Small_Car 1
502.0 516.0 481.0 523.0 478.0 515.0 499.0 509.0 Small_Car 1
496.0 507.0 474.0 516.0 471.0 509.0 493.0 500.0 Small_Car 1
466.0 507.0 458.0 511.0 449.0 493.0 458.0 489.0 Small_Car 1
432.0 517.0 424.0 522.0 414.0 504.0 422.0 500.0 Small_Car 1
385.0 170.0 378.0 174.0 371.0 160.0 378.0 156.0 Small_Car 1
376.0 174.0 368.0 178.0 362.0 163.0 370.0 159.0 Small_Car 1
352.0 175.0 343.0 177.0 340.0 163.0 349.0 161.0 Small_Car 1
361.0 152.0 338.0 157.0 336.0 149.0 359.0 144.0 Small_Car 1
202.0 222.0 194.0 226.0 187.0 211.0 196.0 207.0 Small_Car 1
215.0 219.0 208.0 223.0 200.0 208.0 207.0 204.0 Small_Car 1
269.0 198.0 265.0 205.0 247.0 194.0 251.0 187.0 Small_Car 1
268.0 503.0 260.0 508.0 249.0 491.0 257.0 486.0 Small_Car 1
247.0 468.0 238.0 473.0 230.0 458.0 239.0 454.0 Small_Car 1
214.0 458.0 206.0 463.0 196.0 449.0 204.0 443.0 Small_Car 1
223.0 427.0 214.0 432.0 205.0 416.0 214.0 411.0 Small_Car 1
126.0 332.0 118.0 337.0 109.0 321.0 116.0 317.0 Small_Car 1
116.0 316.0 108.0 321.0 97.0 306.0 105.0 301.0 Small_Car 1
240.0 117.0 229.0 119.0 224.0 102.0 235.0 99.0 Small_Car 1
454.0 109.0 430.0 113.0 429.0 106.0 452.0 102.0 Small_Car 1
429.0 117.0 403.0 119.0 403.0 112.0 429.0 110.0 Small_Car 1
428.0 104.0 402.0 106.0 401.0 99.0 427.0 97.0 Small_Car 1
425.0 92.0 398.0 97.0 397.0 89.0 423.0 85.0 Small_Car 1
