779.0 347.0 774.0 352.0 762.0 342.0 766.0 337.0 Small_Car 1
761.0 334.0 757.0 339.0 745.0 331.0 748.0 325.0 Small_Car 1
763.0 315.0 759.0 321.0 745.0 311.0 749.0 306.0 Small_Car 1
455.0 131.0 452.0 136.0 439.0 127.0 443.0 122.0 Small_Car 1
494.0 121.0 484.0 131.0 480.0 127.0 490.0 117.0 Small_Car 1
500.0 157.0 496.0 162.0 484.0 153.0 487.0 148.0 Small_Car 1
517.0 169.0 513.0 174.0 501.0 166.0 505.0 161.0 Small_Car 1
466.0 161.0 462.0 166.0 448.0 156.0 452.0 151.0 Small_Car 1
488.0 174.0 484.0 180.0 469.0 170.0 473.0 164.0 Small_Car 1
404.0 167.0 394.0 178.0 389.0 173.0 399.0 162.0 Small_Car 1
580.0 215.0 577.0 219.0 564.0 210.0 568.0 205.0 Small_Car 1
111.0 313.0 109.0 320.0 90.0 316.0 91.0 309.0 Small_Car 1
275.0 445.0 268.0 446.0 265.0 430.0 273.0 429.0 Small_Car 1
389.0 441.0 370.0 447.0 368.0 441.0 387.0 435.0 Small_Car 1
437.0 468.0 417.0 470.0 416.0 464.0 436.0 461.0 Small_Car 1
311.0 569.0 305.0 572.0 299.0 557.0 306.0 554.0 Small_Car 1
