163.0 668.0 159.0 674.0 144.0 664.0 149.0 658.0 Small_Car 1
164.0 650.0 143.0 652.0 143.0 645.0 163.0 643.0 Small_Car 1
214.0 714.0 189.0 715.0 188.0 707.0 214.0 706.0 Small_Car 1
134.0 766.0 129.0 770.0 119.0 760.0 123.0 755.0 Small_Car 1
189.0 797.0 168.0 799.0 167.0 793.0 188.0 791.0 Small_Car 1
26.0 437.0 4.0 439.0 4.0 432.0 26.0 431.0 Small_Car 1
344.0 578.0 343.0 596.0 333.0 596.0 334.0 578.0 Small_Car 1
512.0 921.0 505.0 922.0 501.0 907.0 507.0 905.0 Small_Car 1
393.0 869.0 392.0 882.0 383.0 882.0 383.0 869.0 Small_Car 1
514.0 805.0 494.0 806.0 494.0 798.0 514.0 797.0 Small_Car 1
377.0 755.0 368.0 758.0 364.0 741.0 373.0 739.0 Small_Car 1
638.0 751.0 614.0 753.0 614.0 746.0 638.0 745.0 Small_Car 1
666.0 749.0 646.0 750.0 646.0 743.0 666.0 742.0 Small_Car 1
624.0 801.0 621.0 808.0 602.0 800.0 605.0 792.0 Small_Car 1
707.0 951.0 691.0 962.0 685.0 953.0 700.0 942.0 Small_Car 1
773.0 994.0 754.0 995.0 754.0 986.0 773.0 985.0 Small_Car 1
882.0 998.0 873.0 999.0 871.0 982.0 880.0 981.0 Small_Car 1
727.0 859.0 715.0 861.0 713.0 843.0 724.0 841.0 Small_Car 1
870.0 896.0 857.0 899.0 852.0 879.0 866.0 876.0 Small_Car 1
827.0 669.0 818.0 669.0 817.0 656.0 826.0 655.0 Small_Car 1
679.0 463.0 673.0 464.0 669.0 447.0 675.0 446.0 Small_Car 1
552.0 141.0 529.0 141.0 529.0 132.0 552.0 132.0 Small_Car 1
967.0 106.0 955.0 106.0 955.0 92.0 967.0 92.0 Small_Car 1
965.0 78.0 957.0 82.0 949.0 65.0 958.0 61.0 Small_Car 1
980.0 252.0 969.0 265.0 963.0 260.0 973.0 247.0 Small_Car 1
996.0 239.0 983.0 250.0 978.0 243.0 991.0 232.0 Small_Car 1
980.0 338.0 978.0 343.0 958.0 336.0 960.0 330.0 Small_Car 1
817.0 422.0 807.0 424.0 803.0 407.0 814.0 404.0 Small_Car 1
889.0 522.0 878.0 523.0 876.0 505.0 887.0 504.0 Small_Car 1
925.0 516.0 915.0 516.0 914.0 501.0 924.0 500.0 Small_Car 1
956.0 512.0 944.0 514.0 942.0 498.0 954.0 497.0 Small_Car 1
