69.0 180.0 52.0 192.0 47.0 186.0 65.0 173.0 Small_Car 1
62.0 174.0 46.0 187.0 41.0 180.0 57.0 168.0 Small_Car 1
54.0 169.0 39.0 181.0 34.0 174.0 48.0 162.0 Small_Car 1
82.0 160.0 67.0 172.0 62.0 166.0 76.0 153.0 Small_Car 1
147.0 145.0 133.0 159.0 126.0 152.0 140.0 139.0 Small_Car 1
114.0 118.0 103.0 131.0 96.0 125.0 107.0 112.0 Small_Car 1
85.0 93.0 70.0 105.0 65.0 99.0 80.0 87.0 Small_Car 1
77.0 87.0 63.0 99.0 58.0 93.0 72.0 81.0 Small_Car 1
71.0 80.0 55.0 93.0 50.0 86.0 65.0 73.0 Small_Car 1
70.0 315.0 58.0 329.0 53.0 325.0 65.0 311.0 Small_Car 1
114.0 337.0 104.0 354.0 97.0 349.0 107.0 333.0 Small_Car 1
143.0 352.0 130.0 367.0 123.0 362.0 135.0 346.0 Small_Car 1
152.0 358.0 141.0 373.0 134.0 368.0 145.0 353.0 Small_Car 1
179.0 373.0 168.0 387.0 162.0 382.0 173.0 368.0 Small_Car 1
195.0 381.0 184.0 395.0 177.0 389.0 187.0 375.0 Small_Car 1
244.0 350.0 233.0 368.0 225.0 363.0 236.0 345.0 Small_Car 1
233.0 346.0 224.0 363.0 216.0 359.0 225.0 341.0 Small_Car 1
224.0 340.0 214.0 354.0 207.0 349.0 218.0 335.0 Small_Car 1
206.0 330.0 196.0 346.0 189.0 341.0 200.0 326.0 Small_Car 1
197.0 327.0 187.0 343.0 179.0 338.0 189.0 322.0 Small_Car 1
222.0 279.0 211.0 295.0 204.0 290.0 214.0 274.0 Small_Car 1
229.0 285.0 219.0 300.0 212.0 295.0 222.0 280.0 Small_Car 1
237.0 291.0 228.0 304.0 220.0 299.0 230.0 285.0 Small_Car 1
368.0 281.0 364.0 290.0 347.0 282.0 351.0 273.0 Small_Car 1
341.0 231.0 337.0 239.0 319.0 228.0 323.0 221.0 Small_Car 1
355.0 213.0 350.0 221.0 333.0 211.0 337.0 203.0 Small_Car 1
395.0 163.0 390.0 170.0 375.0 161.0 379.0 154.0 Small_Car 1
401.0 155.0 398.0 162.0 382.0 154.0 385.0 147.0 Small_Car 1
409.0 148.0 406.0 155.0 387.0 146.0 391.0 138.0 Small_Car 1
438.0 118.0 435.0 125.0 416.0 116.0 419.0 109.0 Small_Car 1
448.0 101.0 444.0 109.0 426.0 100.0 430.0 92.0 Small_Car 1
452.0 94.0 449.0 101.0 431.0 91.0 435.0 84.0 Small_Car 1
466.0 79.0 462.0 86.0 445.0 77.0 448.0 70.0 Small_Car 1
427.0 91.0 423.0 98.0 407.0 90.0 411.0 83.0 Small_Car 1
395.0 130.0 391.0 136.0 374.0 127.0 377.0 120.0 Small_Car 1
377.0 152.0 372.0 160.0 357.0 150.0 362.0 142.0 Small_Car 1
352.0 104.0 348.0 111.0 330.0 101.0 334.0 94.0 Small_Car 1
367.0 80.0 363.0 88.0 345.0 78.0 349.0 70.0 Small_Car 1
387.0 59.0 383.0 66.0 367.0 58.0 371.0 51.0 Small_Car 1
507.0 43.0 505.0 49.0 491.0 44.0 494.0 38.0 Small_Car 1
64.0 683.0 58.0 689.0 45.0 677.0 50.0 671.0 Small_Car 1
48.0 759.0 44.0 765.0 29.0 753.0 34.0 747.0 Small_Car 1
68.0 774.0 64.0 780.0 51.0 769.0 55.0 764.0 Small_Car 1
566.0 788.0 562.0 794.0 545.0 784.0 548.0 778.0 Small_Car 1
600.0 775.0 585.0 768.0 589.0 760.0 600.0 765.0 Small_Car 1
598.0 660.0 587.0 675.0 580.0 669.0 591.0 654.0 Small_Car 1
578.0 599.0 568.0 615.0 560.0 610.0 571.0 594.0 Small_Car 1
600.0 619.0 591.0 629.0 585.0 625.0 594.0 614.0 Small_Car 1
599.0 586.0 595.0 598.0 587.0 595.0 591.0 583.0 Small_Car 1
576.0 521.0 566.0 537.0 558.0 532.0 568.0 517.0 Small_Car 1
585.0 528.0 576.0 541.0 569.0 537.0 578.0 523.0 Small_Car 1
593.0 533.0 584.0 544.0 578.0 540.0 586.0 528.0 Small_Car 1
595.0 445.0 591.0 452.0 579.0 447.0 583.0 439.0 Small_Car 1
486.0 129.0 483.0 135.0 470.0 128.0 473.0 122.0 Small_Car 1
