78.0 707.0 69.0 720.0 63.0 716.0 72.0 703.0 Small_Car 1
105.0 672.0 95.0 687.0 88.0 682.0 99.0 667.0 Small_Car 1
122.0 651.0 113.0 664.0 106.0 659.0 115.0 646.0 Small_Car 1
135.0 636.0 125.0 650.0 118.0 645.0 128.0 631.0 Small_Car 1
207.0 544.0 194.0 560.0 187.0 554.0 199.0 538.0 Small_Car 1
259.0 476.0 248.0 488.0 242.0 484.0 253.0 471.0 Small_Car 1
272.0 459.0 262.0 472.0 256.0 467.0 265.0 454.0 Small_Car 1
344.0 442.0 334.0 455.0 329.0 450.0 339.0 438.0 Small_Car 1
363.0 421.0 351.0 436.0 345.0 430.0 356.0 416.0 Small_Car 1
389.0 393.0 375.0 411.0 366.0 404.0 380.0 387.0 Small_Car 1
410.0 283.0 400.0 297.0 394.0 292.0 404.0 278.0 Small_Car 1
491.0 180.0 481.0 194.0 475.0 190.0 484.0 176.0 Small_Car 1
502.0 165.0 493.0 178.0 487.0 174.0 496.0 161.0 Small_Car 1
522.0 141.0 512.0 157.0 505.0 152.0 515.0 137.0 Small_Car 1
488.0 334.0 468.0 343.0 465.0 335.0 485.0 327.0 Small_Car 1
501.0 338.0 485.0 346.0 481.0 340.0 497.0 331.0 Small_Car 1
539.0 358.0 520.0 369.0 516.0 362.0 535.0 351.0 Small_Car 1
551.0 361.0 540.0 371.0 535.0 365.0 546.0 356.0 Small_Car 1
