753.0 529.0 744.0 545.0 736.0 540.0 745.0 525.0 Small_Car 1
742.0 528.0 732.0 543.0 725.0 538.0 735.0 524.0 Small_Car 1
733.0 524.0 724.0 539.0 716.0 535.0 725.0 520.0 Small_Car 1
722.0 520.0 713.0 535.0 705.0 530.0 714.0 515.0 Small_Car 1
661.0 505.0 658.0 520.0 649.0 518.0 653.0 503.0 Small_Car 1
420.0 149.0 409.0 170.0 400.0 165.0 410.0 144.0 Small_Car 1
358.0 163.0 345.0 179.0 338.0 174.0 351.0 158.0 Small_Car 1
460.0 26.0 456.0 32.0 439.0 23.0 442.0 17.0 Small_Car 1
378.0 24.0 375.0 30.0 357.0 23.0 359.0 17.0 Small_Car 1
375.0 32.0 373.0 39.0 352.0 33.0 354.0 25.0 Small_Car 1
413.0 6.0 412.0 12.0 391.0 6.0 393.0 0.0 Small_Car 1
409.0 13.0 406.0 21.0 387.0 15.0 389.0 7.0 Small_Car 1
385.0 7.0 383.0 13.0 364.0 6.0 366.0 0.0 Small_Car 1
321.0 10.0 319.0 16.0 298.0 10.0 300.0 4.0 Small_Car 1
59.0 80.0 52.0 100.0 42.0 96.0 49.0 76.0 Small_Car 1
249.0 566.0 248.0 572.0 229.0 568.0 231.0 562.0 Small_Car 1
41.0 327.0 36.0 348.0 27.0 345.0 33.0 325.0 Small_Car 1
82.0 226.0 77.0 243.0 68.0 240.0 72.0 223.0 Small_Car 1
58.0 162.0 52.0 178.0 45.0 175.0 50.0 160.0 Small_Car 1
