998.0 124.0 991.0 124.0 990.0 107.0 997.0 107.0 Small_Car 1
658.0 151.0 637.0 151.0 637.0 144.0 658.0 144.0 Small_Car 1
594.0 119.0 586.0 120.0 585.0 103.0 594.0 103.0 Small_Car 1
405.0 38.0 386.0 39.0 386.0 33.0 404.0 32.0 Small_Car 1
213.0 31.0 194.0 32.0 194.0 25.0 213.0 24.0 Small_Car 1
41.0 99.0 33.0 99.0 33.0 82.0 41.0 82.0 Small_Car 1
42.0 72.0 35.0 72.0 34.0 56.0 40.0 55.0 Small_Car 1
810.0 296.0 791.0 296.0 791.0 291.0 810.0 291.0 Small_Car 1
809.0 316.0 790.0 316.0 790.0 309.0 809.0 309.0 Small_Car 1
734.0 328.0 716.0 327.0 716.0 322.0 734.0 323.0 Small_Car 1
350.0 221.0 343.0 226.0 331.0 210.0 338.0 205.0 Small_Car 1
822.0 742.0 814.0 742.0 814.0 726.0 822.0 726.0 Small_Car 1
807.0 743.0 799.0 745.0 795.0 728.0 803.0 726.0 Small_Car 1
781.0 744.0 775.0 748.0 764.0 734.0 770.0 729.0 Small_Car 1
770.0 751.0 765.0 755.0 753.0 739.0 758.0 735.0 Small_Car 1
760.0 757.0 755.0 762.0 743.0 749.0 748.0 744.0 Small_Car 1
707.0 739.0 696.0 752.0 690.0 747.0 701.0 733.0 Small_Car 1
683.0 765.0 674.0 778.0 668.0 773.0 677.0 761.0 Small_Car 1
686.0 847.0 667.0 846.0 667.0 841.0 686.0 841.0 Small_Car 1
688.0 856.0 667.0 856.0 667.0 849.0 688.0 849.0 Small_Car 1
687.0 889.0 665.0 889.0 665.0 882.0 687.0 882.0 Small_Car 1
687.0 899.0 664.0 899.0 665.0 893.0 687.0 893.0 Small_Car 1
687.0 935.0 666.0 937.0 665.0 930.0 687.0 929.0 Small_Car 1
443.0 857.0 427.0 857.0 427.0 851.0 443.0 850.0 Small_Car 1
446.0 876.0 426.0 875.0 427.0 869.0 446.0 869.0 Small_Car 1
443.0 893.0 429.0 893.0 429.0 888.0 443.0 888.0 Small_Car 1
444.0 905.0 443.0 912.0 430.0 911.0 430.0 905.0 Small_Car 1
445.0 956.0 432.0 956.0 432.0 950.0 445.0 950.0 Small_Car 1
655.0 608.0 652.0 614.0 635.0 606.0 638.0 600.0 Small_Car 1
68.0 36.0 50.0 37.0 50.0 28.0 68.0 28.0 Small_Car 1
124.0 173.0 104.0 173.0 104.0 167.0 124.0 167.0 Small_Car 1
95.0 227.0 85.0 227.0 84.0 211.0 95.0 211.0 Small_Car 1
405.0 53.0 382.0 53.0 382.0 47.0 405.0 47.0 Small_Car 1
