194.0 446.0 193.0 455.0 171.0 453.0 171.0 445.0 Small_Car 1
197.0 428.0 196.0 435.0 175.0 434.0 176.0 426.0 Small_Car 1
201.0 389.0 181.0 388.0 181.0 381.0 201.0 381.0 Small_Car 1
220.0 245.0 219.0 252.0 196.0 251.0 197.0 243.0 Small_Car 1
221.0 243.0 197.0 242.0 198.0 233.0 221.0 234.0 Small_Car 1
222.0 216.0 201.0 215.0 202.0 208.0 222.0 209.0 Small_Car 1
225.0 206.0 202.0 206.0 203.0 199.0 225.0 199.0 Small_Car 1
225.0 189.0 224.0 197.0 204.0 195.0 204.0 187.0 Small_Car 1
233.0 132.0 211.0 132.0 211.0 125.0 233.0 125.0 Small_Car 1
235.0 104.0 215.0 103.0 215.0 96.0 235.0 96.0 Small_Car 1
237.0 86.0 216.0 85.0 217.0 78.0 237.0 79.0 Small_Car 1
239.0 72.0 238.0 79.0 218.0 77.0 219.0 70.0 Small_Car 1
256.0 479.0 255.0 487.0 230.0 485.0 230.0 477.0 Small_Car 1
255.0 476.0 234.0 475.0 234.0 468.0 255.0 469.0 Small_Car 1
258.0 468.0 235.0 467.0 236.0 459.0 258.0 460.0 Small_Car 1
258.0 458.0 238.0 457.0 239.0 450.0 258.0 451.0 Small_Car 1
265.0 412.0 246.0 412.0 246.0 404.0 265.0 405.0 Small_Car 1
266.0 394.0 244.0 394.0 244.0 386.0 266.0 387.0 Small_Car 1
268.0 368.0 267.0 376.0 246.0 375.0 247.0 367.0 Small_Car 1
268.0 367.0 246.0 365.0 247.0 358.0 268.0 359.0 Small_Car 1
276.0 304.0 275.0 312.0 251.0 312.0 251.0 303.0 Small_Car 1
279.0 268.0 278.0 275.0 256.0 274.0 257.0 266.0 Small_Car 1
285.0 238.0 262.0 238.0 262.0 229.0 285.0 229.0 Small_Car 1
289.0 193.0 288.0 202.0 264.0 201.0 265.0 192.0 Small_Car 1
785.0 170.0 782.0 188.0 772.0 187.0 776.0 169.0 Small_Car 1
785.0 153.0 775.0 170.0 767.0 165.0 777.0 149.0 Small_Car 1
183.0 536.0 162.0 536.0 162.0 526.0 183.0 526.0 Small_Car 1
539.0 220.0 520.0 220.0 520.0 213.0 539.0 213.0 Small_Car 1
537.0 228.0 516.0 228.0 516.0 221.0 537.0 221.0 Small_Car 1
536.0 238.0 515.0 237.0 515.0 230.0 536.0 231.0 Small_Car 1
591.0 318.0 590.0 326.0 568.0 324.0 569.0 316.0 Small_Car 1
581.0 382.0 580.0 390.0 560.0 388.0 560.0 380.0 Small_Car 1
577.0 410.0 576.0 417.0 555.0 415.0 556.0 408.0 Small_Car 1
573.0 445.0 552.0 444.0 552.0 438.0 573.0 438.0 Small_Car 1
567.0 481.0 546.0 481.0 547.0 474.0 567.0 474.0 Small_Car 1
567.0 484.0 566.0 491.0 545.0 490.0 545.0 482.0 Small_Car 1
518.0 356.0 497.0 355.0 498.0 348.0 518.0 349.0 Small_Car 1
512.0 403.0 491.0 401.0 491.0 394.0 512.0 395.0 Small_Car 1
510.0 406.0 509.0 413.0 489.0 412.0 490.0 404.0 Small_Car 1
503.0 466.0 483.0 465.0 483.0 458.0 503.0 459.0 Small_Car 1
503.0 468.0 502.0 476.0 481.0 475.0 481.0 467.0 Small_Car 1
