835.0 862.0 827.0 867.0 818.0 854.0 826.0 848.0 Small_Car 1
398.0 326.0 378.0 334.0 375.0 327.0 395.0 319.0 Small_Car 1
372.0 358.0 353.0 366.0 350.0 359.0 369.0 351.0 Small_Car 1
255.0 369.0 235.0 376.0 233.0 369.0 253.0 362.0 Small_Car 1
209.0 343.0 200.0 347.0 191.0 328.0 201.0 324.0 Small_Car 1
217.0 361.0 209.0 364.0 201.0 349.0 209.0 345.0 Small_Car 1
200.0 409.0 179.0 416.0 177.0 410.0 198.0 403.0 Small_Car 1
196.0 386.0 177.0 393.0 174.0 386.0 194.0 379.0 Small_Car 1
80.0 419.0 67.0 426.0 64.0 420.0 77.0 414.0 Small_Car 1
127.0 845.0 119.0 849.0 111.0 834.0 119.0 830.0 Small_Car 1
169.0 881.0 145.0 883.0 145.0 876.0 168.0 874.0 Small_Car 1
199.0 844.0 188.0 844.0 188.0 838.0 199.0 838.0 Small_Car 1
180.0 859.0 159.0 865.0 157.0 858.0 178.0 852.0 Small_Car 1
232.0 833.0 211.0 840.0 208.0 832.0 230.0 825.0 Small_Car 1
270.0 855.0 251.0 861.0 249.0 855.0 267.0 849.0 Small_Car 1
293.0 849.0 273.0 855.0 271.0 847.0 290.0 841.0 Small_Car 1
436.0 772.0 417.0 779.0 414.0 772.0 433.0 765.0 Small_Car 1
505.0 751.0 485.0 757.0 483.0 751.0 503.0 744.0 Small_Car 1
585.0 750.0 567.0 755.0 565.0 748.0 583.0 742.0 Small_Car 1
592.0 726.0 571.0 731.0 570.0 725.0 590.0 719.0 Small_Car 1
745.0 711.0 729.0 716.0 728.0 709.0 744.0 705.0 Small_Car 1
775.0 702.0 749.0 710.0 747.0 703.0 773.0 695.0 Small_Car 1
146.0 181.0 143.0 188.0 127.0 184.0 129.0 176.0 Small_Car 1
170.0 189.0 163.0 193.0 156.0 181.0 163.0 177.0 Small_Car 1
174.0 146.0 166.0 150.0 158.0 135.0 165.0 131.0 Small_Car 1
196.0 139.0 189.0 144.0 178.0 127.0 186.0 123.0 Small_Car 1
206.0 135.0 198.0 139.0 191.0 123.0 199.0 119.0 Small_Car 1
495.0 89.0 475.0 95.0 472.0 88.0 492.0 81.0 Small_Car 1
414.0 36.0 398.0 39.0 396.0 32.0 412.0 29.0 Small_Car 1
410.0 28.0 394.0 31.0 393.0 24.0 409.0 22.0 Small_Car 1
407.0 20.0 392.0 24.0 389.0 17.0 405.0 12.0 Small_Car 1
462.0 18.0 437.0 26.0 434.0 18.0 459.0 9.0 Small_Car 1
582.0 53.0 561.0 59.0 558.0 52.0 579.0 45.0 Small_Car 1
519.0 68.0 498.0 74.0 496.0 66.0 517.0 60.0 Small_Car 1
819.0 276.0 811.0 280.0 801.0 263.0 810.0 259.0 Small_Car 1
937.0 366.0 929.0 369.0 924.0 357.0 933.0 354.0 Small_Car 1
847.0 157.0 840.0 161.0 834.0 146.0 841.0 143.0 Small_Car 1
834.0 124.0 826.0 127.0 820.0 113.0 828.0 109.0 Small_Car 1
826.0 108.0 819.0 111.0 814.0 97.0 821.0 95.0 Small_Car 1
814.0 152.0 808.0 155.0 800.0 143.0 806.0 139.0 Small_Car 1
806.0 137.0 799.0 141.0 791.0 124.0 797.0 121.0 Small_Car 1
797.0 117.0 790.0 120.0 784.0 106.0 791.0 103.0 Small_Car 1
770.0 55.0 762.0 59.0 754.0 42.0 762.0 38.0 Small_Car 1
763.0 36.0 756.0 39.0 749.0 24.0 756.0 21.0 Small_Car 1
754.0 19.0 748.0 22.0 742.0 10.0 748.0 7.0 Small_Car 1
894.0 691.0 875.0 701.0 872.0 695.0 891.0 684.0 Small_Car 1
608.0 621.0 599.0 625.0 593.0 609.0 602.0 606.0 Small_Car 1
