49.0 389.0 43.0 395.0 28.0 381.0 33.0 375.0 Small_Car 1
545.0 604.0 538.0 609.0 527.0 593.0 534.0 588.0 Small_Car 1
506.0 553.0 500.0 559.0 485.0 545.0 492.0 539.0 Small_Car 1
261.0 555.0 256.0 561.0 241.0 548.0 247.0 542.0 Small_Car 1
252.0 561.0 246.0 567.0 233.0 554.0 239.0 548.0 Small_Car 1
93.0 540.0 81.0 551.0 75.0 545.0 88.0 534.0 Small_Car 1
133.0 482.0 126.0 488.0 113.0 473.0 119.0 467.0 Small_Car 1
125.0 488.0 118.0 494.0 105.0 480.0 111.0 474.0 Small_Car 1
94.0 455.0 88.0 462.0 73.0 448.0 79.0 441.0 Small_Car 1
49.0 485.0 43.0 491.0 29.0 479.0 36.0 472.0 Small_Car 1
