157.0 144.0 154.0 168.0 141.0 166.0 144.0 143.0 Small_Car 1
210.0 238.0 186.0 239.0 186.0 232.0 210.0 231.0 Small_Car 1
232.0 294.0 209.0 294.0 209.0 287.0 232.0 286.0 Small_Car 1
205.0 308.0 181.0 310.0 181.0 303.0 205.0 301.0 Small_Car 1
405.0 514.0 382.0 513.0 383.0 505.0 405.0 506.0 Small_Car 1
556.0 239.0 545.0 239.0 544.0 222.0 556.0 222.0 Small_Car 1
555.0 282.0 543.0 282.0 543.0 262.0 554.0 262.0 Small_Car 1
555.0 300.0 544.0 300.0 543.0 282.0 555.0 282.0 Small_Car 1
53.0 838.0 31.0 841.0 30.0 834.0 52.0 831.0 Small_Car 1
152.0 694.0 142.0 696.0 140.0 674.0 150.0 673.0 Small_Car 1
250.0 771.0 224.0 774.0 224.0 767.0 249.0 764.0 Small_Car 1
790.0 687.0 766.0 690.0 765.0 682.0 790.0 680.0 Small_Car 1
614.0 912.0 613.0 923.0 584.0 921.0 585.0 910.0 Small_Car 1
700.0 994.0 676.0 996.0 676.0 988.0 700.0 986.0 Small_Car 1
833.0 647.0 825.0 648.0 823.0 631.0 831.0 630.0 Small_Car 1
