77.0 221.0 74.0 240.0 65.0 239.0 68.0 220.0 Small_Car 1
101.0 140.0 89.0 140.0 89.0 125.0 101.0 125.0 Small_Car 1
579.0 385.0 555.0 385.0 555.0 378.0 579.0 378.0 Small_Car 1
973.0 139.0 972.0 158.0 964.0 158.0 964.0 139.0 Small_Car 1
986.0 106.0 973.0 106.0 973.0 100.0 986.0 100.0 Small_Car 1
957.0 105.0 940.0 105.0 940.0 100.0 957.0 100.0 Small_Car 1
939.0 105.0 927.0 105.0 927.0 99.0 939.0 100.0 Small_Car 1
656.0 91.0 631.0 90.0 631.0 84.0 656.0 85.0 Small_Car 1
491.0 97.0 471.0 96.0 471.0 88.0 491.0 89.0 Small_Car 1
412.0 94.0 391.0 93.0 391.0 87.0 412.0 89.0 Small_Car 1
439.0 95.0 415.0 95.0 415.0 88.0 439.0 89.0 Small_Car 1
483.0 66.0 459.0 65.0 459.0 58.0 483.0 59.0 Small_Car 1
457.0 64.0 435.0 64.0 435.0 58.0 457.0 58.0 Small_Car 1
432.0 58.0 431.0 65.0 409.0 64.0 409.0 57.0 Small_Car 1
401.0 63.0 388.0 63.0 388.0 57.0 401.0 57.0 Small_Car 1
160.0 88.0 142.0 88.0 142.0 80.0 160.0 80.0 Small_Car 1
141.0 86.0 129.0 86.0 129.0 79.0 141.0 79.0 Small_Car 1
184.0 89.0 162.0 89.0 162.0 81.0 184.0 81.0 Small_Car 1
212.0 89.0 188.0 88.0 188.0 82.0 212.0 83.0 Small_Car 1
228.0 151.0 218.0 151.0 218.0 133.0 228.0 133.0 Small_Car 1
239.0 149.0 229.0 150.0 229.0 134.0 238.0 133.0 Small_Car 1
252.0 133.0 251.0 151.0 242.0 150.0 243.0 132.0 Small_Car 1
261.0 134.0 260.0 151.0 252.0 151.0 253.0 134.0 Small_Car 1
299.0 135.0 298.0 148.0 287.0 148.0 288.0 135.0 Small_Car 1
324.0 149.0 314.0 149.0 314.0 134.0 323.0 134.0 Small_Car 1
345.0 136.0 344.0 150.0 335.0 149.0 336.0 136.0 Small_Car 1
358.0 137.0 357.0 150.0 349.0 150.0 349.0 137.0 Small_Car 1
393.0 139.0 392.0 155.0 381.0 154.0 381.0 139.0 Small_Car 1
410.0 154.0 402.0 154.0 402.0 139.0 410.0 139.0 Small_Car 1
422.0 154.0 414.0 155.0 414.0 140.0 422.0 140.0 Small_Car 1
459.0 159.0 451.0 159.0 450.0 142.0 459.0 142.0 Small_Car 1
471.0 159.0 462.0 158.0 462.0 142.0 471.0 142.0 Small_Car 1
589.0 159.0 580.0 158.0 581.0 143.0 589.0 143.0 Small_Car 1
566.0 157.0 555.0 157.0 555.0 142.0 566.0 142.0 Small_Car 1
529.0 158.0 517.0 158.0 517.0 141.0 529.0 141.0 Small_Car 1
495.0 153.0 487.0 153.0 487.0 139.0 495.0 139.0 Small_Car 1
542.0 192.0 532.0 192.0 532.0 174.0 542.0 174.0 Small_Car 1
563.0 191.0 554.0 191.0 554.0 176.0 563.0 176.0 Small_Car 1
572.0 191.0 564.0 191.0 564.0 176.0 572.0 176.0 Small_Car 1
209.0 181.0 199.0 181.0 199.0 165.0 209.0 165.0 Small_Car 1
229.0 166.0 228.0 182.0 219.0 182.0 220.0 166.0 Small_Car 1
296.0 195.0 288.0 195.0 287.0 182.0 296.0 182.0 Small_Car 1
308.0 195.0 298.0 195.0 297.0 180.0 307.0 179.0 Small_Car 1
318.0 195.0 309.0 195.0 308.0 179.0 317.0 179.0 Small_Car 1
331.0 195.0 322.0 195.0 321.0 181.0 330.0 180.0 Small_Car 1
427.0 198.0 417.0 198.0 416.0 182.0 426.0 182.0 Small_Car 1
461.0 199.0 452.0 200.0 451.0 186.0 461.0 186.0 Small_Car 1
472.0 199.0 463.0 199.0 462.0 184.0 471.0 184.0 Small_Car 1
909.0 180.0 907.0 185.0 890.0 179.0 892.0 174.0 Small_Car 1
956.0 206.0 930.0 204.0 931.0 198.0 956.0 199.0 Small_Car 1
