216.0 798.0 200.0 808.0 196.0 800.0 212.0 791.0 Small_Car 1
622.0 111.0 604.0 122.0 599.0 114.0 617.0 103.0 Small_Car 1
189.0 29.0 183.0 34.0 171.0 19.0 177.0 14.0 Small_Car 1
346.0 84.0 340.0 90.0 328.0 76.0 334.0 71.0 Small_Car 1
663.0 90.0 643.0 99.0 640.0 92.0 660.0 83.0 Small_Car 1
722.0 58.0 702.0 68.0 699.0 62.0 718.0 52.0 Small_Car 1
701.0 107.0 685.0 116.0 680.0 108.0 697.0 99.0 Small_Car 1
668.0 125.0 651.0 131.0 648.0 124.0 665.0 117.0 Small_Car 1
428.0 192.0 422.0 197.0 410.0 182.0 416.0 177.0 Small_Car 1
332.0 271.0 314.0 281.0 310.0 273.0 327.0 263.0 Small_Car 1
295.0 293.0 275.0 304.0 270.0 295.0 291.0 284.0 Small_Car 1
227.0 331.0 209.0 342.0 205.0 335.0 224.0 325.0 Small_Car 1
195.0 401.0 190.0 405.0 179.0 393.0 184.0 388.0 Small_Car 1
55.0 556.0 39.0 564.0 35.0 558.0 51.0 549.0 Small_Car 1
141.0 464.0 130.0 470.0 126.0 463.0 136.0 457.0 Small_Car 1
196.0 348.0 179.0 358.0 175.0 351.0 192.0 341.0 Small_Car 1
168.0 363.0 151.0 372.0 147.0 365.0 164.0 356.0 Small_Car 1
842.0 220.0 825.0 230.0 821.0 224.0 838.0 214.0 Small_Car 1
919.0 117.0 913.0 123.0 899.0 109.0 906.0 103.0 Small_Car 1
496.0 617.0 491.0 621.0 478.0 606.0 484.0 602.0 Small_Car 1
573.0 600.0 558.0 610.0 553.0 603.0 568.0 592.0 Small_Car 1
960.0 803.0 955.0 808.0 942.0 794.0 947.0 789.0 Small_Car 1
946.0 889.0 931.0 898.0 927.0 893.0 942.0 883.0 Small_Car 1
809.0 469.0 790.0 482.0 785.0 476.0 804.0 463.0 Small_Car 1
556.0 372.0 550.0 377.0 536.0 360.0 541.0 355.0 Small_Car 1
136.0 521.0 120.0 529.0 117.0 521.0 132.0 514.0 Small_Car 1
346.0 495.0 339.0 501.0 327.0 487.0 333.0 481.0 Small_Car 1
418.0 481.0 403.0 492.0 398.0 484.0 413.0 473.0 Small_Car 1
987.0 373.0 973.0 381.0 969.0 373.0 983.0 365.0 Small_Car 1
557.0 669.0 551.0 674.0 541.0 663.0 547.0 657.0 Small_Car 1
456.0 700.0 445.0 710.0 439.0 703.0 450.0 693.0 Small_Car 1
395.0 913.0 388.0 918.0 376.0 902.0 383.0 897.0 Small_Car 1
384.0 916.0 378.0 921.0 368.0 909.0 375.0 904.0 Small_Car 1
110.0 898.0 101.0 912.0 93.0 908.0 102.0 893.0 Small_Car 1
368.0 672.0 362.0 678.0 350.0 666.0 356.0 660.0 Small_Car 1
