100.0 735.0 78.0 741.0 76.0 733.0 97.0 727.0 Small_Car 1
483.0 786.0 464.0 793.0 461.0 786.0 480.0 779.0 Small_Car 1
475.0 778.0 458.0 784.0 456.0 778.0 473.0 772.0 Small_Car 1
456.0 784.0 437.0 791.0 435.0 785.0 454.0 778.0 Small_Car 1
468.0 762.0 450.0 768.0 447.0 761.0 465.0 755.0 Small_Car 1
471.0 770.0 454.0 776.0 452.0 770.0 469.0 764.0 Small_Car 1
451.0 776.0 432.0 782.0 430.0 776.0 448.0 769.0 Small_Car 1
465.0 753.0 447.0 759.0 444.0 752.0 462.0 746.0 Small_Car 1
133.0 561.0 127.0 566.0 117.0 550.0 123.0 546.0 Small_Car 1
143.0 506.0 137.0 510.0 130.0 497.0 136.0 493.0 Small_Car 1
339.0 537.0 331.0 538.0 329.0 523.0 337.0 522.0 Small_Car 1
294.0 493.0 285.0 493.0 285.0 476.0 294.0 476.0 Small_Car 1
340.0 487.0 332.0 488.0 330.0 473.0 338.0 472.0 Small_Car 1
582.0 503.0 575.0 507.0 567.0 490.0 574.0 487.0 Small_Car 1
