352.0 272.0 345.0 275.0 339.0 259.0 346.0 256.0 Small_Car 1
485.0 356.0 478.0 358.0 475.0 342.0 482.0 341.0 Small_Car 1
496.0 355.0 488.0 357.0 485.0 342.0 492.0 340.0 Small_Car 1
554.0 346.0 546.0 350.0 539.0 332.0 547.0 329.0 Small_Car 1
583.0 335.0 575.0 337.0 571.0 322.0 579.0 320.0 Small_Car 1
604.0 330.0 597.0 332.0 592.0 317.0 599.0 315.0 Small_Car 1
658.0 318.0 651.0 320.0 645.0 304.0 652.0 302.0 Small_Car 1
666.0 219.0 660.0 231.0 653.0 228.0 660.0 215.0 Small_Car 1
599.0 286.0 591.0 288.0 587.0 271.0 594.0 269.0 Small_Car 1
586.0 286.0 580.0 288.0 574.0 273.0 580.0 271.0 Small_Car 1
554.0 295.0 546.0 297.0 541.0 280.0 550.0 278.0 Small_Car 1
531.0 298.0 524.0 301.0 519.0 286.0 526.0 283.0 Small_Car 1
512.0 306.0 504.0 308.0 499.0 291.0 507.0 289.0 Small_Car 1
516.0 287.0 508.0 288.0 505.0 270.0 513.0 269.0 Small_Car 1
484.0 293.0 477.0 295.0 471.0 278.0 478.0 275.0 Small_Car 1
475.0 237.0 467.0 239.0 462.0 220.0 470.0 218.0 Small_Car 1
463.0 240.0 454.0 242.0 448.0 224.0 457.0 221.0 Small_Car 1
452.0 244.0 444.0 246.0 440.0 228.0 448.0 226.0 Small_Car 1
221.0 7.0 202.0 11.0 201.0 5.0 220.0 1.0 Small_Car 1
99.0 12.0 81.0 1.0 84.0 -5.0 103.0 5.0 Small_Car 1
41.0 350.0 34.0 352.0 30.0 336.0 37.0 335.0 Small_Car 1
29.0 348.0 20.0 350.0 17.0 334.0 25.0 332.0 Small_Car 1
1.0 358.0 -2.0 344.0 4.0 342.0 8.0 356.0 Small_Car 1
39.0 505.0 35.0 510.0 20.0 500.0 23.0 494.0 Small_Car 1
41.0 546.0 23.0 550.0 21.0 543.0 40.0 539.0 Small_Car 1
71.0 538.0 49.0 543.0 47.0 537.0 69.0 532.0 Small_Car 1
41.0 522.0 12.0 529.0 11.0 522.0 39.0 516.0 Small_Car 1
53.0 500.0 49.0 505.0 35.0 495.0 38.0 490.0 Small_Car 1
84.0 495.0 79.0 502.0 63.0 489.0 68.0 483.0 Small_Car 1
127.0 526.0 106.0 530.0 105.0 524.0 126.0 519.0 Small_Car 1
123.0 481.0 120.0 487.0 103.0 478.0 106.0 472.0 Small_Car 1
157.0 519.0 136.0 524.0 134.0 518.0 156.0 513.0 Small_Car 1
184.0 511.0 166.0 516.0 164.0 510.0 183.0 505.0 Small_Car 1
205.0 508.0 190.0 511.0 188.0 504.0 204.0 501.0 Small_Car 1
240.0 499.0 223.0 503.0 221.0 497.0 238.0 493.0 Small_Car 1
263.0 495.0 244.0 499.0 243.0 493.0 262.0 489.0 Small_Car 1
244.0 456.0 241.0 461.0 223.0 452.0 225.0 447.0 Small_Car 1
259.0 453.0 256.0 459.0 238.0 449.0 242.0 443.0 Small_Car 1
298.0 441.0 295.0 446.0 281.0 438.0 284.0 433.0 Small_Car 1
312.0 438.0 309.0 443.0 296.0 434.0 299.0 429.0 Small_Car 1
331.0 456.0 309.0 461.0 307.0 452.0 329.0 448.0 Small_Car 1
454.0 447.0 437.0 450.0 435.0 444.0 453.0 440.0 Small_Car 1
587.0 394.0 568.0 398.0 567.0 391.0 585.0 387.0 Small_Car 1
858.0 311.0 839.0 316.0 837.0 310.0 857.0 305.0 Small_Car 1
912.0 299.0 895.0 302.0 894.0 296.0 911.0 292.0 Small_Car 1
987.0 284.0 968.0 288.0 966.0 281.0 986.0 277.0 Small_Car 1
884.0 364.0 862.0 368.0 861.0 361.0 882.0 357.0 Small_Car 1
913.0 356.0 895.0 361.0 893.0 354.0 911.0 349.0 Small_Car 1
733.0 519.0 732.0 525.0 715.0 521.0 717.0 515.0 Small_Car 1
654.0 621.0 645.0 636.0 638.0 632.0 647.0 617.0 Small_Car 1
733.0 527.0 731.0 534.0 713.0 529.0 715.0 522.0 Small_Car 1
775.0 569.0 765.0 572.0 761.0 553.0 771.0 551.0 Small_Car 1
796.0 565.0 788.0 567.0 783.0 549.0 791.0 547.0 Small_Car 1
817.0 559.0 810.0 561.0 805.0 544.0 813.0 542.0 Small_Car 1
844.0 591.0 836.0 593.0 832.0 576.0 839.0 574.0 Small_Car 1
887.0 582.0 880.0 584.0 875.0 569.0 882.0 566.0 Small_Car 1
940.0 571.0 933.0 572.0 931.0 557.0 938.0 556.0 Small_Car 1
907.0 592.0 904.0 600.0 885.0 595.0 888.0 586.0 Small_Car 1
927.0 692.0 920.0 695.0 913.0 677.0 920.0 675.0 Small_Car 1
947.0 638.0 939.0 640.0 935.0 623.0 942.0 621.0 Small_Car 1
918.0 623.0 910.0 625.0 906.0 609.0 914.0 607.0 Small_Car 1
913.0 643.0 906.0 645.0 902.0 631.0 909.0 629.0 Small_Car 1
908.0 626.0 900.0 628.0 896.0 611.0 904.0 609.0 Small_Car 1
903.0 647.0 896.0 649.0 891.0 631.0 898.0 629.0 Small_Car 1
891.0 653.0 885.0 654.0 882.0 638.0 889.0 637.0 Small_Car 1
887.0 632.0 880.0 634.0 876.0 618.0 883.0 617.0 Small_Car 1
856.0 635.0 849.0 637.0 844.0 621.0 851.0 619.0 Small_Car 1
862.0 657.0 854.0 659.0 850.0 642.0 858.0 640.0 Small_Car 1
851.0 659.0 844.0 660.0 841.0 644.0 848.0 643.0 Small_Car 1
835.0 643.0 828.0 645.0 823.0 627.0 830.0 625.0 Small_Car 1
823.0 645.0 815.0 647.0 812.0 629.0 820.0 628.0 Small_Car 1
803.0 649.0 796.0 652.0 789.0 634.0 797.0 632.0 Small_Car 1
792.0 651.0 784.0 654.0 779.0 637.0 787.0 634.0 Small_Car 1
798.0 669.0 791.0 671.0 785.0 655.0 792.0 653.0 Small_Car 1
701.0 791.0 700.0 797.0 682.0 794.0 684.0 788.0 Small_Car 1
709.0 803.0 707.0 809.0 688.0 806.0 689.0 799.0 Small_Car 1
646.0 839.0 629.0 842.0 628.0 835.0 644.0 832.0 Small_Car 1
617.0 904.0 609.0 907.0 604.0 889.0 611.0 886.0 Small_Car 1
533.0 854.0 524.0 858.0 519.0 844.0 528.0 840.0 Small_Car 1
552.0 753.0 544.0 754.0 539.0 736.0 548.0 734.0 Small_Car 1
517.0 813.0 507.0 815.0 504.0 798.0 514.0 796.0 Small_Car 1
436.0 738.0 418.0 743.0 417.0 736.0 435.0 732.0 Small_Car 1
401.0 715.0 397.0 722.0 376.0 710.0 381.0 702.0 Small_Car 1
386.0 720.0 384.0 726.0 363.0 717.0 366.0 711.0 Small_Car 1
334.0 728.0 331.0 734.0 315.0 727.0 318.0 720.0 Small_Car 1
321.0 733.0 318.0 739.0 300.0 730.0 303.0 724.0 Small_Car 1
308.0 738.0 306.0 744.0 287.0 736.0 290.0 730.0 Small_Car 1
285.0 739.0 282.0 745.0 263.0 735.0 266.0 730.0 Small_Car 1
336.0 851.0 332.0 858.0 315.0 848.0 319.0 842.0 Small_Car 1
255.0 870.0 253.0 886.0 246.0 885.0 247.0 869.0 Small_Car 1
242.0 868.0 238.0 887.0 229.0 885.0 233.0 866.0 Small_Car 1
205.0 859.0 193.0 872.0 188.0 868.0 200.0 854.0 Small_Car 1
196.0 851.0 185.0 860.0 181.0 855.0 192.0 846.0 Small_Car 1
237.0 773.0 216.0 778.0 215.0 771.0 235.0 766.0 Small_Car 1
174.0 767.0 170.0 773.0 154.0 762.0 158.0 756.0 Small_Car 1
138.0 775.0 136.0 780.0 119.0 771.0 121.0 766.0 Small_Car 1
318.0 180.0 310.0 183.0 305.0 166.0 313.0 164.0 Small_Car 1
595.0 672.0 582.0 686.0 575.0 679.0 588.0 665.0 Small_Car 1
