785.0 536.0 779.0 542.0 765.0 528.0 771.0 522.0 Small_Car 1
730.0 438.0 719.0 446.0 715.0 440.0 725.0 432.0 Small_Car 1
347.0 574.0 332.0 586.0 326.0 579.0 341.0 567.0 Small_Car 1
357.0 515.0 342.0 527.0 336.0 520.0 352.0 508.0 Small_Car 1
377.0 501.0 360.0 514.0 355.0 507.0 372.0 495.0 Small_Car 1
61.0 212.0 48.0 224.0 42.0 217.0 55.0 205.0 Small_Car 1
133.0 166.0 118.0 176.0 114.0 169.0 129.0 159.0 Small_Car 1
363.0 12.0 347.0 23.0 342.0 16.0 358.0 5.0 Small_Car 1
718.0 65.0 712.0 72.0 698.0 59.0 703.0 53.0 Small_Car 1
16.0 29.0 5.0 29.0 6.0 10.0 16.0 10.0 Small_Car 1
671.0 305.0 654.0 317.0 648.0 309.0 665.0 297.0 Small_Car 1
472.0 243.0 467.0 250.0 451.0 236.0 457.0 230.0 Small_Car 1
436.0 180.0 429.0 186.0 423.0 179.0 430.0 173.0 Small_Car 1
397.0 290.0 378.0 301.0 374.0 293.0 392.0 282.0 Small_Car 1
232.0 263.0 228.0 271.0 208.0 259.0 211.0 252.0 Small_Car 1
612.0 109.0 594.0 122.0 589.0 114.0 606.0 101.0 Small_Car 1
600.0 103.0 585.0 113.0 580.0 106.0 595.0 96.0 Small_Car 1
