14.0 955.0 5.0 955.0 5.0 940.0 14.0 940.0 Small_Car 1
95.0 955.0 86.0 957.0 82.0 940.0 91.0 938.0 Small_Car 1
138.0 957.0 129.0 957.0 129.0 942.0 138.0 942.0 Small_Car 1
196.0 939.0 187.0 939.0 186.0 922.0 195.0 922.0 Small_Car 1
558.0 985.0 552.0 985.0 552.0 971.0 558.0 971.0 Small_Car 1
363.0 911.0 345.0 911.0 345.0 905.0 363.0 905.0 Small_Car 1
392.0 792.0 389.0 799.0 370.0 791.0 373.0 784.0 Small_Car 1
333.0 786.0 325.0 786.0 324.0 771.0 332.0 771.0 Small_Car 1
246.0 788.0 237.0 788.0 237.0 774.0 245.0 774.0 Small_Car 1
225.0 706.0 217.0 706.0 217.0 691.0 225.0 691.0 Small_Car 1
192.0 694.0 183.0 694.0 182.0 679.0 191.0 679.0 Small_Car 1
191.0 648.0 184.0 648.0 183.0 634.0 191.0 634.0 Small_Car 1
109.0 777.0 100.0 777.0 99.0 764.0 108.0 764.0 Small_Car 1
959.0 549.0 951.0 549.0 951.0 533.0 959.0 533.0 Small_Car 1
959.0 531.0 951.0 531.0 951.0 516.0 958.0 516.0 Small_Car 1
473.0 414.0 461.0 428.0 455.0 423.0 467.0 409.0 Small_Car 1
462.0 390.0 452.0 390.0 452.0 372.0 462.0 372.0 Small_Car 1
459.0 369.0 451.0 369.0 450.0 353.0 458.0 353.0 Small_Car 1
437.0 371.0 428.0 372.0 427.0 354.0 437.0 354.0 Small_Car 1
413.0 369.0 405.0 369.0 405.0 353.0 413.0 353.0 Small_Car 1
352.0 367.0 332.0 367.0 332.0 361.0 352.0 361.0 Small_Car 1
403.0 300.0 400.0 305.0 383.0 296.0 386.0 291.0 Small_Car 1
244.0 311.0 243.0 324.0 235.0 324.0 235.0 310.0 Small_Car 1
225.0 374.0 203.0 373.0 203.0 367.0 225.0 368.0 Small_Car 1
139.0 369.0 120.0 369.0 120.0 364.0 139.0 364.0 Small_Car 1
142.0 361.0 119.0 360.0 119.0 355.0 142.0 355.0 Small_Car 1
142.0 351.0 121.0 351.0 121.0 345.0 142.0 345.0 Small_Car 1
108.0 316.0 100.0 317.0 97.0 301.0 105.0 300.0 Small_Car 1
277.0 167.0 253.0 167.0 253.0 160.0 277.0 160.0 Small_Car 1
156.0 168.0 132.0 168.0 132.0 160.0 156.0 160.0 Small_Car 1
732.0 176.0 724.0 181.0 717.0 169.0 725.0 164.0 Small_Car 1
744.0 177.0 736.0 180.0 733.0 171.0 741.0 169.0 Small_Car 1
787.0 177.0 779.0 180.0 774.0 171.0 782.0 167.0 Small_Car 1
800.0 178.0 793.0 181.0 788.0 170.0 794.0 166.0 Small_Car 1
250.0 168.0 224.0 168.0 224.0 159.0 250.0 159.0 Small_Car 1
341.0 728.0 340.0 734.0 321.0 733.0 322.0 726.0 Small_Car 1
