762.0 981.0 740.0 981.0 740.0 975.0 762.0 975.0 Small_Car 1
681.0 67.0 680.0 76.0 653.0 74.0 653.0 65.0 Small_Car 1
308.0 15.0 301.0 14.0 302.0 3.0 308.0 3.0 Small_Car 1
316.0 310.0 291.0 308.0 292.0 298.0 316.0 300.0 Small_Car 1
361.0 330.0 340.0 330.0 340.0 322.0 361.0 322.0 Small_Car 1
44.0 890.0 21.0 893.0 20.0 886.0 43.0 883.0 Small_Car 1
88.0 821.0 81.0 821.0 81.0 806.0 88.0 806.0 Small_Car 1
182.0 888.0 173.0 889.0 172.0 877.0 181.0 877.0 Small_Car 1
341.0 586.0 316.0 586.0 316.0 579.0 341.0 578.0 Small_Car 1
376.0 563.0 355.0 563.0 355.0 555.0 376.0 556.0 Small_Car 1
974.0 841.0 954.0 840.0 954.0 834.0 974.0 835.0 Small_Car 1
943.0 835.0 942.0 842.0 921.0 839.0 922.0 832.0 Small_Car 1
396.0 868.0 385.0 868.0 386.0 853.0 396.0 854.0 Small_Car 1
303.0 361.0 295.0 364.0 288.0 348.0 297.0 344.0 Small_Car 1
608.0 541.0 598.0 542.0 598.0 525.0 608.0 524.0 Small_Car 1
