26.0 219.0 12.0 232.0 7.0 227.0 21.0 213.0 Small_Car 1
76.0 304.0 72.0 310.0 57.0 300.0 61.0 294.0 Small_Car 1
213.0 328.0 200.0 341.0 194.0 336.0 208.0 323.0 Small_Car 1
204.0 321.0 189.0 334.0 185.0 329.0 199.0 316.0 Small_Car 1
226.0 287.0 212.0 300.0 207.0 294.0 221.0 282.0 Small_Car 1
232.0 265.0 221.0 277.0 216.0 271.0 227.0 260.0 Small_Car 1
243.0 222.0 231.0 235.0 225.0 229.0 237.0 216.0 Small_Car 1
220.0 205.0 208.0 218.0 201.0 212.0 213.0 199.0 Small_Car 1
332.0 325.0 317.0 334.0 313.0 326.0 327.0 318.0 Small_Car 1
374.0 319.0 357.0 326.0 355.0 319.0 371.0 313.0 Small_Car 1
330.0 341.0 314.0 351.0 310.0 345.0 326.0 335.0 Small_Car 1
468.0 273.0 451.0 281.0 448.0 276.0 465.0 267.0 Small_Car 1
490.0 260.0 473.0 269.0 470.0 262.0 487.0 254.0 Small_Car 1
327.0 747.0 310.0 756.0 307.0 750.0 324.0 742.0 Small_Car 1
81.0 646.0 79.0 653.0 60.0 645.0 63.0 639.0 Small_Car 1
128.0 671.0 124.0 677.0 107.0 664.0 111.0 659.0 Small_Car 1
53.0 445.0 40.0 453.0 36.0 446.0 50.0 438.0 Small_Car 1
74.0 434.0 57.0 442.0 54.0 436.0 70.0 428.0 Small_Car 1
