187.0 783.0 182.0 797.0 174.0 794.0 180.0 780.0 Small_Car 1
168.0 777.0 160.0 794.0 151.0 790.0 160.0 773.0 Small_Car 1
591.0 383.0 589.0 392.0 567.0 387.0 569.0 378.0 Small_Car 1
228.0 200.0 223.0 206.0 207.0 192.0 212.0 186.0 Small_Car 1
220.0 209.0 214.0 216.0 198.0 200.0 205.0 193.0 Small_Car 1
174.0 247.0 169.0 253.0 155.0 240.0 160.0 234.0 Small_Car 1
164.0 254.0 158.0 260.0 146.0 247.0 151.0 242.0 Small_Car 1
156.0 285.0 151.0 291.0 137.0 278.0 142.0 272.0 Small_Car 1
119.0 313.0 114.0 319.0 99.0 306.0 104.0 300.0 Small_Car 1
86.0 349.0 80.0 356.0 66.0 344.0 72.0 338.0 Small_Car 1
36.0 393.0 30.0 399.0 16.0 386.0 21.0 380.0 Small_Car 1
142.0 458.0 139.0 466.0 120.0 460.0 122.0 451.0 Small_Car 1
138.0 534.0 120.0 544.0 116.0 535.0 133.0 526.0 Small_Car 1
34.0 521.0 32.0 528.0 10.0 523.0 12.0 515.0 Small_Car 1
