448.0 491.0 433.0 505.0 426.0 499.0 442.0 484.0 Small_Car 1
478.0 517.0 465.0 529.0 459.0 524.0 473.0 511.0 Small_Car 1
500.0 510.0 486.0 522.0 481.0 516.0 494.0 504.0 Small_Car 1
569.0 467.0 556.0 480.0 550.0 475.0 564.0 461.0 Small_Car 1
518.0 372.0 517.0 379.0 497.0 375.0 499.0 368.0 Small_Car 1
20.0 516.0 17.0 524.0 3.0 518.0 6.0 511.0 Small_Car 1
174.0 484.0 162.0 497.0 157.0 493.0 169.0 479.0 Small_Car 1
165.0 479.0 153.0 492.0 147.0 487.0 159.0 474.0 Small_Car 1
227.0 473.0 220.0 481.0 215.0 477.0 221.0 469.0 Small_Car 1
193.0 440.0 179.0 452.0 173.0 447.0 187.0 433.0 Small_Car 1
177.0 426.0 163.0 440.0 157.0 433.0 171.0 418.0 Small_Car 1
154.0 407.0 142.0 418.0 137.0 414.0 149.0 402.0 Small_Car 1
55.0 346.0 42.0 358.0 36.0 354.0 49.0 340.0 Small_Car 1
482.0 713.0 477.0 718.0 464.0 707.0 469.0 702.0 Small_Car 1
481.0 687.0 469.0 699.0 464.0 694.0 476.0 681.0 Small_Car 1
201.0 671.0 191.0 681.0 185.0 677.0 195.0 666.0 Small_Car 1
168.0 638.0 164.0 645.0 147.0 636.0 151.0 629.0 Small_Car 1
87.0 651.0 81.0 656.0 72.0 642.0 78.0 638.0 Small_Car 1
73.0 665.0 67.0 669.0 57.0 655.0 63.0 651.0 Small_Car 1
