133.0 797.0 132.0 805.0 109.0 803.0 110.0 795.0 Small_Car 1
338.0 818.0 337.0 826.0 315.0 825.0 315.0 817.0 Small_Car 1
476.0 840.0 452.0 839.0 452.0 831.0 476.0 831.0 Small_Car 1
672.0 651.0 671.0 668.0 662.0 668.0 663.0 650.0 Small_Car 1
881.0 687.0 857.0 687.0 857.0 679.0 881.0 679.0 Small_Car 1
880.0 642.0 857.0 643.0 857.0 635.0 880.0 634.0 Small_Car 1
879.0 613.0 857.0 613.0 857.0 606.0 879.0 606.0 Small_Car 1
881.0 604.0 858.0 604.0 858.0 596.0 881.0 596.0 Small_Car 1
882.0 586.0 860.0 585.0 860.0 578.0 882.0 578.0 Small_Car 1
884.0 575.0 861.0 576.0 861.0 569.0 884.0 569.0 Small_Car 1
868.0 361.0 867.0 376.0 858.0 376.0 859.0 361.0 Small_Car 1
826.0 397.0 824.0 414.0 814.0 413.0 816.0 395.0 Small_Car 1
805.0 392.0 797.0 409.0 788.0 405.0 795.0 388.0 Small_Car 1
719.0 358.0 710.0 375.0 701.0 370.0 710.0 353.0 Small_Car 1
690.0 350.0 685.0 367.0 677.0 364.0 682.0 348.0 Small_Car 1
662.0 364.0 653.0 364.0 653.0 347.0 662.0 348.0 Small_Car 1
636.0 346.0 635.0 363.0 626.0 362.0 626.0 346.0 Small_Car 1
611.0 362.0 603.0 362.0 603.0 347.0 611.0 347.0 Small_Car 1
