43.0 221.0 33.0 235.0 26.0 230.0 36.0 216.0 Small_Car 1
45.0 115.0 43.0 122.0 24.0 118.0 26.0 110.0 Small_Car 1
266.0 6.0 243.0 5.0 243.0 0.0 266.0 0.0 Small_Car 1
238.0 136.0 234.0 144.0 211.0 135.0 214.0 127.0 Small_Car 1
250.0 205.0 238.0 219.0 231.0 214.0 242.0 199.0 Small_Car 1
249.0 223.0 237.0 239.0 229.0 233.0 241.0 217.0 Small_Car 1
222.0 237.0 209.0 251.0 202.0 244.0 215.0 230.0 Small_Car 1
238.0 309.0 234.0 315.0 220.0 307.0 224.0 301.0 Small_Car 1
130.0 361.0 116.0 382.0 107.0 376.0 120.0 355.0 Small_Car 1
115.0 406.0 111.0 414.0 90.0 403.0 94.0 395.0 Small_Car 1
230.0 458.0 225.0 465.0 207.0 454.0 211.0 447.0 Small_Car 1
278.0 484.0 275.0 491.0 255.0 485.0 258.0 478.0 Small_Car 1
326.0 505.0 323.0 513.0 299.0 503.0 302.0 495.0 Small_Car 1
