27.0 231.0 14.0 239.0 10.0 233.0 22.0 224.0 Small_Car 1
886.0 16.0 881.0 21.0 869.0 10.0 874.0 5.0 Small_Car 1
943.0 63.0 939.0 69.0 923.0 57.0 927.0 51.0 Small_Car 1
429.0 985.0 415.0 995.0 411.0 989.0 425.0 979.0 Small_Car 1
464.0 978.0 449.0 989.0 444.0 983.0 459.0 971.0 Small_Car 1
483.0 964.0 471.0 974.0 467.0 969.0 478.0 959.0 Small_Car 1
509.0 947.0 497.0 955.0 493.0 949.0 505.0 941.0 Small_Car 1
504.0 861.0 492.0 872.0 487.0 866.0 499.0 855.0 Small_Car 1
624.0 855.0 608.0 867.0 604.0 860.0 619.0 849.0 Small_Car 1
648.0 826.0 636.0 836.0 631.0 830.0 643.0 820.0 Small_Car 1
804.0 747.0 792.0 757.0 787.0 752.0 799.0 741.0 Small_Car 1
827.0 624.0 816.0 635.0 810.0 629.0 821.0 618.0 Small_Car 1
924.0 667.0 911.0 678.0 906.0 671.0 920.0 661.0 Small_Car 1
945.0 637.0 930.0 648.0 925.0 642.0 940.0 631.0 Small_Car 1
975.0 632.0 962.0 642.0 957.0 636.0 970.0 626.0 Small_Car 1
972.0 618.0 957.0 628.0 953.0 622.0 968.0 612.0 Small_Car 1
1000.0 599.0 987.0 609.0 983.0 603.0 996.0 594.0 Small_Car 1
