293.0 117.0 285.0 117.0 285.0 101.0 293.0 101.0 Small_Car 1
293.0 71.0 284.0 71.0 283.0 54.0 292.0 54.0 Small_Car 1
95.0 588.0 73.0 589.0 73.0 581.0 95.0 581.0 Small_Car 1
242.0 583.0 218.0 581.0 219.0 575.0 242.0 577.0 Small_Car 1
360.0 522.0 353.0 523.0 352.0 508.0 359.0 508.0 Small_Car 1
359.0 483.0 351.0 482.0 352.0 469.0 359.0 469.0 Small_Car 1
360.0 449.0 359.0 463.0 353.0 463.0 353.0 449.0 Small_Car 1
361.0 419.0 352.0 419.0 353.0 402.0 361.0 402.0 Small_Car 1
363.0 271.0 362.0 286.0 353.0 286.0 354.0 271.0 Small_Car 1
359.0 269.0 352.0 270.0 351.0 255.0 358.0 254.0 Small_Car 1
294.0 233.0 286.0 234.0 285.0 219.0 293.0 218.0 Small_Car 1
293.0 414.0 285.0 414.0 285.0 397.0 293.0 397.0 Small_Car 1
292.0 464.0 284.0 464.0 285.0 446.0 292.0 446.0 Small_Car 1
292.0 433.0 284.0 433.0 284.0 416.0 292.0 416.0 Small_Car 1
417.0 589.0 394.0 588.0 394.0 582.0 417.0 583.0 Small_Car 1
722.0 587.0 700.0 587.0 700.0 580.0 722.0 579.0 Small_Car 1
747.0 587.0 727.0 586.0 728.0 580.0 747.0 581.0 Small_Car 1
806.0 588.0 781.0 588.0 781.0 581.0 806.0 581.0 Small_Car 1
981.0 588.0 959.0 590.0 958.0 583.0 980.0 582.0 Small_Car 1
839.0 688.0 832.0 702.0 824.0 699.0 831.0 684.0 Small_Car 1
736.0 755.0 727.0 770.0 721.0 766.0 730.0 751.0 Small_Car 1
801.0 831.0 800.0 839.0 776.0 839.0 776.0 830.0 Small_Car 1
797.0 856.0 771.0 855.0 771.0 846.0 797.0 847.0 Small_Car 1
673.0 865.0 663.0 880.0 655.0 875.0 666.0 860.0 Small_Car 1
749.0 983.0 726.0 982.0 726.0 976.0 749.0 978.0 Small_Car 1
813.0 967.0 812.0 975.0 795.0 974.0 796.0 966.0 Small_Car 1
294.0 618.0 293.0 634.0 284.0 633.0 285.0 617.0 Small_Car 1
294.0 718.0 283.0 719.0 282.0 702.0 292.0 701.0 Small_Car 1
662.0 162.0 655.0 162.0 655.0 145.0 662.0 145.0 Small_Car 1
641.0 75.0 620.0 76.0 620.0 69.0 641.0 68.0 Small_Car 1
528.0 850.0 520.0 863.0 513.0 858.0 521.0 846.0 Small_Car 1
640.0 923.0 631.0 938.0 623.0 933.0 632.0 918.0 Small_Car 1
801.0 804.0 782.0 802.0 782.0 796.0 801.0 797.0 Small_Car 1
808.0 826.0 788.0 826.0 788.0 819.0 808.0 820.0 Small_Car 1
952.0 589.0 932.0 588.0 932.0 582.0 952.0 583.0 Small_Car 1
294.0 920.0 292.0 945.0 281.0 944.0 283.0 919.0 Small_Car 1
