410.0 50.0 392.0 56.0 390.0 50.0 408.0 44.0 Small_Car 1
371.0 90.0 353.0 91.0 353.0 85.0 371.0 84.0 Small_Car 1
414.0 55.0 398.0 65.0 394.0 60.0 410.0 50.0 Small_Car 1
415.0 66.0 400.0 75.0 396.0 69.0 411.0 60.0 Small_Car 1
491.0 100.0 471.0 102.0 471.0 96.0 490.0 94.0 Small_Car 1
542.0 16.0 522.0 17.0 522.0 11.0 541.0 9.0 Small_Car 1
514.0 10.0 506.0 25.0 499.0 21.0 507.0 7.0 Small_Car 1
694.0 83.0 673.0 85.0 673.0 78.0 693.0 76.0 Small_Car 1
717.0 83.0 697.0 84.0 697.0 77.0 717.0 77.0 Small_Car 1
745.0 79.0 722.0 81.0 722.0 75.0 744.0 74.0 Small_Car 1
798.0 528.0 776.0 531.0 776.0 524.0 797.0 521.0 Small_Car 1
753.0 534.0 733.0 538.0 731.0 531.0 752.0 527.0 Small_Car 1
694.0 518.0 673.0 521.0 672.0 515.0 693.0 512.0 Small_Car 1
700.0 531.0 679.0 534.0 678.0 528.0 699.0 525.0 Small_Car 1
598.0 558.0 576.0 562.0 574.0 555.0 597.0 551.0 Small_Car 1
560.0 538.0 539.0 542.0 538.0 536.0 559.0 533.0 Small_Car 1
443.0 584.0 421.0 588.0 420.0 582.0 442.0 577.0 Small_Car 1
383.0 580.0 362.0 585.0 361.0 579.0 382.0 574.0 Small_Car 1
305.0 592.0 284.0 596.0 283.0 590.0 304.0 586.0 Small_Car 1
292.0 569.0 269.0 572.0 268.0 566.0 291.0 563.0 Small_Car 1
64.0 303.0 62.0 310.0 43.0 305.0 45.0 298.0 Small_Car 1
64.0 293.0 63.0 299.0 44.0 295.0 45.0 289.0 Small_Car 1
63.0 282.0 61.0 289.0 38.0 284.0 40.0 277.0 Small_Car 1
58.0 261.0 56.0 268.0 39.0 262.0 41.0 256.0 Small_Car 1
49.0 208.0 47.0 215.0 27.0 209.0 29.0 203.0 Small_Car 1
231.0 106.0 216.0 115.0 213.0 111.0 229.0 101.0 Small_Car 1
152.0 124.0 151.0 132.0 129.0 131.0 129.0 123.0 Small_Car 1
128.0 132.0 107.0 131.0 107.0 125.0 128.0 125.0 Small_Car 1
102.0 131.0 82.0 131.0 82.0 124.0 102.0 124.0 Small_Car 1
79.0 133.0 57.0 134.0 57.0 126.0 79.0 126.0 Small_Car 1
44.0 136.0 26.0 137.0 25.0 131.0 43.0 130.0 Small_Car 1
21.0 139.0 2.0 142.0 1.0 135.0 20.0 132.0 Small_Car 1
113.0 87.0 90.0 92.0 89.0 85.0 111.0 81.0 Small_Car 1
85.0 92.0 65.0 96.0 63.0 89.0 83.0 85.0 Small_Car 1
10.0 106.0 0.0 108.0 0.0 101.0 8.0 99.0 Small_Car 1
21.0 355.0 13.0 359.0 4.0 340.0 13.0 336.0 Small_Car 1
61.0 442.0 55.0 445.0 49.0 431.0 56.0 428.0 Small_Car 1
80.0 518.0 74.0 530.0 67.0 526.0 73.0 515.0 Small_Car 1
