187.0 505.0 175.0 520.0 166.0 513.0 178.0 498.0 Small_Car 1
106.0 462.0 96.0 473.0 89.0 467.0 100.0 456.0 Small_Car 1
152.0 539.0 139.0 554.0 133.0 549.0 147.0 534.0 Small_Car 1
131.0 529.0 119.0 542.0 112.0 537.0 124.0 523.0 Small_Car 1
123.0 523.0 110.0 538.0 103.0 532.0 116.0 517.0 Small_Car 1
112.0 518.0 100.0 532.0 93.0 526.0 105.0 512.0 Small_Car 1
93.0 506.0 82.0 520.0 75.0 515.0 85.0 501.0 Small_Car 1
21.0 467.0 9.0 483.0 0.0 476.0 12.0 460.0 Small_Car 1
76.0 92.0 74.0 100.0 56.0 95.0 59.0 87.0 Small_Car 1
194.0 168.0 192.0 175.0 174.0 168.0 176.0 161.0 Small_Car 1
262.0 178.0 259.0 185.0 238.0 177.0 241.0 170.0 Small_Car 1
749.0 355.0 744.0 362.0 728.0 352.0 733.0 345.0 Small_Car 1
666.0 350.0 663.0 356.0 644.0 348.0 647.0 341.0 Small_Car 1
694.0 361.0 690.0 369.0 669.0 359.0 672.0 352.0 Small_Car 1
714.0 373.0 711.0 379.0 697.0 373.0 700.0 367.0 Small_Car 1
703.0 381.0 700.0 387.0 684.0 379.0 687.0 373.0 Small_Car 1
744.0 440.0 727.0 447.0 724.0 440.0 741.0 433.0 Small_Car 1
718.0 455.0 702.0 463.0 698.0 456.0 714.0 448.0 Small_Car 1
758.0 181.0 750.0 187.0 737.0 171.0 745.0 165.0 Small_Car 1
