371.0 37.0 350.0 42.0 348.0 34.0 370.0 29.0 Small_Car 1
117.0 329.0 91.0 332.0 91.0 323.0 116.0 320.0 Small_Car 1
119.0 337.0 97.0 341.0 96.0 334.0 118.0 331.0 Small_Car 1
474.0 339.0 453.0 343.0 452.0 337.0 472.0 333.0 Small_Car 1
538.0 377.0 530.0 380.0 525.0 363.0 533.0 361.0 Small_Car 1
339.0 653.0 319.0 657.0 318.0 649.0 338.0 645.0 Small_Car 1
160.0 739.0 153.0 741.0 148.0 724.0 155.0 722.0 Small_Car 1
195.0 444.0 187.0 446.0 182.0 428.0 189.0 425.0 Small_Car 1
202.0 171.0 179.0 176.0 177.0 169.0 200.0 164.0 Small_Car 1
232.0 366.0 211.0 370.0 209.0 360.0 229.0 356.0 Small_Car 1
