39.0 721.0 21.0 732.0 15.0 721.0 33.0 711.0 Small_Car 1
25.0 707.0 10.0 717.0 3.0 708.0 18.0 697.0 Small_Car 1
103.0 730.0 96.0 735.0 86.0 721.0 93.0 716.0 Small_Car 1
113.0 727.0 107.0 731.0 97.0 718.0 103.0 713.0 Small_Car 1
135.0 714.0 127.0 719.0 117.0 704.0 125.0 699.0 Small_Car 1
141.0 683.0 119.0 695.0 115.0 686.0 137.0 674.0 Small_Car 1
134.0 673.0 117.0 683.0 113.0 676.0 131.0 667.0 Small_Car 1
125.0 666.0 109.0 676.0 105.0 668.0 120.0 659.0 Small_Car 1
31.0 667.0 26.0 672.0 11.0 658.0 15.0 653.0 Small_Car 1
57.0 648.0 50.0 655.0 36.0 641.0 43.0 634.0 Small_Car 1
109.0 642.0 92.0 650.0 89.0 643.0 105.0 634.0 Small_Car 1
102.0 632.0 85.0 642.0 81.0 636.0 98.0 625.0 Small_Car 1
