645.0 1000.0 634.0 1000.0 634.0 982.0 645.0 982.0 Small_Car 1
599.0 979.0 576.0 979.0 576.0 971.0 599.0 971.0 Small_Car 1
517.0 939.0 501.0 938.0 501.0 930.0 517.0 930.0 Small_Car 1
549.0 939.0 528.0 939.0 528.0 932.0 549.0 932.0 Small_Car 1
64.0 891.0 41.0 891.0 41.0 884.0 64.0 884.0 Small_Car 1
772.0 827.0 749.0 827.0 749.0 820.0 772.0 819.0 Small_Car 1
721.0 879.0 700.0 880.0 699.0 872.0 721.0 871.0 Small_Car 1
793.0 618.0 782.0 618.0 782.0 600.0 793.0 600.0 Small_Car 1
744.0 611.0 731.0 611.0 731.0 598.0 744.0 598.0 Small_Car 1
634.0 362.0 623.0 362.0 622.0 345.0 634.0 345.0 Small_Car 1
674.0 361.0 663.0 361.0 662.0 344.0 673.0 343.0 Small_Car 1
724.0 358.0 714.0 358.0 713.0 340.0 723.0 340.0 Small_Car 1
764.0 310.0 753.0 310.0 753.0 292.0 764.0 292.0 Small_Car 1
920.0 311.0 896.0 312.0 896.0 305.0 919.0 304.0 Small_Car 1
892.0 261.0 882.0 261.0 882.0 245.0 892.0 245.0 Small_Car 1
800.0 263.0 789.0 263.0 789.0 246.0 800.0 246.0 Small_Car 1
776.0 263.0 765.0 263.0 765.0 246.0 776.0 246.0 Small_Car 1
763.0 265.0 753.0 265.0 753.0 247.0 763.0 247.0 Small_Car 1
751.0 262.0 741.0 262.0 741.0 247.0 751.0 247.0 Small_Car 1
714.0 264.0 704.0 264.0 703.0 247.0 714.0 247.0 Small_Car 1
702.0 266.0 690.0 266.0 691.0 247.0 702.0 247.0 Small_Car 1
665.0 264.0 653.0 264.0 653.0 248.0 665.0 248.0 Small_Car 1
652.0 247.0 651.0 266.0 640.0 266.0 640.0 247.0 Small_Car 1
639.0 263.0 629.0 263.0 629.0 247.0 639.0 247.0 Small_Car 1
586.0 266.0 575.0 267.0 575.0 249.0 586.0 249.0 Small_Car 1
639.0 32.0 632.0 50.0 623.0 46.0 630.0 29.0 Small_Car 1
845.0 68.0 838.0 85.0 830.0 81.0 836.0 64.0 Small_Car 1
894.0 75.0 889.0 92.0 880.0 89.0 884.0 72.0 Small_Car 1
