673.0 166.0 670.0 171.0 663.0 165.0 666.0 161.0 Small_Car 1
676.0 554.0 670.0 567.0 664.0 564.0 670.0 551.0 Small_Car 1
684.0 533.0 680.0 549.0 673.0 547.0 677.0 531.0 Small_Car 1
566.0 136.0 561.0 141.0 550.0 131.0 555.0 126.0 Small_Car 1
625.0 155.0 620.0 162.0 606.0 151.0 611.0 144.0 Small_Car 1
707.0 33.0 701.0 39.0 688.0 27.0 695.0 21.0 Small_Car 1
28.0 208.0 22.0 214.0 9.0 200.0 15.0 195.0 Small_Car 1
52.0 236.0 46.0 241.0 32.0 227.0 38.0 221.0 Small_Car 1
66.0 347.0 49.0 355.0 46.0 348.0 63.0 340.0 Small_Car 1
415.0 52.0 409.0 57.0 395.0 42.0 401.0 36.0 Small_Car 1
517.0 69.0 501.0 80.0 496.0 74.0 512.0 63.0 Small_Car 1
550.0 89.0 536.0 97.0 531.0 89.0 546.0 81.0 Small_Car 1
593.0 118.0 588.0 124.0 572.0 112.0 576.0 105.0 Small_Car 1
620.0 100.0 615.0 106.0 598.0 94.0 603.0 87.0 Small_Car 1
629.0 93.0 624.0 99.0 608.0 87.0 613.0 81.0 Small_Car 1
660.0 181.0 655.0 187.0 639.0 174.0 644.0 168.0 Small_Car 1
649.0 185.0 644.0 191.0 628.0 178.0 633.0 172.0 Small_Car 1
717.0 202.0 711.0 208.0 698.0 195.0 703.0 189.0 Small_Car 1
699.0 213.0 693.0 219.0 680.0 204.0 686.0 199.0 Small_Car 1
689.0 219.0 684.0 224.0 670.0 211.0 675.0 205.0 Small_Car 1
681.0 222.0 676.0 229.0 662.0 218.0 667.0 212.0 Small_Car 1
667.0 235.0 661.0 242.0 648.0 231.0 654.0 225.0 Small_Car 1
601.0 223.0 596.0 230.0 582.0 219.0 587.0 212.0 Small_Car 1
541.0 218.0 536.0 225.0 519.0 213.0 524.0 206.0 Small_Car 1
551.0 212.0 546.0 219.0 529.0 207.0 533.0 200.0 Small_Car 1
559.0 202.0 553.0 210.0 536.0 197.0 542.0 189.0 Small_Car 1
568.0 196.0 564.0 202.0 545.0 189.0 550.0 183.0 Small_Car 1
535.0 226.0 530.0 234.0 515.0 224.0 520.0 216.0 Small_Car 1
495.0 329.0 492.0 335.0 475.0 328.0 478.0 322.0 Small_Car 1
491.0 338.0 488.0 343.0 471.0 334.0 474.0 329.0 Small_Car 1
582.0 347.0 567.0 361.0 560.0 354.0 575.0 340.0 Small_Car 1
558.0 482.0 555.0 489.0 535.0 481.0 538.0 474.0 Small_Car 1
527.0 523.0 523.0 529.0 504.0 518.0 508.0 512.0 Small_Car 1
511.0 537.0 507.0 543.0 487.0 530.0 492.0 524.0 Small_Car 1
489.0 558.0 485.0 565.0 466.0 554.0 470.0 547.0 Small_Car 1
481.0 565.0 477.0 571.0 458.0 560.0 462.0 554.0 Small_Car 1
469.0 579.0 464.0 587.0 446.0 577.0 450.0 569.0 Small_Car 1
426.0 544.0 422.0 551.0 403.0 542.0 407.0 534.0 Small_Car 1
432.0 537.0 429.0 543.0 412.0 534.0 415.0 528.0 Small_Car 1
447.0 522.0 444.0 529.0 424.0 520.0 427.0 513.0 Small_Car 1
774.0 380.0 761.0 394.0 754.0 387.0 768.0 374.0 Small_Car 1
692.0 444.0 690.0 452.0 672.0 448.0 673.0 440.0 Small_Car 1
688.0 479.0 682.0 497.0 673.0 494.0 680.0 476.0 Small_Car 1
695.0 515.0 691.0 530.0 682.0 528.0 686.0 512.0 Small_Car 1
643.0 543.0 641.0 549.0 621.0 542.0 623.0 535.0 Small_Car 1
