136.0 557.0 114.0 560.0 113.0 552.0 135.0 550.0 Small_Car 1
49.0 29.0 41.0 30.0 39.0 14.0 47.0 13.0 Small_Car 1
51.0 49.0 42.0 50.0 40.0 33.0 50.0 32.0 Small_Car 1
36.0 169.0 14.0 170.0 14.0 163.0 36.0 163.0 Small_Car 1
38.0 179.0 17.0 180.0 17.0 173.0 38.0 172.0 Small_Car 1
46.0 244.0 25.0 245.0 25.0 238.0 46.0 237.0 Small_Car 1
49.0 263.0 28.0 264.0 27.0 257.0 48.0 256.0 Small_Car 1
50.0 280.0 30.0 281.0 30.0 275.0 50.0 274.0 Small_Car 1
52.0 290.0 30.0 291.0 30.0 285.0 51.0 284.0 Small_Car 1
57.0 327.0 35.0 328.0 35.0 321.0 56.0 319.0 Small_Car 1
61.0 354.0 44.0 355.0 44.0 349.0 61.0 348.0 Small_Car 1
63.0 363.0 47.0 365.0 46.0 359.0 62.0 357.0 Small_Car 1
140.0 343.0 130.0 344.0 128.0 329.0 138.0 328.0 Small_Car 1
178.0 344.0 168.0 345.0 167.0 327.0 177.0 326.0 Small_Car 1
110.0 396.0 103.0 397.0 100.0 378.0 107.0 377.0 Small_Car 1
97.0 395.0 89.0 396.0 87.0 380.0 95.0 379.0 Small_Car 1
133.0 392.0 124.0 394.0 122.0 378.0 130.0 377.0 Small_Car 1
157.0 392.0 148.0 393.0 146.0 375.0 155.0 375.0 Small_Car 1
98.0 669.0 73.0 671.0 73.0 664.0 97.0 663.0 Small_Car 1
103.0 706.0 79.0 707.0 79.0 701.0 103.0 699.0 Small_Car 1
101.0 716.0 78.0 717.0 77.0 710.0 100.0 709.0 Small_Car 1
102.0 727.0 80.0 728.0 79.0 719.0 101.0 719.0 Small_Car 1
254.0 781.0 251.0 797.0 242.0 796.0 246.0 779.0 Small_Car 1
230.0 774.0 227.0 791.0 219.0 789.0 222.0 772.0 Small_Car 1
207.0 771.0 202.0 786.0 194.0 784.0 198.0 768.0 Small_Car 1
223.0 755.0 219.0 770.0 212.0 768.0 216.0 754.0 Small_Car 1
213.0 753.0 208.0 768.0 200.0 766.0 204.0 750.0 Small_Car 1
188.0 747.0 184.0 761.0 177.0 758.0 181.0 745.0 Small_Car 1
172.0 765.0 168.0 781.0 159.0 779.0 164.0 763.0 Small_Car 1
102.0 753.0 81.0 754.0 81.0 748.0 102.0 747.0 Small_Car 1
107.0 771.0 86.0 772.0 85.0 765.0 107.0 764.0 Small_Car 1
297.0 829.0 294.0 845.0 286.0 844.0 289.0 827.0 Small_Car 1
323.0 834.0 319.0 848.0 311.0 846.0 315.0 832.0 Small_Car 1
292.0 783.0 287.0 800.0 280.0 798.0 284.0 781.0 Small_Car 1
370.0 775.0 364.0 791.0 357.0 788.0 363.0 772.0 Small_Car 1
370.0 731.0 366.0 746.0 357.0 744.0 360.0 729.0 Small_Car 1
380.0 731.0 377.0 744.0 370.0 743.0 372.0 730.0 Small_Car 1
729.0 451.0 708.0 451.0 708.0 443.0 729.0 443.0 Small_Car 1
718.0 415.0 696.0 416.0 696.0 410.0 717.0 409.0 Small_Car 1
695.0 440.0 674.0 441.0 674.0 435.0 694.0 434.0 Small_Car 1
678.0 453.0 659.0 454.0 659.0 447.0 678.0 447.0 Small_Car 1
655.0 415.0 634.0 416.0 634.0 408.0 655.0 408.0 Small_Car 1
660.0 427.0 639.0 428.0 639.0 422.0 659.0 421.0 Small_Car 1
641.0 439.0 624.0 439.0 624.0 433.0 641.0 433.0 Small_Car 1
699.0 505.0 680.0 505.0 680.0 499.0 699.0 500.0 Small_Car 1
451.0 416.0 432.0 416.0 432.0 411.0 451.0 410.0 Small_Car 1
433.0 459.0 414.0 460.0 414.0 454.0 433.0 453.0 Small_Car 1
369.0 506.0 348.0 508.0 347.0 501.0 368.0 499.0 Small_Car 1
329.0 541.0 309.0 545.0 307.0 538.0 328.0 534.0 Small_Car 1
318.0 428.0 297.0 429.0 297.0 423.0 318.0 422.0 Small_Car 1
288.0 444.0 265.0 446.0 264.0 438.0 288.0 437.0 Small_Car 1
306.0 457.0 284.0 460.0 283.0 453.0 305.0 450.0 Small_Car 1
244.0 462.0 223.0 464.0 222.0 458.0 243.0 456.0 Small_Car 1
243.0 434.0 224.0 437.0 223.0 431.0 242.0 429.0 Small_Car 1
195.0 439.0 173.0 442.0 172.0 437.0 194.0 434.0 Small_Car 1
207.0 453.0 188.0 456.0 187.0 449.0 206.0 446.0 Small_Car 1
220.0 477.0 198.0 479.0 198.0 473.0 220.0 471.0 Small_Car 1
201.0 513.0 177.0 515.0 176.0 508.0 201.0 506.0 Small_Car 1
197.0 552.0 175.0 554.0 174.0 548.0 197.0 546.0 Small_Car 1
163.0 473.0 139.0 477.0 138.0 470.0 162.0 466.0 Small_Car 1
110.0 547.0 89.0 551.0 87.0 544.0 109.0 541.0 Small_Car 1
95.0 456.0 76.0 459.0 75.0 454.0 94.0 450.0 Small_Car 1
92.0 468.0 70.0 472.0 69.0 466.0 91.0 463.0 Small_Car 1
105.0 481.0 82.0 486.0 81.0 479.0 103.0 474.0 Small_Car 1
50.0 463.0 28.0 467.0 27.0 460.0 48.0 457.0 Small_Car 1
111.0 496.0 89.0 498.0 88.0 491.0 110.0 489.0 Small_Car 1
36.0 492.0 16.0 495.0 15.0 488.0 36.0 486.0 Small_Car 1
5.258486 868.7323 -0.741516 851.7323 7.00002 849.0 13.000022 866.0 Small_Car 1
43.0 887.0 39.0 894.0 23.0 884.0 27.0 877.0 Small_Car 1
98.0 901.0 97.0 909.0 75.0 905.0 76.0 898.0 Small_Car 1
186.0 924.0 185.0 931.0 165.0 929.0 166.0 922.0 Small_Car 1
302.0 950.0 279.0 948.0 280.0 942.0 302.0 944.0 Small_Car 1
587.0 652.0 584.0 662.0 578.0 661.0 581.0 651.0 Small_Car 1
406.0 997.0 399.0 1000.0 394.0 984.0 401.0 982.0 Small_Car 1
421.384613 1000.0 411.461517 1000.0 408.93512 991.789124 418.0 988.999939 Small_Car 1
447.428558 1000.0 439.142853 1000.0 437.880005 991.160034 446.0 990.0 Small_Car 1
513.0 975.0 512.0 982.0 493.0 978.0 494.0 972.0 Small_Car 1
602.0 993.0 580.0 992.0 580.0 985.0 602.0 986.0 Small_Car 1
633.0 992.0 611.0 991.0 611.0 985.0 633.0 985.0 Small_Car 1
757.0 971.0 740.0 978.0 738.0 971.0 755.0 965.0 Small_Car 1
834.0 937.0 819.0 948.0 815.0 943.0 829.0 932.0 Small_Car 1
959.0 815.0 952.0 830.0 944.0 826.0 951.0 811.0 Small_Car 1
956.0 781.0 950.0 796.0 943.0 794.0 948.0 779.0 Small_Car 1
980.0 749.0 978.0 765.0 969.0 764.0 972.0 748.0 Small_Car 1
271.0 189.0 263.0 190.0 261.0 173.0 268.0 172.0 Small_Car 1
426.0 339.0 407.0 340.0 407.0 334.0 426.0 333.0 Small_Car 1
417.0 327.0 399.0 330.0 398.0 323.0 416.0 321.0 Small_Car 1
379.0 307.0 372.0 307.0 371.0 294.0 379.0 293.0 Small_Car 1
357.0 285.0 335.0 286.0 334.0 279.0 356.0 278.0 Small_Car 1
397.0 286.0 377.0 286.0 377.0 280.0 397.0 279.0 Small_Car 1
420.0 284.0 399.0 285.0 399.0 278.0 420.0 278.0 Small_Car 1
465.0 262.0 457.0 263.0 455.0 246.0 463.0 245.0 Small_Car 1
462.0 242.0 453.0 243.0 452.0 226.0 461.0 225.0 Small_Car 1
391.0 203.0 372.0 205.0 371.0 198.0 390.0 196.0 Small_Car 1
343.0 157.0 342.0 173.0 334.0 173.0 335.0 157.0 Small_Car 1
319.0 176.0 310.0 177.0 308.0 161.0 316.0 160.0 Small_Car 1
340.0 139.0 331.0 140.0 331.0 124.0 340.0 124.0 Small_Car 1
326.0 139.0 317.0 140.0 315.0 126.0 323.0 124.0 Small_Car 1
340.0 119.0 320.0 119.0 320.0 113.0 340.0 113.0 Small_Car 1
276.0 97.0 267.0 97.0 267.0 81.0 276.0 81.0 Small_Car 1
290.0 94.0 280.0 94.0 280.0 84.0 290.0 84.0 Small_Car 1
179.0 63.0 161.0 64.0 160.0 58.0 178.0 57.0 Small_Car 1
404.026245 9.196505 398.000061 9.999998 396.666718 0.0 402.800049 0.0 Small_Car 1
514.0 24.0 492.0 25.0 491.0 19.0 514.0 17.0 Small_Car 1
468.0 77.0 461.0 79.0 458.0 64.0 465.0 63.0 Small_Car 1
548.0 91.0 524.0 92.0 523.0 84.0 547.0 83.0 Small_Car 1
513.0 95.0 493.0 94.0 494.0 86.0 513.0 87.0 Small_Car 1
477.0 135.0 469.0 135.0 468.0 122.0 477.0 121.0 Small_Car 1
479.0 155.0 472.0 155.0 472.0 138.0 479.0 138.0 Small_Car 1
518.0 185.0 499.0 187.0 499.0 180.0 518.0 179.0 Small_Car 1
521.0 203.0 499.0 204.0 499.0 198.0 521.0 197.0 Small_Car 1
520.0 212.0 499.0 214.0 499.0 207.0 519.0 205.0 Small_Car 1
643.0 262.0 627.0 265.0 626.0 259.0 642.0 257.0 Small_Car 1
812.0 129.0 790.0 132.0 789.0 125.0 812.0 123.0 Small_Car 1
799.0 122.0 778.0 125.0 777.0 119.0 799.0 116.0 Small_Car 1
650.0 96.0 649.0 111.0 641.0 110.0 642.0 96.0 Small_Car 1
723.0 91.0 704.0 91.0 704.0 84.0 723.0 85.0 Small_Car 1
646.0 121.0 621.0 124.0 620.0 118.0 645.0 116.0 Small_Car 1
