526.0 555.0 525.0 568.0 518.0 567.0 519.0 554.0 Small_Car 1
986.0 264.0 975.0 267.0 971.0 249.0 981.0 246.0 Small_Car 1
446.0 515.0 422.0 518.0 422.0 511.0 445.0 508.0 Small_Car 1
434.0 473.0 410.0 476.0 409.0 467.0 433.0 463.0 Small_Car 1
432.0 464.0 411.0 468.0 409.0 458.0 430.0 454.0 Small_Car 1
158.0 620.0 148.0 622.0 143.0 603.0 153.0 600.0 Small_Car 1
179.0 617.0 171.0 619.0 166.0 601.0 174.0 598.0 Small_Car 1
202.0 610.0 192.0 614.0 185.0 597.0 195.0 593.0 Small_Car 1
189.0 613.0 180.0 615.0 176.0 598.0 185.0 596.0 Small_Car 1
223.0 610.0 214.0 614.0 207.0 594.0 216.0 590.0 Small_Car 1
242.0 605.0 233.0 607.0 228.0 590.0 238.0 587.0 Small_Car 1
275.0 601.0 265.0 602.0 263.0 584.0 273.0 583.0 Small_Car 1
265.0 601.0 254.0 604.0 250.0 584.0 260.0 581.0 Small_Car 1
285.0 598.0 275.0 601.0 271.0 583.0 281.0 581.0 Small_Car 1
309.0 593.0 299.0 596.0 294.0 578.0 304.0 576.0 Small_Car 1
321.0 590.0 310.0 594.0 304.0 574.0 314.0 570.0 Small_Car 1
342.0 587.0 331.0 591.0 324.0 572.0 335.0 568.0 Small_Car 1
386.0 578.0 377.0 581.0 371.0 566.0 379.0 562.0 Small_Car 1
388.0 536.0 377.0 540.0 370.0 522.0 381.0 518.0 Small_Car 1
308.0 550.0 298.0 553.0 293.0 537.0 304.0 534.0 Small_Car 1
264.0 561.0 254.0 562.0 252.0 542.0 261.0 541.0 Small_Car 1
245.0 563.0 235.0 566.0 230.0 548.0 239.0 545.0 Small_Car 1
233.0 566.0 223.0 568.0 218.0 550.0 228.0 548.0 Small_Car 1
211.0 566.0 201.0 569.0 196.0 551.0 206.0 548.0 Small_Car 1
200.0 571.0 190.0 573.0 186.0 554.0 196.0 552.0 Small_Car 1
159.0 578.0 150.0 581.0 144.0 563.0 153.0 560.0 Small_Car 1
164.0 554.0 155.0 557.0 148.0 537.0 156.0 534.0 Small_Car 1
154.0 554.0 144.0 558.0 136.0 540.0 146.0 536.0 Small_Car 1
131.0 559.0 121.0 562.0 116.0 543.0 126.0 540.0 Small_Car 1
110.0 563.0 100.0 567.0 93.0 547.0 103.0 543.0 Small_Car 1
141.0 515.0 133.0 518.0 127.0 501.0 135.0 498.0 Small_Car 1
120.0 521.0 110.0 524.0 104.0 504.0 115.0 501.0 Small_Car 1
107.0 524.0 100.0 526.0 95.0 508.0 102.0 506.0 Small_Car 1
101.0 503.0 92.0 506.0 85.0 487.0 94.0 484.0 Small_Car 1
114.0 501.0 104.0 503.0 100.0 485.0 110.0 482.0 Small_Car 1
123.0 499.0 115.0 501.0 111.0 482.0 119.0 480.0 Small_Car 1
135.0 498.0 127.0 500.0 122.0 480.0 130.0 478.0 Small_Car 1
147.0 495.0 138.0 499.0 131.0 479.0 140.0 476.0 Small_Car 1
168.0 492.0 160.0 495.0 154.0 477.0 162.0 474.0 Small_Car 1
34.0 468.0 23.0 470.0 21.0 463.0 33.0 461.0 Small_Car 1
