359.0 28.0 342.0 41.0 336.0 34.0 353.0 21.0 Small_Car 1
19.0 216.0 8.0 219.0 3.0 201.0 15.0 198.0 Small_Car 1
503.0 546.0 495.0 551.0 485.0 535.0 493.0 530.0 Small_Car 1
519.0 586.0 513.0 592.0 502.0 580.0 508.0 574.0 Small_Car 1
611.0 481.0 606.0 486.0 594.0 475.0 600.0 470.0 Small_Car 1
592.0 490.0 586.0 496.0 575.0 485.0 580.0 479.0 Small_Car 1
521.0 535.0 516.0 540.0 503.0 526.0 509.0 521.0 Small_Car 1
350.0 402.0 343.0 408.0 331.0 393.0 338.0 387.0 Small_Car 1
278.0 381.0 272.0 385.0 261.0 370.0 267.0 366.0 Small_Car 1
285.0 427.0 277.0 434.0 266.0 419.0 274.0 412.0 Small_Car 1
447.0 350.0 441.0 355.0 430.0 341.0 436.0 337.0 Small_Car 1
503.0 293.0 496.0 296.0 489.0 282.0 497.0 278.0 Small_Car 1
685.0 268.0 681.0 274.0 661.0 261.0 665.0 255.0 Small_Car 1
691.0 189.0 688.0 195.0 669.0 185.0 672.0 179.0 Small_Car 1
744.0 96.0 742.0 103.0 722.0 98.0 724.0 90.0 Small_Car 1
738.0 102.0 737.0 110.0 718.0 106.0 719.0 98.0 Small_Car 1
438.0 578.0 432.0 582.0 422.0 569.0 428.0 564.0 Small_Car 1
493.0 295.0 486.0 299.0 477.0 283.0 484.0 278.0 Small_Car 1
417.0 363.0 410.0 368.0 398.0 353.0 405.0 348.0 Small_Car 1
408.0 368.0 399.0 374.0 390.0 361.0 398.0 355.0 Small_Car 1
