931.0 19.0 905.0 19.0 905.0 11.0 931.0 11.0 Small_Car 1
828.0 900.0 818.0 901.0 818.0 884.0 827.0 883.0 Small_Car 1
865.0 933.0 856.0 933.0 856.0 916.0 865.0 916.0 Small_Car 1
832.0 971.0 822.0 972.0 821.0 956.0 831.0 955.0 Small_Car 1
785.0 675.0 759.0 675.0 759.0 668.0 785.0 668.0 Small_Car 1
866.0 659.0 856.0 659.0 856.0 645.0 866.0 645.0 Small_Car 1
865.0 569.0 858.0 569.0 858.0 555.0 865.0 555.0 Small_Car 1
867.0 492.0 866.0 506.0 856.0 506.0 857.0 492.0 Small_Car 1
605.0 556.0 596.0 556.0 596.0 536.0 605.0 536.0 Small_Car 1
670.0 379.0 645.0 380.0 645.0 373.0 670.0 372.0 Small_Car 1
865.0 282.0 856.0 282.0 856.0 263.0 865.0 263.0 Small_Car 1
865.0 172.0 855.0 172.0 855.0 153.0 865.0 153.0 Small_Car 1
865.0 133.0 864.0 151.0 856.0 151.0 856.0 133.0 Small_Car 1
831.0 180.0 822.0 180.0 821.0 163.0 831.0 162.0 Small_Car 1
832.0 141.0 831.0 156.0 821.0 155.0 822.0 141.0 Small_Car 1
528.0 136.0 505.0 135.0 505.0 126.0 528.0 127.0 Small_Car 1
389.0 968.0 380.0 968.0 379.0 949.0 389.0 949.0 Small_Car 1
352.0 990.0 329.0 989.0 329.0 981.0 352.0 982.0 Small_Car 1
386.0 821.0 378.0 821.0 378.0 806.0 386.0 806.0 Small_Car 1
274.0 737.0 265.0 737.0 266.0 715.0 274.0 715.0 Small_Car 1
260.0 40.0 237.0 40.0 237.0 33.0 260.0 33.0 Small_Car 1
90.0 83.0 81.0 83.0 81.0 63.0 90.0 63.0 Small_Car 1
379.0 221.0 370.0 221.0 370.0 205.0 378.0 205.0 Small_Car 1
417.0 280.0 407.0 280.0 408.0 263.0 417.0 263.0 Small_Car 1
75.0 315.0 66.0 315.0 66.0 297.0 75.0 297.0 Small_Car 1
15.0 318.0 6.0 318.0 6.0 301.0 15.0 301.0 Small_Car 1
117.0 335.0 97.0 335.0 97.0 327.0 117.0 327.0 Small_Car 1
418.0 434.0 409.0 434.0 410.0 419.0 418.0 419.0 Small_Car 1
252.0 504.0 245.0 510.0 234.0 497.0 241.0 491.0 Small_Car 1
996.0 383.0 978.0 383.0 978.0 376.0 996.0 376.0 Small_Car 1
950.0 496.0 939.0 509.0 933.0 504.0 944.0 492.0 Small_Car 1
953.0 676.0 931.0 676.0 931.0 670.0 953.0 670.0 Small_Car 1
