563.0 646.0 562.0 654.0 553.0 653.0 553.0 646.0 Small_Car 1
561.0 668.0 542.0 667.0 542.0 660.0 561.0 661.0 Small_Car 1
555.0 707.0 537.0 706.0 538.0 699.0 555.0 700.0 Small_Car 1
605.0 734.0 601.0 740.0 583.0 730.0 586.0 723.0 Small_Car 1
642.0 736.0 641.0 743.0 620.0 742.0 620.0 735.0 Small_Car 1
666.0 746.0 660.0 750.0 651.0 738.0 656.0 734.0 Small_Car 1
706.0 753.0 704.0 770.0 696.0 769.0 697.0 752.0 Small_Car 1
717.0 754.0 714.0 772.0 707.0 771.0 708.0 754.0 Small_Car 1
736.0 774.0 734.0 792.0 725.0 791.0 728.0 773.0 Small_Car 1
669.0 769.0 668.0 786.0 659.0 785.0 661.0 768.0 Small_Car 1
658.0 784.0 649.0 784.0 649.0 767.0 658.0 767.0 Small_Car 1
600.0 784.0 587.0 795.0 582.0 789.0 594.0 779.0 Small_Car 1
647.0 802.0 631.0 803.0 630.0 795.0 647.0 795.0 Small_Car 1
618.0 814.0 617.0 825.0 609.0 825.0 611.0 814.0 Small_Car 1
639.0 831.0 632.0 831.0 632.0 814.0 639.0 814.0 Small_Car 1
639.0 834.0 638.0 851.0 630.0 851.0 631.0 834.0 Small_Car 1
649.0 833.0 647.0 850.0 639.0 849.0 642.0 832.0 Small_Car 1
662.0 834.0 660.0 852.0 650.0 851.0 652.0 833.0 Small_Car 1
672.0 852.0 665.0 852.0 664.0 840.0 671.0 839.0 Small_Car 1
683.0 843.0 682.0 853.0 675.0 853.0 675.0 843.0 Small_Car 1
683.0 821.0 682.0 835.0 675.0 835.0 675.0 821.0 Small_Car 1
696.0 822.0 695.0 838.0 686.0 838.0 687.0 822.0 Small_Car 1
691.0 856.0 683.0 856.0 684.0 845.0 691.0 845.0 Small_Car 1
705.0 840.0 704.0 856.0 696.0 856.0 696.0 840.0 Small_Car 1
709.0 822.0 707.0 839.0 698.0 838.0 699.0 821.0 Small_Car 1
756.0 821.0 755.0 838.0 745.0 837.0 747.0 820.0 Small_Car 1
717.0 841.0 714.0 860.0 705.0 859.0 708.0 840.0 Small_Car 1
702.0 884.0 699.0 901.0 691.0 900.0 692.0 883.0 Small_Car 1
686.0 901.0 684.0 920.0 676.0 919.0 677.0 901.0 Small_Car 1
794.0 782.0 777.0 782.0 777.0 776.0 794.0 776.0 Small_Car 1
790.0 868.0 770.0 868.0 770.0 860.0 790.0 861.0 Small_Car 1
788.0 878.0 767.0 878.0 768.0 871.0 788.0 871.0 Small_Car 1
871.0 907.0 863.0 908.0 860.0 894.0 868.0 892.0 Small_Car 1
886.0 951.0 877.0 953.0 873.0 936.0 882.0 934.0 Small_Car 1
882.0 907.0 874.0 909.0 871.0 892.0 878.0 891.0 Small_Car 1
893.0 907.0 885.0 909.0 882.0 891.0 891.0 889.0 Small_Car 1
905.0 947.0 897.0 949.0 893.0 931.0 901.0 929.0 Small_Car 1
903.0 905.0 895.0 906.0 892.0 891.0 900.0 889.0 Small_Car 1
915.0 903.0 907.0 905.0 903.0 889.0 910.0 887.0 Small_Car 1
1000.0 523.0 988.0 511.0 992.0 506.0 1000.0 514.0 Small_Car 1
996.0 525.0 992.0 529.0 979.0 517.0 983.0 512.0 Small_Car 1
905.0 505.0 890.0 515.0 885.0 508.0 901.0 498.0 Small_Car 1
898.0 498.0 880.0 509.0 877.0 501.0 894.0 491.0 Small_Car 1
878.0 477.0 861.0 487.0 857.0 480.0 874.0 470.0 Small_Car 1
813.0 482.0 797.0 491.0 793.0 485.0 809.0 476.0 Small_Car 1
782.0 455.0 769.0 462.0 766.0 456.0 779.0 448.0 Small_Car 1
717.0 564.0 697.0 566.0 697.0 558.0 716.0 556.0 Small_Car 1
712.0 486.0 698.0 495.0 695.0 489.0 708.0 480.0 Small_Car 1
743.0 408.0 727.0 420.0 723.0 414.0 739.0 402.0 Small_Car 1
681.0 449.0 662.0 460.0 658.0 453.0 677.0 442.0 Small_Car 1
669.0 435.0 653.0 446.0 648.0 439.0 664.0 428.0 Small_Car 1
680.0 399.0 674.0 405.0 661.0 393.0 666.0 387.0 Small_Car 1
113.0 571.0 99.0 580.0 95.0 573.0 109.0 564.0 Small_Car 1
181.0 517.0 167.0 528.0 163.0 522.0 176.0 512.0 Small_Car 1
216.0 507.0 200.0 518.0 195.0 511.0 211.0 501.0 Small_Car 1
187.0 491.0 171.0 502.0 167.0 496.0 183.0 485.0 Small_Car 1
169.0 472.0 153.0 484.0 148.0 477.0 165.0 465.0 Small_Car 1
252.0 442.0 233.0 452.0 229.0 445.0 248.0 435.0 Small_Car 1
177.0 437.0 165.0 446.0 161.0 440.0 172.0 431.0 Small_Car 1
143.0 400.0 127.0 412.0 122.0 405.0 137.0 393.0 Small_Car 1
24.0 471.0 7.0 482.0 3.0 475.0 21.0 463.0 Small_Car 1
23.0 435.0 8.0 444.0 5.0 439.0 20.0 429.0 Small_Car 1
2.0 437.0 -1.0 431.0 13.0 420.0 17.0 426.0 Small_Car 1
147.0 63.0 136.0 78.0 129.0 73.0 141.0 59.0 Small_Car 1
162.0 45.0 151.0 62.0 143.0 57.0 154.0 40.0 Small_Car 1
344.0 235.0 339.0 240.0 327.0 231.0 331.0 226.0 Small_Car 1
345.0 283.0 338.0 300.0 330.0 297.0 337.0 280.0 Small_Car 1
339.0 417.0 335.0 433.0 327.0 430.0 331.0 415.0 Small_Car 1
366.0 428.0 361.0 432.0 351.0 421.0 354.0 417.0 Small_Car 1
413.0 206.0 394.0 206.0 394.0 200.0 413.0 200.0 Small_Car 1
419.0 157.0 418.0 164.0 398.0 162.0 398.0 155.0 Small_Car 1
390.0 49.0 371.0 50.0 371.0 44.0 390.0 43.0 Small_Car 1
187.0 18.0 179.0 13.0 188.0 -1.0 195.0 3.0 Small_Car 1
743.0 103.0 737.0 109.0 722.0 93.0 728.0 87.0 Small_Car 1
456.0 981.0 455.0 998.0 446.0 997.0 448.0 981.0 Small_Car 1
473.0 945.0 472.0 960.0 463.0 959.0 464.0 944.0 Small_Car 1
438.0 915.0 437.0 933.0 429.0 932.0 429.0 915.0 Small_Car 1
417.0 883.0 414.0 902.0 407.0 901.0 409.0 882.0 Small_Car 1
432.0 876.0 431.0 894.0 422.0 893.0 423.0 875.0 Small_Car 1
455.0 876.0 453.0 894.0 444.0 893.0 446.0 875.0 Small_Car 1
488.0 910.0 487.0 924.0 480.0 924.0 481.0 909.0 Small_Car 1
478.0 885.0 477.0 900.0 470.0 900.0 471.0 885.0 Small_Car 1
433.0 853.0 432.0 869.0 423.0 868.0 425.0 852.0 Small_Car 1
459.0 849.0 457.0 866.0 450.0 866.0 451.0 848.0 Small_Car 1
444.0 761.0 443.0 779.0 435.0 778.0 437.0 760.0 Small_Car 1
459.0 751.0 458.0 767.0 450.0 767.0 451.0 750.0 Small_Car 1
453.0 709.0 451.0 727.0 443.0 726.0 444.0 708.0 Small_Car 1
457.0 683.0 455.0 700.0 446.0 699.0 448.0 682.0 Small_Car 1
507.0 663.0 506.0 681.0 497.0 681.0 498.0 662.0 Small_Car 1
503.0 566.0 501.0 581.0 494.0 580.0 496.0 566.0 Small_Car 1
506.0 540.0 498.0 540.0 498.0 524.0 506.0 524.0 Small_Car 1
533.0 517.0 532.0 532.0 525.0 531.0 526.0 516.0 Small_Car 1
493.0 523.0 485.0 523.0 485.0 506.0 493.0 506.0 Small_Car 1
534.0 486.0 527.0 486.0 527.0 470.0 534.0 470.0 Small_Car 1
548.0 399.0 546.0 406.0 529.0 400.0 531.0 394.0 Small_Car 1
501.0 366.0 495.0 369.0 489.0 354.0 496.0 351.0 Small_Car 1
545.0 250.0 537.0 252.0 533.0 237.0 540.0 235.0 Small_Car 1
500.0 29.0 493.0 29.0 492.0 12.0 500.0 12.0 Small_Car 1
279.0 577.0 264.0 588.0 260.0 580.0 275.0 570.0 Small_Car 1
405.0 484.0 391.0 494.0 386.0 488.0 399.0 478.0 Small_Car 1
594.0 332.0 579.0 343.0 574.0 336.0 590.0 326.0 Small_Car 1
633.0 323.0 616.0 333.0 612.0 326.0 628.0 316.0 Small_Car 1
660.0 278.0 644.0 287.0 639.0 281.0 656.0 271.0 Small_Car 1
212.0 979.0 211.0 987.0 191.0 987.0 192.0 979.0 Small_Car 1
975.0 985.0 967.0 985.0 967.0 969.0 975.0 969.0 Small_Car 1
675.0 20.0 658.0 19.0 658.0 13.0 675.0 14.0 Small_Car 1
676.0 30.0 658.0 31.0 657.0 25.0 676.0 23.0 Small_Car 1
13.0 882.0 0.0 868.0 5.0 862.0 19.0 876.0 Small_Car 1
99.0 920.0 98.0 928.0 76.0 926.0 76.0 918.0 Small_Car 1
86.0 829.0 72.0 838.0 68.0 832.0 82.0 822.0 Small_Car 1
118.0 798.0 108.0 804.0 104.0 798.0 113.0 792.0 Small_Car 1
109.0 781.0 94.0 792.0 89.0 786.0 105.0 775.0 Small_Car 1
101.0 773.0 84.0 783.0 81.0 777.0 97.0 767.0 Small_Car 1
196.0 880.0 179.0 886.0 176.0 878.0 194.0 873.0 Small_Car 1
253.0 754.0 246.0 759.0 233.0 744.0 240.0 739.0 Small_Car 1
267.0 741.0 261.0 746.0 249.0 733.0 255.0 728.0 Small_Car 1
281.0 776.0 279.0 784.0 257.0 781.0 258.0 773.0 Small_Car 1
319.0 710.0 314.0 715.0 303.0 703.0 308.0 698.0 Small_Car 1
335.0 698.0 330.0 704.0 316.0 691.0 321.0 686.0 Small_Car 1
342.0 693.0 337.0 697.0 326.0 685.0 331.0 680.0 Small_Car 1
305.0 683.0 301.0 687.0 292.0 678.0 297.0 673.0 Small_Car 1
237.0 725.0 231.0 729.0 224.0 719.0 230.0 715.0 Small_Car 1
323.0 188.0 319.0 194.0 303.0 184.0 307.0 177.0 Small_Car 1
316.0 194.0 313.0 200.0 299.0 192.0 301.0 186.0 Small_Car 1
306.0 209.0 302.0 215.0 287.0 206.0 290.0 200.0 Small_Car 1
714.0 599.0 707.0 599.0 707.0 585.0 714.0 585.0 Small_Car 1
688.0 585.0 683.0 602.0 675.0 600.0 680.0 582.0 Small_Car 1
672.0 601.0 664.0 602.0 663.0 587.0 671.0 586.0 Small_Car 1
638.0 579.0 637.0 593.0 630.0 592.0 631.0 578.0 Small_Car 1
616.0 590.0 609.0 590.0 609.0 577.0 616.0 577.0 Small_Car 1
596.0 574.0 594.0 589.0 587.0 588.0 589.0 574.0 Small_Car 1
609.0 619.0 608.0 636.0 599.0 635.0 601.0 618.0 Small_Car 1
620.0 620.0 619.0 637.0 611.0 636.0 612.0 620.0 Small_Car 1
643.0 621.0 642.0 637.0 635.0 637.0 635.0 621.0 Small_Car 1
666.0 623.0 665.0 640.0 656.0 640.0 657.0 623.0 Small_Car 1
676.0 623.0 675.0 641.0 665.0 640.0 667.0 622.0 Small_Car 1
699.0 625.0 697.0 642.0 689.0 641.0 691.0 624.0 Small_Car 1
720.0 630.0 719.0 645.0 711.0 645.0 711.0 629.0 Small_Car 1
672.0 642.0 671.0 659.0 663.0 659.0 664.0 642.0 Small_Car 1
661.0 643.0 660.0 659.0 653.0 658.0 654.0 642.0 Small_Car 1
629.0 640.0 627.0 656.0 619.0 656.0 621.0 639.0 Small_Car 1
617.0 653.0 609.0 653.0 609.0 638.0 617.0 638.0 Small_Car 1
606.0 638.0 605.0 653.0 598.0 652.0 599.0 638.0 Small_Car 1
602.0 682.0 601.0 694.0 593.0 694.0 594.0 682.0 Small_Car 1
612.0 682.0 611.0 698.0 602.0 697.0 604.0 682.0 Small_Car 1
714.0 691.0 710.0 708.0 702.0 706.0 706.0 689.0 Small_Car 1
732.0 725.0 723.0 725.0 724.0 712.0 732.0 712.0 Small_Car 1
699.0 706.0 699.0 723.0 690.0 723.0 691.0 706.0 Small_Car 1
687.0 708.0 686.0 723.0 678.0 723.0 679.0 708.0 Small_Car 1
644.0 707.0 642.0 722.0 634.0 721.0 636.0 706.0 Small_Car 1
609.0 702.0 609.0 716.0 601.0 715.0 603.0 701.0 Small_Car 1
597.0 713.0 589.0 713.0 589.0 698.0 597.0 698.0 Small_Car 1
541.0 848.0 528.0 848.0 527.0 841.0 541.0 841.0 Small_Car 1
606.0 876.0 584.0 875.0 584.0 868.0 606.0 868.0 Small_Car 1
805.0 917.0 796.0 918.0 795.0 901.0 804.0 900.0 Small_Car 1
433.0 942.0 432.0 957.0 424.0 956.0 425.0 941.0 Small_Car 1
