68.0 510.0 67.0 517.0 48.0 515.0 49.0 508.0 Small_Car 1
131.0 442.0 115.0 441.0 115.0 436.0 131.0 436.0 Small_Car 1
136.0 451.0 119.0 450.0 119.0 445.0 136.0 445.0 Small_Car 1
130.0 467.0 112.0 467.0 112.0 461.0 130.0 461.0 Small_Car 1
132.0 520.0 131.0 526.0 115.0 525.0 115.0 519.0 Small_Car 1
54.0 172.0 37.0 172.0 37.0 166.0 54.0 166.0 Small_Car 1
58.0 115.0 35.0 115.0 36.0 108.0 58.0 108.0 Small_Car 1
79.0 56.0 59.0 57.0 59.0 51.0 79.0 50.0 Small_Car 1
78.0 48.0 58.0 48.0 59.0 42.0 78.0 42.0 Small_Car 1
58.0 41.0 35.0 41.0 35.0 34.0 58.0 34.0 Small_Car 1
58.0 24.0 35.0 25.0 35.0 18.0 58.0 18.0 Small_Car 1
674.0 576.0 650.0 574.0 650.0 568.0 674.0 569.0 Small_Car 1
511.0 567.0 493.0 567.0 493.0 561.0 511.0 561.0 Small_Car 1
458.0 567.0 438.0 567.0 438.0 561.0 458.0 561.0 Small_Car 1
