105.0 524.0 103.0 541.0 95.0 540.0 97.0 522.0 Small_Car 1
126.0 437.0 115.0 440.0 111.0 424.0 122.0 422.0 Small_Car 1
213.0 327.0 189.0 327.0 189.0 319.0 213.0 319.0 Small_Car 1
153.0 367.0 133.0 369.0 131.0 359.0 152.0 358.0 Small_Car 1
111.0 361.0 110.0 369.0 86.0 368.0 86.0 359.0 Small_Car 1
221.0 471.0 218.0 489.0 208.0 487.0 211.0 469.0 Small_Car 1
554.0 448.0 553.0 457.0 533.0 456.0 533.0 447.0 Small_Car 1
465.0 423.0 440.0 422.0 440.0 414.0 465.0 415.0 Small_Car 1
463.0 396.0 445.0 397.0 445.0 389.0 461.0 388.0 Small_Car 1
241.0 422.0 234.0 439.0 224.0 435.0 230.0 418.0 Small_Car 1
298.0 356.0 291.0 362.0 275.0 344.0 281.0 338.0 Small_Car 1
335.0 345.0 326.0 349.0 318.0 332.0 326.0 328.0 Small_Car 1
358.0 342.0 347.0 342.0 347.0 328.0 356.0 327.0 Small_Car 1
370.0 341.0 360.0 343.0 358.0 324.0 368.0 323.0 Small_Car 1
381.0 336.0 371.0 336.0 371.0 323.0 380.0 323.0 Small_Car 1
394.0 322.0 393.0 337.0 383.0 336.0 384.0 322.0 Small_Car 1
440.0 336.0 431.0 337.0 430.0 328.0 439.0 327.0 Small_Car 1
464.0 337.0 454.0 337.0 455.0 327.0 464.0 328.0 Small_Car 1
488.0 339.0 478.0 339.0 476.0 321.0 487.0 321.0 Small_Car 1
626.0 329.0 614.0 331.0 610.0 308.0 621.0 306.0 Small_Car 1
638.0 325.0 626.0 327.0 622.0 307.0 633.0 305.0 Small_Car 1
852.0 124.0 831.0 128.0 829.0 118.0 850.0 114.0 Small_Car 1
213.0 769.0 212.0 778.0 189.0 775.0 189.0 767.0 Small_Car 1
744.0 765.0 722.0 769.0 721.0 761.0 743.0 758.0 Small_Car 1
696.0 746.0 673.0 750.0 671.0 739.0 695.0 735.0 Small_Car 1
725.0 784.0 724.0 794.0 701.0 791.0 701.0 781.0 Small_Car 1
419.0 852.0 409.0 856.0 403.0 838.0 413.0 834.0 Small_Car 1
374.0 932.0 365.0 935.0 358.0 916.0 368.0 913.0 Small_Car 1
