720.0 463.0 702.0 463.0 702.0 456.0 720.0 456.0 Small_Car 1
768.0 300.0 750.0 301.0 750.0 293.0 768.0 292.0 Small_Car 1
413.0 491.0 396.0 490.0 397.0 484.0 413.0 484.0 Small_Car 1
312.0 343.0 302.0 344.0 301.0 331.0 311.0 331.0 Small_Car 1
309.0 286.0 296.0 287.0 296.0 270.0 308.0 270.0 Small_Car 1
319.0 96.0 309.0 96.0 308.0 79.0 318.0 79.0 Small_Car 1
227.0 253.0 202.0 254.0 202.0 247.0 227.0 246.0 Small_Car 1
740.0 144.0 719.0 146.0 719.0 138.0 740.0 137.0 Small_Car 1
741.0 155.0 718.0 158.0 717.0 149.0 740.0 147.0 Small_Car 1
867.0 351.0 859.0 367.0 851.0 363.0 859.0 347.0 Small_Car 1
639.0 406.0 629.0 406.0 628.0 390.0 638.0 390.0 Small_Car 1
656.0 528.0 646.0 529.0 646.0 512.0 655.0 512.0 Small_Car 1
656.0 531.0 655.0 549.0 647.0 548.0 648.0 531.0 Small_Car 1
