267.0 589.0 259.0 601.0 253.0 597.0 261.0 585.0 Small_Car 1
251.0 617.0 245.0 620.0 239.0 607.0 245.0 604.0 Small_Car 1
170.0 636.0 159.0 648.0 154.0 642.0 164.0 631.0 Small_Car 1
460.0 462.0 453.0 462.0 453.0 451.0 460.0 451.0 Small_Car 1
435.0 462.0 427.0 462.0 427.0 451.0 434.0 451.0 Small_Car 1
478.0 505.0 470.0 505.0 470.0 491.0 478.0 491.0 Small_Car 1
579.0 573.0 570.0 573.0 571.0 556.0 579.0 556.0 Small_Car 1
542.0 559.0 541.0 571.0 534.0 570.0 535.0 558.0 Small_Car 1
449.0 523.0 440.0 523.0 441.0 508.0 449.0 508.0 Small_Car 1
520.0 527.0 512.0 527.0 512.0 511.0 520.0 511.0 Small_Car 1
579.0 513.0 578.0 528.0 571.0 528.0 571.0 513.0 Small_Car 1
590.0 529.0 582.0 529.0 582.0 514.0 590.0 514.0 Small_Car 1
600.0 531.0 594.0 531.0 594.0 515.0 600.0 515.0 Small_Car 1
518.0 215.0 499.0 213.0 500.0 207.0 518.0 209.0 Small_Car 1
517.0 219.0 516.0 225.0 499.0 223.0 500.0 216.0 Small_Car 1
574.0 237.0 557.0 237.0 557.0 230.0 574.0 230.0 Small_Car 1
571.0 67.0 570.0 82.0 563.0 82.0 563.0 67.0 Small_Car 1
584.0 69.0 583.0 84.0 575.0 84.0 576.0 68.0 Small_Car 1
465.0 133.0 445.0 132.0 445.0 126.0 465.0 126.0 Small_Car 1
469.0 116.0 448.0 114.0 449.0 106.0 469.0 108.0 Small_Car 1
470.0 81.0 469.0 87.0 450.0 86.0 451.0 80.0 Small_Car 1
498.0 285.0 497.0 291.0 479.0 290.0 479.0 284.0 Small_Car 1
384.0 240.0 383.0 256.0 374.0 256.0 375.0 239.0 Small_Car 1
381.0 284.0 378.0 300.0 370.0 299.0 373.0 283.0 Small_Car 1
423.0 12.0 422.0 29.0 415.0 29.0 415.0 12.0 Small_Car 1
355.0 395.0 354.0 411.0 345.0 410.0 346.0 394.0 Small_Car 1
346.0 477.0 338.0 477.0 338.0 464.0 346.0 463.0 Small_Car 1
343.0 514.0 342.0 528.0 334.0 527.0 335.0 513.0 Small_Car 1
339.0 545.0 332.0 545.0 332.0 531.0 339.0 531.0 Small_Car 1
376.0 586.0 374.0 602.0 366.0 601.0 368.0 585.0 Small_Car 1
368.0 651.0 367.0 664.0 360.0 664.0 361.0 651.0 Small_Car 1
324.0 770.0 322.0 786.0 315.0 785.0 316.0 770.0 Small_Car 1
130.0 512.0 112.0 512.0 112.0 505.0 130.0 506.0 Small_Car 1
53.0 326.0 52.0 339.0 44.0 338.0 45.0 325.0 Small_Car 1
