321.0 710.0 305.0 710.0 305.0 705.0 321.0 705.0 Small_Car 1
343.0 444.0 325.0 453.0 322.0 445.0 339.0 437.0 Small_Car 1
424.0 385.0 417.0 390.0 406.0 374.0 413.0 369.0 Small_Car 1
414.0 389.0 407.0 395.0 395.0 378.0 402.0 373.0 Small_Car 1
400.0 392.0 393.0 396.0 385.0 383.0 392.0 379.0 Small_Car 1
383.0 403.0 376.0 408.0 366.0 393.0 373.0 388.0 Small_Car 1
373.0 407.0 365.0 412.0 355.0 396.0 363.0 391.0 Small_Car 1
427.0 466.0 408.0 475.0 404.0 467.0 423.0 458.0 Small_Car 1
587.0 451.0 571.0 459.0 568.0 453.0 584.0 445.0 Small_Car 1
509.0 471.0 491.0 480.0 487.0 473.0 505.0 464.0 Small_Car 1
526.0 485.0 509.0 494.0 505.0 486.0 522.0 477.0 Small_Car 1
548.0 487.0 533.0 495.0 528.0 487.0 543.0 478.0 Small_Car 1
515.0 562.0 508.0 577.0 499.0 573.0 505.0 558.0 Small_Car 1
502.0 559.0 495.0 574.0 487.0 570.0 494.0 555.0 Small_Car 1
600.0 658.0 592.0 656.0 598.0 639.0 600.0 639.0 Small_Car 1
597.0 639.0 589.0 654.0 582.0 649.0 590.0 635.0 Small_Car 1
576.0 630.0 569.0 646.0 561.0 642.0 569.0 627.0 Small_Car 1
425.0 663.0 417.0 664.0 415.0 649.0 424.0 648.0 Small_Car 1
450.0 591.0 444.0 605.0 436.0 601.0 442.0 587.0 Small_Car 1
461.0 594.0 454.0 609.0 446.0 605.0 453.0 590.0 Small_Car 1
470.0 597.0 464.0 613.0 455.0 609.0 461.0 594.0 Small_Car 1
482.0 600.0 475.0 616.0 467.0 612.0 474.0 596.0 Small_Car 1
492.0 604.0 485.0 619.0 477.0 615.0 484.0 600.0 Small_Car 1
474.0 618.0 467.0 633.0 458.0 629.0 465.0 614.0 Small_Car 1
441.0 609.0 432.0 624.0 425.0 620.0 433.0 605.0 Small_Car 1
429.0 606.0 423.0 619.0 416.0 615.0 422.0 602.0 Small_Car 1
403.0 614.0 393.0 614.0 393.0 599.0 403.0 599.0 Small_Car 1
367.0 612.0 358.0 612.0 358.0 595.0 367.0 595.0 Small_Car 1
358.0 594.0 349.0 594.0 348.0 576.0 357.0 575.0 Small_Car 1
335.0 590.0 326.0 590.0 326.0 572.0 335.0 573.0 Small_Car 1
393.0 550.0 383.0 550.0 383.0 533.0 392.0 533.0 Small_Car 1
381.0 552.0 372.0 552.0 372.0 534.0 381.0 534.0 Small_Car 1
231.0 551.0 223.0 556.0 213.0 540.0 221.0 535.0 Small_Car 1
270.0 553.0 269.0 562.0 248.0 561.0 249.0 553.0 Small_Car 1
269.0 580.0 247.0 580.0 247.0 572.0 269.0 573.0 Small_Car 1
269.0 589.0 247.0 589.0 247.0 582.0 269.0 582.0 Small_Car 1
270.0 635.0 248.0 635.0 247.0 627.0 270.0 626.0 Small_Car 1
270.0 653.0 247.0 654.0 247.0 645.0 270.0 645.0 Small_Car 1
271.0 662.0 249.0 662.0 249.0 655.0 270.0 655.0 Small_Car 1
270.0 671.0 250.0 672.0 249.0 665.0 270.0 664.0 Small_Car 1
325.0 702.0 304.0 704.0 303.0 696.0 325.0 695.0 Small_Car 1
267.0 708.0 248.0 707.0 248.0 700.0 267.0 701.0 Small_Car 1
267.0 718.0 250.0 717.0 250.0 709.0 267.0 710.0 Small_Car 1
326.0 779.0 306.0 779.0 306.0 771.0 326.0 771.0 Small_Car 1
326.0 770.0 308.0 770.0 308.0 762.0 326.0 763.0 Small_Car 1
325.0 757.0 308.0 757.0 307.0 751.0 325.0 750.0 Small_Car 1
272.0 745.0 271.0 753.0 250.0 752.0 250.0 744.0 Small_Car 1
273.0 762.0 250.0 761.0 251.0 754.0 273.0 754.0 Small_Car 1
271.0 776.0 249.0 776.0 249.0 767.0 271.0 767.0 Small_Car 1
270.0 787.0 251.0 787.0 251.0 778.0 270.0 779.0 Small_Car 1
270.0 795.0 252.0 795.0 251.0 788.0 270.0 787.0 Small_Car 1
