639.0 761.0 629.0 762.0 627.0 746.0 638.0 745.0 Small_Car 1
546.0 722.0 521.0 726.0 520.0 719.0 545.0 716.0 Small_Car 1
584.0 566.0 564.0 568.0 564.0 560.0 583.0 558.0 Small_Car 1
594.0 607.0 574.0 609.0 573.0 603.0 593.0 600.0 Small_Car 1
608.0 695.0 591.0 696.0 590.0 690.0 608.0 689.0 Small_Car 1
610.0 704.0 590.0 706.0 588.0 698.0 609.0 696.0 Small_Car 1
852.0 671.0 842.0 672.0 840.0 655.0 850.0 654.0 Small_Car 1
835.0 700.0 816.0 701.0 816.0 695.0 835.0 693.0 Small_Car 1
879.0 734.0 859.0 736.0 859.0 728.0 878.0 726.0 Small_Car 1
707.0 860.0 699.0 876.0 689.0 871.0 697.0 855.0 Small_Car 1
768.0 983.0 748.0 986.0 747.0 978.0 766.0 975.0 Small_Car 1
949.0 968.0 940.0 968.0 940.0 952.0 949.0 952.0 Small_Car 1
933.0 965.0 923.0 964.0 924.0 948.0 933.0 948.0 Small_Car 1
901.0 969.0 891.0 969.0 891.0 951.0 900.0 951.0 Small_Car 1
888.0 967.0 880.0 967.0 880.0 949.0 888.0 950.0 Small_Car 1
997.0 986.0 992.0 992.0 977.0 981.0 982.0 975.0 Small_Car 1
997.0 984.0 980.0 972.0 984.0 965.0 1001.0 977.0 Small_Car 1
957.0 918.0 936.0 919.0 936.0 912.0 956.0 910.0 Small_Car 1
454.0 965.0 433.0 967.0 432.0 960.0 453.0 958.0 Small_Car 1
432.0 921.0 429.0 929.0 410.0 921.0 413.0 913.0 Small_Car 1
423.0 952.0 398.0 962.0 395.0 954.0 419.0 944.0 Small_Car 1
375.0 963.0 354.0 965.0 354.0 959.0 375.0 957.0 Small_Car 1
272.0 988.0 251.0 990.0 250.0 983.0 271.0 981.0 Small_Car 1
263.0 947.0 242.0 948.0 241.0 940.0 262.0 939.0 Small_Car 1
197.0 956.0 175.0 957.0 174.0 950.0 196.0 948.0 Small_Car 1
170.0 945.0 146.0 947.0 145.0 940.0 169.0 938.0 Small_Car 1
91.0 954.0 72.0 955.0 71.0 947.0 90.0 945.0 Small_Car 1
120.0 922.0 111.0 923.0 110.0 906.0 119.0 906.0 Small_Car 1
68.0 901.0 67.0 919.0 58.0 918.0 58.0 901.0 Small_Car 1
246.0 830.0 244.0 839.0 224.0 834.0 226.0 826.0 Small_Car 1
291.0 804.0 275.0 815.0 270.0 808.0 286.0 797.0 Small_Car 1
320.0 755.0 300.0 753.0 300.0 747.0 320.0 748.0 Small_Car 1
324.0 710.0 315.0 710.0 313.0 695.0 322.0 694.0 Small_Car 1
312.0 708.0 303.0 709.0 302.0 694.0 311.0 693.0 Small_Car 1
101.0 410.0 89.0 411.0 87.0 394.0 100.0 393.0 Small_Car 1
219.0 606.0 209.0 609.0 205.0 593.0 216.0 590.0 Small_Car 1
50.0 28.0 49.0 44.0 38.0 44.0 38.0 28.0 Small_Car 1
110.0 29.0 109.0 43.0 98.0 43.0 99.0 28.0 Small_Car 1
296.0 46.0 285.0 46.0 284.0 30.0 295.0 29.0 Small_Car 1
327.0 44.0 314.0 44.0 314.0 28.0 327.0 28.0 Small_Car 1
364.0 46.0 355.0 46.0 355.0 30.0 364.0 30.0 Small_Car 1
464.0 11.0 449.0 12.0 449.0 5.0 464.0 4.0 Small_Car 1
993.0 9.0 973.0 9.0 973.0 3.0 993.0 3.0 Small_Car 1
936.0 142.0 928.0 148.0 915.0 130.0 923.0 124.0 Small_Car 1
927.0 180.0 913.0 194.0 907.0 188.0 921.0 174.0 Small_Car 1
996.0 161.0 995.0 168.0 973.0 165.0 974.0 158.0 Small_Car 1
988.0 183.0 967.0 181.0 967.0 175.0 988.0 177.0 Small_Car 1
977.0 192.0 975.0 200.0 951.0 196.0 953.0 188.0 Small_Car 1
931.0 219.0 918.0 231.0 912.0 225.0 926.0 213.0 Small_Car 1
933.0 233.0 918.0 247.0 912.0 240.0 927.0 226.0 Small_Car 1
913.0 542.0 904.0 542.0 903.0 524.0 912.0 524.0 Small_Car 1
