363.0 250.0 360.0 256.0 344.0 249.0 345.0 244.0 Small_Car 1
306.0 223.0 303.0 230.0 284.0 222.0 288.0 215.0 Small_Car 1
364.0 194.0 360.0 202.0 344.0 195.0 348.0 187.0 Small_Car 1
345.0 186.0 343.0 192.0 324.0 183.0 327.0 177.0 Small_Car 1
299.0 165.0 296.0 172.0 278.0 164.0 281.0 157.0 Small_Car 1
245.0 140.0 241.0 147.0 224.0 138.0 228.0 131.0 Small_Car 1
260.0 187.0 257.0 193.0 239.0 184.0 243.0 178.0 Small_Car 1
67.0 261.0 61.0 273.0 53.0 270.0 59.0 257.0 Small_Car 1
29.0 187.0 21.0 201.0 13.0 196.0 21.0 182.0 Small_Car 1
989.0 907.0 985.0 914.0 964.0 903.0 968.0 896.0 Small_Car 1
938.0 883.0 935.0 891.0 914.0 881.0 917.0 873.0 Small_Car 1
913.0 874.0 910.0 880.0 893.0 870.0 896.0 865.0 Small_Car 1
945.0 848.0 942.0 855.0 919.0 844.0 922.0 837.0 Small_Car 1
843.0 840.0 840.0 846.0 824.0 839.0 825.0 833.0 Small_Car 1
836.0 765.0 828.0 779.0 821.0 775.0 829.0 761.0 Small_Car 1
911.0 917.0 893.0 916.0 893.0 909.0 911.0 910.0 Small_Car 1
975.0 917.0 973.0 923.0 954.0 915.0 956.0 910.0 Small_Car 1
477.0 594.0 473.0 601.0 455.0 592.0 459.0 585.0 Small_Car 1
397.0 534.0 389.0 547.0 382.0 542.0 389.0 529.0 Small_Car 1
434.0 698.0 431.0 705.0 415.0 696.0 419.0 690.0 Small_Car 1
430.0 708.0 426.0 714.0 409.0 705.0 412.0 699.0 Small_Car 1
501.0 721.0 498.0 727.0 483.0 719.0 486.0 713.0 Small_Car 1
495.0 730.0 493.0 736.0 478.0 729.0 480.0 723.0 Small_Car 1
124.0 807.0 116.0 821.0 109.0 817.0 118.0 803.0 Small_Car 1
238.0 781.0 231.0 795.0 223.0 790.0 230.0 777.0 Small_Car 1
228.0 749.0 219.0 763.0 212.0 759.0 221.0 744.0 Small_Car 1
276.0 724.0 269.0 735.0 264.0 731.0 271.0 720.0 Small_Car 1
262.0 716.0 253.0 731.0 246.0 727.0 254.0 712.0 Small_Car 1
291.0 699.0 283.0 713.0 276.0 710.0 284.0 695.0 Small_Car 1
236.0 664.0 227.0 677.0 221.0 672.0 230.0 659.0 Small_Car 1
633.0 315.0 630.0 321.0 613.0 314.0 615.0 307.0 Small_Car 1
735.0 362.0 732.0 368.0 714.0 359.0 717.0 353.0 Small_Car 1
775.0 379.0 773.0 385.0 755.0 378.0 758.0 372.0 Small_Car 1
614.0 194.0 605.0 211.0 599.0 207.0 608.0 191.0 Small_Car 1
621.0 61.0 613.0 75.0 606.0 71.0 614.0 57.0 Small_Car 1
769.0 75.0 765.0 81.0 749.0 73.0 750.0 67.0 Small_Car 1
789.0 83.0 786.0 89.0 771.0 82.0 774.0 76.0 Small_Car 1
820.0 135.0 817.0 141.0 799.0 132.0 802.0 125.0 Small_Car 1
785.0 190.0 782.0 195.0 765.0 185.0 768.0 179.0 Small_Car 1
843.0 216.0 840.0 223.0 822.0 215.0 825.0 208.0 Small_Car 1
891.0 247.0 884.0 252.0 872.0 238.0 879.0 233.0 Small_Car 1
906.0 220.0 900.0 224.0 891.0 211.0 896.0 207.0 Small_Car 1
20.0 63.0 18.0 69.0 1.0 63.0 3.0 57.0 Small_Car 1
