242.0 172.0 234.0 172.0 234.0 157.0 242.0 157.0 Small_Car 1
267.0 82.0 258.0 82.0 258.0 65.0 267.0 65.0 Small_Car 1
861.0 108.0 857.0 115.0 841.0 108.0 845.0 100.0 Small_Car 1
975.0 22.0 968.0 27.0 957.0 12.0 964.0 7.0 Small_Car 1
860.0 617.0 841.0 617.0 841.0 610.0 860.0 610.0 Small_Car 1
579.0 777.0 557.0 777.0 557.0 770.0 579.0 770.0 Small_Car 1
414.0 752.0 406.0 752.0 406.0 735.0 413.0 735.0 Small_Car 1
178.0 372.0 171.0 372.0 171.0 356.0 178.0 356.0 Small_Car 1
142.0 510.0 134.0 510.0 133.0 494.0 142.0 494.0 Small_Car 1
83.0 795.0 81.0 812.0 71.0 811.0 74.0 794.0 Small_Car 1
168.0 864.0 148.0 864.0 148.0 858.0 168.0 858.0 Small_Car 1
496.0 964.0 488.0 965.0 487.0 949.0 496.0 948.0 Small_Car 1
531.0 974.0 524.0 974.0 523.0 959.0 530.0 959.0 Small_Car 1
862.0 927.0 843.0 927.0 843.0 921.0 862.0 920.0 Small_Car 1
871.0 483.0 853.0 484.0 852.0 477.0 871.0 476.0 Small_Car 1
