368.0 698.0 362.0 701.0 357.0 688.0 364.0 686.0 Small_Car 1
838.0 676.0 823.0 679.0 822.0 673.0 837.0 670.0 Small_Car 1
1000.0 559.0 982.0 562.0 981.0 555.0 1000.0 552.0 Small_Car 1
995.0 550.0 978.0 552.0 977.0 546.0 994.0 543.0 Small_Car 1
785.0 123.0 782.0 129.0 763.0 120.0 767.0 113.0 Small_Car 1
547.0 159.0 543.0 164.0 530.0 155.0 533.0 150.0 Small_Car 1
832.0 18.0 819.0 33.0 812.0 26.0 825.0 12.0 Small_Car 1
373.0 107.0 370.0 113.0 351.0 106.0 354.0 99.0 Small_Car 1
251.0 11.0 243.0 14.0 237.0 0.0 246.0 0.0 Small_Car 1
595.0 687.0 572.0 691.0 571.0 684.0 593.0 680.0 Small_Car 1
569.0 611.0 547.0 615.0 546.0 607.0 568.0 603.0 Small_Car 1
