75.0 241.0 56.0 241.0 57.0 235.0 75.0 235.0 Small_Car 1
108.0 200.0 90.0 201.0 89.0 195.0 108.0 194.0 Small_Car 1
183.0 241.0 163.0 240.0 163.0 235.0 183.0 235.0 Small_Car 1
519.0 242.0 498.0 241.0 499.0 234.0 519.0 235.0 Small_Car 1
542.0 226.0 523.0 226.0 523.0 219.0 542.0 219.0 Small_Car 1
571.0 201.0 554.0 201.0 554.0 195.0 571.0 195.0 Small_Car 1
628.0 202.0 607.0 203.0 607.0 196.0 628.0 195.0 Small_Car 1
684.0 233.0 682.0 239.0 666.0 239.0 666.0 232.0 Small_Car 1
786.0 203.0 767.0 202.0 767.0 196.0 786.0 196.0 Small_Car 1
819.0 216.0 800.0 216.0 800.0 209.0 819.0 210.0 Small_Car 1
805.0 236.0 804.0 242.0 786.0 241.0 786.0 236.0 Small_Car 1
828.0 243.0 808.0 242.0 809.0 235.0 828.0 236.0 Small_Car 1
887.0 241.0 866.0 241.0 866.0 235.0 887.0 235.0 Small_Car 1
925.0 243.0 905.0 243.0 905.0 236.0 925.0 236.0 Small_Car 1
989.0 212.0 969.0 211.0 969.0 204.0 989.0 205.0 Small_Car 1
83.0 577.0 63.0 578.0 63.0 570.0 81.0 570.0 Small_Car 1
34.0 611.0 13.0 611.0 13.0 604.0 34.0 605.0 Small_Car 1
152.0 611.0 133.0 610.0 133.0 604.0 152.0 604.0 Small_Car 1
203.0 610.0 189.0 610.0 189.0 603.0 203.0 604.0 Small_Car 1
289.0 578.0 271.0 578.0 271.0 570.0 289.0 570.0 Small_Car 1
321.0 612.0 303.0 612.0 303.0 605.0 321.0 605.0 Small_Car 1
347.0 612.0 327.0 611.0 327.0 604.0 347.0 605.0 Small_Car 1
382.0 577.0 364.0 577.0 364.0 571.0 382.0 571.0 Small_Car 1
414.0 601.0 394.0 600.0 394.0 592.0 414.0 593.0 Small_Car 1
514.0 606.0 513.0 613.0 494.0 612.0 494.0 605.0 Small_Car 1
535.0 613.0 517.0 612.0 517.0 605.0 535.0 606.0 Small_Car 1
562.0 579.0 546.0 579.0 546.0 571.0 562.0 570.0 Small_Car 1
747.0 613.0 727.0 613.0 727.0 606.0 747.0 606.0 Small_Car 1
880.0 606.0 879.0 612.0 860.0 611.0 861.0 605.0 Small_Car 1
917.0 613.0 898.0 613.0 898.0 607.0 917.0 607.0 Small_Car 1
943.0 580.0 927.0 579.0 927.0 572.0 943.0 572.0 Small_Car 1
971.0 579.0 950.0 580.0 950.0 572.0 971.0 572.0 Small_Car 1
994.0 580.0 973.0 580.0 973.0 573.0 994.0 573.0 Small_Car 1
141.0 925.0 121.0 926.0 120.0 918.0 140.0 918.0 Small_Car 1
183.0 926.0 164.0 926.0 164.0 919.0 183.0 919.0 Small_Car 1
201.0 926.0 186.0 925.0 186.0 919.0 201.0 919.0 Small_Car 1
640.0 927.0 620.0 927.0 620.0 919.0 640.0 919.0 Small_Car 1
701.0 927.0 682.0 927.0 682.0 919.0 701.0 920.0 Small_Car 1
764.0 926.0 744.0 927.0 744.0 920.0 763.0 919.0 Small_Car 1
814.0 928.0 795.0 927.0 795.0 920.0 814.0 921.0 Small_Car 1
928.0 928.0 910.0 927.0 910.0 921.0 928.0 921.0 Small_Car 1
1000.0 960.0 984.0 961.0 983.0 955.0 1000.0 954.0 Small_Car 1
930.0 960.0 910.0 959.0 910.0 952.0 930.0 953.0 Small_Car 1
892.0 960.0 873.0 960.0 873.0 955.0 892.0 955.0 Small_Car 1
870.0 959.0 851.0 959.0 851.0 953.0 870.0 953.0 Small_Car 1
742.0 961.0 724.0 961.0 725.0 954.0 742.0 954.0 Small_Car 1
697.0 961.0 681.0 960.0 681.0 953.0 697.0 954.0 Small_Car 1
649.0 959.0 632.0 959.0 632.0 953.0 649.0 953.0 Small_Car 1
521.0 960.0 501.0 959.0 502.0 953.0 521.0 954.0 Small_Car 1
365.0 958.0 347.0 958.0 347.0 952.0 365.0 952.0 Small_Car 1
272.0 959.0 253.0 959.0 253.0 953.0 272.0 953.0 Small_Car 1
224.0 959.0 205.0 958.0 205.0 952.0 224.0 952.0 Small_Car 1
123.0 958.0 104.0 958.0 104.0 950.0 123.0 951.0 Small_Car 1
70.0 262.0 66.0 268.0 51.0 261.0 53.0 255.0 Small_Car 1
117.0 278.0 109.0 278.0 109.0 263.0 116.0 263.0 Small_Car 1
88.0 366.0 81.0 366.0 80.0 352.0 87.0 351.0 Small_Car 1
93.0 373.0 92.0 390.0 85.0 389.0 86.0 373.0 Small_Car 1
192.0 363.0 173.0 363.0 173.0 357.0 192.0 356.0 Small_Car 1
189.0 370.0 171.0 370.0 171.0 365.0 189.0 365.0 Small_Car 1
229.0 390.0 222.0 391.0 219.0 375.0 227.0 374.0 Small_Car 1
344.0 376.0 336.0 376.0 336.0 361.0 344.0 361.0 Small_Car 1
129.0 540.0 110.0 539.0 111.0 532.0 129.0 533.0 Small_Car 1
129.0 540.0 128.0 547.0 111.0 546.0 111.0 540.0 Small_Car 1
60.0 556.0 51.0 556.0 51.0 539.0 60.0 539.0 Small_Car 1
96.0 635.0 96.0 649.0 89.0 648.0 91.0 634.0 Small_Car 1
86.0 743.0 68.0 743.0 68.0 737.0 85.0 737.0 Small_Car 1
66.0 739.0 65.0 745.0 48.0 744.0 48.0 738.0 Small_Car 1
61.0 755.0 42.0 755.0 42.0 748.0 61.0 748.0 Small_Car 1
133.0 748.0 125.0 748.0 125.0 732.0 133.0 732.0 Small_Car 1
122.0 732.0 121.0 745.0 114.0 745.0 114.0 732.0 Small_Car 1
261.0 747.0 254.0 747.0 254.0 731.0 261.0 731.0 Small_Car 1
273.0 747.0 266.0 747.0 266.0 732.0 273.0 732.0 Small_Car 1
238.0 901.0 231.0 902.0 228.0 887.0 235.0 886.0 Small_Car 1
159.0 880.0 151.0 880.0 151.0 863.0 159.0 863.0 Small_Car 1
76.0 778.0 75.0 784.0 59.0 783.0 59.0 778.0 Small_Car 1
36.0 898.0 30.0 898.0 30.0 883.0 36.0 883.0 Small_Car 1
433.0 56.0 425.0 57.0 425.0 40.0 432.0 39.0 Small_Car 1
427.0 296.0 420.0 296.0 419.0 280.0 426.0 280.0 Small_Car 1
427.0 382.0 419.0 382.0 419.0 365.0 427.0 365.0 Small_Car 1
457.0 481.0 456.0 500.0 448.0 500.0 448.0 481.0 Small_Car 1
429.0 511.0 420.0 512.0 419.0 494.0 427.0 494.0 Small_Car 1
457.0 536.0 450.0 536.0 450.0 521.0 457.0 521.0 Small_Car 1
457.0 667.0 457.0 683.0 450.0 683.0 450.0 667.0 Small_Car 1
427.0 720.0 420.0 720.0 420.0 704.0 427.0 704.0 Small_Car 1
429.0 753.0 422.0 753.0 421.0 736.0 427.0 736.0 Small_Car 1
429.0 837.0 422.0 837.0 422.0 820.0 429.0 820.0 Small_Car 1
457.0 843.0 451.0 844.0 450.0 828.0 457.0 828.0 Small_Car 1
457.0 882.0 450.0 882.0 450.0 866.0 457.0 866.0 Small_Car 1
444.0 886.0 436.0 886.0 436.0 870.0 444.0 870.0 Small_Car 1
601.0 18.0 592.0 18.0 592.0 0.0 601.0 1.0 Small_Car 1
664.0 142.0 657.0 142.0 657.0 126.0 663.0 126.0 Small_Car 1
760.0 93.0 745.0 93.0 745.0 85.0 760.0 86.0 Small_Car 1
787.0 88.0 781.0 92.0 770.0 78.0 776.0 73.0 Small_Car 1
807.0 90.0 798.0 90.0 798.0 76.0 806.0 76.0 Small_Car 1
806.0 12.0 799.0 12.0 799.0 0.0 806.0 0.0 Small_Car 1
504.0 8.0 502.0 15.0 487.0 12.0 487.0 6.0 Small_Car 1
532.0 331.0 526.0 331.0 526.0 315.0 532.0 315.0 Small_Car 1
531.0 283.0 525.0 284.0 524.0 269.0 530.0 269.0 Small_Car 1
519.0 373.0 499.0 373.0 499.0 366.0 519.0 366.0 Small_Car 1
649.0 307.0 643.0 308.0 642.0 293.0 648.0 292.0 Small_Car 1
648.0 291.0 641.0 292.0 641.0 276.0 647.0 276.0 Small_Car 1
696.0 386.0 687.0 401.0 681.0 398.0 690.0 382.0 Small_Car 1
717.0 391.0 711.0 391.0 710.0 377.0 717.0 376.0 Small_Car 1
804.0 386.0 802.0 400.0 797.0 400.0 797.0 386.0 Small_Car 1
829.0 387.0 821.0 386.0 822.0 373.0 829.0 373.0 Small_Car 1
830.0 267.0 812.0 275.0 809.0 268.0 827.0 260.0 Small_Car 1
867.0 342.0 866.0 359.0 858.0 358.0 859.0 341.0 Small_Car 1
865.0 400.0 859.0 400.0 858.0 386.0 864.0 385.0 Small_Car 1
955.0 353.0 948.0 369.0 941.0 366.0 948.0 350.0 Small_Car 1
951.0 437.0 943.0 437.0 943.0 422.0 951.0 422.0 Small_Car 1
940.0 422.0 939.0 438.0 931.0 438.0 931.0 422.0 Small_Car 1
870.0 471.0 851.0 470.0 852.0 463.0 870.0 464.0 Small_Car 1
839.0 438.0 819.0 438.0 819.0 431.0 839.0 430.0 Small_Car 1
781.0 500.0 774.0 500.0 774.0 485.0 781.0 485.0 Small_Car 1
716.0 494.0 708.0 494.0 709.0 477.0 716.0 478.0 Small_Car 1
585.0 561.0 577.0 561.0 577.0 545.0 585.0 545.0 Small_Car 1
502.0 427.0 485.0 427.0 484.0 421.0 502.0 421.0 Small_Car 1
484.0 472.0 478.0 473.0 477.0 455.0 484.0 455.0 Small_Car 1
517.0 752.0 499.0 752.0 499.0 744.0 517.0 744.0 Small_Car 1
597.0 776.0 577.0 776.0 577.0 770.0 597.0 770.0 Small_Car 1
560.0 806.0 553.0 807.0 552.0 791.0 559.0 791.0 Small_Car 1
719.0 877.0 712.0 877.0 712.0 861.0 719.0 860.0 Small_Car 1
720.0 840.0 712.0 840.0 712.0 825.0 720.0 825.0 Small_Car 1
757.0 738.0 738.0 740.0 738.0 733.0 757.0 732.0 Small_Car 1
757.0 728.0 740.0 728.0 740.0 722.0 757.0 722.0 Small_Car 1
719.0 717.0 712.0 717.0 712.0 702.0 718.0 702.0 Small_Car 1
720.0 692.0 711.0 692.0 710.0 671.0 720.0 671.0 Small_Car 1
767.0 633.0 748.0 638.0 746.0 631.0 765.0 626.0 Small_Car 1
856.0 705.0 849.0 705.0 849.0 691.0 855.0 690.0 Small_Car 1
782.0 813.0 764.0 813.0 763.0 806.0 782.0 806.0 Small_Car 1
967.0 829.0 961.0 829.0 960.0 814.0 967.0 814.0 Small_Car 1
967.0 671.0 959.0 671.0 960.0 655.0 967.0 655.0 Small_Car 1
706.0 985.0 692.0 997.0 686.0 989.0 700.0 978.0 Small_Car 1
