783.0 343.0 775.0 346.0 769.0 330.0 776.0 327.0 Small_Car 1
668.0 293.0 649.0 299.0 647.0 291.0 666.0 285.0 Small_Car 1
645.0 300.0 627.0 305.0 624.0 297.0 643.0 292.0 Small_Car 1
388.0 434.0 381.0 437.0 374.0 422.0 382.0 419.0 Small_Car 1
110.0 451.0 102.0 453.0 97.0 435.0 105.0 433.0 Small_Car 1
60.0 469.0 52.0 473.0 44.0 454.0 53.0 451.0 Small_Car 1
50.0 469.0 42.0 473.0 35.0 458.0 43.0 454.0 Small_Car 1
33.0 462.0 25.0 466.0 20.0 454.0 28.0 451.0 Small_Car 1
20.0 429.0 9.0 433.0 3.0 414.0 14.0 410.0 Small_Car 1
31.0 422.0 22.0 426.0 16.0 411.0 25.0 407.0 Small_Car 1
205.0 378.0 203.0 385.0 185.0 382.0 186.0 375.0 Small_Car 1
204.0 368.0 203.0 376.0 183.0 372.0 184.0 364.0 Small_Car 1
215.0 332.0 214.0 341.0 194.0 337.0 196.0 328.0 Small_Car 1
154.0 338.0 153.0 346.0 132.0 342.0 134.0 334.0 Small_Car 1
151.0 347.0 150.0 355.0 130.0 352.0 131.0 344.0 Small_Car 1
119.0 324.0 111.0 330.0 98.0 314.0 105.0 308.0 Small_Car 1
221.0 304.0 219.0 315.0 196.0 310.0 199.0 300.0 Small_Car 1
225.0 286.0 224.0 295.0 202.0 292.0 203.0 284.0 Small_Car 1
235.0 249.0 233.0 258.0 212.0 255.0 214.0 246.0 Small_Car 1
141.0 254.0 130.0 256.0 127.0 236.0 137.0 235.0 Small_Car 1
104.0 268.0 97.0 275.0 84.0 261.0 91.0 254.0 Small_Car 1
186.0 201.0 185.0 210.0 164.0 209.0 165.0 200.0 Small_Car 1
176.0 179.0 157.0 184.0 155.0 175.0 173.0 170.0 Small_Car 1
164.0 150.0 147.0 158.0 143.0 151.0 161.0 143.0 Small_Car 1
225.0 136.0 207.0 143.0 204.0 136.0 222.0 129.0 Small_Car 1
237.0 123.0 229.0 126.0 222.0 109.0 230.0 106.0 Small_Car 1
259.0 105.0 252.0 110.0 243.0 100.0 250.0 94.0 Small_Car 1
282.0 41.0 271.0 55.0 263.0 49.0 274.0 35.0 Small_Car 1
335.0 31.0 331.0 38.0 313.0 30.0 317.0 22.0 Small_Car 1
275.0 11.0 273.0 16.0 261.0 11.0 264.0 5.0 Small_Car 1
17.0 86.0 0.0 92.0 0.0 84.0 15.0 80.0 Small_Car 1
129.0 100.0 121.0 103.0 114.0 86.0 122.0 83.0 Small_Car 1
118.0 101.0 109.0 105.0 102.0 88.0 111.0 84.0 Small_Car 1
108.0 106.0 98.0 110.0 91.0 92.0 100.0 88.0 Small_Car 1
97.0 108.0 88.0 112.0 82.0 96.0 90.0 93.0 Small_Car 1
