78.0 491.0 77.0 507.0 69.0 506.0 70.0 490.0 Small_Car 1
138.0 505.0 134.0 522.0 124.0 519.0 129.0 502.0 Small_Car 1
148.0 506.0 145.0 523.0 138.0 522.0 141.0 505.0 Small_Car 1
172.0 517.0 168.0 534.0 159.0 532.0 163.0 515.0 Small_Car 1
215.0 535.0 210.0 553.0 202.0 551.0 208.0 533.0 Small_Car 1
237.0 576.0 233.0 592.0 224.0 590.0 228.0 574.0 Small_Car 1
185.0 571.0 179.0 588.0 171.0 585.0 177.0 568.0 Small_Car 1
61.0 188.0 60.0 205.0 53.0 204.0 54.0 188.0 Small_Car 1
444.0 563.0 442.0 570.0 433.0 568.0 435.0 561.0 Small_Car 1
127.0 407.0 106.0 406.0 106.0 399.0 127.0 399.0 Small_Car 1
