518.0 473.0 510.0 476.0 504.0 460.0 513.0 456.0 Small_Car 1
308.0 634.0 295.0 647.0 289.0 640.0 302.0 628.0 Small_Car 1
291.0 651.0 290.0 669.0 280.0 668.0 282.0 650.0 Small_Car 1
389.0 496.0 381.0 499.0 373.0 483.0 381.0 479.0 Small_Car 1
198.0 779.0 179.0 785.0 176.0 778.0 196.0 772.0 Small_Car 1
61.0 698.0 43.0 707.0 40.0 700.0 58.0 691.0 Small_Car 1
80.0 628.0 72.0 632.0 64.0 618.0 72.0 614.0 Small_Car 1
186.0 525.0 179.0 530.0 168.0 514.0 176.0 509.0 Small_Car 1
165.0 529.0 158.0 534.0 147.0 517.0 154.0 512.0 Small_Car 1
552.0 269.0 534.0 277.0 531.0 269.0 548.0 261.0 Small_Car 1
316.0 310.0 296.0 313.0 295.0 304.0 315.0 301.0 Small_Car 1
