85.0 88.0 83.0 97.0 63.0 93.0 65.0 84.0 Small_Car 1
287.0 164.0 285.0 181.0 275.0 179.0 277.0 163.0 Small_Car 1
209.0 153.0 205.0 171.0 195.0 169.0 199.0 151.0 Small_Car 1
290.0 230.0 285.0 249.0 276.0 247.0 280.0 228.0 Small_Car 1
244.0 223.0 239.0 241.0 231.0 239.0 235.0 221.0 Small_Car 1
158.0 213.0 154.0 231.0 145.0 228.0 149.0 211.0 Small_Car 1
628.0 596.0 608.0 594.0 608.0 586.0 628.0 588.0 Small_Car 1
628.0 580.0 627.0 587.0 609.0 585.0 609.0 577.0 Small_Car 1
630.0 573.0 629.0 579.0 613.0 576.0 614.0 570.0 Small_Car 1
220.0 164.0 219.0 172.0 210.0 171.0 211.0 163.0 Small_Car 1
39.0 53.0 37.0 61.0 15.0 53.0 18.0 45.0 Small_Car 1
26.0 73.0 23.0 81.0 4.0 74.0 7.0 66.0 Small_Car 1
90.0 81.0 88.0 89.0 66.0 83.0 68.0 75.0 Small_Car 1
94.0 71.0 91.0 79.0 74.0 73.0 76.0 65.0 Small_Car 1
59.0 143.0 56.0 152.0 34.0 144.0 37.0 135.0 Small_Car 1
122.0 208.0 120.0 226.0 109.0 225.0 112.0 207.0 Small_Car 1
302.0 231.0 297.0 251.0 288.0 249.0 292.0 229.0 Small_Car 1
282.0 180.0 280.0 196.0 272.0 195.0 274.0 179.0 Small_Car 1
215.0 172.0 212.0 189.0 203.0 187.0 206.0 170.0 Small_Car 1
204.0 172.0 200.0 188.0 191.0 186.0 195.0 170.0 Small_Car 1
192.0 170.0 188.0 186.0 179.0 184.0 183.0 168.0 Small_Car 1
185.0 149.0 181.0 168.0 172.0 166.0 175.0 147.0 Small_Car 1
196.0 151.0 193.0 169.0 183.0 167.0 187.0 149.0 Small_Car 1
158.0 145.0 155.0 163.0 146.0 161.0 149.0 144.0 Small_Car 1
216.0 109.0 213.0 128.0 203.0 127.0 206.0 108.0 Small_Car 1
240.0 112.0 237.0 130.0 228.0 128.0 231.0 111.0 Small_Car 1
278.0 117.0 275.0 135.0 264.0 133.0 267.0 115.0 Small_Car 1
289.0 119.0 286.0 137.0 276.0 136.0 279.0 117.0 Small_Car 1
301.0 122.0 298.0 139.0 288.0 138.0 291.0 120.0 Small_Car 1
271.0 180.0 268.0 197.0 260.0 196.0 262.0 178.0 Small_Car 1
518.0 303.0 512.0 319.0 503.0 316.0 509.0 300.0 Small_Car 1
607.0 234.0 605.0 242.0 583.0 236.0 586.0 228.0 Small_Car 1
344.0 481.0 341.0 499.0 332.0 498.0 335.0 480.0 Small_Car 1
630.0 563.0 629.0 570.0 615.0 569.0 616.0 561.0 Small_Car 1
