697.0 349.0 675.0 351.0 675.0 343.0 697.0 341.0 Small_Car 1
681.0 214.0 674.0 214.0 673.0 196.0 680.0 196.0 Small_Car 1
651.0 211.0 642.0 212.0 641.0 196.0 650.0 195.0 Small_Car 1
455.0 78.0 448.0 80.0 444.0 63.0 452.0 61.0 Small_Car 1
271.0 49.0 262.0 51.0 258.0 34.0 267.0 32.0 Small_Car 1
240.0 30.0 232.0 34.0 226.0 18.0 234.0 14.0 Small_Car 1
137.0 81.0 130.0 83.0 124.0 67.0 131.0 64.0 Small_Car 1
162.0 181.0 155.0 183.0 152.0 171.0 159.0 169.0 Small_Car 1
201.0 222.0 193.0 223.0 192.0 211.0 200.0 210.0 Small_Car 1
79.0 289.0 59.0 291.0 58.0 283.0 79.0 281.0 Small_Car 1
89.0 306.0 66.0 309.0 66.0 303.0 88.0 299.0 Small_Car 1
107.0 397.0 86.0 400.0 85.0 393.0 106.0 390.0 Small_Car 1
64.0 389.0 46.0 391.0 46.0 385.0 64.0 383.0 Small_Car 1
50.0 326.0 29.0 327.0 29.0 322.0 50.0 320.0 Small_Car 1
78.0 444.0 56.0 446.0 55.0 439.0 77.0 437.0 Small_Car 1
86.0 471.0 64.0 474.0 63.0 467.0 84.0 464.0 Small_Car 1
191.0 454.0 184.0 456.0 179.0 442.0 187.0 440.0 Small_Car 1
27.0 534.0 19.0 536.0 16.0 520.0 24.0 519.0 Small_Car 1
436.0 590.0 414.0 594.0 413.0 586.0 434.0 582.0 Small_Car 1
677.0 564.0 656.0 567.0 655.0 560.0 676.0 557.0 Small_Car 1
737.0 544.0 729.0 546.0 724.0 529.0 732.0 527.0 Small_Car 1
615.0 540.0 607.0 541.0 604.0 525.0 613.0 523.0 Small_Car 1
