784.0 842.0 777.0 842.0 776.0 827.0 784.0 827.0 Small_Car 1
777.0 945.0 768.0 945.0 768.0 933.0 777.0 933.0 Small_Car 1
650.0 900.0 642.0 900.0 641.0 891.0 650.0 890.0 Small_Car 1
661.0 898.0 652.0 898.0 651.0 886.0 661.0 886.0 Small_Car 1
672.0 899.0 664.0 899.0 664.0 883.0 672.0 883.0 Small_Car 1
305.0 931.0 298.0 936.0 291.0 926.0 299.0 921.0 Small_Car 1
527.0 552.0 499.0 555.0 498.0 547.0 526.0 544.0 Small_Car 1
491.0 555.0 467.0 561.0 465.0 553.0 489.0 547.0 Small_Car 1
146.0 899.0 127.0 903.0 125.0 897.0 144.0 893.0 Small_Car 1
136.0 879.0 125.0 883.0 123.0 878.0 135.0 874.0 Small_Car 1
119.0 848.0 101.0 857.0 97.0 850.0 115.0 840.0 Small_Car 1
61.0 763.0 40.0 764.0 40.0 757.0 61.0 757.0 Small_Car 1
56.0 509.0 50.0 512.0 42.0 497.0 49.0 494.0 Small_Car 1
86.0 476.0 78.0 481.0 69.0 465.0 77.0 460.0 Small_Car 1
75.0 458.0 68.0 462.0 59.0 447.0 66.0 443.0 Small_Car 1
579.0 315.0 571.0 320.0 561.0 306.0 569.0 300.0 Small_Car 1
738.0 762.0 717.0 762.0 717.0 754.0 738.0 754.0 Small_Car 1
392.0 763.0 378.0 764.0 378.0 758.0 391.0 758.0 Small_Car 1
513.0 762.0 496.0 762.0 496.0 757.0 513.0 756.0 Small_Car 1
880.0 759.0 855.0 758.0 855.0 752.0 880.0 752.0 Small_Car 1
828.0 762.0 804.0 762.0 804.0 754.0 828.0 755.0 Small_Car 1
686.0 762.0 660.0 762.0 660.0 755.0 686.0 754.0 Small_Car 1
942.0 740.0 922.0 742.0 922.0 734.0 942.0 733.0 Small_Car 1
867.0 339.0 848.0 341.0 848.0 334.0 867.0 333.0 Small_Car 1
983.0 341.0 964.0 341.0 964.0 334.0 983.0 334.0 Small_Car 1
17.0 763.0 2.0 763.0 2.0 757.0 17.0 757.0 Small_Car 1
