869.0 751.0 862.0 757.0 851.0 744.0 857.0 738.0 Small_Car 1
909.0 548.0 889.0 558.0 885.0 551.0 905.0 540.0 Small_Car 1
999.0 578.0 989.0 582.0 983.0 565.0 993.0 561.0 Small_Car 1
986.0 580.0 977.0 583.0 972.0 568.0 982.0 565.0 Small_Car 1
972.0 580.0 964.0 583.0 960.0 569.0 967.0 566.0 Small_Car 1
943.0 589.0 935.0 594.0 927.0 579.0 936.0 575.0 Small_Car 1
918.0 595.0 908.0 599.0 903.0 585.0 912.0 581.0 Small_Car 1
853.0 625.0 847.0 631.0 836.0 620.0 842.0 614.0 Small_Car 1
775.0 671.0 770.0 676.0 759.0 664.0 765.0 659.0 Small_Car 1
864.0 675.0 858.0 681.0 844.0 667.0 850.0 661.0 Small_Car 1
887.0 684.0 882.0 689.0 869.0 677.0 874.0 672.0 Small_Car 1
873.0 669.0 867.0 675.0 854.0 661.0 860.0 655.0 Small_Car 1
894.0 657.0 888.0 663.0 876.0 652.0 883.0 645.0 Small_Car 1
918.0 647.0 910.0 649.0 906.0 635.0 914.0 632.0 Small_Car 1
932.0 642.0 924.0 646.0 917.0 632.0 925.0 627.0 Small_Car 1
952.0 633.0 943.0 636.0 938.0 622.0 948.0 619.0 Small_Car 1
961.0 628.0 955.0 632.0 949.0 622.0 956.0 618.0 Small_Car 1
993.857666 622.544617 988.857788 606.544617 997.000122 604.000183 1002.0 620.000183 Small_Car 1
955.0 701.0 946.0 704.0 940.0 688.0 950.0 685.0 Small_Car 1
998.0 743.0 989.0 746.0 984.0 729.0 993.0 727.0 Small_Car 1
105.0 4.000001 98.038071 12.032995 84.153847 0.0 100.384613 0.0 Small_Car 1
