15.0 120.0 12.0 134.0 6.0 133.0 9.0 119.0 Small_Car 1
42.0 126.0 39.0 139.0 32.0 137.0 35.0 124.0 Small_Car 1
15.0 172.0 11.0 188.0 3.0 186.0 7.0 170.0 Small_Car 1
25.0 174.0 23.0 187.0 15.0 186.0 17.0 173.0 Small_Car 1
40.0 176.0 39.0 192.0 31.0 191.0 32.0 176.0 Small_Car 1
103.0 188.0 100.0 203.0 91.0 201.0 95.0 186.0 Small_Car 1
190.0 139.0 185.0 142.0 176.0 130.0 182.0 126.0 Small_Car 1
204.0 135.0 197.0 139.0 188.0 124.0 196.0 120.0 Small_Car 1
230.0 127.0 228.0 138.0 220.0 136.0 222.0 125.0 Small_Car 1
249.0 133.0 237.0 144.0 232.0 138.0 243.0 127.0 Small_Car 1
251.0 185.0 245.0 190.0 235.0 179.0 241.0 173.0 Small_Car 1
185.0 178.0 183.0 194.0 175.0 193.0 177.0 177.0 Small_Car 1
174.0 180.0 170.0 193.0 163.0 191.0 167.0 178.0 Small_Car 1
276.0 372.0 257.0 375.0 256.0 368.0 275.0 366.0 Small_Car 1
277.0 383.0 258.0 385.0 257.0 378.0 276.0 376.0 Small_Car 1
280.0 391.0 260.0 395.0 258.0 388.0 278.0 384.0 Small_Car 1
292.0 440.0 273.0 443.0 272.0 436.0 291.0 433.0 Small_Car 1
293.0 448.0 278.0 451.0 277.0 445.0 292.0 442.0 Small_Car 1
70.0 540.0 68.0 545.0 50.0 539.0 52.0 533.0 Small_Car 1
253.0 145.0 243.0 151.0 238.0 144.0 248.0 137.0 Small_Car 1
