413.0 903.0 396.0 903.0 396.0 895.0 413.0 896.0 Small_Car 1
439.0 842.0 422.0 843.0 421.0 837.0 439.0 837.0 Small_Car 1
105.0 337.0 86.0 338.0 86.0 331.0 105.0 331.0 Small_Car 1
205.0 63.0 185.0 65.0 185.0 57.0 205.0 55.0 Small_Car 1
362.0 41.0 341.0 44.0 340.0 38.0 361.0 35.0 Small_Car 1
386.0 37.0 368.0 39.0 367.0 32.0 385.0 29.0 Small_Car 1
833.0 54.0 828.0 59.0 817.0 46.0 823.0 41.0 Small_Car 1
976.0 238.0 959.0 243.0 957.0 236.0 974.0 231.0 Small_Car 1
622.0 338.0 594.0 344.0 592.0 336.0 621.0 330.0 Small_Car 1
711.0 687.0 704.0 687.0 704.0 674.0 711.0 674.0 Small_Car 1
790.0 665.0 789.0 680.0 782.0 679.0 783.0 664.0 Small_Car 1
867.0 629.0 866.0 635.0 847.0 634.0 847.0 628.0 Small_Car 1
942.0 636.0 924.0 635.0 924.0 629.0 942.0 629.0 Small_Car 1
970.0 635.0 948.0 635.0 948.0 629.0 970.0 629.0 Small_Car 1
