712.0 220.0 703.0 234.0 696.0 230.0 704.0 215.0 Small_Car 1
526.0 562.0 522.0 568.0 506.0 558.0 510.0 552.0 Small_Car 1
537.0 545.0 533.0 551.0 517.0 540.0 520.0 535.0 Small_Car 1
566.0 517.0 562.0 523.0 547.0 513.0 551.0 507.0 Small_Car 1
570.0 507.0 567.0 513.0 553.0 505.0 556.0 500.0 Small_Car 1
578.0 502.0 575.0 508.0 560.0 498.0 564.0 493.0 Small_Car 1
614.0 541.0 603.0 552.0 599.0 548.0 610.0 537.0 Small_Car 1
621.0 545.0 612.0 556.0 606.0 551.0 616.0 540.0 Small_Car 1
666.0 573.0 657.0 585.0 651.0 581.0 660.0 569.0 Small_Car 1
676.0 578.0 667.0 590.0 661.0 585.0 671.0 573.0 Small_Car 1
686.0 583.0 676.0 595.0 670.0 590.0 680.0 578.0 Small_Car 1
697.0 587.0 685.0 599.0 680.0 595.0 692.0 582.0 Small_Car 1
644.0 582.0 634.0 593.0 629.0 588.0 640.0 578.0 Small_Car 1
637.0 577.0 626.0 590.0 620.0 584.0 632.0 572.0 Small_Car 1
627.0 574.0 615.0 585.0 610.0 579.0 621.0 568.0 Small_Car 1
618.0 565.0 608.0 576.0 603.0 571.0 613.0 560.0 Small_Car 1
609.0 560.0 599.0 571.0 593.0 566.0 604.0 555.0 Small_Car 1
