442.0 92.0 441.0 112.0 432.0 111.0 433.0 92.0 Small_Car 1
440.0 157.0 431.0 157.0 432.0 139.0 440.0 139.0 Small_Car 1
437.0 312.0 436.0 334.0 427.0 334.0 427.0 312.0 Small_Car 1
435.0 362.0 426.0 362.0 427.0 345.0 435.0 345.0 Small_Car 1
433.0 380.0 425.0 381.0 425.0 364.0 433.0 364.0 Small_Car 1
431.0 443.0 429.0 460.0 420.0 458.0 422.0 441.0 Small_Car 1
429.0 469.0 424.0 487.0 416.0 484.0 420.0 467.0 Small_Car 1
424.0 490.0 418.0 507.0 410.0 504.0 416.0 487.0 Small_Car 1
362.0 702.0 358.0 720.0 349.0 718.0 353.0 700.0 Small_Car 1
361.0 762.0 356.0 780.0 347.0 778.0 353.0 759.0 Small_Car 1
463.0 333.0 461.0 351.0 452.0 350.0 454.0 332.0 Small_Car 1
65.0 665.0 42.0 664.0 42.0 657.0 65.0 658.0 Small_Car 1
122.0 642.0 121.0 650.0 99.0 648.0 100.0 640.0 Small_Car 1
265.0 359.0 253.0 372.0 248.0 366.0 260.0 354.0 Small_Car 1
277.0 367.0 268.0 382.0 261.0 378.0 270.0 362.0 Small_Car 1
266.0 392.0 254.0 407.0 246.0 401.0 258.0 386.0 Small_Car 1
223.0 412.0 214.0 412.0 214.0 392.0 223.0 393.0 Small_Car 1
157.0 484.0 141.0 495.0 137.0 489.0 152.0 478.0 Small_Car 1
164.0 512.0 148.0 524.0 144.0 518.0 160.0 506.0 Small_Car 1
131.0 520.0 114.0 533.0 109.0 526.0 126.0 513.0 Small_Car 1
96.0 536.0 86.0 553.0 79.0 548.0 90.0 532.0 Small_Car 1
169.0 537.0 154.0 549.0 148.0 543.0 164.0 530.0 Small_Car 1
350.0 493.0 349.0 500.0 328.0 497.0 329.0 491.0 Small_Car 1
347.0 514.0 346.0 521.0 328.0 518.0 329.0 512.0 Small_Car 1
562.0 191.0 553.0 191.0 552.0 175.0 561.0 174.0 Small_Car 1
566.0 242.0 560.0 247.0 549.0 234.0 555.0 229.0 Small_Car 1
