297.0 239.0 296.0 254.0 288.0 254.0 289.0 239.0 Small_Car 1
308.0 255.0 299.0 254.0 299.0 239.0 308.0 239.0 Small_Car 1
318.0 244.0 317.0 257.0 308.0 256.0 310.0 243.0 Small_Car 1
362.0 244.0 361.0 261.0 354.0 260.0 355.0 244.0 Small_Car 1
373.0 246.0 371.0 261.0 364.0 260.0 366.0 245.0 Small_Car 1
385.0 247.0 383.0 262.0 375.0 261.0 377.0 246.0 Small_Car 1
345.0 285.0 343.0 299.0 336.0 298.0 338.0 285.0 Small_Car 1
333.0 300.0 325.0 300.0 326.0 284.0 333.0 284.0 Small_Car 1
322.0 284.0 321.0 299.0 315.0 299.0 315.0 284.0 Small_Car 1
286.0 238.0 284.0 253.0 275.0 252.0 277.0 237.0 Small_Car 1
264.0 236.0 263.0 251.0 255.0 250.0 255.0 236.0 Small_Car 1
241.0 236.0 239.0 250.0 232.0 250.0 233.0 235.0 Small_Car 1
37.0 256.0 36.0 271.0 27.0 271.0 29.0 255.0 Small_Car 1
25.0 270.0 18.0 270.0 18.0 256.0 25.0 256.0 Small_Car 1
119.0 223.0 118.0 239.0 111.0 238.0 112.0 222.0 Small_Car 1
88.0 220.0 86.0 236.0 77.0 235.0 79.0 219.0 Small_Car 1
65.0 218.0 63.0 234.0 57.0 233.0 58.0 217.0 Small_Car 1
598.0 488.0 580.0 493.0 578.0 487.0 596.0 482.0 Small_Car 1
366.0 288.0 365.0 303.0 357.0 302.0 358.0 287.0 Small_Car 1
