25.0 243.0 5.0 243.0 5.0 236.0 25.0 236.0 Small_Car 1
89.0 212.0 69.0 211.0 69.0 204.0 89.0 205.0 Small_Car 1
110.0 242.0 90.0 242.0 90.0 235.0 110.0 235.0 Small_Car 1
119.0 204.0 100.0 204.0 100.0 197.0 119.0 197.0 Small_Car 1
290.0 239.0 272.0 243.0 271.0 236.0 289.0 233.0 Small_Car 1
276.0 203.0 256.0 203.0 256.0 197.0 276.0 197.0 Small_Car 1
298.0 204.0 280.0 204.0 280.0 197.0 298.0 197.0 Small_Car 1
362.0 244.0 360.0 250.0 340.0 243.0 342.0 236.0 Small_Car 1
349.0 200.0 332.0 202.0 331.0 196.0 348.0 193.0 Small_Car 1
71.0 579.0 50.0 580.0 50.0 572.0 71.0 572.0 Small_Car 1
94.0 580.0 73.0 580.0 73.0 573.0 94.0 573.0 Small_Car 1
187.0 580.0 170.0 581.0 169.0 574.0 187.0 573.0 Small_Car 1
344.0 582.0 328.0 583.0 328.0 574.0 344.0 573.0 Small_Car 1
322.0 579.0 303.0 580.0 303.0 573.0 322.0 572.0 Small_Car 1
413.0 580.0 396.0 581.0 396.0 574.0 413.0 574.0 Small_Car 1
436.0 580.0 418.0 581.0 418.0 573.0 436.0 572.0 Small_Car 1
461.0 580.0 443.0 580.0 442.0 573.0 461.0 573.0 Small_Car 1
572.0 519.0 563.0 519.0 563.0 501.0 572.0 501.0 Small_Car 1
573.0 476.0 572.0 492.0 563.0 492.0 563.0 475.0 Small_Car 1
662.0 462.0 653.0 462.0 653.0 445.0 662.0 444.0 Small_Car 1
662.0 412.0 655.0 413.0 653.0 397.0 662.0 397.0 Small_Car 1
661.0 288.0 653.0 288.0 653.0 271.0 661.0 271.0 Small_Car 1
662.0 268.0 655.0 268.0 655.0 252.0 661.0 252.0 Small_Car 1
663.0 124.0 653.0 124.0 653.0 108.0 662.0 108.0 Small_Car 1
112.0 30.0 105.0 30.0 105.0 14.0 112.0 14.0 Small_Car 1
310.0 68.0 304.0 69.0 301.0 53.0 307.0 51.0 Small_Car 1
318.0 67.0 312.0 67.0 312.0 52.0 318.0 52.0 Small_Car 1
55.0 353.0 48.0 369.0 41.0 366.0 48.0 350.0 Small_Car 1
112.0 277.0 97.0 277.0 97.0 271.0 112.0 271.0 Small_Car 1
51.0 437.0 43.0 437.0 43.0 422.0 51.0 422.0 Small_Car 1
40.0 422.0 39.0 438.0 31.0 438.0 31.0 422.0 Small_Car 1
752.0 545.0 735.0 544.0 735.0 537.0 752.0 538.0 Small_Car 1
