572.0 719.0 569.0 725.0 550.0 714.0 554.0 708.0 Small_Car 1
528.0 679.0 525.0 685.0 509.0 675.0 512.0 669.0 Small_Car 1
581.0 698.0 576.0 704.0 561.0 693.0 565.0 686.0 Small_Car 1
582.0 683.0 578.0 690.0 560.0 679.0 564.0 672.0 Small_Car 1
549.0 677.0 545.0 683.0 529.0 673.0 532.0 667.0 Small_Car 1
520.0 659.0 516.0 666.0 500.0 656.0 504.0 649.0 Small_Car 1
556.0 667.0 551.0 674.0 534.0 663.0 538.0 656.0 Small_Car 1
530.0 652.0 525.0 659.0 508.0 647.0 513.0 640.0 Small_Car 1
418.0 628.0 401.0 636.0 397.0 628.0 414.0 620.0 Small_Car 1
482.0 575.0 463.0 585.0 458.0 577.0 477.0 567.0 Small_Car 1
349.0 559.0 344.0 566.0 328.0 556.0 333.0 549.0 Small_Car 1
266.0 554.0 263.0 560.0 244.0 552.0 247.0 545.0 Small_Car 1
294.0 565.0 290.0 573.0 269.0 563.0 272.0 556.0 Small_Car 1
314.0 577.0 311.0 583.0 297.0 577.0 300.0 571.0 Small_Car 1
303.0 585.0 300.0 591.0 284.0 583.0 287.0 577.0 Small_Car 1
344.0 644.0 327.0 651.0 324.0 644.0 341.0 637.0 Small_Car 1
318.0 659.0 302.0 667.0 298.0 660.0 314.0 652.0 Small_Car 1
358.0 385.0 350.0 391.0 337.0 375.0 345.0 369.0 Small_Car 1
498.0 546.0 490.0 551.0 480.0 535.0 489.0 530.0 Small_Car 1
