634.0 362.0 623.0 362.0 622.0 345.0 634.0 345.0 Small_Car 1
674.0 361.0 663.0 361.0 662.0 344.0 673.0 343.0 Small_Car 1
724.0 358.0 714.0 358.0 713.0 340.0 723.0 340.0 Small_Car 1
764.0 310.0 753.0 310.0 753.0 292.0 764.0 292.0 Small_Car 1
800.0 263.0 789.0 263.0 789.0 246.0 800.0 246.0 Small_Car 1
776.0 263.0 765.0 263.0 765.0 246.0 776.0 246.0 Small_Car 1
763.0 265.0 753.0 265.0 753.0 247.0 763.0 247.0 Small_Car 1
751.0 262.0 741.0 262.0 741.0 247.0 751.0 247.0 Small_Car 1
714.0 264.0 704.0 264.0 703.0 247.0 714.0 247.0 Small_Car 1
702.0 266.0 690.0 266.0 691.0 247.0 702.0 247.0 Small_Car 1
665.0 264.0 653.0 264.0 653.0 248.0 665.0 248.0 Small_Car 1
652.0 247.0 651.0 266.0 640.0 266.0 640.0 247.0 Small_Car 1
639.0 263.0 629.0 263.0 629.0 247.0 639.0 247.0 Small_Car 1
586.0 266.0 575.0 267.0 575.0 249.0 586.0 249.0 Small_Car 1
639.0 32.0 632.0 50.0 623.0 46.0 630.0 29.0 Small_Car 1
