231.0 739.0 221.0 739.0 221.0 720.0 231.0 721.0 Small_Car 1
190.0 852.0 179.0 853.0 179.0 831.0 190.0 831.0 Small_Car 1
859.0 828.0 858.0 835.0 840.0 834.0 840.0 827.0 Small_Car 1
634.0 885.0 633.0 901.0 623.0 901.0 624.0 884.0 Small_Car 1
863.0 597.0 845.0 605.0 841.0 597.0 859.0 589.0 Small_Car 1
799.0 481.0 781.0 491.0 777.0 485.0 795.0 474.0 Small_Car 1
775.0 490.0 774.0 508.0 764.0 507.0 765.0 490.0 Small_Car 1
188.0 829.0 182.0 830.0 181.0 813.0 188.0 813.0 Small_Car 1
187.0 911.0 178.0 911.0 178.0 897.0 187.0 897.0 Small_Car 1
531.0 226.0 523.0 226.0 523.0 212.0 531.0 212.0 Small_Car 1
586.0 262.0 576.0 262.0 576.0 246.0 586.0 246.0 Small_Car 1
586.0 243.0 576.0 243.0 575.0 226.0 585.0 225.0 Small_Car 1
641.0 280.0 632.0 280.0 632.0 263.0 641.0 263.0 Small_Car 1
641.0 198.0 633.0 198.0 633.0 181.0 641.0 181.0 Small_Car 1
645.0 16.0 635.0 16.0 634.0 0.0 645.0 -1.0 Small_Car 1
168.0 240.0 161.0 247.0 146.0 234.0 151.0 227.0 Small_Car 1
79.0 219.0 71.0 219.0 71.0 202.0 79.0 202.0 Small_Car 1
414.0 36.0 395.0 36.0 395.0 30.0 414.0 30.0 Small_Car 1
414.0 19.0 399.0 19.0 400.0 14.0 414.0 14.0 Small_Car 1
