389.0 456.0 383.0 460.0 374.0 448.0 381.0 443.0 Small_Car 1
503.0 963.0 499.0 971.0 483.0 963.0 487.0 955.0 Small_Car 1
603.0 951.0 597.0 965.0 589.0 961.0 595.0 947.0 Small_Car 1
610.0 698.0 599.0 709.0 593.0 704.0 604.0 692.0 Small_Car 1
823.0 658.0 818.0 664.0 801.0 648.0 807.0 642.0 Small_Car 1
2.999989 274.999969 -1.08741 268.051361 15.999996 257.999969 20.087395 264.948578 Small_Car 1
56.0 243.0 40.0 254.0 36.0 248.0 53.0 238.0 Small_Car 1
111.0 247.0 105.0 252.0 95.0 240.0 101.0 235.0 Small_Car 1
261.0 427.0 254.0 432.0 244.0 420.0 251.0 414.0 Small_Car 1
575.0 315.0 560.0 325.0 556.0 318.0 570.0 308.0 Small_Car 1
527.0 303.0 511.0 318.0 505.0 311.0 520.0 296.0 Small_Car 1
674.0 302.0 667.0 308.0 651.0 289.0 657.0 283.0 Small_Car 1
626.0 164.0 619.0 171.0 605.0 157.0 613.0 150.0 Small_Car 1
889.0 528.0 881.0 532.0 871.0 515.0 879.0 510.0 Small_Car 1
958.0 13.0 940.0 14.0 940.0 6.0 958.0 6.0 Small_Car 1
95.0 159.0 86.0 166.0 72.0 148.0 81.0 140.0 Small_Car 1
547.0 777.0 537.0 793.0 530.0 789.0 540.0 773.0 Small_Car 1
826.0 880.0 815.0 895.0 808.0 890.0 819.0 875.0 Small_Car 1
