357.0 509.0 342.0 514.0 340.0 507.0 355.0 502.0 Small_Car 1
364.0 525.0 341.0 526.0 341.0 519.0 364.0 519.0 Small_Car 1
246.0 546.0 240.0 552.0 227.0 538.0 234.0 532.0 Small_Car 1
234.0 552.0 226.0 557.0 217.0 542.0 225.0 537.0 Small_Car 1
227.0 559.0 221.0 565.0 208.0 551.0 215.0 545.0 Small_Car 1
219.0 562.0 212.0 569.0 199.0 555.0 206.0 548.0 Small_Car 1
195.0 568.0 186.0 573.0 177.0 559.0 186.0 553.0 Small_Car 1
175.0 577.0 167.0 581.0 159.0 565.0 167.0 561.0 Small_Car 1
153.0 582.0 144.0 586.0 138.0 572.0 146.0 568.0 Small_Car 1
189.0 550.0 181.0 555.0 172.0 540.0 180.0 535.0 Small_Car 1
169.0 559.0 162.0 562.0 153.0 545.0 160.0 542.0 Small_Car 1
148.0 564.0 139.0 568.0 131.0 550.0 140.0 546.0 Small_Car 1
136.0 567.0 129.0 570.0 121.0 554.0 128.0 550.0 Small_Car 1
126.0 570.0 118.0 574.0 111.0 557.0 119.0 553.0 Small_Car 1
214.0 544.0 207.0 549.0 194.0 533.0 200.0 528.0 Small_Car 1
221.0 537.0 213.0 543.0 202.0 529.0 209.0 523.0 Small_Car 1
240.0 528.0 232.0 533.0 223.0 519.0 231.0 514.0 Small_Car 1
192.0 483.0 189.0 491.0 165.0 480.0 168.0 473.0 Small_Car 1
82.0 532.0 73.0 532.0 72.0 515.0 81.0 514.0 Small_Car 1
93.0 531.0 83.0 532.0 82.0 514.0 92.0 513.0 Small_Car 1
106.0 528.0 95.0 531.0 92.0 514.0 102.0 512.0 Small_Car 1
130.0 523.0 121.0 527.0 113.0 510.0 122.0 506.0 Small_Car 1
