233.0 25.0 223.0 40.0 216.0 35.0 227.0 21.0 Small_Car 1
161.0 147.0 152.0 161.0 146.0 157.0 155.0 143.0 Small_Car 1
138.0 182.0 127.0 199.0 120.0 194.0 131.0 178.0 Small_Car 1
126.0 225.0 115.0 241.0 109.0 236.0 119.0 221.0 Small_Car 1
284.0 97.0 275.0 98.0 274.0 80.0 283.0 79.0 Small_Car 1
340.0 128.0 337.0 134.0 320.0 127.0 322.0 120.0 Small_Car 1
521.0 242.0 518.0 249.0 498.0 239.0 502.0 233.0 Small_Car 1
601.0 276.0 598.0 283.0 580.0 276.0 583.0 269.0 Small_Car 1
457.0 379.0 447.0 393.0 440.0 388.0 450.0 374.0 Small_Car 1
261.0 568.0 258.0 575.0 239.0 566.0 242.0 559.0 Small_Car 1
769.0 564.0 759.0 576.0 753.0 572.0 763.0 559.0 Small_Car 1
