730.0 47.0 713.0 65.0 706.0 58.0 723.0 40.0 Small_Car 1
36.0 682.0 35.0 699.0 24.0 698.0 25.0 682.0 Small_Car 1
356.0 689.0 354.0 708.0 344.0 707.0 347.0 688.0 Small_Car 1
395.0 697.0 393.0 710.0 384.0 708.0 385.0 695.0 Small_Car 1
434.0 704.0 430.0 722.0 419.0 719.0 423.0 702.0 Small_Car 1
444.0 705.0 443.0 718.0 433.0 717.0 433.0 705.0 Small_Car 1
482.0 711.0 480.0 730.0 469.0 729.0 471.0 710.0 Small_Car 1
570.0 726.0 565.0 743.0 557.0 741.0 561.0 723.0 Small_Car 1
583.0 729.0 577.0 748.0 570.0 745.0 576.0 727.0 Small_Car 1
596.0 732.0 591.0 749.0 583.0 746.0 588.0 729.0 Small_Car 1
632.0 887.0 631.0 895.0 609.0 894.0 609.0 887.0 Small_Car 1
706.0 872.0 682.0 872.0 682.0 864.0 706.0 865.0 Small_Car 1
709.0 856.0 708.0 864.0 685.0 863.0 686.0 855.0 Small_Car 1
709.0 855.0 687.0 853.0 687.0 846.0 709.0 848.0 Small_Car 1
703.0 752.0 682.0 758.0 680.0 751.0 701.0 745.0 Small_Car 1
785.0 933.0 781.0 950.0 773.0 948.0 776.0 932.0 Small_Car 1
826.0 951.0 815.0 951.0 816.0 937.0 826.0 937.0 Small_Car 1
917.0 944.0 915.0 962.0 903.0 961.0 905.0 943.0 Small_Car 1
993.0 945.0 992.0 963.0 982.0 963.0 982.0 945.0 Small_Car 1
