421.0 203.0 411.0 205.0 408.0 186.0 417.0 184.0 Small_Car 1
551.0 76.0 527.0 76.0 527.0 66.0 551.0 65.0 Small_Car 1
563.0 699.0 557.0 703.0 546.0 689.0 552.0 684.0 Small_Car 1
388.0 519.0 381.0 524.0 371.0 508.0 378.0 503.0 Small_Car 1
209.0 122.0 199.0 122.0 199.0 101.0 208.0 101.0 Small_Car 1
577.0 282.0 561.0 289.0 557.0 281.0 573.0 273.0 Small_Car 1
545.0 382.0 527.0 390.0 524.0 382.0 542.0 374.0 Small_Car 1
241.0 248.0 232.0 253.0 223.0 236.0 233.0 231.0 Small_Car 1
38.0 522.0 36.0 537.0 27.0 535.0 29.0 520.0 Small_Car 1
67.0 573.0 59.0 577.0 52.0 562.0 60.0 558.0 Small_Car 1
111.0 573.0 102.0 576.0 95.0 561.0 104.0 557.0 Small_Car 1
120.0 571.0 112.0 575.0 106.0 561.0 115.0 557.0 Small_Car 1
138.0 525.0 136.0 543.0 126.0 542.0 128.0 524.0 Small_Car 1
183.0 526.0 181.0 542.0 173.0 541.0 175.0 525.0 Small_Car 1
216.0 555.0 197.0 562.0 195.0 555.0 214.0 548.0 Small_Car 1
216.0 587.0 208.0 591.0 200.0 575.0 208.0 571.0 Small_Car 1
224.0 564.0 203.0 570.0 201.0 562.0 222.0 556.0 Small_Car 1
240.0 551.0 218.0 556.0 217.0 550.0 239.0 545.0 Small_Car 1
420.0 700.0 419.0 707.0 398.0 705.0 399.0 698.0 Small_Car 1
26.0 412.0 25.0 420.0 5.0 417.0 6.0 409.0 Small_Car 1
54.0 422.0 31.0 420.0 31.0 412.0 54.0 414.0 Small_Car 1
198.0 432.0 197.0 439.0 176.0 437.0 176.0 430.0 Small_Car 1
537.0 720.0 530.0 725.0 518.0 708.0 525.0 703.0 Small_Car 1
115.0 370.0 112.0 385.0 104.0 383.0 107.0 369.0 Small_Car 1
120.0 348.0 116.0 366.0 109.0 364.0 112.0 346.0 Small_Car 1
76.0 211.0 67.0 211.0 66.0 193.0 74.0 193.0 Small_Car 1
37.0 98.0 19.0 99.0 19.0 92.0 37.0 91.0 Small_Car 1
368.0 739.0 348.0 744.0 347.0 736.0 366.0 731.0 Small_Car 1
