915.0 878.0 909.0 900.0 897.0 896.0 903.0 875.0 Small_Car 1
69.0 638.0 67.0 644.0 49.0 640.0 51.0 634.0 Small_Car 1
610.0 821.0 606.0 835.0 600.0 833.0 604.0 819.0 Small_Car 1
615.0 801.0 612.0 816.0 605.0 815.0 609.0 799.0 Small_Car 1
558.0 782.0 555.0 798.0 548.0 796.0 550.0 781.0 Small_Car 1
582.0 783.0 571.0 796.0 566.0 792.0 576.0 779.0 Small_Car 1
578.0 760.0 576.0 767.0 555.0 764.0 556.0 756.0 Small_Car 1
600.0 746.0 595.0 762.0 588.0 760.0 594.0 743.0 Small_Car 1
513.0 911.0 510.0 927.0 504.0 925.0 507.0 910.0 Small_Car 1
218.0 721.0 214.0 737.0 207.0 735.0 210.0 719.0 Small_Car 1
339.0 813.0 335.0 828.0 327.0 826.0 330.0 811.0 Small_Car 1
362.0 816.0 358.0 833.0 350.0 832.0 354.0 814.0 Small_Car 1
382.0 837.0 374.0 837.0 374.0 822.0 382.0 823.0 Small_Car 1
389.0 814.0 387.0 821.0 371.0 818.0 373.0 811.0 Small_Car 1
393.0 804.0 392.0 811.0 371.0 808.0 372.0 801.0 Small_Car 1
392.0 794.0 390.0 801.0 374.0 800.0 375.0 792.0 Small_Car 1
396.0 776.0 395.0 783.0 375.0 781.0 375.0 774.0 Small_Car 1
395.0 767.0 393.0 773.0 375.0 768.0 377.0 762.0 Small_Car 1
400.0 757.0 399.0 763.0 383.0 760.0 384.0 754.0 Small_Car 1
342.0 762.0 341.0 769.0 321.0 768.0 321.0 761.0 Small_Car 1
330.0 801.0 329.0 808.0 310.0 805.0 311.0 798.0 Small_Car 1
291.0 800.0 287.0 817.0 279.0 815.0 283.0 799.0 Small_Car 1
334.0 874.0 333.0 880.0 314.0 877.0 315.0 871.0 Small_Car 1
209.0 866.0 208.0 873.0 192.0 870.0 193.0 863.0 Small_Car 1
212.0 857.0 210.0 864.0 192.0 861.0 193.0 854.0 Small_Car 1
150.0 897.0 148.0 913.0 140.0 911.0 143.0 896.0 Small_Car 1
109.0 888.0 105.0 903.0 98.0 901.0 102.0 886.0 Small_Car 1
130.0 868.0 110.0 870.0 110.0 862.0 130.0 861.0 Small_Car 1
162.0 703.0 161.0 710.0 142.0 707.0 143.0 700.0 Small_Car 1
158.0 712.0 157.0 718.0 138.0 715.0 139.0 709.0 Small_Car 1
157.0 720.0 155.0 727.0 138.0 724.0 139.0 717.0 Small_Car 1
143.0 778.0 142.0 784.0 125.0 780.0 126.0 774.0 Small_Car 1
129.0 821.0 128.0 828.0 109.0 827.0 109.0 820.0 Small_Car 1
66.0 855.0 65.0 862.0 48.0 859.0 49.0 852.0 Small_Car 1
71.0 837.0 70.0 845.0 51.0 843.0 51.0 836.0 Small_Car 1
73.0 829.0 72.0 836.0 54.0 834.0 55.0 827.0 Small_Car 1
75.0 820.0 73.0 827.0 55.0 824.0 56.0 817.0 Small_Car 1
78.0 811.0 77.0 818.0 58.0 815.0 59.0 808.0 Small_Car 1
82.0 793.0 81.0 800.0 63.0 797.0 64.0 790.0 Small_Car 1
93.0 756.0 92.0 763.0 72.0 760.0 73.0 753.0 Small_Car 1
96.0 717.0 92.0 732.0 84.0 730.0 88.0 715.0 Small_Car 1
86.0 715.0 81.0 729.0 74.0 727.0 79.0 713.0 Small_Car 1
74.0 711.0 71.0 726.0 64.0 724.0 68.0 710.0 Small_Car 1
30.0 699.0 28.0 717.0 20.0 716.0 24.0 698.0 Small_Car 1
22.0 699.0 17.0 716.0 9.0 713.0 14.0 697.0 Small_Car 1
44.0 686.0 43.0 693.0 20.0 690.0 21.0 682.0 Small_Car 1
80.0 666.0 77.0 682.0 70.0 680.0 73.0 665.0 Small_Car 1
70.0 664.0 67.0 680.0 60.0 679.0 63.0 663.0 Small_Car 1
60.0 661.0 57.0 675.0 51.0 674.0 54.0 659.0 Small_Car 1
30.0 655.0 27.0 671.0 21.0 670.0 24.0 654.0 Small_Car 1
10.0 651.0 7.0 666.0 0.0 665.0 3.0 650.0 Small_Car 1
83.0 613.0 82.0 620.0 65.0 616.0 66.0 609.0 Small_Car 1
209.0 976.0 204.0 992.0 198.0 990.0 202.0 974.0 Small_Car 1
153.0 967.0 150.0 973.0 134.0 969.0 135.0 963.0 Small_Car 1
833.0 646.0 815.0 644.0 816.0 638.0 833.0 640.0 Small_Car 1
828.0 419.0 823.0 433.0 817.0 431.0 821.0 417.0 Small_Car 1
819.0 414.0 814.0 430.0 808.0 428.0 811.0 412.0 Small_Car 1
908.0 322.0 895.0 327.0 893.0 322.0 905.0 316.0 Small_Car 1
903.0 312.0 890.0 320.0 886.0 314.0 901.0 307.0 Small_Car 1
898.0 305.0 882.0 314.0 879.0 308.0 895.0 300.0 Small_Car 1
762.0 377.0 758.0 394.0 751.0 392.0 755.0 376.0 Small_Car 1
756.0 395.0 753.0 409.0 746.0 408.0 749.0 394.0 Small_Car 1
746.0 442.0 742.0 459.0 733.0 457.0 736.0 440.0 Small_Car 1
739.0 459.0 736.0 476.0 728.0 474.0 731.0 457.0 Small_Car 1
725.0 513.0 720.0 529.0 714.0 527.0 718.0 512.0 Small_Car 1
716.0 547.0 712.0 564.0 703.0 562.0 708.0 545.0 Small_Car 1
706.0 580.0 702.0 597.0 695.0 595.0 699.0 579.0 Small_Car 1
671.0 591.0 669.0 607.0 661.0 605.0 663.0 589.0 Small_Car 1
676.0 575.0 675.0 589.0 669.0 589.0 671.0 574.0 Small_Car 1
711.0 458.0 706.0 471.0 700.0 469.0 703.0 456.0 Small_Car 1
727.0 391.0 726.0 407.0 719.0 406.0 720.0 390.0 Small_Car 1
739.0 356.0 735.0 371.0 728.0 369.0 732.0 354.0 Small_Car 1
479.0 594.0 478.0 600.0 461.0 597.0 462.0 591.0 Small_Car 1
411.0 603.0 408.0 617.0 400.0 616.0 404.0 601.0 Small_Car 1
394.0 602.0 388.0 620.0 380.0 617.0 386.0 599.0 Small_Car 1
354.0 597.0 349.0 615.0 341.0 613.0 345.0 595.0 Small_Car 1
363.0 599.0 358.0 614.0 351.0 612.0 356.0 596.0 Small_Car 1
382.0 602.0 379.0 619.0 371.0 618.0 374.0 600.0 Small_Car 1
385.0 593.0 384.0 600.0 366.0 596.0 367.0 589.0 Small_Car 1
370.0 571.0 365.0 589.0 357.0 587.0 363.0 569.0 Small_Car 1
364.0 555.0 360.0 571.0 353.0 569.0 356.0 553.0 Small_Car 1
239.0 494.0 234.0 498.0 225.0 483.0 231.0 480.0 Small_Car 1
165.0 527.0 150.0 536.0 146.0 529.0 162.0 520.0 Small_Car 1
182.0 542.0 172.0 553.0 167.0 549.0 177.0 538.0 Small_Car 1
194.0 541.0 186.0 553.0 180.0 549.0 189.0 538.0 Small_Car 1
227.0 537.0 223.0 553.0 214.0 551.0 219.0 535.0 Small_Car 1
217.0 570.0 213.0 587.0 205.0 585.0 210.0 568.0 Small_Car 1
206.0 569.0 203.0 586.0 194.0 584.0 198.0 567.0 Small_Car 1
195.0 567.0 193.0 582.0 185.0 580.0 188.0 565.0 Small_Car 1
175.0 563.0 173.0 579.0 165.0 577.0 168.0 561.0 Small_Car 1
165.0 561.0 162.0 577.0 154.0 575.0 158.0 559.0 Small_Car 1
153.0 557.0 152.0 574.0 145.0 574.0 145.0 557.0 Small_Car 1
144.0 555.0 139.0 573.0 132.0 571.0 138.0 553.0 Small_Car 1
98.0 540.0 97.0 557.0 90.0 557.0 90.0 540.0 Small_Car 1
107.0 550.0 105.0 565.0 98.0 564.0 99.0 549.0 Small_Car 1
68.0 545.0 54.0 555.0 49.0 549.0 63.0 539.0 Small_Car 1
62.0 539.0 45.0 550.0 42.0 544.0 58.0 533.0 Small_Car 1
55.0 534.0 41.0 543.0 37.0 538.0 51.0 528.0 Small_Car 1
893.0 730.0 892.0 737.0 874.0 733.0 876.0 727.0 Small_Car 1
818.0 733.0 817.0 740.0 798.0 736.0 799.0 730.0 Small_Car 1
698.0 707.0 697.0 713.0 682.0 710.0 683.0 704.0 Small_Car 1
491.0 690.0 490.0 696.0 472.0 692.0 473.0 686.0 Small_Car 1
484.0 667.0 483.0 674.0 470.0 671.0 471.0 664.0 Small_Car 1
238.0 605.0 237.0 612.0 218.0 609.0 220.0 602.0 Small_Car 1
82.0 592.0 81.0 600.0 62.0 596.0 63.0 589.0 Small_Car 1
48.0 573.0 47.0 581.0 28.0 577.0 29.0 569.0 Small_Car 1
837.0 13.0 830.0 3.0 835.0 0.0 842.0 9.0 Small_Car 1
906.0 153.0 899.0 156.0 893.0 141.0 900.0 138.0 Small_Car 1
897.0 134.0 891.0 137.0 885.0 124.0 891.0 121.0 Small_Car 1
613.0 84.0 606.0 87.0 600.0 72.0 607.0 69.0 Small_Car 1
595.0 45.0 588.0 48.0 580.0 28.0 586.0 25.0 Small_Car 1
642.0 152.0 636.0 154.0 630.0 139.0 635.0 136.0 Small_Car 1
673.0 151.0 667.0 154.0 661.0 139.0 666.0 137.0 Small_Car 1
668.0 134.0 660.0 138.0 651.0 121.0 660.0 117.0 Small_Car 1
694.0 195.0 687.0 198.0 682.0 184.0 688.0 181.0 Small_Car 1
593.0 265.0 576.0 270.0 574.0 263.0 591.0 258.0 Small_Car 1
464.0 228.0 457.0 231.0 450.0 214.0 457.0 211.0 Small_Car 1
543.0 293.0 525.0 297.0 524.0 291.0 541.0 287.0 Small_Car 1
524.0 298.0 505.0 304.0 503.0 297.0 522.0 291.0 Small_Car 1
257.0 359.0 251.0 361.0 246.0 348.0 251.0 346.0 Small_Car 1
223.0 389.0 215.0 392.0 208.0 377.0 216.0 374.0 Small_Car 1
107.0 505.0 89.0 510.0 87.0 503.0 105.0 497.0 Small_Car 1
133.0 499.0 127.0 503.0 117.0 489.0 124.0 484.0 Small_Car 1
118.0 505.0 110.0 505.0 109.0 489.0 117.0 489.0 Small_Car 1
149.0 481.0 131.0 486.0 129.0 480.0 147.0 475.0 Small_Car 1
279.0 441.0 261.0 447.0 259.0 440.0 276.0 434.0 Small_Car 1
339.0 421.0 320.0 426.0 318.0 420.0 337.0 414.0 Small_Car 1
419.0 397.0 399.0 403.0 396.0 395.0 417.0 389.0 Small_Car 1
521.0 364.0 504.0 368.0 502.0 362.0 519.0 357.0 Small_Car 1
591.0 342.0 570.0 347.0 569.0 339.0 589.0 334.0 Small_Car 1
881.0 249.0 862.0 257.0 859.0 250.0 878.0 242.0 Small_Car 1
924.0 237.0 908.0 241.0 907.0 235.0 923.0 231.0 Small_Car 1
1000.0 176.0 986.0 181.0 984.0 173.0 1000.0 167.0 Small_Car 1
949.0 192.0 935.0 196.0 933.0 189.0 946.0 185.0 Small_Car 1
841.0 226.0 824.0 232.0 821.0 224.0 839.0 219.0 Small_Car 1
806.0 237.0 790.0 241.0 788.0 236.0 804.0 231.0 Small_Car 1
631.0 292.0 612.0 298.0 610.0 290.0 630.0 285.0 Small_Car 1
601.0 301.0 585.0 305.0 584.0 298.0 600.0 294.0 Small_Car 1
431.0 330.0 413.0 336.0 410.0 327.0 428.0 321.0 Small_Car 1
408.0 336.0 389.0 342.0 386.0 333.0 405.0 327.0 Small_Car 1
396.0 361.0 389.0 364.0 382.0 349.0 389.0 346.0 Small_Car 1
381.0 372.0 366.0 376.0 364.0 370.0 379.0 365.0 Small_Car 1
328.0 388.0 309.0 394.0 307.0 387.0 326.0 381.0 Small_Car 1
305.0 395.0 288.0 400.0 285.0 393.0 303.0 388.0 Small_Car 1
102.0 460.0 85.0 465.0 83.0 458.0 100.0 453.0 Small_Car 1
60.0 472.0 42.0 479.0 39.0 472.0 57.0 465.0 Small_Car 1
48.0 428.0 27.0 427.0 28.0 420.0 48.0 421.0 Small_Car 1
11.0 431.0 10.0 437.0 0.0 436.0 0.0 430.0 Small_Car 1
20.0 427.0 0.0 426.0 0.0 418.0 20.0 419.0 Small_Car 1
252.0 239.0 248.0 245.0 230.0 233.0 235.0 227.0 Small_Car 1
231.0 229.0 227.0 236.0 208.0 225.0 212.0 218.0 Small_Car 1
192.0 209.0 189.0 215.0 172.0 206.0 176.0 200.0 Small_Car 1
218.0 202.0 214.0 207.0 201.0 198.0 205.0 193.0 Small_Car 1
204.0 194.0 200.0 199.0 184.0 189.0 188.0 184.0 Small_Car 1
342.0 248.0 337.0 250.0 332.0 237.0 337.0 235.0 Small_Car 1
362.0 238.0 356.0 241.0 348.0 226.0 355.0 223.0 Small_Car 1
305.0 208.0 300.0 213.0 285.0 203.0 289.0 198.0 Small_Car 1
239.0 169.0 229.0 182.0 222.0 177.0 232.0 164.0 Small_Car 1
282.0 197.0 278.0 203.0 263.0 194.0 267.0 188.0 Small_Car 1
260.0 176.0 255.0 182.0 242.0 172.0 246.0 166.0 Small_Car 1
249.0 188.0 245.0 194.0 231.0 183.0 235.0 177.0 Small_Car 1
239.0 203.0 235.0 209.0 220.0 198.0 224.0 192.0 Small_Car 1
244.0 195.0 240.0 200.0 225.0 192.0 230.0 186.0 Small_Car 1
225.0 185.0 215.0 198.0 210.0 193.0 220.0 180.0 Small_Car 1
217.0 180.0 207.0 192.0 201.0 188.0 212.0 175.0 Small_Car 1
201.0 182.0 197.0 188.0 183.0 178.0 187.0 172.0 Small_Car 1
212.0 170.0 208.0 176.0 194.0 166.0 197.0 160.0 Small_Car 1
251.0 137.0 240.0 149.0 234.0 145.0 246.0 132.0 Small_Car 1
350.0 160.0 341.0 173.0 335.0 169.0 344.0 155.0 Small_Car 1
317.0 144.0 306.0 156.0 300.0 152.0 312.0 139.0 Small_Car 1
369.0 124.0 360.0 135.0 356.0 131.0 364.0 120.0 Small_Car 1
345.0 109.0 335.0 122.0 329.0 118.0 339.0 104.0 Small_Car 1
337.0 103.0 326.0 116.0 320.0 111.0 330.0 98.0 Small_Car 1
329.0 98.0 318.0 111.0 313.0 107.0 324.0 93.0 Small_Car 1
320.0 95.0 310.0 107.0 305.0 103.0 315.0 91.0 Small_Car 1
310.0 92.0 300.0 104.0 295.0 100.0 304.0 88.0 Small_Car 1
294.0 79.0 285.0 92.0 278.0 88.0 288.0 74.0 Small_Car 1
347.0 29.0 334.0 45.0 327.0 39.0 340.0 24.0 Small_Car 1
276.0 36.0 264.0 51.0 258.0 46.0 270.0 31.0 Small_Car 1
228.0 95.0 216.0 110.0 210.0 105.0 222.0 91.0 Small_Car 1
190.0 142.0 178.0 156.0 172.0 151.0 183.0 137.0 Small_Car 1
173.0 161.0 162.0 173.0 157.0 168.0 167.0 156.0 Small_Car 1
164.0 197.0 161.0 203.0 147.0 196.0 150.0 190.0 Small_Car 1
146.0 194.0 134.0 208.0 128.0 203.0 140.0 189.0 Small_Car 1
129.0 214.0 119.0 228.0 113.0 223.0 123.0 210.0 Small_Car 1
95.0 257.0 84.0 270.0 78.0 265.0 88.0 252.0 Small_Car 1
50.0 119.0 39.0 132.0 33.0 127.0 45.0 114.0 Small_Car 1
63.0 105.0 52.0 117.0 45.0 112.0 56.0 99.0 Small_Car 1
115.0 38.0 105.0 50.0 99.0 46.0 109.0 33.0 Small_Car 1
