539.0 976.0 524.0 983.0 521.0 977.0 536.0 970.0 Small_Car 1
659.0 932.0 638.0 939.0 636.0 933.0 657.0 926.0 Small_Car 1
595.0 837.0 579.0 841.0 578.0 836.0 594.0 832.0 Small_Car 1
610.0 869.0 593.0 874.0 592.0 867.0 608.0 862.0 Small_Car 1
963.0 551.0 943.0 553.0 942.0 546.0 962.0 544.0 Small_Car 1
884.0 559.0 870.0 558.0 870.0 552.0 884.0 552.0 Small_Car 1
882.0 579.0 881.0 587.0 860.0 586.0 860.0 578.0 Small_Car 1
868.0 624.0 867.0 631.0 845.0 630.0 846.0 623.0 Small_Car 1
655.0 768.0 647.0 771.0 641.0 758.0 649.0 754.0 Small_Car 1
678.0 762.0 671.0 765.0 665.0 754.0 672.0 750.0 Small_Car 1
711.0 753.0 704.0 757.0 694.0 741.0 701.0 737.0 Small_Car 1
748.0 746.0 740.0 750.0 734.0 735.0 742.0 732.0 Small_Car 1
688.0 825.0 679.0 828.0 673.0 812.0 682.0 809.0 Small_Car 1
733.0 795.0 724.0 798.0 717.0 782.0 726.0 778.0 Small_Car 1
742.0 789.0 735.0 792.0 729.0 778.0 737.0 775.0 Small_Car 1
739.0 811.0 732.0 814.0 725.0 799.0 732.0 796.0 Small_Car 1
750.0 808.0 743.0 811.0 736.0 796.0 744.0 793.0 Small_Car 1
762.0 804.0 755.0 807.0 748.0 793.0 755.0 790.0 Small_Car 1
807.0 792.0 800.0 795.0 794.0 782.0 801.0 778.0 Small_Car 1
840.0 830.0 834.0 833.0 827.0 819.0 833.0 816.0 Small_Car 1
827.0 834.0 820.0 838.0 812.0 822.0 820.0 819.0 Small_Car 1
805.0 840.0 797.0 843.0 791.0 828.0 798.0 825.0 Small_Car 1
757.0 845.0 750.0 847.0 747.0 839.0 754.0 836.0 Small_Car 1
750.0 857.0 742.0 860.0 734.0 841.0 742.0 837.0 Small_Car 1
721.0 853.0 712.0 855.0 709.0 846.0 717.0 843.0 Small_Car 1
894.0 791.0 876.0 795.0 874.0 789.0 892.0 784.0 Small_Car 1
