110.0 109.0 103.0 110.0 102.0 93.0 109.0 93.0 Small_Car 1
98.0 89.0 97.0 108.0 89.0 108.0 90.0 89.0 Small_Car 1
77.0 107.0 69.0 107.0 69.0 92.0 77.0 93.0 Small_Car 1
111.0 152.0 91.0 152.0 91.0 145.0 111.0 145.0 Small_Car 1
111.0 161.0 91.0 161.0 91.0 154.0 111.0 154.0 Small_Car 1
117.0 179.0 97.0 180.0 97.0 172.0 117.0 171.0 Small_Car 1
121.0 182.0 120.0 190.0 99.0 189.0 100.0 181.0 Small_Car 1
123.0 225.0 100.0 225.0 100.0 218.0 123.0 218.0 Small_Car 1
123.0 234.0 100.0 234.0 100.0 227.0 123.0 227.0 Small_Car 1
122.0 242.0 101.0 243.0 101.0 237.0 122.0 236.0 Small_Car 1
60.0 221.0 38.0 221.0 37.0 214.0 59.0 213.0 Small_Car 1
60.0 230.0 40.0 230.0 40.0 224.0 60.0 223.0 Small_Car 1
6.0 339.0 0.0 339.0 0.0 321.0 6.0 321.0 Small_Car 1
20.0 341.0 10.0 341.0 10.0 322.0 19.0 322.0 Small_Car 1
162.0 411.0 141.0 411.0 141.0 404.0 162.0 403.0 Small_Car 1
95.0 596.0 76.0 596.0 76.0 588.0 95.0 588.0 Small_Car 1
82.0 647.0 72.0 646.0 73.0 631.0 82.0 631.0 Small_Car 1
81.0 666.0 72.0 665.0 72.0 649.0 81.0 650.0 Small_Car 1
80.0 686.0 71.0 686.0 71.0 667.0 80.0 667.0 Small_Car 1
67.0 669.0 58.0 669.0 59.0 651.0 67.0 652.0 Small_Car 1
187.0 737.0 164.0 735.0 164.0 727.0 187.0 728.0 Small_Car 1
240.0 97.0 239.0 115.0 231.0 115.0 232.0 97.0 Small_Car 1
240.0 261.0 230.0 262.0 230.0 244.0 239.0 243.0 Small_Car 1
239.0 280.0 230.0 280.0 230.0 263.0 239.0 263.0 Small_Car 1
238.0 315.0 230.0 315.0 231.0 295.0 238.0 296.0 Small_Car 1
239.0 553.0 230.0 553.0 230.0 535.0 239.0 535.0 Small_Car 1
296.0 598.0 287.0 599.0 286.0 582.0 295.0 581.0 Small_Car 1
292.0 206.0 283.0 206.0 283.0 189.0 292.0 189.0 Small_Car 1
291.0 188.0 283.0 188.0 282.0 172.0 290.0 171.0 Small_Car 1
291.0 169.0 282.0 169.0 283.0 152.0 291.0 152.0 Small_Car 1
290.0 148.0 282.0 148.0 282.0 132.0 290.0 132.0 Small_Car 1
291.0 108.0 282.0 108.0 282.0 91.0 291.0 91.0 Small_Car 1
289.0 90.0 280.0 90.0 280.0 73.0 289.0 73.0 Small_Car 1
291.0 71.0 282.0 71.0 282.0 52.0 291.0 52.0 Small_Car 1
494.0 494.0 485.0 495.0 482.0 478.0 492.0 477.0 Small_Car 1
505.0 494.0 497.0 495.0 495.0 478.0 503.0 477.0 Small_Car 1
393.0 550.0 392.0 559.0 372.0 559.0 372.0 550.0 Small_Car 1
395.0 568.0 374.0 567.0 374.0 559.0 395.0 560.0 Small_Car 1
394.0 586.0 372.0 586.0 372.0 579.0 394.0 579.0 Small_Car 1
395.0 604.0 376.0 604.0 376.0 598.0 395.0 598.0 Small_Car 1
439.0 656.0 430.0 656.0 430.0 640.0 438.0 640.0 Small_Car 1
464.0 655.0 455.0 656.0 454.0 641.0 463.0 640.0 Small_Car 1
501.0 647.0 492.0 649.0 487.0 634.0 496.0 631.0 Small_Car 1
524.0 642.0 516.0 645.0 511.0 629.0 519.0 627.0 Small_Car 1
564.0 612.0 543.0 613.0 543.0 607.0 564.0 606.0 Small_Car 1
562.0 604.0 541.0 605.0 541.0 598.0 562.0 597.0 Small_Car 1
561.0 585.0 540.0 585.0 540.0 577.0 561.0 577.0 Small_Car 1
560.0 575.0 538.0 576.0 538.0 568.0 560.0 567.0 Small_Car 1
557.0 527.0 535.0 528.0 534.0 520.0 557.0 519.0 Small_Car 1
473.0 557.0 450.0 557.0 450.0 551.0 473.0 551.0 Small_Car 1
473.0 567.0 450.0 566.0 450.0 560.0 473.0 560.0 Small_Car 1
474.0 584.0 451.0 585.0 451.0 578.0 474.0 577.0 Small_Car 1
476.0 593.0 455.0 593.0 455.0 586.0 475.0 586.0 Small_Car 1
476.0 602.0 453.0 603.0 453.0 596.0 476.0 595.0 Small_Car 1
501.0 601.0 481.0 601.0 481.0 594.0 500.0 594.0 Small_Car 1
500.0 583.0 479.0 584.0 478.0 577.0 500.0 576.0 Small_Car 1
496.0 566.0 477.0 566.0 477.0 559.0 496.0 559.0 Small_Car 1
615.0 622.0 606.0 626.0 598.0 610.0 607.0 606.0 Small_Car 1
626.0 617.0 619.0 620.0 612.0 606.0 619.0 602.0 Small_Car 1
639.0 614.0 632.0 618.0 624.0 602.0 631.0 599.0 Small_Car 1
653.0 609.0 646.0 615.0 635.0 599.0 642.0 594.0 Small_Car 1
666.0 605.0 660.0 611.0 647.0 596.0 654.0 590.0 Small_Car 1
963.0 415.0 955.0 418.0 949.0 405.0 956.0 401.0 Small_Car 1
976.0 411.0 969.0 415.0 962.0 400.0 969.0 397.0 Small_Car 1
1000.0 405.0 993.0 409.0 982.0 393.0 990.0 389.0 Small_Car 1
913.0 966.0 908.0 972.0 892.0 960.0 898.0 954.0 Small_Car 1
999.191895 809.178284 985.000122 796.000183 989.80835 790.822083 1004.000122 804.000183 Small_Car 1
986.0 816.0 980.0 822.0 966.0 810.0 972.0 804.0 Small_Car 1
946.0 839.0 930.0 852.0 925.0 845.0 941.0 833.0 Small_Car 1
936.0 832.0 922.0 844.0 916.0 838.0 931.0 826.0 Small_Car 1
927.0 826.0 913.0 836.0 909.0 830.0 923.0 820.0 Small_Car 1
797.0 861.0 792.0 867.0 781.0 857.0 786.0 852.0 Small_Car 1
775.0 872.0 770.0 878.0 758.0 866.0 763.0 861.0 Small_Car 1
700.0 923.0 694.0 929.0 681.0 917.0 686.0 911.0 Small_Car 1
633.0 926.0 618.0 935.0 614.0 929.0 629.0 919.0 Small_Car 1
467.0 960.0 462.0 965.0 450.0 954.0 455.0 949.0 Small_Car 1
418.0 704.0 397.0 709.0 393.0 697.0 415.0 692.0 Small_Car 1
209.0 874.0 189.0 880.0 186.0 873.0 207.0 867.0 Small_Car 1
152.0 889.0 132.0 894.0 130.0 887.0 151.0 882.0 Small_Car 1
125.0 896.0 102.0 900.0 101.0 892.0 124.0 888.0 Small_Car 1
710.0 725.0 690.0 725.0 690.0 717.0 710.0 717.0 Small_Car 1
762.0 727.0 740.0 727.0 740.0 719.0 762.0 719.0 Small_Car 1
842.0 741.0 822.0 741.0 822.0 734.0 842.0 734.0 Small_Car 1
202.0 613.0 185.0 613.0 185.0 607.0 202.0 607.0 Small_Car 1
42.0 481.0 41.0 497.0 35.0 496.0 36.0 480.0 Small_Car 1
