414.0 30.0 406.0 30.0 406.0 14.0 414.0 14.0 Small_Car 1
413.0 139.0 403.0 139.0 403.0 124.0 413.0 124.0 Small_Car 1
441.0 212.0 434.0 213.0 432.0 196.0 439.0 195.0 Small_Car 1
443.0 261.0 434.0 261.0 434.0 245.0 443.0 245.0 Small_Car 1
598.0 406.0 580.0 405.0 580.0 400.0 598.0 400.0 Small_Car 1
341.0 375.0 320.0 376.0 320.0 369.0 341.0 369.0 Small_Car 1
220.0 24.0 211.0 24.0 211.0 8.0 220.0 8.0 Small_Car 1
337.0 247.0 319.0 247.0 319.0 240.0 337.0 241.0 Small_Car 1
105.0 352.0 81.0 352.0 81.0 344.0 105.0 344.0 Small_Car 1
10.0 429.0 2.0 429.0 1.0 413.0 9.0 413.0 Small_Car 1
