424.0 181.0 408.0 191.0 404.0 186.0 421.0 176.0 Small_Car 1
690.0 287.0 686.0 290.0 678.0 276.0 683.0 273.0 Small_Car 1
753.0 551.0 749.0 554.0 738.0 540.0 743.0 536.0 Small_Car 1
780.0 588.0 774.0 592.0 764.0 578.0 770.0 574.0 Small_Car 1
732.0 558.0 727.0 562.0 718.0 549.0 724.0 545.0 Small_Car 1
720.0 540.0 715.0 544.0 704.0 528.0 711.0 524.0 Small_Car 1
635.0 572.0 629.0 575.0 620.0 561.0 625.0 557.0 Small_Car 1
581.0 577.0 576.0 580.0 566.0 566.0 571.0 563.0 Small_Car 1
780.0 442.0 765.0 450.0 763.0 443.0 778.0 435.0 Small_Car 1
763.0 449.0 746.0 457.0 744.0 451.0 761.0 443.0 Small_Car 1
430.0 584.0 413.0 591.0 410.0 585.0 427.0 577.0 Small_Car 1
527.0 565.0 509.0 573.0 508.0 567.0 524.0 559.0 Small_Car 1
588.0 535.0 573.0 543.0 569.0 537.0 584.0 529.0 Small_Car 1
524.0 538.0 507.0 546.0 504.0 540.0 521.0 531.0 Small_Car 1
544.0 528.0 529.0 536.0 526.0 529.0 541.0 522.0 Small_Car 1
566.0 517.0 550.0 526.0 547.0 520.0 562.0 511.0 Small_Car 1
659.0 472.0 644.0 480.0 641.0 474.0 656.0 466.0 Small_Car 1
675.0 462.0 660.0 473.0 657.0 466.0 671.0 456.0 Small_Car 1
692.0 453.0 674.0 460.0 672.0 453.0 689.0 446.0 Small_Car 1
709.0 443.0 692.0 451.0 689.0 445.0 704.0 436.0 Small_Car 1
760.0 417.0 745.0 426.0 741.0 420.0 757.0 410.0 Small_Car 1
799.0 399.0 782.0 408.0 779.0 402.0 795.0 393.0 Small_Car 1
784.0 144.0 778.0 148.0 768.0 133.0 773.0 129.0 Small_Car 1
786.0 41.0 775.0 53.0 769.0 48.0 780.0 36.0 Small_Car 1
788.0 55.0 777.0 66.0 772.0 60.0 783.0 50.0 Small_Car 1
800.0 99.0 783.0 109.0 778.0 103.0 795.0 92.0 Small_Car 1
735.0 45.0 734.0 52.0 717.0 44.0 719.0 38.0 Small_Car 1
509.0 320.0 504.0 324.0 494.0 309.0 500.0 305.0 Small_Car 1
491.0 292.0 485.0 297.0 474.0 281.0 479.0 277.0 Small_Car 1
477.0 272.0 471.0 275.0 462.0 262.0 468.0 258.0 Small_Car 1
470.0 194.0 464.0 198.0 455.0 183.0 461.0 180.0 Small_Car 1
445.0 230.0 439.0 233.0 431.0 221.0 437.0 217.0 Small_Car 1
411.0 281.0 406.0 285.0 397.0 270.0 402.0 267.0 Small_Car 1
386.0 294.0 380.0 299.0 370.0 284.0 376.0 280.0 Small_Car 1
367.0 301.0 359.0 306.0 351.0 292.0 357.0 288.0 Small_Car 1
334.0 266.0 328.0 270.0 319.0 257.0 325.0 253.0 Small_Car 1
319.0 340.0 303.0 349.0 299.0 343.0 316.0 334.0 Small_Car 1
276.0 396.0 261.0 403.0 258.0 397.0 273.0 390.0 Small_Car 1
289.0 380.0 275.0 388.0 271.0 382.0 284.0 374.0 Small_Car 1
268.0 355.0 252.0 362.0 249.0 355.0 265.0 348.0 Small_Car 1
254.0 369.0 239.0 378.0 235.0 372.0 252.0 363.0 Small_Car 1
251.0 361.0 234.0 370.0 231.0 364.0 248.0 355.0 Small_Car 1
243.0 354.0 227.0 362.0 224.0 356.0 239.0 347.0 Small_Car 1
291.0 461.0 273.0 470.0 269.0 463.0 288.0 455.0 Small_Car 1
269.0 432.0 253.0 438.0 251.0 432.0 267.0 426.0 Small_Car 1
259.0 416.0 244.0 423.0 241.0 417.0 256.0 409.0 Small_Car 1
236.0 386.0 220.0 394.0 217.0 388.0 234.0 380.0 Small_Car 1
227.0 370.0 211.0 379.0 207.0 373.0 223.0 364.0 Small_Car 1
191.0 409.0 175.0 416.0 173.0 410.0 188.0 403.0 Small_Car 1
216.0 474.0 198.0 483.0 194.0 476.0 212.0 467.0 Small_Car 1
209.0 467.0 194.0 475.0 190.0 468.0 206.0 460.0 Small_Car 1
218.0 442.0 202.0 452.0 199.0 445.0 215.0 436.0 Small_Car 1
200.0 452.0 185.0 459.0 182.0 453.0 197.0 446.0 Small_Car 1
178.0 425.0 161.0 433.0 158.0 427.0 175.0 418.0 Small_Car 1
171.0 418.0 157.0 425.0 154.0 419.0 168.0 412.0 Small_Car 1
170.0 409.0 153.0 417.0 151.0 411.0 167.0 403.0 Small_Car 1
163.0 403.0 147.0 411.0 144.0 405.0 161.0 397.0 Small_Car 1
157.0 394.0 141.0 402.0 139.0 396.0 155.0 389.0 Small_Car 1
263.0 582.0 256.0 587.0 246.0 571.0 253.0 567.0 Small_Car 1
236.0 543.0 221.0 552.0 217.0 545.0 232.0 537.0 Small_Car 1
224.0 529.0 209.0 538.0 206.0 531.0 221.0 522.0 Small_Car 1
209.0 509.0 194.0 517.0 191.0 511.0 206.0 503.0 Small_Car 1
199.0 495.0 186.0 500.0 184.0 494.0 196.0 489.0 Small_Car 1
192.0 489.0 178.0 496.0 175.0 490.0 189.0 482.0 Small_Car 1
179.0 467.0 164.0 475.0 160.0 468.0 176.0 460.0 Small_Car 1
175.0 460.0 160.0 467.0 157.0 460.0 172.0 453.0 Small_Car 1
164.0 446.0 148.0 453.0 145.0 446.0 161.0 438.0 Small_Car 1
100.0 514.0 85.0 523.0 82.0 517.0 97.0 509.0 Small_Car 1
96.0 507.0 80.0 515.0 77.0 509.0 93.0 500.0 Small_Car 1
70.0 474.0 55.0 482.0 51.0 476.0 66.0 468.0 Small_Car 1
66.0 464.0 48.0 474.0 44.0 467.0 63.0 458.0 Small_Car 1
54.0 448.0 37.0 457.0 34.0 450.0 50.0 442.0 Small_Car 1
487.0 137.0 471.0 145.0 468.0 138.0 484.0 130.0 Small_Car 1
464.0 103.0 449.0 111.0 445.0 105.0 461.0 96.0 Small_Car 1
512.0 71.0 497.0 79.0 493.0 73.0 508.0 65.0 Small_Car 1
500.0 88.0 484.0 96.0 479.0 90.0 497.0 81.0 Small_Car 1
449.0 89.0 443.0 92.0 436.0 78.0 442.0 74.0 Small_Car 1
431.0 100.0 424.0 104.0 414.0 89.0 421.0 85.0 Small_Car 1
567.0 28.0 562.0 32.0 551.0 17.0 557.0 13.0 Small_Car 1
488.0 23.0 483.0 27.0 474.0 12.0 479.0 9.0 Small_Car 1
469.0 31.0 464.0 35.0 455.0 22.0 460.0 18.0 Small_Car 1
428.0 50.0 422.0 54.0 414.0 41.0 419.0 37.0 Small_Car 1
407.0 59.0 402.0 63.0 393.0 51.0 397.0 47.0 Small_Car 1
442.0 20.0 434.0 23.0 427.0 8.0 434.0 4.0 Small_Car 1
369.0 6.0 363.0 11.0 352.0 0.0 363.0 0.0 Small_Car 1
410.0 198.0 404.0 201.0 399.0 189.0 403.0 187.0 Small_Car 1
403.0 202.0 396.0 205.0 392.0 192.0 398.0 190.0 Small_Car 1
384.0 211.0 378.0 215.0 370.0 201.0 376.0 197.0 Small_Car 1
369.0 201.0 363.0 205.0 356.0 192.0 362.0 189.0 Small_Car 1
383.0 195.0 378.0 198.0 370.0 183.0 374.0 180.0 Small_Car 1
398.0 188.0 394.0 191.0 385.0 179.0 389.0 176.0 Small_Car 1
404.0 183.0 400.0 188.0 389.0 173.0 395.0 169.0 Small_Car 1
419.0 175.0 413.0 180.0 403.0 165.0 409.0 160.0 Small_Car 1
402.0 166.0 397.0 170.0 387.0 158.0 392.0 153.0 Small_Car 1
393.0 169.0 387.0 173.0 379.0 162.0 385.0 158.0 Small_Car 1
384.0 173.0 368.0 182.0 365.0 177.0 380.0 168.0 Small_Car 1
394.0 144.0 381.0 153.0 377.0 148.0 389.0 139.0 Small_Car 1
386.0 131.0 369.0 137.0 367.0 131.0 384.0 125.0 Small_Car 1
383.0 125.0 366.0 129.0 364.0 123.0 381.0 119.0 Small_Car 1
369.0 108.0 355.0 115.0 352.0 108.0 366.0 101.0 Small_Car 1
369.0 218.0 363.0 221.0 357.0 208.0 363.0 205.0 Small_Car 1
361.0 222.0 353.0 225.0 348.0 211.0 356.0 208.0 Small_Car 1
359.0 204.0 344.0 211.0 341.0 204.0 356.0 197.0 Small_Car 1
361.0 175.0 349.0 187.0 344.0 181.0 356.0 170.0 Small_Car 1
344.0 182.0 328.0 190.0 326.0 184.0 341.0 177.0 Small_Car 1
378.0 154.0 371.0 158.0 362.0 143.0 368.0 139.0 Small_Car 1
370.0 159.0 361.0 173.0 355.0 169.0 365.0 155.0 Small_Car 1
365.0 153.0 355.0 168.0 348.0 163.0 358.0 148.0 Small_Car 1
358.0 142.0 351.0 155.0 346.0 152.0 353.0 139.0 Small_Car 1
353.0 137.0 346.0 150.0 339.0 146.0 346.0 133.0 Small_Car 1
344.0 132.0 339.0 145.0 333.0 142.0 340.0 129.0 Small_Car 1
338.0 146.0 328.0 158.0 322.0 154.0 333.0 141.0 Small_Car 1
323.0 149.0 312.0 162.0 306.0 158.0 317.0 145.0 Small_Car 1
318.0 129.0 301.0 137.0 298.0 130.0 314.0 123.0 Small_Car 1
346.0 122.0 334.0 135.0 329.0 130.0 341.0 117.0 Small_Car 1
337.0 121.0 325.0 133.0 320.0 129.0 332.0 116.0 Small_Car 1
335.0 115.0 319.0 120.0 317.0 114.0 332.0 109.0 Small_Car 1
329.0 107.0 317.0 114.0 314.0 109.0 326.0 102.0 Small_Car 1
299.0 110.0 286.0 119.0 283.0 113.0 297.0 104.0 Small_Car 1
274.0 93.0 269.0 97.0 260.0 84.0 265.0 81.0 Small_Car 1
305.0 76.0 298.0 80.0 291.0 67.0 297.0 63.0 Small_Car 1
295.0 63.0 289.0 67.0 280.0 55.0 286.0 51.0 Small_Car 1
274.0 75.0 269.0 79.0 260.0 70.0 265.0 65.0 Small_Car 1
264.0 80.0 259.0 84.0 250.0 72.0 254.0 68.0 Small_Car 1
282.0 60.0 276.0 64.0 267.0 51.0 272.0 47.0 Small_Car 1
274.0 63.0 267.0 67.0 258.0 53.0 264.0 49.0 Small_Car 1
263.0 64.0 258.0 67.0 249.0 54.0 254.0 51.0 Small_Car 1
254.0 65.0 250.0 69.0 239.0 58.0 245.0 53.0 Small_Car 1
46.0 22.0 29.0 30.0 26.0 23.0 43.0 15.0 Small_Car 1
