770.0 716.0 749.0 714.0 749.0 707.0 770.0 709.0 Small_Car 1
890.0 676.0 889.0 692.0 880.0 692.0 881.0 675.0 Small_Car 1
678.0 654.0 677.0 673.0 669.0 672.0 669.0 654.0 Small_Car 1
599.0 628.0 598.0 647.0 589.0 647.0 590.0 628.0 Small_Car 1
614.0 518.0 612.0 533.0 603.0 531.0 605.0 516.0 Small_Car 1
262.0 464.0 261.0 481.0 253.0 480.0 254.0 464.0 Small_Car 1
266.0 412.0 263.0 431.0 254.0 430.0 256.0 410.0 Small_Car 1
752.0 414.0 751.0 422.0 728.0 419.0 729.0 411.0 Small_Car 1
716.0 236.0 713.0 256.0 704.0 254.0 707.0 235.0 Small_Car 1
332.0 332.0 312.0 332.0 312.0 325.0 332.0 325.0 Small_Car 1
466.0 26.0 465.0 33.0 443.0 32.0 444.0 25.0 Small_Car 1
728.0 26.0 727.0 32.0 704.0 26.0 705.0 20.0 Small_Car 1
896.0 80.0 895.0 87.0 875.0 83.0 876.0 76.0 Small_Car 1
335.0 727.0 314.0 726.0 314.0 718.0 335.0 719.0 Small_Car 1
455.0 733.0 434.0 733.0 434.0 725.0 455.0 726.0 Small_Car 1
288.0 678.0 287.0 686.0 263.0 686.0 263.0 678.0 Small_Car 1
535.0 778.0 534.0 791.0 527.0 791.0 528.0 778.0 Small_Car 1
476.0 774.0 474.0 795.0 464.0 794.0 466.0 773.0 Small_Car 1
597.0 870.0 589.0 869.0 590.0 855.0 597.0 855.0 Small_Car 1
377.0 840.0 376.0 855.0 368.0 854.0 370.0 840.0 Small_Car 1
404.0 892.0 385.0 890.0 385.0 885.0 404.0 886.0 Small_Car 1
84.0 450.0 83.0 459.0 63.0 458.0 64.0 450.0 Small_Car 1
