232.0 582.0 210.0 593.0 206.0 584.0 228.0 573.0 Small_Car 1
220.0 574.0 201.0 585.0 197.0 577.0 216.0 566.0 Small_Car 1
197.0 552.0 180.0 561.0 175.0 553.0 192.0 543.0 Small_Car 1
190.0 544.0 171.0 555.0 167.0 547.0 186.0 537.0 Small_Car 1
106.0 589.0 101.0 594.0 87.0 582.0 93.0 576.0 Small_Car 1
105.0 531.0 86.0 542.0 82.0 534.0 101.0 524.0 Small_Car 1
62.0 486.0 44.0 497.0 40.0 490.0 58.0 479.0 Small_Car 1
139.0 492.0 120.0 502.0 116.0 494.0 135.0 484.0 Small_Car 1
135.0 355.0 129.0 361.0 115.0 346.0 121.0 340.0 Small_Car 1
26.0 380.0 6.0 391.0 1.0 382.0 22.0 371.0 Small_Car 1
