879.0 491.0 877.0 508.0 868.0 507.0 871.0 489.0 Small_Car 1
863.0 491.0 861.0 508.0 852.0 507.0 854.0 490.0 Small_Car 1
847.0 494.0 846.0 501.0 825.0 498.0 826.0 491.0 Small_Car 1
847.0 493.0 826.0 492.0 827.0 485.0 847.0 486.0 Small_Car 1
803.0 462.0 802.0 479.0 794.0 479.0 794.0 462.0 Small_Car 1
744.0 401.0 742.0 417.0 733.0 416.0 734.0 401.0 Small_Car 1
581.0 383.0 571.0 383.0 571.0 371.0 580.0 370.0 Small_Car 1
586.0 443.0 585.0 451.0 563.0 449.0 563.0 442.0 Small_Car 1
520.0 440.0 511.0 457.0 503.0 452.0 512.0 436.0 Small_Car 1
541.0 382.0 532.0 382.0 532.0 367.0 541.0 367.0 Small_Car 1
504.0 410.0 503.0 432.0 494.0 432.0 495.0 410.0 Small_Car 1
439.0 389.0 436.0 407.0 427.0 405.0 431.0 387.0 Small_Car 1
127.0 441.0 107.0 441.0 108.0 432.0 127.0 432.0 Small_Car 1
34.0 417.0 32.0 432.0 23.0 431.0 25.0 415.0 Small_Car 1
55.0 387.0 47.0 388.0 46.0 372.0 54.0 371.0 Small_Car 1
43.0 483.0 42.0 501.0 32.0 501.0 33.0 482.0 Small_Car 1
114.0 539.0 93.0 539.0 93.0 533.0 114.0 533.0 Small_Car 1
271.0 553.0 247.0 552.0 247.0 544.0 271.0 546.0 Small_Car 1
600.0 550.0 598.0 565.0 591.0 564.0 593.0 549.0 Small_Car 1
962.0 714.0 946.0 715.0 945.0 709.0 962.0 709.0 Small_Car 1
937.0 717.0 936.0 723.0 915.0 722.0 915.0 716.0 Small_Car 1
937.0 708.0 936.0 715.0 912.0 713.0 913.0 706.0 Small_Car 1
726.0 687.0 719.0 687.0 718.0 668.0 726.0 668.0 Small_Car 1
862.0 687.0 859.0 706.0 851.0 704.0 854.0 686.0 Small_Car 1
854.0 722.0 853.0 735.0 845.0 735.0 846.0 721.0 Small_Car 1
830.0 720.0 829.0 732.0 821.0 732.0 821.0 719.0 Small_Car 1
816.0 719.0 815.0 732.0 807.0 731.0 808.0 718.0 Small_Car 1
800.0 670.0 799.0 685.0 792.0 685.0 793.0 670.0 Small_Car 1
841.0 807.0 833.0 807.0 834.0 795.0 841.0 795.0 Small_Car 1
811.0 803.0 808.0 820.0 799.0 819.0 803.0 802.0 Small_Car 1
877.0 948.0 876.0 954.0 855.0 951.0 855.0 945.0 Small_Car 1
833.0 940.0 832.0 946.0 815.0 944.0 816.0 938.0 Small_Car 1
759.0 937.0 738.0 936.0 739.0 928.0 759.0 928.0 Small_Car 1
758.0 844.0 757.0 850.0 738.0 849.0 738.0 843.0 Small_Car 1
726.0 830.0 725.0 849.0 716.0 848.0 717.0 829.0 Small_Car 1
572.0 866.0 569.0 884.0 561.0 883.0 564.0 864.0 Small_Car 1
544.0 908.0 521.0 905.0 522.0 899.0 544.0 902.0 Small_Car 1
471.0 773.0 468.0 787.0 459.0 784.0 462.0 771.0 Small_Car 1
468.0 684.0 467.0 702.0 457.0 701.0 458.0 684.0 Small_Car 1
401.0 881.0 400.0 888.0 377.0 886.0 378.0 879.0 Small_Car 1
343.0 874.0 342.0 880.0 322.0 876.0 323.0 870.0 Small_Car 1
248.0 859.0 247.0 867.0 225.0 864.0 226.0 857.0 Small_Car 1
214.0 622.0 205.0 636.0 198.0 632.0 207.0 618.0 Small_Car 1
290.0 622.0 288.0 638.0 280.0 637.0 282.0 621.0 Small_Car 1
280.0 623.0 276.0 641.0 268.0 639.0 272.0 621.0 Small_Car 1
435.0 773.0 432.0 779.0 413.0 768.0 416.0 762.0 Small_Car 1
339.0 775.0 335.0 792.0 328.0 791.0 332.0 773.0 Small_Car 1
309.0 781.0 292.0 779.0 293.0 773.0 309.0 775.0 Small_Car 1
319.0 755.0 318.0 761.0 297.0 758.0 298.0 752.0 Small_Car 1
320.0 748.0 317.0 754.0 301.0 745.0 304.0 739.0 Small_Car 1
318.0 729.0 313.0 735.0 304.0 729.0 309.0 722.0 Small_Car 1
301.0 652.0 300.0 668.0 291.0 668.0 292.0 652.0 Small_Car 1
285.0 756.0 276.0 756.0 276.0 739.0 285.0 738.0 Small_Car 1
263.0 736.0 260.0 754.0 249.0 753.0 251.0 734.0 Small_Car 1
208.0 770.0 185.0 769.0 185.0 763.0 208.0 764.0 Small_Car 1
179.0 733.0 177.0 746.0 169.0 745.0 170.0 731.0 Small_Car 1
144.0 746.0 135.0 747.0 135.0 727.0 144.0 727.0 Small_Car 1
115.0 725.0 114.0 741.0 106.0 740.0 107.0 725.0 Small_Car 1
97.0 735.0 92.0 740.0 82.0 730.0 88.0 725.0 Small_Car 1
129.0 698.0 126.0 704.0 107.0 697.0 110.0 690.0 Small_Car 1
98.0 687.0 93.0 691.0 84.0 680.0 89.0 676.0 Small_Car 1
66.0 675.0 63.0 692.0 54.0 689.0 58.0 673.0 Small_Car 1
55.0 672.0 52.0 690.0 44.0 689.0 46.0 670.0 Small_Car 1
40.0 715.0 39.0 722.0 25.0 721.0 26.0 714.0 Small_Car 1
20.0 702.0 19.0 719.0 10.0 719.0 11.0 701.0 Small_Car 1
131.0 845.0 130.0 852.0 110.0 848.0 111.0 842.0 Small_Car 1
88.0 844.0 65.0 842.0 66.0 836.0 88.0 838.0 Small_Car 1
746.0 979.0 745.0 996.0 737.0 996.0 738.0 978.0 Small_Car 1
413.0 1000.0 395.0 1000.0 395.0 993.0 413.0 993.0 Small_Car 1
413.0 986.0 393.0 985.0 393.0 979.0 413.0 980.0 Small_Car 1
343.0 983.0 338.0 998.0 331.0 996.0 336.0 981.0 Small_Car 1
115.0 958.0 106.0 958.0 106.0 942.0 114.0 942.0 Small_Car 1
103.0 943.0 101.0 957.0 92.0 956.0 95.0 941.0 Small_Car 1
79.0 995.0 56.0 993.0 56.0 986.0 79.0 987.0 Small_Car 1
921.0 501.0 920.0 508.0 898.0 505.0 899.0 498.0 Small_Car 1
900.0 402.0 891.0 402.0 891.0 384.0 900.0 384.0 Small_Car 1
932.0 375.0 922.0 388.0 916.0 382.0 926.0 370.0 Small_Car 1
981.0 513.0 962.0 512.0 963.0 506.0 981.0 507.0 Small_Car 1
997.0 210.0 995.0 228.0 986.0 227.0 989.0 209.0 Small_Car 1
899.0 107.0 897.0 123.0 888.0 122.0 890.0 106.0 Small_Car 1
772.0 118.0 769.0 133.0 761.0 132.0 764.0 117.0 Small_Car 1
783.0 119.0 779.0 136.0 771.0 134.0 775.0 117.0 Small_Car 1
676.0 138.0 658.0 137.0 658.0 131.0 676.0 132.0 Small_Car 1
573.0 258.0 551.0 258.0 551.0 252.0 573.0 252.0 Small_Car 1
587.0 163.0 586.0 169.0 565.0 167.0 566.0 161.0 Small_Car 1
587.0 160.0 565.0 159.0 566.0 151.0 587.0 153.0 Small_Car 1
387.0 256.0 366.0 255.0 366.0 249.0 387.0 249.0 Small_Car 1
386.0 128.0 378.0 129.0 376.0 112.0 384.0 111.0 Small_Car 1
395.0 124.0 389.0 124.0 389.0 111.0 395.0 111.0 Small_Car 1
284.0 113.0 280.0 130.0 271.0 128.0 274.0 111.0 Small_Car 1
124.0 83.0 123.0 99.0 115.0 99.0 116.0 83.0 Small_Car 1
120.0 125.0 118.0 141.0 111.0 140.0 113.0 124.0 Small_Car 1
49.0 181.0 41.0 182.0 40.0 165.0 47.0 165.0 Small_Car 1
