148.0 438.0 142.0 438.0 142.0 427.0 147.0 427.0 Small_Car 1
181.0 463.0 173.0 463.0 172.0 446.0 180.0 446.0 Small_Car 1
87.0 360.0 64.0 360.0 63.0 353.0 87.0 353.0 Small_Car 1
584.0 33.0 577.0 33.0 577.0 28.0 584.0 28.0 Small_Car 1
475.0 495.0 474.0 509.0 467.0 509.0 468.0 495.0 Small_Car 1
429.0 506.0 414.0 517.0 410.0 511.0 425.0 501.0 Small_Car 1
245.0 539.0 244.0 544.0 225.0 544.0 225.0 538.0 Small_Car 1
223.0 499.0 215.0 499.0 215.0 481.0 223.0 481.0 Small_Car 1
183.0 520.0 175.0 520.0 175.0 504.0 183.0 504.0 Small_Car 1
152.0 564.0 142.0 564.0 143.0 547.0 152.0 548.0 Small_Car 1
183.0 599.0 176.0 600.0 175.0 582.0 183.0 582.0 Small_Car 1
27.0 488.0 24.0 493.0 9.0 483.0 12.0 478.0 Small_Car 1
23.0 516.0 9.0 516.0 9.0 511.0 23.0 510.0 Small_Car 1
30.0 568.0 22.0 568.0 22.0 552.0 30.0 552.0 Small_Car 1
516.0 277.0 498.0 287.0 495.0 280.0 512.0 270.0 Small_Car 1
503.0 483.0 502.0 497.0 495.0 496.0 496.0 483.0 Small_Car 1
492.0 482.0 491.0 498.0 483.0 498.0 483.0 482.0 Small_Car 1
520.0 485.0 518.0 501.0 510.0 500.0 512.0 485.0 Small_Car 1
587.0 782.0 580.0 785.0 573.0 770.0 580.0 766.0 Small_Car 1
551.0 792.0 531.0 791.0 531.0 783.0 551.0 784.0 Small_Car 1
570.0 707.0 552.0 707.0 552.0 701.0 570.0 702.0 Small_Car 1
543.0 708.0 524.0 708.0 524.0 702.0 543.0 702.0 Small_Car 1
519.0 708.0 500.0 707.0 500.0 702.0 519.0 702.0 Small_Car 1
490.0 681.0 467.0 682.0 467.0 676.0 490.0 675.0 Small_Car 1
489.0 709.0 465.0 709.0 465.0 703.0 489.0 703.0 Small_Car 1
438.0 711.0 416.0 711.0 416.0 704.0 438.0 704.0 Small_Car 1
391.0 712.0 369.0 711.0 369.0 705.0 391.0 706.0 Small_Car 1
396.0 684.0 380.0 684.0 380.0 678.0 396.0 678.0 Small_Car 1
340.0 713.0 321.0 713.0 321.0 707.0 340.0 707.0 Small_Car 1
271.0 699.0 250.0 699.0 251.0 692.0 271.0 692.0 Small_Car 1
205.0 718.0 187.0 717.0 188.0 710.0 205.0 711.0 Small_Car 1
101.0 720.0 80.0 720.0 80.0 714.0 101.0 714.0 Small_Car 1
148.0 22.0 143.0 27.0 130.0 15.0 135.0 9.0 Small_Car 1
83.0 42.0 69.0 53.0 64.0 47.0 79.0 36.0 Small_Car 1
179.0 73.0 161.0 85.0 157.0 79.0 175.0 67.0 Small_Car 1
209.0 135.0 194.0 145.0 190.0 140.0 206.0 130.0 Small_Car 1
159.0 160.0 154.0 172.0 147.0 170.0 151.0 158.0 Small_Car 1
360.0 205.0 355.0 210.0 346.0 201.0 351.0 196.0 Small_Car 1
261.0 220.0 260.0 227.0 243.0 226.0 244.0 219.0 Small_Car 1
262.0 255.0 241.0 254.0 241.0 248.0 262.0 248.0 Small_Car 1
146.0 239.0 137.0 239.0 137.0 222.0 146.0 222.0 Small_Car 1
