16.0 787.0 0.0 787.0 -0.0 780.0 16.0 780.0 Small_Car 1
133.0 657.0 131.0 664.0 114.0 660.0 115.0 654.0 Small_Car 1
523.0 867.0 519.0 873.0 505.0 861.0 510.0 856.0 Small_Car 1
523.0 833.0 519.0 839.0 504.0 829.0 509.0 824.0 Small_Car 1
522.0 788.0 519.0 794.0 502.0 785.0 505.0 779.0 Small_Car 1
521.0 777.0 517.0 783.0 503.0 774.0 507.0 768.0 Small_Car 1
524.0 750.0 523.0 757.0 501.0 754.0 503.0 747.0 Small_Car 1
528.0 733.0 527.0 741.0 509.0 738.0 511.0 730.0 Small_Car 1
779.0 992.0 776.0 998.0 761.0 991.0 763.0 986.0 Small_Car 1
902.0 514.0 885.0 522.0 883.0 516.0 900.0 508.0 Small_Car 1
811.0 499.0 804.0 505.0 792.0 491.0 799.0 485.0 Small_Car 1
750.0 560.0 726.0 562.0 726.0 556.0 750.0 554.0 Small_Car 1
905.0 318.0 895.0 318.0 895.0 301.0 905.0 301.0 Small_Car 1
687.0 313.0 679.0 313.0 679.0 298.0 687.0 297.0 Small_Car 1
678.0 320.0 670.0 320.0 670.0 305.0 678.0 305.0 Small_Car 1
