369.0 110.0 361.0 113.0 355.0 96.0 363.0 93.0 Small_Car 1
256.0 121.0 252.0 129.0 233.0 121.0 236.0 113.0 Small_Car 1
543.0 196.0 535.0 199.0 528.0 184.0 536.0 180.0 Small_Car 1
555.0 193.0 547.0 197.0 539.0 181.0 547.0 178.0 Small_Car 1
307.0 269.0 298.0 273.0 292.0 258.0 301.0 254.0 Small_Car 1
317.0 265.0 309.0 268.0 304.0 254.0 312.0 252.0 Small_Car 1
329.0 266.0 321.0 269.0 315.0 254.0 323.0 251.0 Small_Car 1
340.0 263.0 332.0 267.0 324.0 249.0 333.0 245.0 Small_Car 1
298.0 324.0 281.0 330.0 279.0 323.0 296.0 317.0 Small_Car 1
490.0 270.0 482.0 273.0 474.0 256.0 481.0 252.0 Small_Car 1
535.0 289.0 527.0 292.0 521.0 275.0 530.0 272.0 Small_Car 1
587.0 248.0 579.0 251.0 573.0 236.0 581.0 233.0 Small_Car 1
560.0 287.0 551.0 290.0 544.0 272.0 553.0 269.0 Small_Car 1
789.0 376.0 779.0 379.0 773.0 358.0 782.0 355.0 Small_Car 1
558.0 392.0 547.0 406.0 539.0 400.0 549.0 386.0 Small_Car 1
541.0 492.0 530.0 496.0 522.0 478.0 533.0 474.0 Small_Car 1
597.0 586.0 588.0 589.0 582.0 570.0 591.0 567.0 Small_Car 1
