590.0 265.0 577.0 277.0 572.0 272.0 584.0 260.0 Small_Car 1
140.0 74.0 128.0 86.0 123.0 81.0 135.0 69.0 Small_Car 1
166.0 15.0 155.0 27.0 149.0 22.0 161.0 10.0 Small_Car 1
194.0 20.0 181.0 34.0 175.0 28.0 188.0 15.0 Small_Car 1
208.0 25.0 194.0 39.0 188.0 33.0 202.0 19.0 Small_Car 1
246.0 111.0 242.0 118.0 229.0 108.0 233.0 102.0 Small_Car 1
373.0 198.0 370.0 204.0 354.0 200.0 356.0 193.0 Small_Car 1
380.0 192.0 377.0 198.0 362.0 189.0 365.0 184.0 Small_Car 1
32.0 161.0 31.0 168.0 12.0 165.0 13.0 157.0 Small_Car 1
104.0 250.0 99.0 256.0 85.0 245.0 90.0 240.0 Small_Car 1
165.0 288.0 159.0 294.0 147.0 283.0 153.0 276.0 Small_Car 1
176.0 281.0 171.0 287.0 156.0 275.0 161.0 268.0 Small_Car 1
200.0 302.0 195.0 308.0 181.0 296.0 186.0 290.0 Small_Car 1
222.0 319.0 217.0 326.0 202.0 313.0 208.0 307.0 Small_Car 1
441.0 504.0 436.0 510.0 421.0 497.0 426.0 491.0 Small_Car 1
540.0 586.0 535.0 592.0 520.0 580.0 526.0 574.0 Small_Car 1
529.0 512.0 515.0 525.0 510.0 519.0 524.0 507.0 Small_Car 1
566.0 443.0 561.0 449.0 547.0 437.0 551.0 432.0 Small_Car 1
