540.0 274.0 528.0 286.0 523.0 281.0 535.0 269.0 Small_Car 1
566.0 215.0 555.0 227.0 549.0 222.0 561.0 210.0 Small_Car 1
594.0 220.0 581.0 234.0 575.0 228.0 588.0 215.0 Small_Car 1
608.0 225.0 594.0 239.0 588.0 233.0 602.0 219.0 Small_Car 1
625.0 48.0 617.0 50.0 613.0 35.0 621.0 33.0 Small_Car 1
343.0 217.0 338.0 223.0 325.0 211.0 331.0 205.0 Small_Car 1
366.0 195.0 361.0 200.0 347.0 189.0 352.0 183.0 Small_Car 1
345.0 8.0 326.0 12.0 325.0 5.0 343.0 1.0 Small_Car 1
356.0 17.0 337.0 21.0 335.0 15.0 354.0 10.0 Small_Car 1
409.0 62.0 391.0 65.0 389.0 58.0 408.0 55.0 Small_Car 1
279.0 68.0 274.0 74.0 260.0 63.0 264.0 57.0 Small_Car 1
790.0 158.0 784.0 164.0 771.0 151.0 777.0 145.0 Small_Car 1
646.0 311.0 642.0 318.0 629.0 308.0 633.0 302.0 Small_Car 1
773.0 398.0 770.0 404.0 754.0 400.0 756.0 393.0 Small_Car 1
780.0 392.0 777.0 398.0 762.0 389.0 765.0 384.0 Small_Car 1
90.0 143.0 85.0 148.0 71.0 136.0 76.0 130.0 Small_Car 1
132.0 160.0 127.0 166.0 115.0 154.0 119.0 149.0 Small_Car 1
140.0 184.0 136.0 189.0 122.0 178.0 127.0 172.0 Small_Car 1
182.0 188.0 177.0 193.0 164.0 181.0 169.0 175.0 Small_Car 1
278.0 252.0 272.0 257.0 259.0 245.0 264.0 239.0 Small_Car 1
294.0 314.0 289.0 319.0 276.0 306.0 281.0 301.0 Small_Car 1
396.0 369.0 391.0 374.0 379.0 363.0 384.0 358.0 Small_Car 1
432.0 361.0 431.0 368.0 412.0 365.0 413.0 357.0 Small_Car 1
504.0 450.0 499.0 456.0 485.0 445.0 490.0 440.0 Small_Car 1
565.0 488.0 559.0 494.0 547.0 483.0 553.0 476.0 Small_Car 1
576.0 481.0 571.0 487.0 556.0 475.0 561.0 468.0 Small_Car 1
600.0 502.0 595.0 508.0 581.0 496.0 586.0 490.0 Small_Car 1
622.0 519.0 617.0 526.0 602.0 513.0 608.0 507.0 Small_Car 1
