541.0 88.0 530.0 92.0 522.0 74.0 533.0 70.0 Small_Car 1
597.0 182.0 588.0 185.0 582.0 166.0 591.0 163.0 Small_Car 1
280.0 300.0 271.0 303.0 263.0 285.0 271.0 281.0 Small_Car 1
341.0 263.0 337.0 270.0 320.0 259.0 324.0 252.0 Small_Car 1
550.0 402.0 538.0 407.0 535.0 399.0 547.0 394.0 Small_Car 1
286.0 850.0 276.0 850.0 276.0 829.0 286.0 829.0 Small_Car 1
451.0 680.0 443.0 683.0 437.0 669.0 445.0 666.0 Small_Car 1
332.0 861.0 313.0 862.0 313.0 854.0 331.0 853.0 Small_Car 1
423.0 890.0 415.0 894.0 409.0 878.0 417.0 874.0 Small_Car 1
443.0 884.0 435.0 887.0 428.0 871.0 436.0 868.0 Small_Car 1
453.0 882.0 445.0 885.0 439.0 869.0 448.0 866.0 Small_Car 1
475.0 877.0 465.0 881.0 459.0 862.0 469.0 859.0 Small_Car 1
527.0 914.0 519.0 917.0 513.0 902.0 521.0 899.0 Small_Car 1
929.0 732.0 908.0 737.0 906.0 729.0 927.0 724.0 Small_Car 1
795.0 513.0 776.0 517.0 774.0 509.0 793.0 505.0 Small_Car 1
669.0 979.0 650.0 986.0 647.0 978.0 666.0 971.0 Small_Car 1
690.0 972.0 671.0 979.0 668.0 971.0 687.0 964.0 Small_Car 1
713.0 964.0 695.0 970.0 693.0 962.0 711.0 956.0 Small_Car 1
840.0 933.0 820.0 940.0 817.0 931.0 836.0 924.0 Small_Car 1
859.0 925.0 843.0 931.0 841.0 924.0 857.0 919.0 Small_Car 1
888.0 919.0 876.0 923.0 873.0 914.0 885.0 910.0 Small_Car 1
