319.0 403.0 290.0 362.0 253.0 388.0 282.0 429.0 A220 1
237.0 458.0 274.0 433.0 246.0 392.0 210.0 417.0 A220 1
228.0 462.0 200.0 421.0 165.0 446.0 193.0 487.0 A220 1
184.0 489.0 157.0 449.0 119.0 473.0 146.0 514.0 A220 1
22.0 802.0 45.0 841.0 83.0 818.0 60.0 779.0 A220 1
319.0 403.0 290.0 362.0 253.0 388.0 282.0 429.0 A220 1
237.0 458.0 274.0 433.0 246.0 392.0 210.0 417.0 A220 1
228.0 462.0 200.0 421.0 165.0 446.0 193.0 487.0 A220 1
184.0 489.0 157.0 449.0 119.0 473.0 146.0 514.0 A220 1
22.0 802.0 45.0 841.0 83.0 818.0 60.0 779.0 A220 1
